Time_angle,s1,s2,s3,s4,s5,s6,angle1,angle2,angle3,angle4,angle5,angle6,angle7,angle8,angle9,angle10
2025-03-09 20:17:24.154333,1347.0,597.0,355.0,2587.0,1586.0,507.0,56.01956415439638,77.69330527050391,66.51187065870171,40.77033209476698,15.67998412556726,42.643422620920695,34.15085462856782,71.51505684802487,63.077206552049795,91.82264266180313
2025-03-09 20:17:24.154333,1342.0,604.0,354.0,2592.0,1589.0,511.0,56.01956415439638,77.69330527050391,66.51187065870171,40.77033209476698,15.67998412556726,42.643422620920695,34.15085462856782,71.51505684802487,63.077206552049795,91.82264266180313
2025-03-09 20:17:24.154333,1279.0,588.0,353.0,2599.0,1609.0,528.0,56.01956415439638,77.69330527050391,66.51187065870171,40.77033209476698,15.67998412556726,42.643422620920695,34.15085462856782,71.51505684802487,63.077206552049795,91.82264266180313
2025-03-09 20:17:24.154333,1266.0,583.0,357.0,2592.0,1609.0,528.0,56.01956415439638,77.69330527050391,66.51187065870171,40.77033209476698,15.67998412556726,42.643422620920695,34.15085462856782,71.51505684802487,63.077206552049795,91.82264266180313
2025-03-09 20:17:24.154333,1264.0,583.0,351.0,2597.0,1615.0,528.0,56.01956415439638,77.69330527050391,66.51187065870171,40.77033209476698,15.67998412556726,42.643422620920695,34.15085462856782,71.51505684802487,63.077206552049795,91.82264266180313
2025-03-09 20:17:24.162667,1254.0,587.0,353.0,2597.0,1607.0,528.0,56.31320592940659,77.71166030235828,66.81767735222651,40.87959589121387,15.73404019141703,42.77520690339443,33.977106680835014,71.53995245808741,63.03814378916892,92.04833384531126
2025-03-09 20:17:24.162667,1251.0,580.0,362.0,2594.0,1615.0,529.0,56.31320592940659,77.71166030235828,66.81767735222651,40.87959589121387,15.73404019141703,42.77520690339443,33.977106680835014,71.53995245808741,63.03814378916892,92.04833384531126
2025-03-09 20:17:24.162667,1246.0,583.0,358.0,2590.0,1616.0,531.0,56.31320592940659,77.71166030235828,66.81767735222651,40.87959589121387,15.73404019141703,42.77520690339443,33.977106680835014,71.53995245808741,63.03814378916892,92.04833384531126
2025-03-09 20:17:24.171000,1238.0,578.0,355.0,2595.0,1617.0,529.0,56.58784155534741,77.67201995900447,67.07134361473405,40.987920304817784,15.780863362032468,42.9047768816038,33.811968629378946,71.5098956672128,62.94821001032825,92.25519684644867
2025-03-09 20:17:24.171000,1177.0,574.0,352.0,2597.0,1634.0,547.0,56.58784155534741,77.67201995900447,67.07134361473405,40.987920304817784,15.780863362032468,42.9047768816038,33.811968629378946,71.5098956672128,62.94821001032825,92.25519684644867
2025-03-09 20:17:24.171000,1168.0,578.0,354.0,2593.0,1634.0,551.0,56.58784155534741,77.67201995900447,67.07134361473405,40.987920304817784,15.780863362032468,42.9047768816038,33.811968629378946,71.5098956672128,62.94821001032825,92.25519684644867
2025-03-09 20:17:24.179333,1163.0,576.0,352.0,2594.0,1638.0,550.0,56.83089694022238,77.56620789782076,67.25996085095466,41.09381074154439,15.821237904095366,43.02998977499152,33.659510281579735,71.41662288192674,62.80099174520359,92.43340769579137
2025-03-09 20:17:24.179333,1161.0,576.0,347.0,2594.0,1636.0,553.0,56.83089694022238,77.56620789782076,67.25996085095466,41.09381074154439,15.821237904095366,43.02998977499152,33.659510281579735,71.41662288192674,62.80099174520359,92.43340769579137
2025-03-09 20:17:24.179333,1154.0,565.0,352.0,2599.0,1637.0,555.0,56.83089694022238,77.56620789782076,67.25996085095466,41.09381074154439,15.821237904095366,43.02998977499152,33.659510281579735,71.41662288192674,62.80099174520359,92.43340769579137
2025-03-09 20:17:24.179333,1143.0,565.0,350.0,2592.0,1638.0,556.0,56.83089694022238,77.56620789782076,67.25996085095466,41.09381074154439,15.821237904095366,43.02998977499152,33.659510281579735,71.41662288192674,62.80099174520359,92.43340769579137
2025-03-09 20:17:24.187667,1136.0,572.0,348.0,2599.0,1639.0,554.0,57.03516844889439,77.39035265235721,67.37471420165886,41.194318495940344,15.855940185375749,43.147670364931386,33.524011581920405,71.25638417438098,62.59163281471612,92.57958438933991
2025-03-09 20:17:24.187667,1131.0,566.0,351.0,2593.0,1637.0,558.0,57.03516844889439,77.39035265235721,67.37471420165886,41.194318495940344,15.855940185375749,43.147670364931386,33.524011581920405,71.25638417438098,62.59163281471612,92.57958438933991
2025-03-09 20:17:24.187667,1055.0,560.0,347.0,2595.0,1651.0,577.0,57.03516844889439,77.39035265235721,67.37471420165886,41.194318495940344,15.855940185375749,43.147670364931386,33.524011581920405,71.25638417438098,62.59163281471612,92.57958438933991
2025-03-09 20:17:24.196000,1046.0,559.0,347.0,2596.0,1654.0,577.0,57.19920298847957,77.14518193854664,67.41215390565937,41.28556978253413,15.885599804126658,43.25419181147085,33.409104935503684,71.02996132005543,62.31765581975108,92.69828978459634
2025-03-09 20:17:24.196000,1040.0,561.0,353.0,2601.0,1654.0,582.0,57.19920298847957,77.14518193854664,67.41215390565937,41.28556978253413,15.885599804126658,43.25419181147085,33.409104935503684,71.02996132005543,62.31765581975108,92.69828978459634
2025-03-09 20:17:24.196000,1036.0,547.0,351.0,2595.0,1657.0,583.0,57.19920298847957,77.14518193854664,67.41215390565937,41.28556978253413,15.885599804126658,43.25419181147085,33.409104935503684,71.02996132005543,62.31765581975108,92.69828978459634
2025-03-09 20:17:24.196000,1023.0,558.0,351.0,2597.0,1655.0,582.0,57.19920298847957,77.14518193854664,67.41215390565937,41.28556978253413,15.885599804126658,43.25419181147085,33.409104935503684,71.02996132005543,62.31765581975108,92.69828978459634
2025-03-09 20:17:24.204333,1011.0,554.0,355.0,2593.0,1661.0,585.0,57.32448938512717,76.83406976145295,67.37282439061151,41.364290238840546,15.910237076336797,43.346650579439384,33.31643959296907,70.7406266759343,61.97914929539149,92.79614938873631
2025-03-09 20:17:24.204333,1007.0,557.0,349.0,2597.0,1661.0,585.0,57.32448938512717,76.83406976145295,67.37282439061151,41.364290238840546,15.910237076336797,43.346650579439384,33.31643959296907,70.7406266759343,61.97914929539149,92.79614938873631
2025-03-09 20:17:24.204333,929.0,557.0,352.0,2603.0,1667.0,599.0,57.32448938512717,76.83406976145295,67.37282439061151,41.364290238840546,15.910237076336797,43.346650579439384,33.31643959296907,70.7406266759343,61.97914929539149,92.79614938873631
2025-03-09 20:17:24.212667,921.0,548.0,350.0,2602.0,1669.0,599.0,57.41289974036116,76.46158638028103,67.25933318137533,41.427974718476435,15.92907771718435,43.422754001233315,33.24576040091995,70.39283479459402,61.57846812066359,92.87694977014716
2025-03-09 20:17:24.212667,915.0,550.0,349.0,2605.0,1671.0,605.0,57.41289974036116,76.46158638028103,67.25933318137533,41.427974718476435,15.92907771718435,43.422754001233315,33.24576040091995,70.39283479459402,61.57846812066359,92.87694977014716
2025-03-09 20:17:24.212667,908.0,547.0,358.0,2608.0,1671.0,608.0,57.41289974036116,76.46158638028103,67.25933318137533,41.427974718476435,15.92907771718435,43.422754001233315,33.24576040091995,70.39283479459402,61.57846812066359,92.87694977014716
2025-03-09 20:17:24.212667,901.0,555.0,345.0,2601.0,1674.0,604.0,57.41289974036116,76.46158638028103,67.25933318137533,41.427974718476435,15.92907771718435,43.422754001233315,33.24576040091995,70.39283479459402,61.57846812066359,92.87694977014716
2025-03-09 20:17:24.221000,895.0,547.0,354.0,2605.0,1673.0,607.0,57.46589079617154,76.03419833917704,67.07593648834927,41.477603041717536,15.940098609993887,43.48200969745478,33.196603734618186,69.99629577446497,61.12493441086765,92.94262217132638
2025-03-09 20:17:24.221000,892.0,551.0,349.0,2602.0,1674.0,609.0,57.46589079617154,76.03419833917704,67.07593648834927,41.477603041717536,15.940098609993887,43.48200969745478,33.196603734618186,69.99629577446497,61.12493441086765,92.94262217132638
2025-03-09 20:17:24.221000,816.0,543.0,350.0,2598.0,1682.0,622.0,57.46589079617154,76.03419833917704,67.07593648834927,41.477603041717536,15.940098609993887,43.48200969745478,33.196603734618186,69.99629577446497,61.12493441086765,92.94262217132638
2025-03-09 20:17:24.229333,814.0,549.0,342.0,2598.0,1679.0,623.0,57.483871971676145,75.56220321715303,66.83172207356735,41.51813950463526,15.941567934726894,43.5270830654947,33.16590173145179,69.56538010906141,60.63571307709007,92.99227056998606
2025-03-09 20:17:24.229333,810.0,544.0,349.0,2603.0,1680.0,624.0,57.483871971676145,75.56220321715303,66.83172207356735,41.51813950463526,15.941567934726894,43.5270830654947,33.16590173145179,69.56538010906141,60.63571307709007,92.99227056998606
2025-03-09 20:17:24.229333,804.0,546.0,346.0,2602.0,1680.0,623.0,57.483871971676145,75.56220321715303,66.83172207356735,41.51813950463526,15.941567934726894,43.5270830654947,33.16590173145179,69.56538010906141,60.63571307709007,92.99227056998606
2025-03-09 20:17:24.229333,801.0,545.0,353.0,2599.0,1680.0,624.0,57.483871971676145,75.56220321715303,66.83172207356735,41.51813950463526,15.941567934726894,43.5270830654947,33.16590173145179,69.56538010906141,60.63571307709007,92.99227056998606
2025-03-09 20:17:24.237667,795.0,544.0,347.0,2595.0,1682.0,624.0,57.46673760823125,75.05937686311368,66.53959820656624,41.55208121027278,15.93297296276686,43.559745777755374,33.14797375530243,69.11367323810319,60.12829626432888,93.02314651048167
2025-03-09 20:17:24.237667,788.0,541.0,347.0,2605.0,1680.0,624.0,57.46673760823125,75.05937686311368,66.53959820656624,41.55208121027278,15.93297296276686,43.559745777755374,33.14797375530243,69.11367323810319,60.12829626432888,93.02314651048167
2025-03-09 20:17:24.237667,784.0,545.0,351.0,2599.0,1680.0,625.0,57.46673760823125,75.05937686311368,66.53959820656624,41.55208121027278,15.93297296276686,43.559745777755374,33.14797375530243,69.11367323810319,60.12829626432888,93.02314651048167
2025-03-09 20:17:24.246000,729.0,535.0,343.0,2599.0,1677.0,635.0,57.41715081365383,74.53272790591612,66.20582197968432,41.57525776953659,15.915744730184615,43.57602646265382,33.14478125035754,68.64928527121994,59.60782744492383,93.03750135749621
2025-03-09 20:17:24.246000,727.0,539.0,345.0,2605.0,1678.0,636.0,57.41715081365383,74.53272790591612,66.20582197968432,41.57525776953659,15.915744730184615,43.57602646265382,33.14478125035754,68.64928527121994,59.60782744492383,93.03750135749621
2025-03-09 20:17:24.246000,720.0,538.0,346.0,2596.0,1679.0,633.0,57.41715081365383,74.53272790591612,66.20582197968432,41.57525776953659,15.915744730184615,43.57602646265382,33.14478125035754,68.64928527121994,59.60782744492383,93.03750135749621
2025-03-09 20:17:24.246000,719.0,541.0,352.0,2602.0,1675.0,633.0,57.41715081365383,74.53272790591612,66.20582197968432,41.57525776953659,15.915744730184615,43.57602646265382,33.14478125035754,68.64928527121994,59.60782744492383,93.03750135749621
2025-03-09 20:17:24.254333,718.0,537.0,342.0,2602.0,1676.0,635.0,57.340190166652654,73.97987070842905,65.82918193106448,41.58346374762224,15.889859410102416,43.57098871448867,33.16197871326331,68.17507641257974,59.070601687623224,93.04154382628036
2025-03-09 20:17:24.254333,713.0,534.0,343.0,2601.0,1676.0,638.0,57.340190166652654,73.97987070842905,65.82918193106448,41.58346374762224,15.889859410102416,43.57098871448867,33.16197871326331,68.17507641257974,59.070601687623224,93.04154382628036
2025-03-09 20:17:24.254333,709.0,538.0,341.0,2597.0,1678.0,635.0,57.340190166652654,73.97987070842905,65.82918193106448,41.58346374762224,15.889859410102416,43.57098871448867,33.16197871326331,68.17507641257974,59.070601687623224,93.04154382628036
2025-03-09 20:17:24.254333,673.0,529.0,345.0,2596.0,1669.0,630.0,57.340190166652654,73.97987070842905,65.82918193106448,41.58346374762224,15.889859410102416,43.57098871448867,33.16197871326331,68.17507641257974,59.070601687623224,93.04154382628036
2025-03-09 20:17:24.262667,669.0,534.0,345.0,2595.0,1667.0,630.0,57.2402337302403,73.40701051413394,65.41680374286096,41.577369257976606,15.85432671884673,43.544710820088916,33.19799277207305,67.69905826062374,58.52415161043409,93.03871113611169
2025-03-09 20:17:24.262667,663.0,534.0,351.0,2597.0,1670.0,630.0,57.2402337302403,73.40701051413394,65.41680374286096,41.577369257976606,15.85432671884673,43.544710820088916,33.19799277207305,67.69905826062374,58.52415161043409,93.03871113611169
2025-03-09 20:17:24.262667,661.0,538.0,341.0,2595.0,1669.0,628.0,57.2402337302403,73.40701051413394,65.41680374286096,41.577369257976606,15.85432671884673,43.544710820088916,33.19799277207305,67.69905826062374,58.52415161043409,93.03871113611169
2025-03-09 20:17:24.271000,661.0,529.0,346.0,2601.0,1665.0,630.0,57.120837866439636,72.82943067173716,64.98425030235138,41.55919895415836,15.810270905745982,43.50006221831941,33.24700274142048,67.2334513275146,57.98424237487221,93.0291137807429
2025-03-09 20:17:24.271000,656.0,535.0,351.0,2603.0,1665.0,631.0,57.120837866439636,72.82943067173716,64.98425030235138,41.55919895415836,15.810270905745982,43.50006221831941,33.24700274142048,67.2334513275146,57.98424237487221,93.0291137807429
2025-03-09 20:17:24.271000,651.0,528.0,349.0,2599.0,1663.0,627.0,57.120837866439636,72.82943067173716,64.98425030235138,41.55919895415836,15.810270905745982,43.50006221831941,33.24700274142048,67.2334513275146,57.98424237487221,93.0291137807429
2025-03-09 20:17:24.271000,655.0,535.0,341.0,2597.0,1661.0,627.0,57.120837866439636,72.82943067173716,64.98425030235138,41.55919895415836,15.810270905745982,43.50006221831941,33.24700274142048,67.2334513275146,57.98424237487221,93.0291137807429
2025-03-09 20:17:24.279333,624.0,529.0,348.0,2595.0,1654.0,624.0,56.98634358034657,72.25855526493787,64.54546191243354,41.53103248112293,15.761000666354665,43.440945273661924,33.30349103640194,66.78455058868678,57.45984488163913,93.01194942809948
2025-03-09 20:17:24.279333,621.0,535.0,351.0,2594.0,1652.0,624.0,56.98634358034657,72.25855526493787,64.54546191243354,41.53103248112293,15.761000666354665,43.440945273661924,33.30349103640194,66.78455058868678,57.45984488163913,93.01194942809948
2025-03-09 20:17:24.279333,619.0,531.0,350.0,2598.0,1650.0,624.0,56.98634358034657,72.25855526493787,64.54546191243354,41.53103248112293,15.761000666354665,43.440945273661924,33.30349103640194,66.78455058868678,57.45984488163913,93.01194942809948
2025-03-09 20:17:24.287667,615.0,527.0,349.0,2591.0,1648.0,623.0,56.8411357507629,71.70383766611602,64.11311261164488,41.49672483197011,15.707716016859383,43.37212733998534,33.360806947345424,66.35826321697229,56.96051126928725,92.98518464347134
2025-03-09 20:17:24.287667,619.0,530.0,345.0,2593.0,1648.0,622.0,56.8411357507629,71.70383766611602,64.11311261164488,41.49672483197011,15.707716016859383,43.37212733998534,33.360806947345424,66.35826321697229,56.96051126928725,92.98518464347134
2025-03-09 20:17:24.287667,617.0,528.0,343.0,2592.0,1648.0,621.0,56.8411357507629,71.70383766611602,64.11311261164488,41.49672483197011,15.707716016859383,43.37212733998534,33.360806947345424,66.35826321697229,56.96051126928725,92.98518464347134
2025-03-09 20:17:24.287667,613.0,529.0,348.0,2592.0,1648.0,622.0,56.8411357507629,71.70383766611602,64.11311261164488,41.49672483197011,15.707716016859383,43.37212733998534,33.360806947345424,66.35826321697229,56.96051126928725,92.98518464347134
2025-03-09 20:17:24.296000,594.0,526.0,350.0,2594.0,1637.0,614.0,56.68967660911274,71.17503508694587,63.69838983192955,41.46360323821786,15.649006729599417,43.30090528182852,33.41129668242814,65.96168955424156,56.49907871439877,92.94632337490667
2025-03-09 20:17:24.296000,593.0,525.0,351.0,2592.0,1638.0,608.0,56.68967660911274,71.17503508694587,63.69838983192955,41.46360323821786,15.649006729599417,43.30090528182852,33.41129668242814,65.96168955424156,56.49907871439877,92.94632337490667
2025-03-09 20:17:24.296000,592.0,526.0,343.0,2598.0,1637.0,607.0,56.68967660911274,71.17503508694587,63.69838983192955,41.46360323821786,15.649006729599417,43.30090528182852,33.41129668242814,65.96168955424156,56.49907871439877,92.94632337490667
2025-03-09 20:17:24.304333,590.0,527.0,346.0,2595.0,1635.0,609.0,56.53813258219597,70.68049972695745,63.3076273187307,41.436541568381706,15.587067121285694,43.23395239330102,33.45370677190452,65.5979263894729,56.08053388960902,92.8956214631074
2025-03-09 20:17:24.304333,589.0,528.0,343.0,2597.0,1637.0,606.0,56.53813258219597,70.68049972695745,63.3076273187307,41.436541568381706,15.587067121285694,43.23395239330102,33.45370677190452,65.5979263894729,56.08053388960902,92.8956214631074
2025-03-09 20:17:24.304333,590.0,526.0,351.0,2593.0,1632.0,603.0,56.53813258219597,70.68049972695745,63.3076273187307,41.436541568381706,15.587067121285694,43.23395239330102,33.45370677190452,65.5979263894729,56.08053388960902,92.8956214631074
2025-03-09 20:17:24.304333,585.0,527.0,351.0,2597.0,1633.0,603.0,56.53813258219597,70.68049972695745,63.3076273187307,41.436541568381706,15.587067121285694,43.23395239330102,33.45370677190452,65.5979263894729,56.08053388960902,92.8956214631074
2025-03-09 20:17:24.312667,587.0,525.0,341.0,2593.0,1626.0,605.0,56.39254537154912,70.22618784158885,62.943556131444446,41.413437003491495,15.526661530540467,43.17212619755164,33.492488916809485,65.26727483512839,55.701962641403135,92.83366663950123
2025-03-09 20:17:24.312667,574.0,523.0,341.0,2587.0,1611.0,592.0,56.39254537154912,70.22618784158885,62.943556131444446,41.413437003491495,15.526661530540467,43.17212619755164,33.492488916809485,65.26727483512839,55.701962641403135,92.83366663950123
2025-03-09 20:17:24.312667,576.0,511.0,342.0,2589.0,1607.0,592.0,56.39254537154912,70.22618784158885,62.943556131444446,41.413437003491495,15.526661530540467,43.17212619755164,33.492488916809485,65.26727483512839,55.701962641403135,92.83366663950123
2025-03-09 20:17:24.312667,574.0,525.0,349.0,2559.0,1604.0,592.0,56.39254537154912,70.22618784158885,62.943556131444446,41.413437003491495,15.526661530540467,43.17212619755164,33.492488916809485,65.26727483512839,55.701962641403135,92.83366663950123
2025-03-09 20:17:24.321000,574.0,524.0,343.0,2588.0,1602.0,591.0,56.256852082328685,69.81546166831471,62.60746275821056,41.3911327603881,15.469866395822246,43.113797928817505,33.53110074938495,64.97062477198337,55.36124940055166,92.75960204246459
2025-03-09 20:17:24.321000,570.0,527.0,343.0,2587.0,1603.0,592.0,56.256852082328685,69.81546166831471,62.60746275821056,41.3911327603881,15.469866395822246,43.113797928817505,33.53110074938495,64.97062477198337,55.36124940055166,92.75960204246459
2025-03-09 20:17:24.321000,573.0,511.0,346.0,2590.0,1600.0,592.0,56.256852082328685,69.81546166831471,62.60746275821056,41.3911327603881,15.469866395822246,43.113797928817505,33.53110074938495,64.97062477198337,55.36124940055166,92.75960204246459
2025-03-09 20:17:24.321000,574.0,528.0,347.0,2590.0,1602.0,587.0,56.256852082328685,69.81546166831471,62.60746275821056,41.3911327603881,15.469866395822246,43.113797928817505,33.53110074938495,64.97062477198337,55.36124940055166,92.75960204246459
2025-03-09 20:17:24.329333,560.0,522.0,341.0,2589.0,1589.0,576.0,56.13515152073487,69.4514633928351,62.299129368382346,41.37200351687701,15.416123393369897,43.06088939129896,33.57299549689159,64.71239070713388,55.06169805182825,92.67356370807657
2025-03-09 20:17:24.329333,560.0,511.0,345.0,2588.0,1593.0,576.0,56.13515152073487,69.4514633928351,62.299129368382346,41.37200351687701,15.416123393369897,43.06088939129896,33.57299549689159,64.71239070713388,55.06169805182825,92.67356370807657
2025-03-09 20:17:24.329333,558.0,528.0,343.0,2591.0,1587.0,575.0,56.13515152073487,69.4514633928351,62.299129368382346,41.37200351687701,15.416123393369897,43.06088939129896,33.57299549689159,64.71239070713388,55.06169805182825,92.67356370807657
2025-03-09 20:17:24.337667,557.0,511.0,340.0,2592.0,1585.0,576.0,56.0313906050454,69.13790840885346,62.017876596769874,41.35987446113718,15.365505534681773,43.01686630737694,33.622259341356404,64.49714666101511,54.80722687563398,92.57620299440218
2025-03-09 20:17:24.337667,560.0,528.0,343.0,2591.0,1589.0,576.0,56.0313906050454,69.13790840885346,62.017876596769874,41.35987446113718,15.365505534681773,43.01686630737694,33.622259341356404,64.49714666101511,54.80722687563398,92.57620299440218
2025-03-09 20:17:24.337667,560.0,509.0,336.0,2590.0,1586.0,574.0,56.0313906050454,69.13790840885346,62.017876596769874,41.35987446113718,15.365505534681773,43.01686630737694,33.622259341356404,64.49714666101511,54.80722687563398,92.57620299440218
2025-03-09 20:17:24.346000,557.0,528.0,342.0,2593.0,1589.0,576.0,55.948978383809546,68.87852565440443,61.763723047659326,41.35552570828934,15.320013549708568,42.98368810193731,33.68246185659893,64.32615062156904,54.59773384942236,92.46861494165024
2025-03-09 20:17:24.346000,557.0,523.0,339.0,2590.0,1584.0,571.0,55.948978383809546,68.87852565440443,61.763723047659326,41.35552570828934,15.320013549708568,42.98368810193731,33.68246185659893,64.32615062156904,54.59773384942236,92.46861494165024
2025-03-09 20:17:24.346000,548.0,526.0,353.0,2597.0,1574.0,561.0,55.948978383809546,68.87852565440443,61.763723047659326,41.35552570828934,15.320013549708568,42.98368810193731,33.68246185659893,64.32615062156904,54.59773384942236,92.46861494165024
2025-03-09 20:17:24.346000,545.0,528.0,347.0,2591.0,1573.0,560.0,55.948978383809546,68.87852565440443,61.763723047659326,41.35552570828934,15.320013549708568,42.98368810193731,33.68246185659893,64.32615062156904,54.59773384942236,92.46861494165024
2025-03-09 20:17:24.346000,547.0,524.0,352.0,2597.0,1571.0,560.0,55.948978383809546,68.87852565440443,61.763723047659326,41.35552570828934,15.320013549708568,42.98368810193731,33.68246185659893,64.32615062156904,54.59773384942236,92.46861494165024
2025-03-09 20:17:24.354333,547.0,527.0,353.0,2597.0,1571.0,560.0,55.89129384742836,68.67621138227389,61.53825190187574,41.3588441060952,15.280311585633491,42.962349502564194,33.75427503294932,64.1997214175306,54.432806898000294,92.35241666683787
2025-03-09 20:17:24.354333,546.0,511.0,352.0,2591.0,1569.0,561.0,55.89129384742836,68.67621138227389,61.53825190187574,41.3588441060952,15.280311585633491,42.962349502564194,33.75427503294932,64.1997214175306,54.432806898000294,92.35241666683787
2025-03-09 20:17:24.354333,544.0,511.0,355.0,2599.0,1568.0,560.0,55.89129384742836,68.67621138227389,61.53825190187574,41.3588441060952,15.280311585633491,42.962349502564194,33.75427503294932,64.1997214175306,54.432806898000294,92.35241666683787
2025-03-09 20:17:24.362667,548.0,511.0,348.0,2595.0,1569.0,558.0,55.86007254577968,68.5329602880268,61.34467035151716,41.36887481152918,15.245670932880202,42.95209773346958,33.83599650180365,64.11916722740943,54.31392918606862,92.22776496520416
2025-03-09 20:17:24.362667,539.0,511.0,349.0,2596.0,1554.0,550.0,55.86007254577968,68.5329602880268,61.34467035151716,41.36887481152918,15.245670932880202,42.95209773346958,33.83599650180365,64.11916722740943,54.31392918606862,92.22776496520416
2025-03-09 20:17:24.362667,537.0,511.0,353.0,2598.0,1535.0,547.0,55.86007254577968,68.5329602880268,61.34467035151716,41.36887481152918,15.245670932880202,42.95209773346958,33.83599650180365,64.11916722740943,54.31392918606862,92.22776496520416
2025-03-09 20:17:24.371000,533.0,507.0,351.0,2598.0,1535.0,546.0,55.85522890970418,68.44950303633729,61.18573734331154,41.38519355017205,15.215611840840682,42.95251121112533,33.92508768937858,64.08473768271436,54.24243732407774,92.09421567533735
2025-03-09 20:17:24.371000,537.0,511.0,362.0,2599.0,1535.0,547.0,55.85522890970418,68.44950303633729,61.18573734331154,41.38519355017205,15.215611840840682,42.95251121112533,33.92508768937858,64.08473768271436,54.24243732407774,92.09421567533735
2025-03-09 20:17:24.371000,535.0,526.0,358.0,2606.0,1535.0,544.0,55.85522890970418,68.44950303633729,61.18573734331154,41.38519355017205,15.215611840840682,42.95251121112533,33.92508768937858,64.08473768271436,54.24243732407774,92.09421567533735
2025-03-09 20:17:24.371000,542.0,511.0,360.0,2595.0,1535.0,544.0,55.85522890970418,68.44950303633729,61.18573734331154,41.38519355017205,15.215611840840682,42.95251121112533,33.92508768937858,64.08473768271436,54.24243732407774,92.09421567533735
2025-03-09 20:17:24.379333,533.0,511.0,356.0,2595.0,1535.0,546.0,55.87651788976442,68.42473074428187,61.0636379234252,41.40572468101962,15.191815798199624,42.962797901814994,34.019060642939074,64.09239033699806,54.214364700720196,91.9527324443536
2025-03-09 20:17:24.379333,538.0,511.0,365.0,2598.0,1535.0,544.0,55.87651788976442,68.42473074428187,61.0636379234252,41.40572468101962,15.191815798199624,42.962797901814994,34.019060642939074,64.09239033699806,54.214364700720196,91.9527324443536
2025-03-09 20:17:24.379333,529.0,511.0,362.0,2597.0,1535.0,537.0,55.87651788976442,68.42473074428187,61.0636379234252,41.40572468101962,15.191815798199624,42.962797901814994,34.019060642939074,64.09239033699806,54.214364700720196,91.9527324443536
2025-03-09 20:17:24.379333,528.0,525.0,368.0,2597.0,1535.0,533.0,55.87651788976442,68.42473074428187,61.0636379234252,41.40572468101962,15.191815798199624,42.962797901814994,34.019060642939074,64.09239033699806,54.214364700720196,91.9527324443536
2025-03-09 20:17:24.387667,528.0,511.0,368.0,2601.0,1535.0,537.0,55.92279285744941,68.45621347458662,60.97905652708064,41.42614891257238,15.175328350994626,42.9799100531106,34.115649144475846,64.13700370495647,54.22383824736164,91.8037808933075
2025-03-09 20:17:24.387667,528.0,511.0,361.0,2600.0,1535.0,535.0,55.92279285744941,68.45621347458662,60.97905652708064,41.42614891257238,15.175328350994626,42.9799100531106,34.115649144475846,64.13700370495647,54.22383824736164,91.8037808933075
2025-03-09 20:17:24.396000,525.0,509.0,359.0,2595.0,1535.0,531.0,55.991071874711245,68.54003217089593,60.93022373024201,41.44558744158405,15.164643587698984,43.002306086300365,34.212554262231095,64.2158048254111,54.269098678682454,91.647170278413
2025-03-09 20:17:24.396000,528.0,511.0,354.0,2602.0,1535.0,531.0,55.991071874711245,68.54003217089593,60.93022373024201,41.44558744158405,15.164643587698984,43.002306086300365,34.212554262231095,64.2158048254111,54.269098678682454,91.647170278413
2025-03-09 20:17:24.396000,527.0,524.0,357.0,2599.0,1534.0,528.0,55.991071874711245,68.54003217089593,60.93022373024201,41.44558744158405,15.164643587698984,43.002306086300365,34.212554262231095,64.2158048254111,54.269098678682454,91.647170278413
2025-03-09 20:17:24.396000,525.0,511.0,347.0,2599.0,1527.0,528.0,55.991071874711245,68.54003217089593,60.93022373024201,41.44558744158405,15.164643587698984,43.002306086300365,34.212554262231095,64.2158048254111,54.269098678682454,91.647170278413
2025-03-09 20:17:24.396000,511.0,511.0,352.0,2605.0,1526.0,528.0,55.991071874711245,68.54003217089593,60.93022373024201,41.44558744158405,15.164643587698984,43.002306086300365,34.212554262231095,64.2158048254111,54.269098678682454,91.647170278413
2025-03-09 20:17:24.404333,511.0,509.0,349.0,2601.0,1531.0,526.0,56.077778528643144,68.6707172951437,60.914025899681306,41.46429425194453,15.15847143485586,43.02868024266421,34.309188332632196,64.32710247516896,54.34897320461274,91.48331780077045
2025-03-09 20:17:24.404333,511.0,511.0,346.0,2598.0,1522.0,527.0,56.077778528643144,68.6707172951437,60.914025899681306,41.46429425194453,15.15847143485586,43.02868024266421,34.309188332632196,64.32710247516896,54.34897320461274,91.48331780077045
2025-03-09 20:17:24.404333,525.0,511.0,352.0,2596.0,1522.0,525.0,56.077778528643144,68.6707172951437,60.914025899681306,41.46429425194453,15.15847143485586,43.02868024266421,34.309188332632196,64.32710247516896,54.34897320461274,91.48331780077045
2025-03-09 20:17:24.404333,525.0,511.0,351.0,2599.0,1520.0,525.0,56.077778528643144,68.6707172951437,60.914025899681306,41.46429425194453,15.15847143485586,43.02868024266421,34.309188332632196,64.32710247516896,54.34897320461274,91.48331780077045
2025-03-09 20:17:24.412667,523.0,511.0,353.0,2599.0,1520.0,525.0,56.17933889324314,68.84268449203634,60.9259746730913,41.48138336726952,15.15728834998235,43.05741697812201,34.40699530574924,64.46765389225757,54.45950611108694,91.31167370427568
2025-03-09 20:17:24.412667,524.0,508.0,353.0,2598.0,1520.0,511.0,56.17933889324314,68.84268449203634,60.9259746730913,41.48138336726952,15.15728834998235,43.05741697812201,34.40699530574924,64.46765389225757,54.45950611108694,91.31167370427568
2025-03-09 20:17:24.412667,511.0,511.0,347.0,2595.0,1519.0,511.0,56.17933889324314,68.84268449203634,60.9259746730913,41.48138336726952,15.15728834998235,43.05741697812201,34.40699530574924,64.46765389225757,54.45950611108694,91.31167370427568
2025-03-09 20:17:24.421000,511.0,510.0,351.0,2598.0,1515.0,511.0,56.29249255151291,69.05150271910722,60.961520981160575,41.49688564621099,15.161706072987611,43.088287454034216,34.50713899640468,64.63380063209844,54.59705479596745,91.13115254930636
2025-03-09 20:17:24.421000,511.0,506.0,355.0,2596.0,1519.0,511.0,56.29249255151291,69.05150271910722,60.961520981160575,41.49688564621099,15.161706072987611,43.088287454034216,34.50713899640468,64.63380063209844,54.59705479596745,91.13115254930636
2025-03-09 20:17:24.421000,523.0,507.0,347.0,2596.0,1517.0,510.0,56.29249255151291,69.05150271910722,60.961520981160575,41.49688564621099,15.161706072987611,43.088287454034216,34.50713899640468,64.63380063209844,54.59705479596745,91.13115254930636
2025-03-09 20:17:24.421000,511.0,510.0,345.0,2599.0,1518.0,511.0,56.29249255151291,69.05150271910722,60.961520981160575,41.49688564621099,15.161706072987611,43.088287454034216,34.50713899640468,64.63380063209844,54.59705479596745,91.13115254930636
2025-03-09 20:17:24.429333,523.0,511.0,353.0,2597.0,1516.0,509.0,56.41489793501986,69.29308621839083,61.016941191706586,41.510517030174775,15.172438365863114,43.12074261356713,34.611005504048705,64.82256677398705,54.75808712266868,90.94167696240372
2025-03-09 20:17:24.429333,511.0,511.0,351.0,2600.0,1517.0,509.0,56.41489793501986,69.29308621839083,61.016941191706586,41.510517030174775,15.172438365863114,43.12074261356713,34.611005504048705,64.82256677398705,54.75808712266868,90.94167696240372
2025-03-09 20:17:24.429333,511.0,511.0,347.0,2605.0,1519.0,502.0,56.41489793501986,69.29308621839083,61.016941191706586,41.510517030174775,15.172438365863114,43.12074261356713,34.611005504048705,64.82256677398705,54.75808712266868,90.94167696240372
2025-03-09 20:17:24.437667,510.0,511.0,357.0,2594.0,1517.0,503.0,56.54548916066091,69.56385297654616,61.090238178233975,41.521918448623985,15.190192029174094,43.154122554018606,34.719527761754506,65.0318640447134,54.93956795773739,90.74365751641179
2025-03-09 20:17:24.437667,523.0,509.0,349.0,2597.0,1517.0,505.0,56.54548916066091,69.56385297654616,61.090238178233975,41.521918448623985,15.190192029174094,43.154122554018606,34.719527761754506,65.0318640447134,54.93956795773739,90.74365751641179
2025-03-09 20:17:24.437667,511.0,511.0,356.0,2595.0,1518.0,501.0,56.54548916066091,69.56385297654616,61.090238178233975,41.521918448623985,15.190192029174094,43.154122554018606,34.719527761754506,65.0318640447134,54.93956795773739,90.74365751641179
2025-03-09 20:17:24.437667,511.0,511.0,353.0,2592.0,1515.0,505.0,56.54548916066091,69.56385297654616,61.090238178233975,41.521918448623985,15.190192029174094,43.154122554018606,34.719527761754506,65.0318640447134,54.93956795773739,90.74365751641179
2025-03-09 20:17:24.446000,511.0,510.0,351.0,2597.0,1520.0,507.0,56.684153775850646,69.86192059666016,61.18158385470279,41.53132864324213,15.215750741317956,43.18873257549265,34.83221948279426,65.26009371236553,55.13968717181243,90.5382319315081
2025-03-09 20:17:24.446000,511.0,509.0,352.0,2599.0,1515.0,501.0,56.684153775850646,69.86192059666016,61.18158385470279,41.53132864324213,15.215750741317956,43.18873257549265,34.83221948279426,65.26009371236553,55.13968717181243,90.5382319315081
2025-03-09 20:17:24.446000,511.0,511.0,351.0,2592.0,1515.0,503.0,56.684153775850646,69.86192059666016,61.18158385470279,41.53132864324213,15.215750741317956,43.18873257549265,34.83221948279426,65.26009371236553,55.13968717181243,90.5382319315081
2025-03-09 20:17:24.454333,524.0,511.0,351.0,2597.0,1517.0,501.0,56.82934516697909,70.18535899807279,61.29002287148904,41.53939751220026,15.248666718028849,43.22492399801712,34.94796037300547,65.50580592938763,55.35792739768958,90.32626604016058
2025-03-09 20:17:24.454333,524.0,511.0,354.0,2595.0,1519.0,498.0,56.82934516697909,70.18535899807279,61.29002287148904,41.53939751220026,15.248666718028849,43.22492399801712,34.94796037300547,65.50580592938763,55.35792739768958,90.32626604016058
2025-03-09 20:17:24.454333,525.0,507.0,352.0,2598.0,1519.0,499.0,56.82934516697909,70.18535899807279,61.29002287148904,41.53939751220026,15.248666718028849,43.22492399801712,34.94796037300547,65.50580592938763,55.35792739768958,90.32626604016058
2025-03-09 20:17:24.454333,525.0,509.0,347.0,2599.0,1520.0,499.0,56.82934516697909,70.18535899807279,61.29002287148904,41.53939751220026,15.248666718028849,43.22492399801712,34.94796037300547,65.50580592938763,55.35792739768958,90.32626604016058
2025-03-09 20:17:24.462667,525.0,511.0,355.0,2598.0,1519.0,499.0,56.975461955497956,70.53222910351646,61.41354759480058,41.54600938760893,15.288768927016857,43.26216056305612,35.065290653963814,65.76710146613739,55.59492618014391,90.10358159177693
2025-03-09 20:17:24.462667,528.0,510.0,351.0,2590.0,1520.0,500.0,56.975461955497956,70.53222910351646,61.41354759480058,41.54600938760893,15.288768927016857,43.26216056305612,35.065290653963814,65.76710146613739,55.59492618014391,90.10358159177693
2025-03-09 20:17:24.462667,511.0,510.0,358.0,2593.0,1519.0,502.0,56.975461955497956,70.53222910351646,61.41354759480058,41.54600938760893,15.288768927016857,43.26216056305612,35.065290653963814,65.76710146613739,55.59492618014391,90.10358159177693
2025-03-09 20:17:24.462667,534.0,497.0,352.0,2593.0,1520.0,496.0,56.975461955497956,70.53222910351646,61.41354759480058,41.54600938760893,15.288768927016857,43.26216056305612,35.065290653963814,65.76710146613739,55.59492618014391,90.10358159177693
2025-03-09 20:17:24.471000,531.0,511.0,351.0,2591.0,1520.0,499.0,57.11436601522436,70.90071364228498,61.55187295277693,41.55156458707708,15.33561001713835,43.30034779971906,35.179672728634415,66.0414078478269,55.85312638681906,89.86209977577346
2025-03-09 20:17:24.471000,531.0,509.0,345.0,2594.0,1522.0,497.0,57.11436601522436,70.90071364228498,61.55187295277693,41.55156458707708,15.33561001713835,43.30034779971906,35.179672728634415,66.0414078478269,55.85312638681906,89.86209977577346
2025-03-09 20:17:24.471000,539.0,507.0,353.0,2601.0,1520.0,499.0,57.11436601522436,70.90071364228498,61.55187295277693,41.55156458707708,15.33561001713835,43.30034779971906,35.179672728634415,66.0414078478269,55.85312638681906,89.86209977577346
2025-03-09 20:17:24.479333,539.0,505.0,355.0,2596.0,1520.0,497.0,57.2417375710932,71.28939273107824,61.708283806410705,41.55647231127897,15.387702385222203,43.33920315110616,35.28493786650765,66.32764061698815,56.135325694853385,89.59817663262307
2025-03-09 20:17:24.479333,542.0,510.0,347.0,2598.0,1521.0,500.0,57.2417375710932,71.28939273107824,61.708283806410705,41.55647231127897,15.387702385222203,43.33920315110616,35.28493786650765,66.32764061698815,56.135325694853385,89.59817663262307
2025-03-09 20:17:24.479333,539.0,511.0,347.0,2593.0,1520.0,499.0,57.2417375710932,71.28939273107824,61.708283806410705,41.55647231127897,15.387702385222203,43.33920315110616,35.28493786650765,66.32764061698815,56.135325694853385,89.59817663262307
2025-03-09 20:17:24.479333,546.0,507.0,351.0,2598.0,1520.0,496.0,57.2417375710932,71.28939273107824,61.708283806410705,41.55647231127897,15.387702385222203,43.33920315110616,35.28493786650765,66.32764061698815,56.135325694853385,89.59817663262307
2025-03-09 20:17:24.487667,557.0,511.0,351.0,2598.0,1527.0,498.0,57.359499572477574,71.6973262201163,61.887541078698604,41.560159597411456,15.443774366309228,43.37740881370037,35.377966991198996,66.62737959359006,56.44251947986629,89.31626298219335
2025-03-09 20:17:24.487667,560.0,511.0,346.0,2596.0,1523.0,498.0,57.359499572477574,71.6973262201163,61.887541078698604,41.560159597411456,15.443774366309228,43.37740881370037,35.377966991198996,66.62737959359006,56.44251947986629,89.31626298219335
2025-03-09 20:17:24.487667,560.0,508.0,345.0,2599.0,1527.0,497.0,57.359499572477574,71.6973262201163,61.887541078698604,41.560159597411456,15.443774366309228,43.37740881370037,35.377966991198996,66.62737959359006,56.44251947986629,89.31626298219335
2025-03-09 20:17:24.496000,560.0,507.0,350.0,2596.0,1527.0,496.0,57.46972809204259,72.12158361550888,62.08838234191133,41.56160301412993,15.503029124287808,43.41352326961112,35.460120550639424,66.9400438887211,56.77145903325559,89.02340346478982
2025-03-09 20:17:24.496000,562.0,511.0,352.0,2595.0,1526.0,497.0,57.46972809204259,72.12158361550888,62.08838234191133,41.56160301412993,15.503029124287808,43.41352326961112,35.460120550639424,66.9400438887211,56.77145903325559,89.02340346478982
2025-03-09 20:17:24.496000,560.0,511.0,349.0,2595.0,1524.0,499.0,57.46972809204259,72.12158361550888,62.08838234191133,41.56160301412993,15.503029124287808,43.41352326961112,35.460120550639424,66.9400438887211,56.77145903325559,89.02340346478982
2025-03-09 20:17:24.496000,562.0,509.0,351.0,2595.0,1525.0,496.0,57.46972809204259,72.12158361550888,62.08838234191133,41.56160301412993,15.503029124287808,43.41352326961112,35.460120550639424,66.9400438887211,56.77145903325559,89.02340346478982
2025-03-09 20:17:24.504333,581.0,510.0,350.0,2596.0,1533.0,499.0,57.569931547079364,72.55503562110928,62.299462767138444,41.559875954798585,15.565042942792159,43.44652543394474,35.53696241748836,67.25951115200316,57.11367908020869,88.72384636293432
2025-03-09 20:17:24.504333,582.0,507.0,350.0,2598.0,1535.0,497.0,57.569931547079364,72.55503562110928,62.299462767138444,41.559875954798585,15.565042942792159,43.44652543394474,35.53696241748836,67.25951115200316,57.11367908020869,88.72384636293432
2025-03-09 20:17:24.504333,586.0,511.0,347.0,2602.0,1535.0,496.0,57.569931547079364,72.55503562110928,62.299462767138444,41.559875954798585,15.565042942792159,43.44652543394474,35.53696241748836,67.25951115200316,57.11367908020869,88.72384636293432
2025-03-09 20:17:24.512667,587.0,510.0,346.0,2595.0,1533.0,499.0,57.65828402941849,72.99095053804581,62.51101634949996,41.55552509497414,15.629382848090282,43.47673183138228,35.61292492929366,67.58013217851615,57.46204415442143,88.42143986242861
2025-03-09 20:17:24.512667,586.0,511.0,349.0,2595.0,1535.0,497.0,57.65828402941849,72.99095053804581,62.51101634949996,41.55552509497414,15.629382848090282,43.47673183138228,35.61292492929366,67.58013217851615,57.46204415442143,88.42143986242861
2025-03-09 20:17:24.512667,591.0,509.0,351.0,2599.0,1535.0,498.0,57.65828402941849,72.99095053804581,62.51101634949996,41.55552509497414,15.629382848090282,43.47673183138228,35.61292492929366,67.58013217851615,57.46204415442143,88.42143986242861
2025-03-09 20:17:24.512667,595.0,511.0,348.0,2599.0,1535.0,497.0,57.65828402941849,72.99095053804581,62.51101634949996,41.55552509497414,15.629382848090282,43.47673183138228,35.61292492929366,67.58013217851615,57.46204415442143,88.42143986242861
2025-03-09 20:17:24.521000,596.0,511.0,349.0,2595.0,1534.0,497.0,57.73504408858116,73.42715599942082,62.72029516678367,41.54710759359326,15.690711269676754,43.501129722896756,35.68714335387591,67.90299730766937,57.81713362374921,88.12193903816618
2025-03-09 20:17:24.521000,624.0,511.0,357.0,2599.0,1535.0,497.0,57.73504408858116,73.42715599942082,62.72029516678367,41.54710759359326,15.690711269676754,43.501129722896756,35.68714335387591,67.90299730766937,57.81713362374921,88.12193903816618
2025-03-09 20:17:24.521000,628.0,511.0,345.0,2595.0,1535.0,499.0,57.73504408858116,73.42715599942082,62.72029516678367,41.54710759359326,15.690711269676754,43.501129722896756,35.68714335387591,67.90299730766937,57.81713362374921,88.12193903816618
2025-03-09 20:17:24.529333,630.0,511.0,350.0,2597.0,1535.0,497.0,57.79850778686575,73.86063878276649,62.92064953246396,41.53037310787981,15.741381852422013,43.51338631304299,35.76013027199051,68.22915347818264,58.17886886569639,87.83059775988622
2025-03-09 20:17:24.529333,631.0,511.0,345.0,2599.0,1535.0,497.0,57.79850778686575,73.86063878276649,62.92064953246396,41.53037310787981,15.741381852422013,43.51338631304299,35.76013027199051,68.22915347818264,58.17886886569639,87.83059775988622
2025-03-09 20:17:24.529333,631.0,511.0,350.0,2601.0,1535.0,497.0,57.79850778686575,73.86063878276649,62.92064953246396,41.53037310787981,15.741381852422013,43.51338631304299,35.76013027199051,68.22915347818264,58.17886886569639,87.83059775988622
2025-03-09 20:17:24.529333,641.0,511.0,347.0,2597.0,1535.0,499.0,57.79850778686575,73.86063878276649,62.92064953246396,41.53037310787981,15.741381852422013,43.51338631304299,35.76013027199051,68.22915347818264,58.17886886569639,87.83059775988622
2025-03-09 20:17:24.537667,641.0,510.0,347.0,2595.0,1535.0,499.0,57.85037489572697,74.28767027143918,63.10729529243845,41.50600407280941,15.781467713419932,43.5140217071386,35.83553714982414,68.55622722922251,58.54258005735,87.55223699518604
2025-03-09 20:17:24.537667,642.0,503.0,343.0,2596.0,1535.0,501.0,57.85037489572697,74.28767027143918,63.10729529243845,41.50600407280941,15.781467713419932,43.5140217071386,35.83553714982414,68.55622722922251,58.54258005735,87.55223699518604
2025-03-09 20:17:24.537667,677.0,511.0,347.0,2593.0,1535.0,499.0,57.85037489572697,74.28767027143918,63.10729529243845,41.50600407280941,15.781467713419932,43.5140217071386,35.83553714982414,68.55622722922251,58.54258005735,87.55223699518604
2025-03-09 20:17:24.537667,677.0,511.0,343.0,2593.0,1535.0,499.0,57.85037489572697,74.28767027143918,63.10729529243845,41.50600407280941,15.781467713419932,43.5140217071386,35.83553714982414,68.55622722922251,58.54258005735,87.55223699518604
2025-03-09 20:17:24.546000,683.0,511.0,346.0,2594.0,1535.0,499.0,57.895515373967775,74.70647905329909,63.282209183449915,41.47941537075465,15.816672937390475,43.50967820591572,35.91558582528919,68.88139523833097,58.90398902373593,87.29116894921084
2025-03-09 20:17:24.546000,686.0,510.0,352.0,2591.0,1535.0,498.0,57.895515373967775,74.70647905329909,63.282209183449915,41.47941537075465,15.816672937390475,43.50967820591572,35.91558582528919,68.88139523833097,58.90398902373593,87.29116894921084
2025-03-09 20:17:24.546000,688.0,511.0,342.0,2597.0,1535.0,496.0,57.895515373967775,74.70647905329909,63.282209183449915,41.47941537075465,15.816672937390475,43.50967820591572,35.91558582528919,68.88139523833097,58.90398902373593,87.29116894921084
2025-03-09 20:17:24.554333,690.0,511.0,342.0,2591.0,1535.0,499.0,57.93763378722755,75.11741935676176,63.45019006001911,41.455507394685455,15.851711981346474,43.50623406863195,35.99988554211228,69.20377252735838,59.262319587767024,87.05160953335489
2025-03-09 20:17:24.554333,693.0,523.0,343.0,2595.0,1535.0,499.0,57.93763378722755,75.11741935676176,63.45019006001911,41.455507394685455,15.851711981346474,43.50623406863195,35.99988554211228,69.20377252735838,59.262319587767024,87.05160953335489
2025-03-09 20:17:24.554333,738.0,511.0,348.0,2596.0,1561.0,499.0,57.93763378722755,75.11741935676176,63.45019006001911,41.455507394685455,15.851711981346474,43.50623406863195,35.99988554211228,69.20377252735838,59.262319587767024,87.05160953335489
2025-03-09 20:17:24.554333,740.0,511.0,348.0,2593.0,1559.0,499.0,57.93763378722755,75.11741935676176,63.45019006001911,41.455507394685455,15.851711981346474,43.50623406863195,35.99988554211228,69.20377252735838,59.262319587767024,87.05160953335489
2025-03-09 20:17:24.562667,747.0,511.0,351.0,2597.0,1562.0,499.0,57.978966984126636,75.52077378432459,63.61378548338366,41.436125932724266,15.888256737453373,43.506049470230614,36.08763771815354,69.52286562147354,59.617011875681236,86.84093245642694
2025-03-09 20:17:24.562667,747.0,511.0,349.0,2596.0,1562.0,499.0,57.978966984126636,75.52077378432459,63.61378548338366,41.436125932724266,15.888256737453373,43.506049470230614,36.08763771815354,69.52286562147354,59.617011875681236,86.84093245642694
2025-03-09 20:17:24.562667,753.0,511.0,345.0,2592.0,1559.0,500.0,57.978966984126636,75.52077378432459,63.61378548338366,41.436125932724266,15.888256737453373,43.506049470230614,36.08763771815354,69.52286562147354,59.617011875681236,86.84093245642694
2025-03-09 20:17:24.571000,755.0,526.0,347.0,2592.0,1562.0,501.0,58.02136421474472,75.91509089202906,63.76983286318612,41.4199168380769,15.924542751943664,43.50759635000219,36.18048351942976,69.83801442551267,59.965485671104666,86.6699972286461
2025-03-09 20:17:24.571000,767.0,526.0,345.0,2595.0,1565.0,500.0,58.02136421474472,75.91509089202906,63.76983286318612,41.4199168380769,15.924542751943664,43.50759635000219,36.18048351942976,69.83801442551267,59.965485671104666,86.6699972286461
2025-03-09 20:17:24.571000,766.0,510.0,351.0,2599.0,1566.0,499.0,58.02136421474472,75.91509089202906,63.76983286318612,41.4199168380769,15.924542751943664,43.50759635000219,36.18048351942976,69.83801442551267,59.965485671104666,86.6699972286461
2025-03-09 20:17:24.571000,827.0,511.0,345.0,2594.0,1569.0,501.0,58.02136421474472,75.91509089202906,63.76983286318612,41.4199168380769,15.924542751943664,43.50759635000219,36.18048351942976,69.83801442551267,59.965485671104666,86.6699972286461
2025-03-09 20:17:24.579333,833.0,525.0,349.0,2594.0,1572.0,501.0,58.06827906799396,76.2985385564868,63.91179718725734,41.40364638178179,15.958995974114854,43.507432027901736,36.28465682886871,70.14935602950216,60.30296206469444,86.54999913579135
2025-03-09 20:17:24.579333,832.0,511.0,345.0,2597.0,1568.0,499.0,58.06827906799396,76.2985385564868,63.91179718725734,41.40364638178179,15.958995974114854,43.507432027901736,36.28465682886871,70.14935602950216,60.30296206469444,86.54999913579135
2025-03-09 20:17:24.579333,840.0,524.0,349.0,2593.0,1570.0,500.0,58.06827906799396,76.2985385564868,63.91179718725734,41.40364638178179,15.958995974114854,43.507432027901736,36.28465682886871,70.14935602950216,60.30296206469444,86.54999913579135
2025-03-09 20:17:24.587667,839.0,528.0,348.0,2601.0,1574.0,497.0,58.124544532147624,76.67066609651131,64.0351566559396,41.38540209185322,15.991218838987068,43.503718973772585,36.4061657377013,70.45788684098136,60.62565582030813,86.48901054368142
2025-03-09 20:17:24.587667,847.0,527.0,343.0,2593.0,1570.0,498.0,58.124544532147624,76.67066609651131,64.0351566559396,41.38540209185322,15.991218838987068,43.503718973772585,36.4061657377013,70.45788684098136,60.62565582030813,86.48901054368142
2025-03-09 20:17:24.587667,850.0,528.0,346.0,2594.0,1575.0,497.0,58.124544532147624,76.67066609651131,64.0351566559396,41.38540209185322,15.991218838987068,43.503718973772585,36.4061657377013,70.45788684098136,60.62565582030813,86.48901054368142
2025-03-09 20:17:24.587667,903.0,528.0,343.0,2592.0,1577.0,496.0,58.124544532147624,76.67066609651131,64.0351566559396,41.38540209185322,15.991218838987068,43.503718973772585,36.4061657377013,70.45788684098136,60.62565582030813,86.48901054368142
2025-03-09 20:17:24.596000,911.0,528.0,347.0,2594.0,1581.0,499.0,58.19622888650145,77.0317785241612,64.13738879243706,41.364151645857085,16.021664222299616,43.495891150191106,36.54990127218348,70.76454122455438,60.92986087618275,86.492981906244
2025-03-09 20:17:24.596000,912.0,529.0,348.0,2591.0,1577.0,498.0,58.19622888650145,77.0317785241612,64.13738879243706,41.364151645857085,16.021664222299616,43.495891150191106,36.54990127218348,70.76454122455438,60.92986087618275,86.492981906244
2025-03-09 20:17:24.596000,916.0,527.0,343.0,2594.0,1575.0,498.0,58.19622888650145,77.0317785241612,64.13738879243706,41.364151645857085,16.021664222299616,43.495891150191106,36.54990127218348,70.76454122455438,60.92986087618275,86.492981906244
2025-03-09 20:17:24.604333,925.0,528.0,347.0,2593.0,1578.0,496.0,58.28564478473887,77.38171600076814,64.2181143188792,41.33914491393194,16.051584637677887,43.48426222744141,36.71637983216403,71.06724465165922,61.21201044615764,86.55985695872039
2025-03-09 20:17:24.604333,929.0,527.0,350.0,2592.0,1578.0,500.0,58.28564478473887,77.38171600076814,64.2181143188792,41.33914491393194,16.051584637677887,43.48426222744141,36.71637983216403,71.06724465165922,61.21201044615764,86.55985695872039
2025-03-09 20:17:24.604333,935.0,530.0,349.0,2592.0,1579.0,496.0,58.28564478473887,77.38171600076814,64.2181143188792,41.33914491393194,16.051584637677887,43.48426222744141,36.71637983216403,71.06724465165922,61.21201044615764,86.55985695872039
2025-03-09 20:17:24.604333,942.0,523.0,346.0,2595.0,1575.0,496.0,58.28564478473887,77.38171600076814,64.2181143188792,41.33914491393194,16.051584637677887,43.48426222744141,36.71637983216403,71.06724465165922,61.21201044615764,86.55985695872039
2025-03-09 20:17:24.612667,993.0,530.0,341.0,2595.0,1581.0,499.0,58.383719557730686,77.71984443328662,64.2803084949833,41.311243000458354,16.08224919141754,43.4708791786798,36.89699052818941,71.35951590435607,61.47326766064381,86.66754837834533
2025-03-09 20:17:24.612667,997.0,533.0,351.0,2599.0,1578.0,500.0,58.383719557730686,77.71984443328662,64.2803084949833,41.311243000458354,16.08224919141754,43.4708791786798,36.89699052818941,71.35951590435607,61.47326766064381,86.66754837834533
2025-03-09 20:17:24.612667,1007.0,532.0,356.0,2594.0,1578.0,496.0,58.383719557730686,77.71984443328662,64.2803084949833,41.311243000458354,16.08224919141754,43.4708791786798,36.89699052818941,71.35951590435607,61.47326766064381,86.66754837834533
2025-03-09 20:17:24.612667,1008.0,528.0,352.0,2594.0,1581.0,496.0,58.383719557730686,77.71984443328662,64.2803084949833,41.311243000458354,16.08224919141754,43.4708791786798,36.89699052818941,71.35951590435607,61.47326766064381,86.66754837834533
2025-03-09 20:17:24.621000,1011.0,530.0,350.0,2594.0,1584.0,499.0,58.47871376461135,78.04358489294057,64.32681901863847,41.28096115321821,16.113636333963385,43.45643548083636,37.082040215929815,71.63508435846651,61.7159258328505,86.78754338401366
2025-03-09 20:17:24.621000,1021.0,528.0,346.0,2596.0,1581.0,496.0,58.47871376461135,78.04358489294057,64.32681901863847,41.28096115321821,16.113636333963385,43.45643548083636,37.082040215929815,71.63508435846651,61.7159258328505,86.78754338401366
2025-03-09 20:17:24.621000,1023.0,534.0,342.0,2593.0,1580.0,496.0,58.47871376461135,78.04358489294057,64.32681901863847,41.28096115321821,16.113636333963385,43.45643548083636,37.082040215929815,71.63508435846651,61.7159258328505,86.78754338401366
2025-03-09 20:17:24.629333,1095.0,535.0,352.0,2591.0,1583.0,494.0,58.56714314579588,78.34800851849849,64.35662798105443,41.24754681523034,16.144784778128344,43.43974827826072,37.26846881713568,71.88982789995393,61.937054888645065,86.90336945462975
2025-03-09 20:17:24.629333,1098.0,539.0,342.0,2591.0,1581.0,496.0,58.56714314579588,78.34800851849849,64.35662798105443,41.24754681523034,16.144784778128344,43.43974827826072,37.26846881713568,71.88982789995393,61.937054888645065,86.90336945462975
2025-03-09 20:17:24.629333,1102.0,531.0,347.0,2594.0,1583.0,494.0,58.56714314579588,78.34800851849849,64.35662798105443,41.24754681523034,16.144784778128344,43.43974827826072,37.26846881713568,71.88982789995393,61.937054888645065,86.90336945462975
2025-03-09 20:17:24.637667,1108.0,543.0,340.0,2594.0,1582.0,495.0,58.651745117880665,78.62916694131091,64.36631681130956,41.21192218467347,16.175172157884347,43.421416476575644,37.45814335912415,72.12167967824455,62.13225588549397,87.00639963938927
2025-03-09 20:17:24.637667,1109.0,533.0,348.0,2590.0,1583.0,494.0,58.651745117880665,78.62916694131091,64.36631681130956,41.21192218467347,16.175172157884347,43.421416476575644,37.45814335912415,72.12167967824455,62.13225588549397,87.00639963938927
2025-03-09 20:17:24.637667,1118.0,537.0,347.0,2588.0,1582.0,493.0,58.651745117880665,78.62916694131091,64.36631681130956,41.21192218467347,16.175172157884347,43.421416476575644,37.45814335912415,72.12167967824455,62.13225588549397,87.00639963938927
2025-03-09 20:17:24.637667,1122.0,538.0,349.0,2592.0,1584.0,494.0,58.651745117880665,78.62916694131091,64.36631681130956,41.21192218467347,16.175172157884347,43.421416476575644,37.45814335912415,72.12167967824455,62.13225588549397,87.00639963938927
2025-03-09 20:17:24.646000,1178.0,543.0,345.0,2591.0,1584.0,493.0,58.737007930320544,78.88594012662496,64.35233714579387,41.17406405091044,16.205114314222918,43.4014104670876,37.65593433779504,72.33111958287289,62.298123720153065,87.09232101065959
2025-03-09 20:17:24.646000,1183.0,540.0,348.0,2591.0,1585.0,491.0,58.737007930320544,78.88594012662496,64.35233714579387,41.17406405091044,16.205114314222918,43.4014104670876,37.65593433779504,72.33111958287289,62.298123720153065,87.09232101065959
2025-03-09 20:17:24.646000,1189.0,538.0,353.0,2588.0,1586.0,493.0,58.737007930320544,78.88594012662496,64.35233714579387,41.17406405091044,16.205114314222918,43.4014104670876,37.65593433779504,72.33111958287289,62.298123720153065,87.09232101065959
2025-03-09 20:17:24.654333,1193.0,546.0,350.0,2593.0,1585.0,489.0,58.826194146445225,79.12102459800647,64.31361341366362,41.1323993325091,16.234273260374824,43.37804991616061,37.86593183209111,72.52193860756515,62.435503075371784,87.16055683437732
2025-03-09 20:17:24.654333,1199.0,546.0,353.0,2588.0,1587.0,493.0,58.826194146445225,79.12102459800647,64.31361341366362,41.1323993325091,16.234273260374824,43.37804991616061,37.86593183209111,72.52193860756515,62.435503075371784,87.16055683437732
2025-03-09 20:17:24.654333,1203.0,548.0,344.0,2587.0,1587.0,487.0,58.826194146445225,79.12102459800647,64.31361341366362,41.1323993325091,16.234273260374824,43.37804991616061,37.86593183209111,72.52193860756515,62.435503075371784,87.16055683437732
2025-03-09 20:17:24.654333,1210.0,543.0,351.0,2593.0,1589.0,491.0,58.826194146445225,79.12102459800647,64.31361341366362,41.1323993325091,16.234273260374824,43.37804991616061,37.86593183209111,72.52193860756515,62.435503075371784,87.16055683437732
2025-03-09 20:17:24.662667,1255.0,544.0,347.0,2595.0,1590.0,490.0,58.920443666196526,79.33799602261462,64.25014253447208,41.086331759685855,16.262153857917216,43.35053866171376,38.09043510306538,72.69800987130014,62.547640931063995,87.21276522827816
2025-03-09 20:17:24.662667,1262.0,546.0,351.0,2587.0,1589.0,486.0,58.920443666196526,79.33799602261462,64.25014253447208,41.086331759685855,16.262153857917216,43.35053866171376,38.09043510306538,72.69800987130014,62.547640931063995,87.21276522827816
2025-03-09 20:17:24.662667,1264.0,553.0,348.0,2593.0,1591.0,487.0,58.920443666196526,79.33799602261462,64.25014253447208,41.086331759685855,16.262153857917216,43.35053866171376,38.09043510306538,72.69800987130014,62.547640931063995,87.21276522827816
2025-03-09 20:17:24.671000,1271.0,550.0,346.0,2589.0,1594.0,485.0,59.02197958451952,79.53939198101189,64.16301573602114,41.036886426253474,16.28952888151459,43.32011935971382,38.33064645446154,72.86154167568704,62.63619837595851,87.25773914140534
2025-03-09 20:17:24.671000,1280.0,558.0,344.0,2589.0,1588.0,483.0,59.02197958451952,79.53939198101189,64.16301573602114,41.036886426253474,16.28952888151459,43.32011935971382,38.33064645446154,72.86154167568704,62.63619837595851,87.25773914140534
2025-03-09 20:17:24.671000,1283.0,551.0,345.0,2586.0,1590.0,486.0,59.02197958451952,79.53939198101189,64.16301573602114,41.036886426253474,16.28952888151459,43.32011935971382,38.33064645446154,72.86154167568704,62.63619837595851,87.25773914140534
2025-03-09 20:17:24.671000,1283.0,558.0,343.0,2589.0,1589.0,483.0,59.02197958451952,79.53939198101189,64.16301573602114,41.036886426253474,16.28952888151459,43.32011935971382,38.33064645446154,72.86154167568704,62.63619837595851,87.25773914140534
2025-03-09 20:17:24.679333,1328.0,555.0,346.0,2585.0,1589.0,480.0,59.133307601965576,79.72687609089904,64.05356078748171,40.987950978515215,16.316892846429557,43.290498752425655,38.58652567441174,73.01444051895417,62.70377062827318,87.31204164526505
2025-03-09 20:17:24.679333,1328.0,560.0,351.0,2584.0,1587.0,481.0,59.133307601965576,79.72687609089904,64.05356078748171,40.987950978515215,16.316892846429557,43.290498752425655,38.58652567441174,73.01444051895417,62.70377062827318,87.31204164526505
2025-03-09 20:17:24.679333,1333.0,561.0,345.0,2583.0,1587.0,478.0,59.133307601965576,79.72687609089904,64.05356078748171,40.987950978515215,16.316892846429557,43.290498752425655,38.58652567441174,73.01444051895417,62.70377062827318,87.31204164526505
2025-03-09 20:17:24.687667,1335.0,563.0,353.0,2588.0,1589.0,479.0,59.25358543593986,79.9012802402408,63.92673267611657,40.94213328753189,16.342914746061442,43.2632301293438,38.853102720949394,73.15918755358607,62.75529770048538,87.38951415188794
2025-03-09 20:17:24.687667,1343.0,566.0,345.0,2588.0,1584.0,481.0,59.25358543593986,79.9012802402408,63.92673267611657,40.94213328753189,16.342914746061442,43.2632301293438,38.853102720949394,73.15918755358607,62.75529770048538,87.38951415188794
2025-03-09 20:17:24.687667,1347.0,562.0,352.0,2589.0,1585.0,479.0,59.25358543593986,79.9012802402408,63.92673267611657,40.94213328753189,16.342914746061442,43.2632301293438,38.853102720949394,73.15918755358607,62.75529770048538,87.38951415188794
2025-03-09 20:17:24.696000,1347.0,560.0,346.0,2559.0,1587.0,479.0,59.38120836237133,80.06435740698353,63.78917204135558,40.897276008255666,16.36468081168721,43.23505074779823,39.124100174221326,73.29954257248752,62.795460695309316,87.49072457093824
2025-03-09 20:17:24.696000,1388.0,572.0,346.0,2583.0,1586.0,470.0,59.38120836237133,80.06435740698353,63.78917204135558,40.897276008255666,16.36468081168721,43.23505074779823,39.124100174221326,73.29954257248752,62.795460695309316,87.49072457093824
2025-03-09 20:17:24.696000,1392.0,573.0,345.0,2585.0,1587.0,475.0,59.38120836237133,80.06435740698353,63.78917204135558,40.897276008255666,16.36468081168721,43.23505074779823,39.124100174221326,73.29954257248752,62.795460695309316,87.49072457093824
2025-03-09 20:17:24.696000,1392.0,571.0,341.0,2587.0,1586.0,475.0,59.38120836237133,80.06435740698353,63.78917204135558,40.897276008255666,16.36468081168721,43.23505074779823,39.124100174221326,73.29954257248752,62.795460695309316,87.49072457093824
2025-03-09 20:17:24.704333,1398.0,575.0,347.0,2582.0,1584.0,474.0,59.51585899206923,80.21602236955196,63.63955209701042,40.84841254745216,16.379836453253528,43.20025302484594,39.401085668162935,73.43780467840635,62.82347697396117,87.60429521598563
2025-03-09 20:17:24.704333,1399.0,574.0,342.0,2587.0,1585.0,471.0,59.51585899206923,80.21602236955196,63.63955209701042,40.84841254745216,16.379836453253528,43.20025302484594,39.401085668162935,73.43780467840635,62.82347697396117,87.60429521598563
2025-03-09 20:17:24.704333,1405.0,574.0,350.0,2587.0,1587.0,471.0,59.51585899206923,80.21602236955196,63.63955209701042,40.84841254745216,16.379836453253528,43.20025302484594,39.401085668162935,73.43780467840635,62.82347697396117,87.60429521598563
2025-03-09 20:17:24.712667,1408.0,578.0,356.0,2587.0,1589.0,471.0,59.658074244061794,80.35441394922012,63.47492733921828,40.79183144161135,16.391028398192514,43.15418971751793,39.693090903925714,73.57764018105128,62.83654555241539,87.7217368549814
2025-03-09 20:17:24.712667,1435.0,582.0,346.0,2582.0,1585.0,464.0,59.658074244061794,80.35441394922012,63.47492733921828,40.79183144161135,16.391028398192514,43.15418971751793,39.693090903925714,73.57764018105128,62.83654555241539,87.7217368549814
2025-03-09 20:17:24.712667,1439.0,589.0,339.0,2586.0,1584.0,465.0,59.658074244061794,80.35441394922012,63.47492733921828,40.79183144161135,16.391028398192514,43.15418971751793,39.693090903925714,73.57764018105128,62.83654555241539,87.7217368549814
2025-03-09 20:17:24.712667,1441.0,596.0,349.0,2582.0,1585.0,464.0,59.658074244061794,80.35441394922012,63.47492733921828,40.79183144161135,16.391028398192514,43.15418971751793,39.693090903925714,73.57764018105128,62.83654555241539,87.7217368549814
2025-03-09 20:17:24.721000,1443.0,593.0,342.0,2559.0,1585.0,464.0,59.80983159988556,80.481236242321,63.29647975764805,40.730348239712576,16.403100888666362,43.098160871675425,40.009452902326586,73.7273062790706,62.83887725883651,87.84215406859721
2025-03-09 20:17:24.721000,1440.0,592.0,341.0,2585.0,1584.0,464.0,59.80983159988556,80.481236242321,63.29647975764805,40.730348239712576,16.403100888666362,43.098160871675425,40.009452902326586,73.7273062790706,62.83887725883651,87.84215406859721
2025-03-09 20:17:24.721000,1450.0,593.0,348.0,2559.0,1584.0,463.0,59.80983159988556,80.481236242321,63.29647975764805,40.730348239712576,16.403100888666362,43.098160871675425,40.009452902326586,73.7273062790706,62.83887725883651,87.84215406859721
2025-03-09 20:17:24.729333,1450.0,591.0,342.0,2583.0,1584.0,464.0,59.97210980362777,80.6000385327629,63.10333624942436,40.66674015872754,16.41664294947319,43.033836357042944,40.35528218522187,73.8928848227826,62.836223442220074,87.96391985525754
2025-03-09 20:17:24.729333,1465.0,598.0,345.0,2582.0,1584.0,461.0,59.97210980362777,80.6000385327629,63.10333624942436,40.66674015872754,16.41664294947319,43.033836357042944,40.35528218522187,73.8928848227826,62.836223442220074,87.96391985525754
2025-03-09 20:17:24.729333,1458.0,603.0,350.0,2559.0,1587.0,455.0,59.97210980362777,80.6000385327629,63.10333624942436,40.66674015872754,16.41664294947319,43.033836357042944,40.35528218522187,73.8928848227826,62.836223442220074,87.96391985525754
2025-03-09 20:17:24.729333,1465.0,607.0,341.0,2559.0,1585.0,455.0,59.97210980362777,80.6000385327629,63.10333624942436,40.66674015872754,16.41664294947319,43.033836357042944,40.35528218522187,73.8928848227826,62.836223442220074,87.96391985525754
2025-03-09 20:17:24.737667,1461.0,606.0,341.0,2559.0,1587.0,458.0,60.145371352381,80.71219560724762,62.89284388844467,40.59790047713886,16.431629970953896,42.95864415123597,40.733560976644036,74.0746220872852,62.82662523346196,88.08495010508376
2025-03-09 20:17:24.737667,1462.0,610.0,347.0,2559.0,1585.0,457.0,60.145371352381,80.71219560724762,62.89284388844467,40.59790047713886,16.431629970953896,42.95864415123597,40.733560976644036,74.0746220872852,62.82662523346196,88.08495010508376
2025-03-09 20:17:24.737667,1466.0,607.0,346.0,2559.0,1585.0,458.0,60.145371352381,80.71219560724762,62.89284388844467,40.59790047713886,16.431629970953896,42.95864415123597,40.733560976644036,74.0746220872852,62.82662523346196,88.08495010508376
2025-03-09 20:17:24.746000,1469.0,607.0,346.0,2559.0,1585.0,453.0,60.3322509669163,80.817367178,62.66178019748746,40.51565365871003,16.454089958615217,42.86839430182098,41.14973005296332,74.26576660264834,62.796284563204495,88.20400817708543
2025-03-09 20:17:24.746000,1473.0,617.0,343.0,2559.0,1585.0,448.0,60.3322509669163,80.817367178,62.66178019748746,40.51565365871003,16.454089958615217,42.86839430182098,41.14973005296332,74.26576660264834,62.796284563204495,88.20400817708543
2025-03-09 20:17:24.746000,1471.0,614.0,346.0,2559.0,1586.0,448.0,60.3322509669163,80.817367178,62.66178019748746,40.51565365871003,16.454089958615217,42.86839430182098,41.14973005296332,74.26576660264834,62.796284563204495,88.20400817708543
2025-03-09 20:17:24.746000,1475.0,615.0,348.0,2559.0,1585.0,447.0,60.3322509669163,80.817367178,62.66178019748746,40.51565365871003,16.454089958615217,42.86839430182098,41.14973005296332,74.26576660264834,62.796284563204495,88.20400817708543
2025-03-09 20:17:24.754333,1472.0,622.0,346.0,2559.0,1587.0,448.0,60.536913221601516,80.91527170354395,62.40374369780983,40.417295477509555,16.48519699857198,42.76305131446318,41.607060056187606,74.46034149432808,62.73541505879162,88.31937822629178
2025-03-09 20:17:24.754333,1473.0,619.0,343.0,2583.0,1589.0,446.0,60.536913221601516,80.91527170354395,62.40374369780983,40.417295477509555,16.48519699857198,42.76305131446318,41.607060056187606,74.46034149432808,62.73541505879162,88.31937822629178
2025-03-09 20:17:24.754333,1477.0,623.0,342.0,2559.0,1588.0,448.0,60.536913221601516,80.91527170354395,62.40374369780983,40.417295477509555,16.48519699857198,42.76305131446318,41.607060056187606,74.46034149432808,62.73541505879162,88.31937822629178
2025-03-09 20:17:24.762667,1478.0,618.0,336.0,2559.0,1586.0,443.0,60.76157902075113,81.00540732389298,62.11304717088664,40.314733530413164,16.513561400675865,42.65127557201289,42.09821416521817,74.65962921884291,62.65306896624165,88.42887681795311
2025-03-09 20:17:24.762667,1481.0,628.0,342.0,2559.0,1590.0,439.0,60.76157902075113,81.00540732389298,62.11304717088664,40.314733530413164,16.513561400675865,42.65127557201289,42.09821416521817,74.65962921884291,62.65306896624165,88.42887681795311
2025-03-09 20:17:24.762667,1483.0,634.0,346.0,2559.0,1593.0,441.0,60.76157902075113,81.00540732389298,62.11304717088664,40.314733530413164,16.513561400675865,42.65127557201289,42.09821416521817,74.65962921884291,62.65306896624165,88.42887681795311
2025-03-09 20:17:24.762667,1486.0,630.0,337.0,2559.0,1591.0,439.0,60.76157902075113,81.00540732389298,62.11304717088664,40.314733530413164,16.513561400675865,42.65127557201289,42.09821416521817,74.65962921884291,62.65306896624165,88.42887681795311
2025-03-09 20:17:24.771000,1485.0,629.0,341.0,2559.0,1594.0,441.0,61.00626175565877,81.08886084072167,61.79141458311566,40.21544166735944,16.53076715284687,42.53835848507968,42.61259891226282,74.86512437199788,62.55793924789803,88.52992487438864
2025-03-09 20:17:24.771000,1482.0,639.0,339.0,2559.0,1594.0,438.0,61.00626175565877,81.08886084072167,61.79141458311566,40.21544166735944,16.53076715284687,42.53835848507968,42.61259891226282,74.86512437199788,62.55793924789803,88.52992487438864
2025-03-09 20:17:24.771000,1482.0,633.0,342.0,2559.0,1594.0,437.0,61.00626175565877,81.08886084072167,61.79141458311566,40.21544166735944,16.53076715284687,42.53835848507968,42.61259891226282,74.86512437199788,62.55793924789803,88.52992487438864
2025-03-09 20:17:24.771000,1481.0,640.0,340.0,2559.0,1594.0,435.0,61.00626175565877,81.08886084072167,61.79141458311566,40.21544166735944,16.53076715284687,42.53835848507968,42.61259891226282,74.86512437199788,62.55793924789803,88.52992487438864
2025-03-09 20:17:24.779333,1472.0,653.0,337.0,2559.0,1602.0,438.0,61.271662495974844,81.16809421846203,61.441747346466784,40.117636810961265,16.535732653360032,42.42403111665545,43.14489623572209,75.07467293168315,62.448797118892514,88.62061258707443
2025-03-09 20:17:24.779333,1477.0,643.0,343.0,2559.0,1603.0,432.0,61.271662495974844,81.16809421846203,61.441747346466784,40.117636810961265,16.535732653360032,42.42403111665545,43.14489623572209,75.07467293168315,62.448797118892514,88.62061258707443
2025-03-09 20:17:24.787667,1471.0,645.0,336.0,2559.0,1601.0,433.0,61.557637982554596,81.24452110796419,61.06515480695816,40.021983925713485,16.528746458975352,42.309924395337895,43.692652015701135,75.28660703826107,62.32548710982615,88.69934445037944
2025-03-09 20:17:24.787667,1473.0,654.0,336.0,2559.0,1606.0,432.0,61.557637982554596,81.24452110796419,61.06515480695816,40.021983925713485,16.528746458975352,42.309924395337895,43.692652015701135,75.28660703826107,62.32548710982615,88.69934445037944
2025-03-09 20:17:24.787667,1472.0,650.0,342.0,2559.0,1602.0,433.0,61.557637982554596,81.24452110796419,61.06515480695816,40.021983925713485,16.528746458975352,42.309924395337895,43.692652015701135,75.28660703826107,62.32548710982615,88.69934445037944
2025-03-09 20:17:24.787667,1472.0,653.0,338.0,2559.0,1604.0,433.0,61.557637982554596,81.24452110796419,61.06515480695816,40.021983925713485,16.528746458975352,42.309924395337895,43.692652015701135,75.28660703826107,62.32548710982615,88.69934445037944
2025-03-09 20:17:24.796000,1471.0,654.0,337.0,2559.0,1603.0,432.0,61.860811819720396,81.31839120493618,60.66439158952089,39.929951725840134,16.510260632397237,42.197393343678456,44.25244303798544,75.50037753738144,62.1906989338595,88.76392152858547
2025-03-09 20:17:24.796000,1467.0,656.0,342.0,2559.0,1603.0,430.0,61.860811819720396,81.31839120493618,60.66439158952089,39.929951725840134,16.510260632397237,42.197393343678456,44.25244303798544,75.50037753738144,62.1906989338595,88.76392152858547
2025-03-09 20:17:24.796000,1456.0,664.0,346.0,2559.0,1606.0,426.0,61.860811819720396,81.31839120493618,60.66439158952089,39.929951725840134,16.510260632397237,42.197393343678456,44.25244303798544,75.50037753738144,62.1906989338595,88.76392152858547
2025-03-09 20:17:24.804333,1456.0,662.0,336.0,2559.0,1607.0,426.0,62.177160777527625,81.3886662937924,60.24321243611259,39.843326313832954,16.48016969285029,42.08744008020888,44.8196521743694,75.71582829225547,62.047662787068724,88.81225892641824
2025-03-09 20:17:24.804333,1456.0,663.0,347.0,2559.0,1610.0,426.0,62.177160777527625,81.3886662937924,60.24321243611259,39.843326313832954,16.48016969285029,42.08744008020888,44.8196521743694,75.71582829225547,62.047662787068724,88.81225892641824
2025-03-09 20:17:24.804333,1456.0,668.0,340.0,2559.0,1613.0,426.0,62.177160777527625,81.3886662937924,60.24321243611259,39.843326313832954,16.48016969285029,42.08744008020888,44.8196521743694,75.71582829225547,62.047662787068724,88.81225892641824
2025-03-09 20:17:24.804333,1458.0,674.0,347.0,2559.0,1615.0,426.0,62.177160777527625,81.3886662937924,60.24321243611259,39.843326313832954,16.48016969285029,42.08744008020888,44.8196521743694,75.71582829225547,62.047662787068724,88.81225892641824
2025-03-09 20:17:24.812667,1453.0,672.0,345.0,2559.0,1611.0,427.0,62.502899698390245,81.45329000219618,59.80509026435139,39.76445569783849,16.441929430135552,41.98373351609637,45.389340005382614,75.92746068441264,61.89491737837611,88.84248997076287
2025-03-09 20:17:24.812667,1456.0,677.0,340.0,2559.0,1612.0,422.0,62.502899698390245,81.45329000219618,59.80509026435139,39.76445569783849,16.441929430135552,41.98373351609637,45.389340005382614,75.92746068441264,61.89491737837611,88.84248997076287
2025-03-09 20:17:24.812667,1442.0,688.0,337.0,2559.0,1616.0,418.0,62.502899698390245,81.45329000219618,59.80509026435139,39.76445569783849,16.441929430135552,41.98373351609637,45.389340005382614,75.92746068441264,61.89491737837611,88.84248997076287
2025-03-09 20:17:24.821000,1443.0,695.0,336.0,2559.0,1619.0,418.0,62.8322107899194,81.51081330070778,59.35384873362919,39.69356552951308,16.40150668099799,41.889805083704,45.95585790751543,76.12563242542647,61.72845216230466,88.85357082601335
2025-03-09 20:17:24.821000,1441.0,693.0,345.0,2559.0,1618.0,416.0,62.8322107899194,81.51081330070778,59.35384873362919,39.69356552951308,16.40150668099799,41.889805083704,45.95585790751543,76.12563242542647,61.72845216230466,88.85357082601335
2025-03-09 20:17:24.821000,1439.0,689.0,339.0,2559.0,1618.0,415.0,62.8322107899194,81.51081330070778,59.35384873362919,39.69356552951308,16.40150668099799,41.889805083704,45.95585790751543,76.12563242542647,61.72845216230466,88.85357082601335
2025-03-09 20:17:24.821000,1435.0,699.0,336.0,2559.0,1621.0,415.0,62.8322107899194,81.51081330070778,59.35384873362919,39.69356552951308,16.40150668099799,41.889805083704,45.95585790751543,76.12563242542647,61.72845216230466,88.85357082601335
2025-03-09 20:17:24.829333,1440.0,697.0,337.0,2559.0,1619.0,412.0,63.15828454599829,81.56033415099238,58.89255229874435,39.62930489571132,16.362936162548138,41.8058987363814,46.516054569509166,76.30524336898013,61.547785331992756,88.84535673902798
2025-03-09 20:17:24.829333,1429.0,691.0,337.0,2559.0,1621.0,414.0,63.15828454599829,81.56033415099238,58.89255229874435,39.62930489571132,16.362936162548138,41.8058987363814,46.516054569509166,76.30524336898013,61.547785331992756,88.84535673902798
2025-03-09 20:17:24.829333,1408.0,695.0,338.0,2558.0,1625.0,409.0,63.15828454599829,81.56033415099238,58.89255229874435,39.62930489571132,16.362936162548138,41.8058987363814,46.516054569509166,76.30524336898013,61.547785331992756,88.84535673902798
2025-03-09 20:17:24.837667,1407.0,706.0,336.0,2557.0,1629.0,407.0,63.474279702733654,81.60012187326886,58.424148211106285,39.57241753836423,16.327761646000475,41.732471861021864,47.06641687850206,76.46424400294393,61.35619228681482,88.81751776545427
2025-03-09 20:17:24.837667,1403.0,701.0,339.0,2559.0,1627.0,406.0,63.474279702733654,81.60012187326886,58.424148211106285,39.57241753836423,16.327761646000475,41.732471861021864,47.06641687850206,76.46424400294393,61.35619228681482,88.81751776545427
2025-03-09 20:17:24.837667,1403.0,698.0,342.0,2559.0,1631.0,409.0,63.474279702733654,81.60012187326886,58.424148211106285,39.57241753836423,16.327761646000475,41.732471861021864,47.06641687850206,76.46424400294393,61.35619228681482,88.81751776545427
2025-03-09 20:17:24.837667,1400.0,700.0,343.0,2559.0,1630.0,404.0,63.474279702733654,81.60012187326886,58.424148211106285,39.57241753836423,16.327761646000475,41.732471861021864,47.06641687850206,76.46424400294393,61.35619228681482,88.81751776545427
2025-03-09 20:17:24.846000,1392.0,701.0,340.0,2559.0,1638.0,406.0,63.77312354982783,81.62757812001695,57.952027509392074,39.52338974117917,16.29442253903856,41.668464242713064,47.601428048429,76.60211427645059,61.15870942423298,88.77116958203
2025-03-09 20:17:24.846000,1392.0,701.0,336.0,2559.0,1633.0,405.0,63.77312354982783,81.62757812001695,57.952027509392074,39.52338974117917,16.29442253903856,41.668464242713064,47.601428048429,76.60211427645059,61.15870942423298,88.77116958203
2025-03-09 20:17:24.846000,1359.0,706.0,351.0,2551.0,1643.0,401.0,63.77312354982783,81.62757812001695,57.952027509392074,39.52338974117917,16.29442253903856,41.668464242713064,47.601428048429,76.60211427645059,61.15870942423298,88.77116958203
2025-03-09 20:17:24.846000,1355.0,701.0,352.0,2559.0,1648.0,401.0,63.77312354982783,81.62757812001695,57.952027509392074,39.52338974117917,16.29442253903856,41.668464242713064,47.601428048429,76.60211427645059,61.15870942423298,88.77116958203
2025-03-09 20:17:24.854333,1354.0,701.0,342.0,2559.0,1648.0,400.0,64.04836049775012,81.64040137702327,57.480221497305955,39.48019963011536,16.260718739327423,41.60989716950298,48.11654830693939,76.7203135488961,60.95996749736169,88.70863614607649
2025-03-09 20:17:24.854333,1346.0,704.0,343.0,2558.0,1645.0,398.0,64.04836049775012,81.64040137702327,57.480221497305955,39.48019963011536,16.260718739327423,41.60989716950298,48.11654830693939,76.7203135488961,60.95996749736169,88.70863614607649
2025-03-09 20:17:24.854333,1350.0,702.0,350.0,2556.0,1648.0,399.0,64.04836049775012,81.64040137702327,57.480221497305955,39.48019963011536,16.260718739327423,41.60989716950298,48.11654830693939,76.7203135488961,60.95996749736169,88.70863614607649
2025-03-09 20:17:24.862667,1343.0,704.0,341.0,2559.0,1647.0,397.0,64.29395569570171,81.63716774742382,57.01429284616985,39.44001207672168,16.225981315837682,41.55260215711095,48.60754258312118,76.82028860936823,60.763921551329354,88.63178928064374
2025-03-09 20:17:24.862667,1346.0,704.0,340.0,2559.0,1648.0,395.0,64.29395569570171,81.63716774742382,57.01429284616985,39.44001207672168,16.225981315837682,41.55260215711095,48.60754258312118,76.82028860936823,60.763921551329354,88.63178928064374
2025-03-09 20:17:24.862667,1308.0,704.0,336.0,2557.0,1663.0,394.0,64.29395569570171,81.63716774742382,57.01429284616985,39.44001207672168,16.225981315837682,41.55260215711095,48.60754258312118,76.82028860936823,60.763921551329354,88.63178928064374
2025-03-09 20:17:24.871000,1303.0,705.0,346.0,2557.0,1661.0,391.0,64.5053154854148,81.6166560890703,56.55961554668777,39.39934905472275,16.191453452213366,41.493401176271625,49.07025143507616,76.90045794663769,60.57077421687562,88.54193990572521
2025-03-09 20:17:24.871000,1301.0,693.0,345.0,2559.0,1662.0,394.0,64.5053154854148,81.6166560890703,56.55961554668777,39.39934905472275,16.191453452213366,41.493401176271625,49.07025143507616,76.90045794663769,60.57077421687562,88.54193990572521
2025-03-09 20:17:24.871000,1299.0,704.0,349.0,2559.0,1665.0,391.0,64.5053154854148,81.6166560890703,56.55961554668777,39.39934905472275,16.191453452213366,41.493401176271625,49.07025143507616,76.90045794663769,60.57077421687562,88.54193990572521
2025-03-09 20:17:24.871000,1295.0,701.0,339.0,2555.0,1665.0,393.0,64.5053154854148,81.6166560890703,56.55961554668777,39.39934905472275,16.191453452213366,41.493401176271625,49.07025143507616,76.90045794663769,60.57077421687562,88.54193990572521
2025-03-09 20:17:24.879333,1291.0,702.0,349.0,2556.0,1664.0,391.0,64.67935981362616,81.57723063089848,56.119391062971715,39.35520690853164,16.1591478405838,41.43066502412237,49.50124569659152,76.95646413067311,60.37762280961195,88.44018970057647
2025-03-09 20:17:24.879333,1285.0,699.0,349.0,2557.0,1671.0,391.0,64.67935981362616,81.57723063089848,56.119391062971715,39.35520690853164,16.1591478405838,41.43066502412237,49.50124569659152,76.95646413067311,60.37762280961195,88.44018970057647
2025-03-09 20:17:24.879333,1254.0,698.0,341.0,2553.0,1681.0,387.0,64.67935981362616,81.57723063089848,56.119391062971715,39.35520690853164,16.1591478405838,41.43066502412237,49.50124569659152,76.95646413067311,60.37762280961195,88.44018970057647
2025-03-09 20:17:24.887667,1257.0,698.0,343.0,2550.0,1681.0,385.0,64.8138428809011,81.5173583975076,55.694511505384455,39.30614947620694,16.129684084957393,41.363910513205674,49.89793392755196,76.98434312075395,60.18261256221591,88.32944478330533
2025-03-09 20:17:24.887667,1250.0,688.0,342.0,2546.0,1681.0,386.0,64.8138428809011,81.5173583975076,55.694511505384455,39.30614947620694,16.129684084957393,41.363910513205674,49.89793392755196,76.98434312075395,60.18261256221591,88.32944478330533
2025-03-09 20:17:24.887667,1248.0,697.0,343.0,2554.0,1685.0,383.0,64.8138428809011,81.5173583975076,55.694511505384455,39.30614947620694,16.129684084957393,41.363910513205674,49.89793392755196,76.98434312075395,60.18261256221591,88.32944478330533
2025-03-09 20:17:24.887667,1245.0,689.0,346.0,2554.0,1687.0,384.0,64.8138428809011,81.5173583975076,55.694511505384455,39.30614947620694,16.129684084957393,41.363910513205674,49.89793392755196,76.98434312075395,60.18261256221591,88.32944478330533
2025-03-09 20:17:24.896000,1236.0,702.0,345.0,2551.0,1689.0,384.0,64.90761972276606,81.43597802585664,55.28614485285826,39.251903331721444,16.101104203602496,41.29247636259574,50.2571892145992,76.9832389668606,59.98676089930197,88.21446128443398
2025-03-09 20:17:24.896000,1238.0,695.0,344.0,2550.0,1693.0,384.0,64.90761972276606,81.43597802585664,55.28614485285826,39.251903331721444,16.101104203602496,41.29247636259574,50.2571892145992,76.9832389668606,59.98676089930197,88.21446128443398
2025-03-09 20:17:24.896000,1207.0,688.0,340.0,2549.0,1707.0,380.0,64.90761972276606,81.43597802585664,55.28614485285826,39.251903331721444,16.101104203602496,41.29247636259574,50.2571892145992,76.9832389668606,59.98676089930197,88.21446128443398
2025-03-09 20:17:24.904333,1207.0,693.0,347.0,2552.0,1711.0,383.0,64.95956936118968,81.33042928208695,54.89325743691536,39.19249436198649,16.070712713755636,41.21564401754668,50.576621224276984,76.95160525455061,59.789776284874485,88.09768184047059
2025-03-09 20:17:24.904333,1205.0,693.0,345.0,2544.0,1712.0,379.0,64.95956936118968,81.33042928208695,54.89325743691536,39.19249436198649,16.070712713755636,41.21564401754668,50.576621224276984,76.95160525455061,59.789776284874485,88.09768184047059
2025-03-09 20:17:24.904333,1202.0,695.0,337.0,2546.0,1713.0,377.0,64.95956936118968,81.33042928208695,54.89325743691536,39.19249436198649,16.070712713755636,41.21564401754668,50.576621224276984,76.95160525455061,59.789776284874485,88.09768184047059
2025-03-09 20:17:24.904333,1202.0,689.0,340.0,2544.0,1712.0,379.0,64.95956936118968,81.33042928208695,54.89325743691536,39.19249436198649,16.070712713755636,41.21564401754668,50.576621224276984,76.95160525455061,59.789776284874485,88.09768184047059
2025-03-09 20:17:24.912667,1200.0,695.0,340.0,2555.0,1713.0,379.0,64.9680885906854,81.19751011138848,54.51342425133338,39.128080918870126,16.03808037090487,41.13288594820904,50.857148837826124,76.88810260158611,59.590483469527534,87.97944296430984
2025-03-09 20:17:24.912667,1199.0,691.0,339.0,2546.0,1714.0,375.0,64.9680885906854,81.19751011138848,54.51342425133338,39.128080918870126,16.03808037090487,41.13288594820904,50.857148837826124,76.88810260158611,59.590483469527534,87.97944296430984
2025-03-09 20:17:24.912667,1175.0,694.0,340.0,2545.0,1722.0,374.0,64.9680885906854,81.19751011138848,54.51342425133338,39.128080918870126,16.03808037090487,41.13288594820904,50.857148837826124,76.88810260158611,59.590483469527534,87.97944296430984
2025-03-09 20:17:24.921000,1181.0,693.0,346.0,2549.0,1725.0,371.0,64.9316017144371,81.0353633670347,54.14643763333034,39.05886034861108,16.004977938559893,41.04359914468699,51.10132794644104,76.79384361298615,59.38918958074334,87.85973026516112
2025-03-09 20:17:24.921000,1178.0,694.0,342.0,2547.0,1723.0,371.0,64.9316017144371,81.0353633670347,54.14643763333034,39.05886034861108,16.004977938559893,41.04359914468699,51.10132794644104,76.79384361298615,59.38918958074334,87.85973026516112
2025-03-09 20:17:24.921000,1177.0,697.0,339.0,2549.0,1723.0,372.0,64.9316017144371,81.0353633670347,54.14643763333034,39.05886034861108,16.004977938559893,41.04359914468699,51.10132794644104,76.79384361298615,59.38918958074334,87.85973026516112
2025-03-09 20:17:24.921000,1181.0,698.0,343.0,2544.0,1722.0,368.0,64.9316017144371,81.0353633670347,54.14643763333034,39.05886034861108,16.004977938559893,41.04359914468699,51.10132794644104,76.79384361298615,59.38918958074334,87.85973026516112
2025-03-09 20:17:24.929333,1170.0,698.0,342.0,2553.0,1726.0,371.0,64.85005830325674,80.84352763178423,53.79248992539907,38.98441326630546,15.971979998030159,40.946871004439345,51.3106600138386,76.6702333225919,59.186113902839296,87.73941531912715
2025-03-09 20:17:24.929333,1170.0,699.0,339.0,2548.0,1722.0,368.0,64.85005830325674,80.84352763178423,53.79248992539907,38.98441326630546,15.971979998030159,40.946871004439345,51.3106600138386,76.6702333225919,59.186113902839296,87.73941531912715
2025-03-09 20:17:24.929333,1173.0,719.0,342.0,2549.0,1728.0,368.0,64.85005830325674,80.84352763178423,53.79248992539907,38.98441326630546,15.971979998030159,40.946871004439345,51.3106600138386,76.6702333225919,59.186113902839296,87.73941531912715
2025-03-09 20:17:24.937667,1171.0,712.0,348.0,2547.0,1724.0,367.0,64.72590086766189,80.62409723333876,53.452208030330105,38.90401372601491,15.938030960277233,40.84169723444684,51.48603553398129,76.52015752853494,58.98244723150104,87.6209804273635
2025-03-09 20:17:24.937667,1173.0,713.0,341.0,2549.0,1728.0,365.0,64.72590086766189,80.62409723333876,53.452208030330105,38.90401372601491,15.938030960277233,40.84169723444684,51.48603553398129,76.52015752853494,58.98244723150104,87.6209804273635
2025-03-09 20:17:24.937667,1171.0,711.0,342.0,2547.0,1725.0,367.0,64.72590086766189,80.62409723333876,53.452208030330105,38.90401372601491,15.938030960277233,40.84169723444684,51.48603553398129,76.52015752853494,58.98244723150104,87.6209804273635
2025-03-09 20:17:24.946000,1171.0,720.0,349.0,2546.0,1721.0,365.0,64.56321321808338,80.38102230971938,53.126175223559315,38.816742754865174,15.90346686002274,40.7278695584925,51.62961609453022,76.34629588536146,58.77857873350259,87.50706544974044
2025-03-09 20:17:24.946000,1175.0,717.0,346.0,2545.0,1727.0,366.0,64.56321321808338,80.38102230971938,53.126175223559315,38.816742754865174,15.90346686002274,40.7278695584925,51.62961609453022,76.34629588536146,58.77857873350259,87.50706544974044
2025-03-09 20:17:24.946000,1177.0,720.0,343.0,2544.0,1725.0,365.0,64.56321321808338,80.38102230971938,53.126175223559315,38.816742754865174,15.90346686002274,40.7278695584925,51.62961609453022,76.34629588536146,58.77857873350259,87.50706544974044
2025-03-09 20:17:24.946000,1191.0,738.0,344.0,2543.0,1717.0,359.0,64.56321321808338,80.38102230971938,53.126175223559315,38.816742754865174,15.90346686002274,40.7278695584925,51.62961609453022,76.34629588536146,58.77857873350259,87.50706544974044
2025-03-09 20:17:24.954333,1197.0,737.0,348.0,2543.0,1718.0,355.0,64.36572395083023,80.11805133949781,52.81536557078052,38.72320709687516,15.868609168030003,40.60693395755315,51.741991542879106,76.15005109605612,58.575496221046826,87.40012531995504
2025-03-09 20:17:24.954333,1200.0,746.0,339.0,2544.0,1717.0,359.0,64.36572395083023,80.11805133949781,52.81536557078052,38.72320709687516,15.868609168030003,40.60693395755315,51.741991542879106,76.15005109605612,58.575496221046826,87.40012531995504
2025-03-09 20:17:24.954333,1200.0,745.0,346.0,2543.0,1719.0,355.0,64.36572395083023,80.11805133949781,52.81536557078052,38.72320709687516,15.868609168030003,40.60693395755315,51.741991542879106,76.15005109605612,58.575496221046826,87.40012531995504
2025-03-09 20:17:24.962667,1200.0,749.0,350.0,2544.0,1716.0,355.0,64.13689022733041,79.83804490717114,52.51894650873574,38.62582518341719,15.83298356051578,40.48165659147153,51.82438504382878,75.93286931714785,58.37525655150443,87.30231733565172
2025-03-09 20:17:24.962667,1201.0,747.0,344.0,2544.0,1717.0,356.0,64.13689022733041,79.83804490717114,52.51894650873574,38.62582518341719,15.83298356051578,40.48165659147153,51.82438504382878,75.93286931714785,58.37525655150443,87.30231733565172
2025-03-09 20:17:24.962667,1203.0,747.0,347.0,2544.0,1716.0,355.0,64.13689022733041,79.83804490717114,52.51894650873574,38.62582518341719,15.83298356051578,40.48165659147153,51.82438504382878,75.93286931714785,58.37525655150443,87.30231733565172
2025-03-09 20:17:24.962667,1228.0,768.0,347.0,2542.0,1712.0,350.0,64.13689022733041,79.83804490717114,52.51894650873574,38.62582518341719,15.83298356051578,40.48165659147153,51.82438504382878,75.93286931714785,58.37525655150443,87.30231733565172
2025-03-09 20:17:24.971000,1235.0,778.0,354.0,2543.0,1710.0,351.0,63.881431783893014,79.54391310821431,52.23575314616819,38.52720383228251,15.795588731235426,40.35445296065387,51.879101637387734,75.69794884704253,58.17997499886898,87.21458149148079
2025-03-09 20:17:24.971000,1238.0,772.0,346.0,2546.0,1709.0,351.0,63.881431783893014,79.54391310821431,52.23575314616819,38.52720383228251,15.795588731235426,40.35445296065387,51.879101637387734,75.69794884704253,58.17997499886898,87.21458149148079
2025-03-09 20:17:24.971000,1237.0,781.0,349.0,2539.0,1707.0,347.0,63.881431783893014,79.54391310821431,52.23575314616819,38.52720383228251,15.795588731235426,40.35445296065387,51.879101637387734,75.69794884704253,58.17997499886898,87.21458149148079
2025-03-09 20:17:24.979333,1235.0,777.0,352.0,2544.0,1706.0,346.0,63.60587445897779,79.23963714009274,51.96694903923825,38.42977371997469,15.75608100959551,40.22745474830815,51.908536949046145,75.45072267253602,57.99168235690006,87.13632059025504
2025-03-09 20:17:24.979333,1239.0,784.0,351.0,2542.0,1703.0,349.0,63.60587445897779,79.23963714009274,51.96694903923825,38.42977371997469,15.75608100959551,40.22745474830815,51.908536949046145,75.45072267253602,57.99168235690006,87.13632059025504
2025-03-09 20:17:24.979333,1243.0,779.0,350.0,2543.0,1706.0,346.0,63.60587445897779,79.23963714009274,51.96694903923825,38.42977371997469,15.75608100959551,40.22745474830815,51.908536949046145,75.45072267253602,57.99168235690006,87.13632059025504
2025-03-09 20:17:24.979333,1271.0,805.0,362.0,2539.0,1691.0,339.0,63.60587445897779,79.23963714009274,51.96694903923825,38.42977371997469,15.75608100959551,40.22745474830815,51.908536949046145,75.45072267253602,57.99168235690006,87.13632059025504
2025-03-09 20:17:24.987667,1278.0,809.0,360.0,2539.0,1692.0,339.0,63.31840926177635,78.93052850591016,51.71463934745697,38.3376407940283,15.714237599078135,40.10448691855465,51.91500528584224,75.19786934026541,57.813681996456225,87.06593727275887
2025-03-09 20:17:24.987667,1277.0,815.0,355.0,2534.0,1694.0,339.0,63.31840926177635,78.93052850591016,51.71463934745697,38.3376407940283,15.714237599078135,40.10448691855465,51.91500528584224,75.19786934026541,57.813681996456225,87.06593727275887
2025-03-09 20:17:24.987667,1279.0,817.0,358.0,2541.0,1693.0,338.0,63.31840926177635,78.93052850591016,51.71463934745697,38.3376407940283,15.714237599078135,40.10448691855465,51.91500528584224,75.19786934026541,57.813681996456225,87.06593727275887
2025-03-09 20:17:24.996000,1283.0,826.0,351.0,2534.0,1691.0,339.0,63.028368487521156,78.62351570525486,51.480495448607726,38.255174992037915,15.67011628245434,39.99001214614239,51.902039185134505,74.94666608997797,57.64989437268234,87.00281927341587
2025-03-09 20:17:24.996000,1287.0,823.0,358.0,2539.0,1690.0,337.0,63.028368487521156,78.62351570525486,51.480495448607726,38.255174992037915,15.67011628245434,39.99001214614239,51.902039185134505,74.94666608997797,57.64989437268234,87.00281927341587
2025-03-09 20:17:24.996000,1289.0,825.0,359.0,2539.0,1689.0,338.0,63.028368487521156,78.62351570525486,51.480495448607726,38.255174992037915,15.67011628245434,39.99001214614239,51.902039185134505,74.94666608997797,57.64989437268234,87.00281927341587
2025-03-09 20:17:25.004333,1332.0,865.0,357.0,2533.0,1679.0,333.0,62.744224289158566,78.32528049404377,51.265893713189925,38.18210868626983,15.625940077773544,39.88468007653934,51.875504854935045,74.70359160181027,57.500093128708905,86.94836477702182
2025-03-09 20:17:25.004333,1336.0,864.0,368.0,2531.0,1675.0,334.0,62.744224289158566,78.32528049404377,51.265893713189925,38.18210868626983,15.625940077773544,39.88468007653934,51.875504854935045,74.70359160181027,57.500093128708905,86.94836477702182
2025-03-09 20:17:25.004333,1343.0,867.0,366.0,2533.0,1675.0,332.0,62.744224289158566,78.32528049404377,51.265893713189925,38.18210868626983,15.625940077773544,39.88468007653934,51.875504854935045,74.70359160181027,57.500093128708905,86.94836477702182
2025-03-09 20:17:25.004333,1344.0,876.0,367.0,2533.0,1675.0,329.0,62.744224289158566,78.32528049404377,51.265893713189925,38.18210868626983,15.625940077773544,39.88468007653934,51.875504854935045,74.70359160181027,57.500093128708905,86.94836477702182
2025-03-09 20:17:25.012667,1350.0,875.0,362.0,2529.0,1667.0,330.0,62.47339447654039,78.04179993433743,51.07400998256112,38.11525223366118,15.586269628261057,39.7870686047966,51.8408531915713,74.4735722029845,57.36049205858258,86.9046505488182
2025-03-09 20:17:25.012667,1353.0,877.0,363.0,2534.0,1669.0,325.0,62.47339447654039,78.04179993433743,51.07400998256112,38.11525223366118,15.586269628261057,39.7870686047966,51.8408531915713,74.4735722029845,57.36049205858258,86.9046505488182
2025-03-09 20:17:25.012667,1358.0,882.0,365.0,2532.0,1669.0,331.0,62.47339447654039,78.04179993433743,51.07400998256112,38.11525223366118,15.586269628261057,39.7870686047966,51.8408531915713,74.4735722029845,57.36049205858258,86.9046505488182
2025-03-09 20:17:25.021000,1391.0,915.0,368.0,2531.0,1653.0,322.0,62.22233401328025,77.7778936572261,50.90688579951727,38.05423428121713,15.552389103376983,39.697552828428364,51.80079664698047,74.26107441013917,57.23029001539151,86.87286608664283
2025-03-09 20:17:25.021000,1394.0,919.0,373.0,2527.0,1659.0,322.0,62.22233401328025,77.7778936572261,50.90688579951727,38.05423428121713,15.552389103376983,39.697552828428364,51.80079664698047,74.26107441013917,57.23029001539151,86.87286608664283
2025-03-09 20:17:25.021000,1399.0,925.0,373.0,2531.0,1653.0,320.0,62.22233401328025,77.7778936572261,50.90688579951727,38.05423428121713,15.552389103376983,39.697552828428364,51.80079664698047,74.26107441013917,57.23029001539151,86.87286608664283
2025-03-09 20:17:25.021000,1392.0,929.0,371.0,2526.0,1650.0,320.0,62.22233401328025,77.7778936572261,50.90688579951727,38.05423428121713,15.552389103376983,39.697552828428364,51.80079664698047,74.26107441013917,57.23029001539151,86.87286608664283
2025-03-09 20:17:25.029333,1397.0,930.0,368.0,2531.0,1649.0,319.0,61.99538579871759,77.53637903408178,50.763990037285225,38.00208670004247,15.522586779227863,39.61886649615158,51.75620247089387,74.06911834505712,57.11197441480001,86.85414477592913
2025-03-09 20:17:25.029333,1396.0,931.0,374.0,2530.0,1648.0,318.0,61.99538579871759,77.53637903408178,50.763990037285225,38.00208670004247,15.522586779227863,39.61886649615158,51.75620247089387,74.06911834505712,57.11197441480001,86.85414477592913
2025-03-09 20:17:25.029333,1403.0,938.0,378.0,2530.0,1648.0,320.0,61.99538579871759,77.53637903408178,50.763990037285225,38.00208670004247,15.522586779227863,39.61886649615158,51.75620247089387,74.06911834505712,57.11197441480001,86.85414477592913
2025-03-09 20:17:25.037667,1424.0,960.0,382.0,2526.0,1628.0,310.0,61.79594015929559,77.3201602216608,50.64585814779765,37.961060382555935,15.497678731647119,39.5539990876021,51.708142028355894,73.89885358542745,57.00660067162673,86.85003057513426
2025-03-09 20:17:25.037667,1423.0,960.0,375.0,2524.0,1628.0,310.0,61.79594015929559,77.3201602216608,50.64585814779765,37.961060382555935,15.497678731647119,39.5539990876021,51.708142028355894,73.89885358542745,57.00660067162673,86.85003057513426
2025-03-09 20:17:25.037667,1424.0,967.0,380.0,2528.0,1627.0,311.0,61.79594015929559,77.3201602216608,50.64585814779765,37.961060382555935,15.497678731647119,39.5539990876021,51.708142028355894,73.89885358542745,57.00660067162673,86.85003057513426
2025-03-09 20:17:25.037667,1425.0,970.0,379.0,2526.0,1623.0,310.0,61.79594015929559,77.3201602216608,50.64585814779765,37.961060382555935,15.497678731647119,39.5539990876021,51.708142028355894,73.89885358542745,57.00660067162673,86.85003057513426
2025-03-09 20:17:25.046000,1424.0,967.0,378.0,2527.0,1622.0,309.0,61.62655558699517,77.13205079650207,50.55297744802945,37.93101361774574,15.479230305133001,39.503969391227486,51.65833735489001,73.75073800011106,56.913604521262805,86.86135013846447
2025-03-09 20:17:25.046000,1431.0,963.0,377.0,2525.0,1617.0,306.0,61.62655558699517,77.13205079650207,50.55297744802945,37.93101361774574,15.479230305133001,39.503969391227486,51.65833735489001,73.75073800011106,56.913604521262805,86.86135013846447
2025-03-09 20:17:25.046000,1425.0,972.0,378.0,2524.0,1616.0,306.0,61.62655558699517,77.13205079650207,50.55297744802945,37.93101361774574,15.479230305133001,39.503969391227486,51.65833735489001,73.75073800011106,56.913604521262805,86.86135013846447
2025-03-09 20:17:25.054333,1424.0,975.0,381.0,2528.0,1616.0,304.0,61.488133548525944,76.97285295186731,50.48393452763789,37.911462071453705,15.46746041845063,39.46878952398179,51.60841272714287,73.62444263938876,56.832186369257165,86.88825378140422
2025-03-09 20:17:25.054333,1425.0,982.0,385.0,2522.0,1600.0,303.0,61.488133548525944,76.97285295186731,50.48393452763789,37.911462071453705,15.46746041845063,39.46878952398179,51.60841272714287,73.62444263938876,56.832186369257165,86.88825378140422
2025-03-09 20:17:25.054333,1427.0,990.0,384.0,2522.0,1598.0,299.0,61.488133548525944,76.97285295186731,50.48393452763789,37.911462071453705,15.46746041845063,39.46878952398179,51.60841272714287,73.62444263938876,56.832186369257165,86.88825378140422
2025-03-09 20:17:25.062667,1426.0,997.0,379.0,2521.0,1594.0,302.0,61.381211346804506,76.84267184990608,50.43655233005486,37.90178988685339,15.461101706088582,39.447715044735816,51.55966655145664,73.52014308414304,56.76206957295199,86.9315373478578
2025-03-09 20:17:25.062667,1426.0,991.0,379.0,2517.0,1591.0,298.0,61.381211346804506,76.84267184990608,50.43655233005486,37.90178988685339,15.461101706088582,39.447715044735816,51.55966655145664,73.52014308414304,56.76206957295199,86.9315373478578
2025-03-09 20:17:25.062667,1425.0,997.0,384.0,2514.0,1590.0,299.0,61.381211346804506,76.84267184990608,50.43655233005486,37.90178988685339,15.461101706088582,39.447715044735816,51.55966655145664,73.52014308414304,56.76206957295199,86.9315373478578
2025-03-09 20:17:25.062667,1424.0,997.0,384.0,2513.0,1589.0,299.0,61.381211346804506,76.84267184990608,50.43655233005486,37.90178988685339,15.461101706088582,39.447715044735816,51.55966655145664,73.52014308414304,56.76206957295199,86.9315373478578
2025-03-09 20:17:25.071000,1424.0,995.0,380.0,2521.0,1585.0,301.0,61.30563350546112,76.74106234512251,50.40909577562813,37.90096055807609,15.458238850003916,39.43915508522473,51.51262814301552,73.43840425611695,56.70330818343209,86.99106622168588
2025-03-09 20:17:25.071000,1413.0,1000.0,384.0,2516.0,1579.0,294.0,61.30563350546112,76.74106234512251,50.40909577562813,37.90096055807609,15.458238850003916,39.43915508522473,51.51262814301552,73.43840425611695,56.70330818343209,86.99106622168588
2025-03-09 20:17:25.071000,1417.0,1005.0,385.0,2518.0,1580.0,292.0,61.30563350546112,76.74106234512251,50.40909577562813,37.90096055807609,15.458238850003916,39.43915508522473,51.51262814301552,73.43840425611695,56.70330818343209,86.99106622168588
2025-03-09 20:17:25.079333,1415.0,1002.0,386.0,2514.0,1578.0,298.0,61.25953390258992,76.66606882649536,50.39934225753735,37.908596160766315,15.45682339523239,39.441851249821745,51.46717466209141,73.37872739709854,56.656309999192864,87.06460247972947
2025-03-09 20:17:25.079333,1413.0,1006.0,386.0,2515.0,1575.0,292.0,61.25953390258992,76.66606882649536,50.39934225753735,37.908596160766315,15.45682339523239,39.441851249821745,51.46717466209141,73.37872739709854,56.656309999192864,87.06460247972947
2025-03-09 20:17:25.079333,1410.0,995.0,388.0,2517.0,1573.0,295.0,61.25953390258992,76.66606882649536,50.39934225753735,37.908596160766315,15.45682339523239,39.441851249821745,51.46717466209141,73.37872739709854,56.656309999192864,87.06460247972947
2025-03-09 20:17:25.079333,1408.0,994.0,388.0,2515.0,1569.0,291.0,61.25953390258992,76.66606882649536,50.39934225753735,37.908596160766315,15.45682339523239,39.441851249821745,51.46717466209141,73.37872739709854,56.656309999192864,87.06460247972947
2025-03-09 20:17:25.087667,1387.0,991.0,383.0,2515.0,1566.0,292.0,61.24086930268518,76.6159310912834,50.40454209836678,37.925160079925234,15.455190939244355,39.455440635242525,51.42386627625387,73.34044603112112,56.62227145653333,87.15080794289466
2025-03-09 20:17:25.087667,1383.0,989.0,389.0,2512.0,1563.0,292.0,61.24086930268518,76.6159310912834,50.40454209836678,37.925160079925234,15.455190939244355,39.455440635242525,51.42386627625387,73.34044603112112,56.62227145653333,87.15080794289466
2025-03-09 20:17:25.087667,1379.0,983.0,383.0,2513.0,1562.0,293.0,61.24086930268518,76.6159310912834,50.40454209836678,37.925160079925234,15.455190939244355,39.455440635242525,51.42386627625387,73.34044603112112,56.62227145653333,87.15080794289466
2025-03-09 20:17:25.096000,1377.0,981.0,384.0,2513.0,1563.0,295.0,61.247853526531095,76.58985770991316,50.423115760844446,37.94974675996302,15.453375775282352,39.47883980773446,51.38396806788642,73.32290926762457,56.601316820884854,87.24977059826774
2025-03-09 20:17:25.096000,1374.0,987.0,387.0,2512.0,1559.0,293.0,61.247853526531095,76.58985770991316,50.423115760844446,37.94974675996302,15.453375775282352,39.47883980773446,51.38396806788642,73.32290926762457,56.601316820884854,87.24977059826774
2025-03-09 20:17:25.096000,1375.0,985.0,383.0,2512.0,1564.0,290.0,61.247853526531095,76.58985770991316,50.423115760844446,37.94974675996302,15.453375775282352,39.47883980773446,51.38396806788642,73.32290926762457,56.601316820884854,87.24977059826774
2025-03-09 20:17:25.104333,1372.0,984.0,384.0,2514.0,1562.0,292.0,61.27837106057458,76.58772857008648,50.45587687400401,37.98048504816986,15.451570785500829,39.51020940270657,51.34694174979728,73.3256680989032,56.593763545030164,87.36215302193284
2025-03-09 20:17:25.104333,1366.0,980.0,387.0,2512.0,1565.0,290.0,61.27837106057458,76.58772857008648,50.45587687400401,37.98048504816986,15.451570785500829,39.51020940270657,51.34694174979728,73.3256680989032,56.593763545030164,87.36215302193284
2025-03-09 20:17:25.104333,1338.0,966.0,385.0,2512.0,1556.0,288.0,61.27837106057458,76.58772857008648,50.45587687400401,37.98048504816986,15.451570785500829,39.51020940270657,51.34694174979728,73.3256680989032,56.593763545030164,87.36215302193284
2025-03-09 20:17:25.104333,1337.0,960.0,384.0,2511.0,1561.0,289.0,61.27837106057458,76.58772857008648,50.45587687400401,37.98048504816986,15.451570785500829,39.51020940270657,51.34694174979728,73.3256680989032,56.593763545030164,87.36215302193284
2025-03-09 20:17:25.112667,1338.0,961.0,384.0,2511.0,1557.0,289.0,61.32992311755893,76.60951746008162,50.504312539547314,38.015072599113914,15.450148732321109,39.5477006977624,51.31115681648055,73.3472634198647,56.599497371532856,87.48837092444201
2025-03-09 20:17:25.112667,1332.0,960.0,382.0,2512.0,1557.0,292.0,61.32992311755893,76.60951746008162,50.504312539547314,38.015072599113914,15.450148732321109,39.5477006977624,51.31115681648055,73.3472634198647,56.599497371532856,87.48837092444201
2025-03-09 20:17:25.112667,1328.0,960.0,379.0,2510.0,1557.0,293.0,61.32992311755893,76.60951746008162,50.504312539547314,38.015072599113914,15.450148732321109,39.5477006977624,51.31115681648055,73.3472634198647,56.599497371532856,87.48837092444201
2025-03-09 20:17:25.121000,1327.0,962.0,386.0,2512.0,1535.0,292.0,61.39931478115005,76.65447038481575,50.56886537110788,38.051383900497356,15.449428118470223,39.58967109073452,51.27513005335987,73.38525659678064,56.61810347176952,87.62774808316465
2025-03-09 20:17:25.121000,1325.0,954.0,382.0,2513.0,1557.0,292.0,61.39931478115005,76.65447038481575,50.56886537110788,38.051383900497356,15.449428118470223,39.58967109073452,51.27513005335987,73.38525659678064,56.61810347176952,87.62774808316465
2025-03-09 20:17:25.121000,1285.0,943.0,385.0,2511.0,1557.0,291.0,61.39931478115005,76.65447038481575,50.56886537110788,38.051383900497356,15.449428118470223,39.58967109073452,51.27513005335987,73.38525659678064,56.61810347176952,87.62774808316465
2025-03-09 20:17:25.121000,1284.0,933.0,384.0,2512.0,1535.0,294.0,61.39931478115005,76.65447038481575,50.56886537110788,38.051383900497356,15.449428118470223,39.58967109073452,51.27513005335987,73.38525659678064,56.61810347176952,87.62774808316465
2025-03-09 20:17:25.129333,1279.0,933.0,385.0,2512.0,1558.0,294.0,61.482427761755666,76.72107014806899,50.64954901804504,38.087661440792935,15.449954015528453,39.634772813064004,51.23731733992966,73.4364919037953,56.64917628834117,87.77939634177875
2025-03-09 20:17:25.129333,1280.0,928.0,385.0,2512.0,1557.0,294.0,61.482427761755666,76.72107014806899,50.64954901804504,38.087661440792935,15.449954015528453,39.634772813064004,51.23731733992966,73.4364919037953,56.64917628834117,87.77939634177875
2025-03-09 20:17:25.129333,1277.0,927.0,390.0,2511.0,1535.0,291.0,61.482427761755666,76.72107014806899,50.64954901804504,38.087661440792935,15.449954015528453,39.634772813064004,51.23731733992966,73.4364919037953,56.64917628834117,87.77939634177875
2025-03-09 20:17:25.137667,1269.0,925.0,384.0,2510.0,1556.0,295.0,61.575220063215795,76.80760570620859,50.747409837460715,38.123026391933145,15.452511258572832,39.682408666215245,51.19532466665665,73.49800234561863,56.69265935817998,87.94250385329337
2025-03-09 20:17:25.137667,1264.0,923.0,384.0,2514.0,1555.0,295.0,61.575220063215795,76.80760570620859,50.747409837460715,38.123026391933145,15.452511258572832,39.682408666215245,51.19532466665665,73.49800234561863,56.69265935817998,87.94250385329337
2025-03-09 20:17:25.137667,1232.0,899.0,382.0,2512.0,1562.0,298.0,61.575220063215795,76.80760570620859,50.747409837460715,38.123026391933145,15.452511258572832,39.682408666215245,51.19532466665665,73.49800234561863,56.69265935817998,87.94250385329337
2025-03-09 20:17:25.137667,1232.0,883.0,384.0,2513.0,1556.0,297.0,61.575220063215795,76.80760570620859,50.747409837460715,38.123026391933145,15.452511258572832,39.682408666215245,51.19532466665665,73.49800234561863,56.69265935817998,87.94250385329337
2025-03-09 20:17:25.146000,1229.0,896.0,373.0,2515.0,1563.0,299.0,61.67402035248814,76.9127155407208,50.864901973765896,38.157577252172075,15.458335100454953,39.7331161095587,51.145696704650476,73.56681497628821,56.74896215595574,88.11641944256692
2025-03-09 20:17:25.146000,1223.0,896.0,384.0,2512.0,1561.0,299.0,61.67402035248814,76.9127155407208,50.864901973765896,38.157577252172075,15.458335100454953,39.7331161095587,51.145696704650476,73.56681497628821,56.74896215595574,88.11641944256692
2025-03-09 20:17:25.146000,1222.0,892.0,382.0,2512.0,1557.0,298.0,61.67402035248814,76.9127155407208,50.864901973765896,38.157577252172075,15.458335100454953,39.7331161095587,51.145696704650476,73.56681497628821,56.74896215595574,88.11641944256692
2025-03-09 20:17:25.154333,1218.0,884.0,382.0,2511.0,1559.0,301.0,61.77800130540941,77.0362539782012,51.00379906563781,38.19170931182337,15.469047856362003,39.787848841749316,51.08712074621822,73.64159597744857,56.81772734903581,88.30065654971355
2025-03-09 20:17:25.154333,1216.0,885.0,380.0,2511.0,1560.0,298.0,61.77800130540941,77.0362539782012,51.00379906563781,38.19170931182337,15.469047856362003,39.787848841749316,51.08712074621822,73.64159597744857,56.81772734903581,88.30065654971355
2025-03-09 20:17:25.154333,1189.0,867.0,381.0,2512.0,1567.0,304.0,61.77800130540941,77.0362539782012,51.00379906563781,38.19170931182337,15.469047856362003,39.787848841749316,51.08712074621822,73.64159597744857,56.81772734903581,88.30065654971355
2025-03-09 20:17:25.162667,1187.0,866.0,375.0,2512.0,1567.0,304.0,61.888491600447814,77.17865144802376,51.16516833978545,38.22604465940709,15.486608268472505,39.84770776799067,51.02023036313474,73.72248139992045,56.89781948045565,88.49495662915542
2025-03-09 20:17:25.162667,1182.0,864.0,374.0,2512.0,1568.0,304.0,61.888491600447814,77.17865144802376,51.16516833978545,38.22604465940709,15.486608268472505,39.84770776799067,51.02023036313474,73.72248139992045,56.89781948045565,88.49495662915542
2025-03-09 20:17:25.162667,1181.0,860.0,372.0,2515.0,1569.0,304.0,61.888491600447814,77.17865144802376,51.16516833978545,38.22604465940709,15.486608268472505,39.84770776799067,51.02023036313474,73.72248139992045,56.89781948045565,88.49495662915542
2025-03-09 20:17:25.162667,1177.0,858.0,375.0,2518.0,1568.0,304.0,61.888491600447814,77.17865144802376,51.16516833978545,38.22604465940709,15.486608268472505,39.84770776799067,51.02023036313474,73.72248139992045,56.89781948045565,88.49495662915542
2025-03-09 20:17:25.171000,1178.0,855.0,375.0,2513.0,1570.0,305.0,62.003706222790996,77.33808929657249,51.3503673562089,38.2614303373313,15.511163339816097,39.91313106220128,50.94275493635198,73.80857693299507,56.989452971630556,88.70011390530728
2025-03-09 20:17:25.171000,1173.0,860.0,378.0,2512.0,1569.0,304.0,62.003706222790996,77.33808929657249,51.3503673562089,38.2614303373313,15.511163339816097,39.91313106220128,50.94275493635198,73.80857693299507,56.989452971630556,88.70011390530728
2025-03-09 20:17:25.171000,1162.0,842.0,374.0,2514.0,1582.0,310.0,62.003706222790996,77.33808929657249,51.3503673562089,38.2614303373313,15.511163339816097,39.91313106220128,50.94275493635198,73.80857693299507,56.989452971630556,88.70011390530728
2025-03-09 20:17:25.171000,1158.0,843.0,379.0,2519.0,1581.0,311.0,62.003706222790996,77.33808929657249,51.3503673562089,38.2614303373313,15.511163339816097,39.91313106220128,50.94275493635198,73.80857693299507,56.989452971630556,88.70011390530728
2025-03-09 20:17:25.179333,1153.0,837.0,374.0,2514.0,1577.0,313.0,62.12095449736151,77.51161769361971,51.55944524461149,38.29752609812145,15.540402624918697,39.982619310219356,50.85161857405845,73.8991661264472,57.092900543343625,88.91771883053559
2025-03-09 20:17:25.179333,1152.0,833.0,368.0,2512.0,1581.0,314.0,62.12095449736151,77.51161769361971,51.55944524461149,38.29752609812145,15.540402624918697,39.982619310219356,50.85161857405845,73.8991661264472,57.092900543343625,88.91771883053559
2025-03-09 20:17:25.179333,1152.0,835.0,368.0,2517.0,1584.0,313.0,62.12095449736151,77.51161769361971,51.55944524461149,38.29752609812145,15.540402624918697,39.982619310219356,50.85161857405845,73.8991661264472,57.092900543343625,88.91771883053559
2025-03-09 20:17:25.187667,1151.0,830.0,373.0,2517.0,1581.0,311.0,62.24006988586464,77.69769456710016,51.79020253618296,38.33213853122162,15.572646352549363,40.05316224206376,50.74793705922055,73.99507183685365,57.20645172353849,89.14912168556546
2025-03-09 20:17:25.187667,1153.0,830.0,368.0,2513.0,1583.0,314.0,62.24006988586464,77.69769456710016,51.79020253618296,38.33213853122162,15.572646352549363,40.05316224206376,50.74793705922055,73.99507183685365,57.20645172353849,89.14912168556546
2025-03-09 20:17:25.187667,1136.0,816.0,368.0,2514.0,1584.0,321.0,62.24006988586464,77.69769456710016,51.79020253618296,38.33213853122162,15.572646352549363,40.05316224206376,50.74793705922055,73.99507183685365,57.20645172353849,89.14912168556546
2025-03-09 20:17:25.196000,1139.0,816.0,370.0,2517.0,1584.0,321.0,62.36159966276297,77.89547803200449,52.03965506717886,38.36332929048711,15.607271614827019,40.12230745141607,50.63478582428156,74.09737362120113,57.328240947539044,89.39556636004347
2025-03-09 20:17:25.196000,1136.0,822.0,375.0,2522.0,1584.0,320.0,62.36159966276297,77.89547803200449,52.03965506717886,38.36332929048711,15.607271614827019,40.12230745141607,50.63478582428156,74.09737362120113,57.328240947539044,89.39556636004347
2025-03-09 20:17:25.196000,1136.0,809.0,371.0,2522.0,1584.0,319.0,62.36159966276297,77.89547803200449,52.03965506717886,38.36332929048711,15.607271614827019,40.12230745141607,50.63478582428156,74.09737362120113,57.328240947539044,89.39556636004347
2025-03-09 20:17:25.196000,1136.0,806.0,368.0,2519.0,1584.0,323.0,62.36159966276297,77.89547803200449,52.03965506717886,38.36332929048711,15.607271614827019,40.12230745141607,50.63478582428156,74.09737362120113,57.328240947539044,89.39556636004347
2025-03-09 20:17:25.204333,1136.0,807.0,368.0,2516.0,1584.0,324.0,62.486209082688724,78.10358212619637,52.30569884537746,38.39265671313257,15.644220715911022,40.191369348638325,50.5132689596367,74.20551436830277,57.4573637531643,89.65753493251488
2025-03-09 20:17:25.204333,1136.0,815.0,368.0,2523.0,1586.0,322.0,62.486209082688724,78.10358212619637,52.30569884537746,38.39265671313257,15.644220715911022,40.191369348638325,50.5132689596367,74.20551436830277,57.4573637531643,89.65753493251488
2025-03-09 20:17:25.204333,1123.0,790.0,371.0,2521.0,1590.0,330.0,62.486209082688724,78.10358212619637,52.30569884537746,38.39265671313257,15.644220715911022,40.191369348638325,50.5132689596367,74.20551436830277,57.4573637531643,89.65753493251488
2025-03-09 20:17:25.204333,1123.0,798.0,368.0,2525.0,1590.0,330.0,62.486209082688724,78.10358212619637,52.30569884537746,38.39265671313257,15.644220715911022,40.191369348638325,50.5132689596367,74.20551436830277,57.4573637531643,89.65753493251488
2025-03-09 20:17:25.212667,1119.0,790.0,365.0,2525.0,1591.0,334.0,62.61421764757692,78.31921572665148,52.586856979213245,38.423189733300624,15.684037311989448,40.263663756637335,50.3822771858942,74.31632530887568,57.591636083440235,89.9333103902594
2025-03-09 20:17:25.212667,1119.0,789.0,369.0,2523.0,1585.0,336.0,62.61421764757692,78.31921572665148,52.586856979213245,38.423189733300624,15.684037311989448,40.263663756637335,50.3822771858942,74.31632530887568,57.591636083440235,89.9333103902594
2025-03-09 20:17:25.212667,1120.0,797.0,367.0,2523.0,1594.0,335.0,62.61421764757692,78.31921572665148,52.586856979213245,38.423189733300624,15.684037311989448,40.263663756637335,50.3822771858942,74.31632530887568,57.591636083440235,89.9333103902594
2025-03-09 20:17:25.221000,1120.0,789.0,368.0,2525.0,1591.0,334.0,62.74555717241211,78.53982279647187,52.882065141561355,38.45703009265726,15.726747579936836,40.34159112480179,50.239942087951235,74.42650507039028,57.728912931432774,90.2208888906342
2025-03-09 20:17:25.221000,1118.0,789.0,363.0,2523.0,1590.0,335.0,62.74555717241211,78.53982279647187,52.882065141561355,38.45703009265726,15.726747579936836,40.34159112480179,50.239942087951235,74.42650507039028,57.728912931432774,90.2208888906342
2025-03-09 20:17:25.221000,1107.0,778.0,364.0,2526.0,1595.0,341.0,62.74555717241211,78.53982279647187,52.882065141561355,38.45703009265726,15.726747579936836,40.34159112480179,50.239942087951235,74.42650507039028,57.728912931432774,90.2208888906342
2025-03-09 20:17:25.221000,1109.0,774.0,367.0,2528.0,1595.0,340.0,62.74555717241211,78.53982279647187,52.882065141561355,38.45703009265726,15.726747579936836,40.34159112480179,50.239942087951235,74.42650507039028,57.728912931432774,90.2208888906342
2025-03-09 20:17:25.229333,1107.0,773.0,367.0,2524.0,1598.0,345.0,62.87970994118028,78.76388063660485,53.18975662629476,38.49666410428785,15.771499848643693,40.42761538894588,50.08472969277331,74.53366942146583,57.869383928761856,90.5193825805489
2025-03-09 20:17:25.229333,1105.0,773.0,357.0,2522.0,1595.0,347.0,62.87970994118028,78.76388063660485,53.18975662629476,38.49666410428785,15.771499848643693,40.42761538894588,50.08472969277331,74.53366942146583,57.869383928761856,90.5193825805489
2025-03-09 20:17:25.229333,1106.0,766.0,366.0,2529.0,1594.0,348.0,62.87970994118028,78.76388063660485,53.18975662629476,38.49666410428785,15.771499848643693,40.42761538894588,50.08472969277331,74.53366942146583,57.869383928761856,90.5193825805489
2025-03-09 20:17:25.237667,1104.0,771.0,365.0,2525.0,1597.0,347.0,63.01582844056325,78.98989780524384,53.509215551580695,38.543555577943195,15.816839636435216,40.522859614577136,49.91442527224142,74.63618637536466,58.013440055755396,90.82761826042086
2025-03-09 20:17:25.237667,1104.0,767.0,359.0,2526.0,1597.0,343.0,63.01582844056325,78.98989780524384,53.509215551580695,38.543555577943195,15.816839636435216,40.522859614577136,49.91442527224142,74.63618637536466,58.013440055755396,90.82761826042086
2025-03-09 20:17:25.237667,1104.0,753.0,357.0,2526.0,1595.0,352.0,63.01582844056325,78.98989780524384,53.509215551580695,38.543555577943195,15.816839636435216,40.522859614577136,49.91442527224142,74.63618637536466,58.013440055755396,90.82761826042086
2025-03-09 20:17:25.246000,1103.0,753.0,359.0,2528.0,1600.0,355.0,63.15266570429229,79.21511784974919,53.84115834219084,38.595703317840844,15.86179871725775,40.6252878720811,49.72582578450418,74.73157485048034,58.15779742878986,91.14175425994304
2025-03-09 20:17:25.246000,1101.0,758.0,359.0,2527.0,1600.0,355.0,63.15266570429229,79.21511784974919,53.84115834219084,38.595703317840844,15.86179871725775,40.6252878720811,49.72582578450418,74.73157485048034,58.15779742878986,91.14175425994304
2025-03-09 20:17:25.246000,1101.0,758.0,357.0,2534.0,1599.0,357.0,63.15266570429229,79.21511784974919,53.84115834219084,38.595703317840844,15.86179871725775,40.6252878720811,49.72582578450418,74.73157485048034,58.15779742878986,91.14175425994304
2025-03-09 20:17:25.246000,1103.0,754.0,355.0,2534.0,1599.0,355.0,63.15266570429229,79.21511784974919,53.84115834219084,38.595703317840844,15.86179871725775,40.6252878720811,49.72582578450418,74.73157485048034,58.15779742878986,91.14175425994304
2025-03-09 20:17:25.254333,1104.0,752.0,357.0,2533.0,1600.0,354.0,63.289231527915966,79.43765274826151,54.18537926823077,38.65052659993763,15.905215712101347,40.73208587270034,49.517536921681526,74.81859917153086,58.29997972045865,91.45809443723128
2025-03-09 20:17:25.254333,1103.0,754.0,357.0,2534.0,1600.0,357.0,63.289231527915966,79.43765274826151,54.18537926823077,38.65052659993763,15.905215712101347,40.73208587270034,49.517536921681526,74.81859917153086,58.29997972045865,91.45809443723128
2025-03-09 20:17:25.254333,1100.0,741.0,352.0,2532.0,1599.0,367.0,63.289231527915966,79.43765274826151,54.18537926823077,38.65052659993763,15.905215712101347,40.73208587270034,49.517536921681526,74.81859917153086,58.29997972045865,91.45809443723128
2025-03-09 20:17:25.254333,1104.0,737.0,355.0,2537.0,1598.0,368.0,63.289231527915966,79.43765274826151,54.18537926823077,38.65052659993763,15.905215712101347,40.73208587270034,49.517536921681526,74.81859917153086,58.29997972045865,91.45809443723128
2025-03-09 20:17:25.262667,1103.0,746.0,353.0,2537.0,1598.0,366.0,63.42593834439769,79.65766103044241,54.54028323519369,38.70783568301859,15.945405489430494,40.842192266873596,49.290804805423136,74.89888271351921,58.4412209955852,91.7754584378078
2025-03-09 20:17:25.262667,1104.0,738.0,351.0,2534.0,1600.0,368.0,63.42593834439769,79.65766103044241,54.54028323519369,38.70783568301859,15.945405489430494,40.842192266873596,49.290804805423136,74.89888271351921,58.4412209955852,91.7754584378078
2025-03-09 20:17:25.271000,1104.0,748.0,359.0,2537.0,1599.0,368.0,63.56404045412091,79.87488484728841,54.901903295508646,38.76817704168798,15.980791599122059,40.955129892530415,49.04914617826749,74.97418300425936,58.5821044131705,92.09110438714525
2025-03-09 20:17:25.271000,1101.0,738.0,352.0,2531.0,1599.0,368.0,63.56404045412091,79.87488484728841,54.901903295508646,38.76817704168798,15.980791599122059,40.955129892530415,49.04914617826749,74.97418300425936,58.5821044131705,92.09110438714525
2025-03-09 20:17:25.271000,1105.0,735.0,358.0,2537.0,1599.0,369.0,63.56404045412091,79.87488484728841,54.901903295508646,38.76817704168798,15.980791599122059,40.955129892530415,49.04914617826749,74.97418300425936,58.5821044131705,92.09110438714525
2025-03-09 20:17:25.271000,1104.0,724.0,350.0,2535.0,1597.0,378.0,63.56404045412091,79.87488484728841,54.901903295508646,38.76817704168798,15.980791599122059,40.955129892530415,49.04914617826749,74.97418300425936,58.5821044131705,92.09110438714525
2025-03-09 20:17:25.279333,1100.0,726.0,357.0,2535.0,1595.0,383.0,63.70444216864208,80.08840681633322,55.26521460543571,38.83155603987663,16.014335795301676,41.07045377109096,48.80134169932533,75.04642517449024,58.72080330339246,92.40021057029155
2025-03-09 20:17:25.279333,1104.0,726.0,354.0,2539.0,1599.0,379.0,63.70444216864208,80.08840681633322,55.26521460543571,38.83155603987663,16.014335795301676,41.07045377109096,48.80134169932533,75.04642517449024,58.72080330339246,92.40021057029155
2025-03-09 20:17:25.279333,1100.0,720.0,351.0,2537.0,1594.0,381.0,63.70444216864208,80.08840681633322,55.26521460543571,38.83155603987663,16.014335795301676,41.07045377109096,48.80134169932533,75.04642517449024,58.72080330339246,92.40021057029155
2025-03-09 20:17:25.279333,1101.0,718.0,353.0,2538.0,1594.0,383.0,63.70444216864208,80.08840681633322,55.26521460543571,38.83155603987663,16.014335795301676,41.07045377109096,48.80134169932533,75.04642517449024,58.72080330339246,92.40021057029155
2025-03-09 20:17:25.287667,1102.0,717.0,359.0,2542.0,1595.0,384.0,63.847452266784494,80.29827660259578,55.62976443017202,38.89990250167104,16.052389160206076,41.18983379713752,48.55606803562392,75.11929616989813,58.85788269097311,92.70038585899667
2025-03-09 20:17:25.287667,1098.0,720.0,352.0,2537.0,1599.0,383.0,63.847452266784494,80.29827660259578,55.62976443017202,38.89990250167104,16.052389160206076,41.18983379713752,48.55606803562392,75.11929616989813,58.85788269097311,92.70038585899667
2025-03-09 20:17:25.287667,1098.0,704.0,359.0,2544.0,1589.0,396.0,63.847452266784494,80.29827660259578,55.62976443017202,38.89990250167104,16.052389160206076,41.18983379713752,48.55606803562392,75.11929616989813,58.85788269097311,92.70038585899667
2025-03-09 20:17:25.296000,1096.0,705.0,349.0,2544.0,1591.0,393.0,63.992224455356926,80.50430598198375,55.99734854640057,38.975947016171105,16.095433231683252,41.31526710189814,48.3129344545029,75.19436121018572,58.99663635441953,92.98997437846943
2025-03-09 20:17:25.296000,1095.0,703.0,349.0,2543.0,1594.0,398.0,63.992224455356926,80.50430598198375,55.99734854640057,38.975947016171105,16.095433231683252,41.31526710189814,48.3129344545029,75.19436121018572,58.99663635441953,92.98997437846943
2025-03-09 20:17:25.296000,1095.0,703.0,355.0,2544.0,1590.0,399.0,63.992224455356926,80.50430598198375,55.99734854640057,38.975947016171105,16.095433231683252,41.31526710189814,48.3129344545029,75.19436121018572,58.99663635441953,92.98997437846943
2025-03-09 20:17:25.296000,1092.0,699.0,349.0,2542.0,1591.0,400.0,63.992224455356926,80.50430598198375,55.99734854640057,38.975947016171105,16.095433231683252,41.31526710189814,48.3129344545029,75.19436121018572,58.99663635441953,92.98997437846943
2025-03-09 20:17:25.304333,1094.0,701.0,351.0,2544.0,1588.0,400.0,64.13772330534013,80.70598742804223,56.367624843200375,39.06139339004407,16.14054746981847,41.44733211551608,48.069957064646324,75.27238861858056,59.14031098995907,93.26631849345115
2025-03-09 20:17:25.304333,1095.0,689.0,346.0,2543.0,1591.0,400.0,64.13772330534013,80.70598742804223,56.367624843200375,39.06139339004407,16.14054746981847,41.44733211551608,48.069957064646324,75.27238861858056,59.14031098995907,93.26631849345115
2025-03-09 20:17:25.304333,1087.0,685.0,352.0,2547.0,1593.0,417.0,64.13772330534013,80.70598742804223,56.367624843200375,39.06139339004407,16.14054746981847,41.44733211551608,48.069957064646324,75.27238861858056,59.14031098995907,93.26631849345115
2025-03-09 20:17:25.312667,1085.0,685.0,345.0,2547.0,1591.0,411.0,64.28309998002285,80.903504288123,56.740967901410365,39.15873168440549,16.1877206877039,41.58780778238552,47.82749406532988,75.35493624371357,59.29228020982485,93.527560414588
2025-03-09 20:17:25.312667,1087.0,685.0,352.0,2549.0,1591.0,414.0,64.28309998002285,80.903504288123,56.740967901410365,39.15873168440549,16.1877206877039,41.58780778238552,47.82749406532988,75.35493624371357,59.29228020982485,93.527560414588
2025-03-09 20:17:25.312667,1088.0,682.0,347.0,2546.0,1591.0,414.0,64.28309998002285,80.903504288123,56.740967901410365,39.15873168440549,16.1877206877039,41.58780778238552,47.82749406532988,75.35493624371357,59.29228020982485,93.527560414588
2025-03-09 20:17:25.312667,1089.0,679.0,350.0,2549.0,1591.0,417.0,64.28309998002285,80.903504288123,56.740967901410365,39.15873168440549,16.1877206877039,41.58780778238552,47.82749406532988,75.35493624371357,59.29228020982485,93.527560414588
2025-03-09 20:17:25.321000,1085.0,683.0,349.0,2545.0,1594.0,417.0,64.4258966656914,81.09648916885652,57.11902463778319,39.269254752454216,16.23553332566751,41.73749309099302,47.581994325976176,75.44151683359627,59.4555423208948,93.77095944206627
2025-03-09 20:17:25.321000,1086.0,677.0,353.0,2547.0,1595.0,418.0,64.4258966656914,81.09648916885652,57.11902463778319,39.269254752454216,16.23553332566751,41.73749309099302,47.581994325976176,75.44151683359627,59.4555423208948,93.77095944206627
2025-03-09 20:17:25.321000,1088.0,661.0,336.0,2553.0,1595.0,432.0,64.4258966656914,81.09648916885652,57.11902463778319,39.269254752454216,16.23553332566751,41.73749309099302,47.581994325976176,75.44151683359627,59.4555423208948,93.77095944206627
2025-03-09 20:17:25.329333,1088.0,660.0,350.0,2557.0,1595.0,427.0,64.56237470912487,81.28467081093933,57.50403469951837,39.390041357810205,16.281345112982574,41.89352233494977,47.32769069216996,75.52999746534583,59.63098153234026,93.99283950623811
2025-03-09 20:17:25.329333,1082.0,662.0,355.0,2556.0,1596.0,430.0,64.56237470912487,81.28467081093933,57.50403469951837,39.390041357810205,16.281345112982574,41.89352233494977,47.32769069216996,75.52999746534583,59.63098153234026,93.99283950623811
2025-03-09 20:17:25.329333,1086.0,658.0,345.0,2555.0,1591.0,430.0,64.56237470912487,81.28467081093933,57.50403469951837,39.390041357810205,16.281345112982574,41.89352233494977,47.32769069216996,75.52999746534583,59.63098153234026,93.99283950623811
2025-03-09 20:17:25.329333,1081.0,658.0,347.0,2559.0,1592.0,432.0,64.56237470912487,81.28467081093933,57.50403469951837,39.390041357810205,16.281345112982574,41.89352233494977,47.32769069216996,75.52999746534583,59.63098153234026,93.99283950623811
2025-03-09 20:17:25.337667,1081.0,661.0,350.0,2554.0,1594.0,432.0,64.68902344728046,81.46851041843053,57.89843747237175,39.517429914873816,16.32513289623347,42.05255323557044,47.06230629175703,75.61985389464668,59.81908756259417,94.19061189486656
2025-03-09 20:17:25.337667,1083.0,675.0,350.0,2554.0,1591.0,432.0,64.68902344728046,81.46851041843053,57.89843747237175,39.517429914873816,16.32513289623347,42.05255323557044,47.06230629175703,75.61985389464668,59.81908756259417,94.19061189486656
2025-03-09 20:17:25.337667,1081.0,647.0,343.0,2559.0,1594.0,442.0,64.68902344728046,81.46851041843053,57.89843747237175,39.517429914873816,16.32513289623347,42.05255323557044,47.06230629175703,75.61985389464668,59.81908756259417,94.19061189486656
2025-03-09 20:17:25.346000,1076.0,645.0,350.0,2559.0,1593.0,439.0,64.80314748686467,81.64905644717955,58.303482616064336,39.64834152716464,16.368175398352623,42.21110727762174,46.78851180208542,75.71428189461744,60.021766107940714,94.36360133089114
2025-03-09 20:17:25.346000,1072.0,649.0,339.0,2559.0,1597.0,442.0,64.80314748686467,81.64905644717955,58.303482616064336,39.64834152716464,16.368175398352623,42.21110727762174,46.78851180208542,75.71428189461744,60.021766107940714,94.36360133089114
2025-03-09 20:17:25.346000,1073.0,647.0,347.0,2559.0,1594.0,445.0,64.80314748686467,81.64905644717955,58.303482616064336,39.64834152716464,16.368175398352623,42.21110727762174,46.78851180208542,75.71428189461744,60.021766107940714,94.36360133089114
2025-03-09 20:17:25.354333,1072.0,650.0,347.0,2559.0,1593.0,443.0,64.90407287717848,81.82854553237694,58.718421520642075,39.779203295523665,16.408984853452107,42.36531531662051,46.50809475255169,75.81608876121547,60.24050770990371,94.51302010787117
2025-03-09 20:17:25.354333,1072.0,640.0,349.0,2559.0,1595.0,443.0,64.90407287717848,81.82854553237694,58.718421520642075,39.779203295523665,16.408984853452107,42.36531531662051,46.50809475255169,75.81608876121547,60.24050770990371,94.51302010787117
2025-03-09 20:17:25.354333,1072.0,640.0,352.0,2559.0,1595.0,447.0,64.90407287717848,81.82854553237694,58.718421520642075,39.779203295523665,16.408984853452107,42.36531531662051,46.50809475255169,75.81608876121547,60.24050770990371,94.51302010787117
2025-03-09 20:17:25.354333,1070.0,636.0,341.0,2559.0,1595.0,445.0,64.90407287717848,81.82854553237694,58.718421520642075,39.779203295523665,16.408984853452107,42.36531531662051,46.50809475255169,75.81608876121547,60.24050770990371,94.51302010787117
2025-03-09 20:17:25.362667,1050.0,627.0,342.0,2559.0,1598.0,448.0,64.99305786187676,82.01041033163267,59.142645459277276,39.909586221615434,16.442457127952338,42.51452842667877,46.21715358761955,75.92603456912701,60.47850118151291,94.64100112578939
2025-03-09 20:17:25.362667,1044.0,625.0,345.0,2559.0,1599.0,448.0,64.99305786187676,82.01041033163267,59.142645459277276,39.909586221615434,16.442457127952338,42.51452842667877,46.21715358761955,75.92603456912701,60.47850118151291,94.64100112578939
2025-03-09 20:17:25.362667,1043.0,626.0,340.0,2559.0,1599.0,448.0,64.99305786187676,82.01041033163267,59.142645459277276,39.909586221615434,16.442457127952338,42.51452842667877,46.21715358761955,75.92603456912701,60.47850118151291,94.64100112578939
2025-03-09 20:17:25.371000,1046.0,623.0,342.0,2559.0,1598.0,450.0,65.0709871318801,82.19838493348512,59.57688398988945,40.041067901564524,16.46674192694986,42.65987766048124,45.91477671785494,76.04730274640394,60.74074336587523,94.74938804069194
2025-03-09 20:17:25.371000,1042.0,622.0,346.0,2559.0,1599.0,451.0,65.0709871318801,82.19838493348512,59.57688398988945,40.041067901564524,16.46674192694986,42.65987766048124,45.91477671785494,76.04730274640394,60.74074336587523,94.74938804069194
2025-03-09 20:17:25.371000,1040.0,623.0,341.0,2559.0,1600.0,451.0,65.0709871318801,82.19838493348512,59.57688398988945,40.041067901564524,16.46674192694986,42.65987766048124,45.91477671785494,76.04730274640394,60.74074336587523,94.74938804069194
2025-03-09 20:17:25.371000,1040.0,623.0,349.0,2559.0,1600.0,450.0,65.0709871318801,82.19838493348512,59.57688398988945,40.041067901564524,16.46674192694986,42.65987766048124,45.91477671785494,76.04730274640394,60.74074336587523,94.74938804069194
2025-03-09 20:17:25.379333,1011.0,608.0,340.0,2559.0,1602.0,458.0,65.1377030227002,82.39449950790126,60.0197381266912,40.17389551433531,16.483925168329094,42.801775151698834,45.60523977262733,76.18240356455597,61.028719574224944,94.83814977963316
2025-03-09 20:17:25.379333,1006.0,605.0,345.0,2559.0,1606.0,458.0,65.1377030227002,82.39449950790126,60.0197381266912,40.17389551433531,16.483925168329094,42.801775151698834,45.60523977262733,76.18240356455597,61.028719574224944,94.83814977963316
2025-03-09 20:17:25.379333,1003.0,602.0,340.0,2559.0,1606.0,459.0,65.1377030227002,82.39449950790126,60.0197381266912,40.17389551433531,16.483925168329094,42.801775151698834,45.60523977262733,76.18240356455597,61.028719574224944,94.83814977963316
2025-03-09 20:17:25.387667,1003.0,602.0,347.0,2559.0,1605.0,459.0,65.19287193352562,82.59851371514793,60.46869780462585,40.311122958807054,16.49481382256086,42.94323697316732,45.28992026614425,76.33097439514437,61.34310516344882,94.90495785208105
2025-03-09 20:17:25.387667,998.0,592.0,349.0,2559.0,1606.0,461.0,65.19287193352562,82.59851371514793,60.46869780462585,40.311122958807054,16.49481382256086,42.94323697316732,45.28992026614425,76.33097439514437,61.34310516344882,94.90495785208105
2025-03-09 20:17:25.387667,997.0,603.0,343.0,2559.0,1603.0,461.0,65.19287193352562,82.59851371514793,60.46869780462585,40.311122958807054,16.49481382256086,42.94323697316732,45.28992026614425,76.33097439514437,61.34310516344882,94.90495785208105
2025-03-09 20:17:25.387667,993.0,597.0,349.0,2559.0,1609.0,462.0,65.19287193352562,82.59851371514793,60.46869780462585,40.311122958807054,16.49481382256086,42.94323697316732,45.28992026614425,76.33097439514437,61.34310516344882,94.90495785208105
2025-03-09 20:17:25.396000,971.0,589.0,349.0,2559.0,1610.0,464.0,65.23543358088578,82.80791410412981,60.92241490320305,40.46055574137844,16.49840088498175,43.09149097410019,44.96429396914582,76.48981929318579,61.685905428355255,94.94589817252482
2025-03-09 20:17:25.396000,965.0,587.0,342.0,2559.0,1614.0,464.0,65.23543358088578,82.80791410412981,60.92241490320305,40.46055574137844,16.49840088498175,43.09149097410019,44.96429396914582,76.48981929318579,61.685905428355255,94.94589817252482
2025-03-09 20:17:25.396000,967.0,589.0,340.0,2559.0,1613.0,464.0,65.23543358088578,82.80791410412981,60.92241490320305,40.46055574137844,16.49840088498175,43.09149097410019,44.96429396914582,76.48981929318579,61.685905428355255,94.94589817252482
2025-03-09 20:17:25.404333,963.0,583.0,345.0,2559.0,1616.0,464.0,65.26392189700671,83.01810954287757,61.37967674470215,40.591148563927135,16.513185022298497,43.226894220951074,44.639062755641824,76.63867315183698,62.01712729006993,94.95695625962847
2025-03-09 20:17:25.404333,960.0,575.0,339.0,2559.0,1615.0,464.0,65.26392189700671,83.01810954287757,61.37967674470215,40.591148563927135,16.513185022298497,43.226894220951074,44.639062755641824,76.63867315183698,62.01712729006993,94.95695625962847
2025-03-09 20:17:25.404333,955.0,576.0,341.0,2559.0,1614.0,464.0,65.26392189700671,83.01810954287757,61.37967674470215,40.591148563927135,16.513185022298497,43.226894220951074,44.639062755641824,76.63867315183698,62.01712729006993,94.95695625962847
2025-03-09 20:17:25.404333,957.0,585.0,343.0,2559.0,1616.0,464.0,65.26392189700671,83.01810954287757,61.37967674470215,40.591148563927135,16.513185022298497,43.226894220951074,44.639062755641824,76.63867315183698,62.01712729006993,94.95695625962847
2025-03-09 20:17:25.412667,943.0,574.0,346.0,2559.0,1616.0,462.0,65.2800890363855,83.22623730254158,61.8428061373367,40.664794717456125,16.560301380729737,43.32418906501993,44.328333732299356,76.75842665460699,62.29206300848676,94.93949860157664
2025-03-09 20:17:25.412667,942.0,567.0,345.0,2559.0,1617.0,463.0,65.2800890363855,83.22623730254158,61.8428061373367,40.664794717456125,16.560301380729737,43.32418906501993,44.328333732299356,76.75842665460699,62.29206300848676,94.93949860157664
2025-03-09 20:17:25.412667,941.0,571.0,343.0,2559.0,1616.0,462.0,65.2800890363855,83.22623730254158,61.8428061373367,40.664794717456125,16.560301380729737,43.32418906501993,44.328333732299356,76.75842665460699,62.29206300848676,94.93949860157664
2025-03-09 20:17:25.421000,943.0,571.0,345.0,2559.0,1616.0,464.0,65.28931759540025,83.43011679129262,62.31555166418379,40.71481833873602,16.62177415512178,43.40561679759577,44.017148699862446,76.86417966171342,62.54270643637358,94.89894934818538
2025-03-09 20:17:25.421000,937.0,570.0,342.0,2559.0,1617.0,464.0,65.28931759540025,83.43011679129262,62.31555166418379,40.71481833873602,16.62177415512178,43.40561679759577,44.017148699862446,76.86417966171342,62.54270643637358,94.89894934818538
2025-03-09 20:17:25.421000,941.0,564.0,342.0,2559.0,1616.0,460.0,65.28931759540025,83.43011679129262,62.31555166418379,40.71481833873602,16.62177415512178,43.40561679759577,44.017148699862446,76.86417966171342,62.54270643637358,94.89894934818538
2025-03-09 20:17:25.421000,934.0,563.0,346.0,2559.0,1618.0,463.0,65.28931759540025,83.43011679129262,62.31555166418379,40.71481833873602,16.62177415512178,43.40561679759577,44.017148699862446,76.86417966171342,62.54270643637358,94.89894934818538
2025-03-09 20:17:25.429333,935.0,572.0,346.0,2559.0,1617.0,461.0,65.29631924493223,83.62623525568533,62.79917142599487,40.77144047865939,16.678708513387036,43.48938319984824,43.69392494718395,76.97308950461259,62.79986802836823,94.84067403098325
2025-03-09 20:17:25.429333,926.0,563.0,345.0,2559.0,1626.0,462.0,65.29631924493223,83.62623525568533,62.79917142599487,40.77144047865939,16.678708513387036,43.48938319984824,43.69392494718395,76.97308950461259,62.79986802836823,94.84067403098325
2025-03-09 20:17:25.429333,929.0,564.0,343.0,2559.0,1626.0,463.0,65.29631924493223,83.62623525568533,62.79917142599487,40.77144047865939,16.678708513387036,43.48938319984824,43.69392494718395,76.97308950461259,62.79986802836823,94.84067403098325
2025-03-09 20:17:25.437667,926.0,560.0,336.0,2559.0,1625.0,463.0,65.3036167342514,83.81180485874881,63.294085061579636,40.82479542599842,16.73197993685417,43.566168532311934,43.36349367029131,77.0854601014188,63.05484738336479,94.77021852252982
2025-03-09 20:17:25.437667,929.0,561.0,342.0,2559.0,1627.0,462.0,65.3036167342514,83.81180485874881,63.294085061579636,40.82479542599842,16.73197993685417,43.566168532311934,43.36349367029131,77.0854601014188,63.05484738336479,94.77021852252982
2025-03-09 20:17:25.437667,926.0,562.0,342.0,2559.0,1629.0,464.0,65.3036167342514,83.81180485874881,63.294085061579636,40.82479542599842,16.73197993685417,43.566168532311934,43.36349367029131,77.0854601014188,63.05484738336479,94.77021852252982
2025-03-09 20:17:25.437667,929.0,560.0,344.0,2559.0,1631.0,464.0,65.3036167342514,83.81180485874881,63.294085061579636,40.82479542599842,16.73197993685417,43.566168532311934,43.36349367029131,77.0854601014188,63.05484738336479,94.77021852252982
2025-03-09 20:17:25.446000,926.0,563.0,337.0,2559.0,1629.0,464.0,65.31296707449617,83.98564241631667,63.79947237703551,40.875554993633116,16.779405461157026,43.63596766580017,43.02542066790631,77.20132984054149,63.30771854721356,94.69212926858974
2025-03-09 20:17:25.446000,928.0,558.0,342.0,2559.0,1643.0,467.0,65.31296707449617,83.98564241631667,63.79947237703551,40.875554993633116,16.779405461157026,43.63596766580017,43.02542066790631,77.20132984054149,63.30771854721356,94.69212926858974
2025-03-09 20:17:25.446000,923.0,553.0,346.0,2582.0,1645.0,469.0,65.31296707449617,83.98564241631667,63.79947237703551,40.875554993633116,16.779405461157026,43.63596766580017,43.02542066790631,77.20132984054149,63.30771854721356,94.69212926858974
2025-03-09 20:17:25.446000,925.0,554.0,347.0,2588.0,1647.0,470.0,65.31296707449617,83.98564241631667,63.79947237703551,40.875554993633116,16.779405461157026,43.63596766580017,43.02542066790631,77.20132984054149,63.30771854721356,94.69212926858974
2025-03-09 20:17:25.454333,925.0,560.0,338.0,2559.0,1648.0,470.0,65.32624168900321,84.14661697526722,64.31374764382987,40.93233425963868,16.81836039941177,43.706186133590265,42.67637175884608,77.31973819443935,63.562686170781944,94.60474465725255
2025-03-09 20:17:25.454333,925.0,554.0,339.0,2585.0,1648.0,468.0,65.32624168900321,84.14661697526722,64.31374764382987,40.93233425963868,16.81836039941177,43.706186133590265,42.67637175884608,77.31973819443935,63.562686170781944,94.60474465725255
2025-03-09 20:17:25.454333,923.0,558.0,345.0,2582.0,1649.0,473.0,65.32624168900321,84.14661697526722,64.31374764382987,40.93233425963868,16.81836039941177,43.706186133590265,42.67637175884608,77.31973819443935,63.562686170781944,94.60474465725255
2025-03-09 20:17:25.462667,924.0,557.0,344.0,2587.0,1648.0,475.0,65.34605017652262,84.29288681200846,64.8363406532861,40.99704585755797,16.850578104503644,43.77967136362694,42.3165255653942,77.43721316412547,63.81625462820911,94.50524895942624
2025-03-09 20:17:25.462667,925.0,558.0,348.0,2559.0,1651.0,474.0,65.34605017652262,84.29288681200846,64.8363406532861,40.99704585755797,16.850578104503644,43.77967136362694,42.3165255653942,77.43721316412547,63.81625462820911,94.50524895942624
2025-03-09 20:17:25.462667,922.0,557.0,343.0,2591.0,1664.0,482.0,65.34605017652262,84.29288681200846,64.8363406532861,40.99704585755797,16.850578104503644,43.77967136362694,42.3165255653942,77.43721316412547,63.81625462820911,94.50524895942624
2025-03-09 20:17:25.462667,925.0,555.0,345.0,2595.0,1665.0,484.0,65.34605017652262,84.29288681200846,64.8363406532861,40.99704585755797,16.850578104503644,43.77967136362694,42.3165255653942,77.43721316412547,63.81625462820911,94.50524895942624
2025-03-09 20:17:25.471000,922.0,551.0,342.0,2588.0,1666.0,487.0,65.37518023802762,84.42196067720724,65.36720419763311,41.068588873178115,16.88006590036041,43.8574199653761,41.947523853451735,77.5483708551358,64.06099999069649,94.39937378863411
2025-03-09 20:17:25.471000,922.0,551.0,345.0,2591.0,1665.0,487.0,65.37518023802762,84.42196067720724,65.36720419763311,41.068588873178115,16.88006590036041,43.8574199653761,41.947523853451735,77.5483708551358,64.06099999069649,94.39937378863411
2025-03-09 20:17:25.471000,917.0,543.0,342.0,2591.0,1664.0,485.0,65.37518023802762,84.42196067720724,65.36720419763311,41.068588873178115,16.88006590036041,43.8574199653761,41.947523853451735,77.5483708551358,64.06099999069649,94.39937378863411
2025-03-09 20:17:25.479333,921.0,542.0,345.0,2589.0,1664.0,489.0,65.41579138215555,84.53110434997501,65.90129242593935,41.14621064047565,16.909586154251897,43.94049709718747,41.573495312517935,77.64717868161289,64.28918946948649,94.29717791668673
2025-03-09 20:17:25.479333,920.0,547.0,341.0,2594.0,1667.0,490.0,65.41579138215555,84.53110434997501,65.90129242593935,41.14621064047565,16.909586154251897,43.94049709718747,41.573495312517935,77.64717868161289,64.28918946948649,94.29717791668673
2025-03-09 20:17:25.479333,917.0,545.0,339.0,2599.0,1680.0,501.0,65.41579138215555,84.53110434997501,65.90129242593935,41.14621064047565,16.909586154251897,43.94049709718747,41.573495312517935,77.64717868161289,64.28918946948649,94.29717791668673
2025-03-09 20:17:25.479333,919.0,543.0,342.0,2601.0,1680.0,497.0,65.41579138215555,84.53110434997501,65.90129242593935,41.14621064047565,16.909586154251897,43.94049709718747,41.573495312517935,77.64717868161289,64.28918946948649,94.29717791668673
2025-03-09 20:17:25.487667,919.0,543.0,343.0,2602.0,1681.0,499.0,65.46724532981885,84.61388537372596,66.42407298701859,41.22723310502733,16.940831262702154,44.02773740631345,41.20365142583519,77.72424570941132,64.48828376780347,94.20280840124181
2025-03-09 20:17:25.487667,916.0,537.0,339.0,2597.0,1680.0,499.0,65.46724532981885,84.61388537372596,66.42407298701859,41.22723310502733,16.940831262702154,44.02773740631345,41.20365142583519,77.72424570941132,64.48828376780347,94.20280840124181
2025-03-09 20:17:25.487667,915.0,546.0,342.0,2599.0,1680.0,499.0,65.46724532981885,84.61388537372596,66.42407298701859,41.22723310502733,16.940831262702154,44.02773740631345,41.20365142583519,77.72424570941132,64.48828376780347,94.20280840124181
2025-03-09 20:17:25.496000,915.0,546.0,343.0,2597.0,1681.0,503.0,65.53636817262006,84.67174028593344,66.92616073378856,41.31377086263706,16.976848434144596,44.12299034859714,40.84862535145711,77.77784571441488,64.65257589695078,94.12010473378595
2025-03-09 20:17:25.496000,915.0,545.0,341.0,2602.0,1680.0,501.0,65.53636817262006,84.67174028593344,66.92616073378856,41.31377086263706,16.976848434144596,44.12299034859714,40.84862535145711,77.77784571441488,64.65257589695078,94.12010473378595
2025-03-09 20:17:25.496000,914.0,544.0,338.0,2601.0,1687.0,505.0,65.53636817262006,84.67174028593344,66.92616073378856,41.31377086263706,16.976848434144596,44.12299034859714,40.84862535145711,77.77784571441488,64.65257589695078,94.12010473378595
2025-03-09 20:17:25.496000,897.0,540.0,341.0,2605.0,1696.0,525.0,65.53636817262006,84.67174028593344,66.92616073378856,41.31377086263706,16.976848434144596,44.12299034859714,40.84862535145711,77.77784571441488,64.65257589695078,94.12010473378595
2025-03-09 20:17:25.504333,901.0,541.0,339.0,2596.0,1698.0,511.0,65.63738606492326,84.71884804635454,67.41150146727853,41.41177092937493,17.019031810677667,44.23288299094029,40.51551612777157,77.82081906789082,64.79210268172447,94.06035086762144
2025-03-09 20:17:25.504333,896.0,544.0,345.0,2603.0,1700.0,526.0,65.63738606492326,84.71884804635454,67.41150146727853,41.41177092937493,17.019031810677667,44.23288299094029,40.51551612777157,77.82081906789082,64.79210268172447,94.06035086762144
2025-03-09 20:17:25.504333,895.0,543.0,347.0,2603.0,1701.0,528.0,65.63738606492326,84.71884804635454,67.41150146727853,41.41177092937493,17.019031810677667,44.23288299094029,40.51551612777157,77.82081906789082,64.79210268172447,94.06035086762144
2025-03-09 20:17:25.512667,894.0,545.0,347.0,2607.0,1703.0,529.0,65.76827819336907,84.76029017211741,67.87765128233036,41.51776442111794,17.065195972722837,44.352925236048065,40.20925001621528,77.85968673689908,64.912825982659,94.03016583744139
2025-03-09 20:17:25.512667,891.0,542.0,350.0,2607.0,1699.0,529.0,65.76827819336907,84.76029017211741,67.87765128233036,41.51776442111794,17.065195972722837,44.352925236048065,40.20925001621528,77.85968673689908,64.912825982659,94.03016583744139
2025-03-09 20:17:25.512667,885.0,544.0,342.0,2606.0,1705.0,534.0,65.76827819336907,84.76029017211741,67.87765128233036,41.51776442111794,17.065195972722837,44.352925236048065,40.20925001621528,77.85968673689908,64.912825982659,94.03016583744139
2025-03-09 20:17:25.512667,849.0,543.0,343.0,2602.0,1714.0,556.0,65.76827819336907,84.76029017211741,67.87765128233036,41.51776442111794,17.065195972722837,44.352925236048065,40.20925001621528,77.85968673689908,64.912825982659,94.03016583744139
2025-03-09 20:17:25.521000,852.0,539.0,341.0,2606.0,1715.0,560.0,65.91510698004542,84.78850819230648,68.3153823433838,41.62351899838718,17.11406230950837,44.47428202863351,39.93173464343136,77.88742419726829,65.00879811529812,94.02906202865563
2025-03-09 20:17:25.521000,848.0,537.0,340.0,2608.0,1714.0,560.0,65.91510698004542,84.78850819230648,68.3153823433838,41.62351899838718,17.11406230950837,44.47428202863351,39.93173464343136,77.88742419726829,65.00879811529812,94.02906202865563
2025-03-09 20:17:25.521000,847.0,530.0,350.0,2608.0,1717.0,560.0,65.91510698004542,84.78850819230648,68.3153823433838,41.62351899838718,17.11406230950837,44.47428202863351,39.93173464343136,77.88742419726829,65.00879811529812,94.02906202865563
2025-03-09 20:17:25.521000,840.0,541.0,337.0,2607.0,1715.0,563.0,65.91510698004542,84.78850819230648,68.3153823433838,41.62351899838718,17.11406230950837,44.47428202863351,39.93173464343136,77.88742419726829,65.00879811529812,94.02906202865563
2025-03-09 20:17:25.529333,837.0,541.0,336.0,2607.0,1717.0,563.0,66.06990399208512,84.79209444541513,68.71405910082628,41.72407674642682,17.166410809225525,44.59272233045902,39.685103480172785,77.89144528332943,65.06622425964207,94.05372334449429
2025-03-09 20:17:25.529333,833.0,540.0,347.0,2608.0,1717.0,564.0,66.06990399208512,84.79209444541513,68.71405910082628,41.72407674642682,17.166410809225525,44.59272233045902,39.685103480172785,77.89144528332943,65.06622425964207,94.05372334449429
2025-03-09 20:17:25.529333,827.0,534.0,343.0,2608.0,1715.0,566.0,66.06990399208512,84.79209444541513,68.71405910082628,41.72407674642682,17.166410809225525,44.59272233045902,39.685103480172785,77.89144528332943,65.06622425964207,94.05372334449429
2025-03-09 20:17:25.537667,786.0,532.0,346.0,2608.0,1728.0,587.0,66.22931993157508,84.75873807060144,69.06046446622194,41.816232781793175,17.221597513951686,44.70554779882684,39.47309478790225,77.85887661511555,65.06907064456298,94.09598541638627
2025-03-09 20:17:25.537667,789.0,540.0,342.0,2608.0,1731.0,592.0,66.22931993157508,84.75873807060144,69.06046446622194,41.816232781793175,17.221597513951686,44.70554779882684,39.47309478790225,77.85887661511555,65.06907064456298,94.09598541638627
2025-03-09 20:17:25.537667,784.0,539.0,341.0,2607.0,1735.0,592.0,66.22931993157508,84.75873807060144,69.06046446622194,41.816232781793175,17.221597513951686,44.70554779882684,39.47309478790225,77.85887661511555,65.06907064456298,94.09598541638627
2025-03-09 20:17:25.537667,779.0,535.0,338.0,2608.0,1733.0,592.0,66.22931993157508,84.75873807060144,69.06046446622194,41.816232781793175,17.221597513951686,44.70554779882684,39.47309478790225,77.85887661511555,65.06907064456298,94.09598541638627
2025-03-09 20:17:25.546000,779.0,528.0,345.0,2608.0,1734.0,596.0,66.38673955327499,84.6799260772784,69.34086587725201,41.89934511194515,17.278033717465544,44.81191308888698,39.297963349147444,77.7800023225799,65.00764271938706,94.15216970233715
2025-03-09 20:17:25.546000,771.0,531.0,338.0,2608.0,1735.0,597.0,66.38673955327499,84.6799260772784,69.34086587725201,41.89934511194515,17.278033717465544,44.81191308888698,39.297963349147444,77.7800023225799,65.00764271938706,94.15216970233715
2025-03-09 20:17:25.546000,770.0,530.0,345.0,2608.0,1734.0,599.0,66.38673955327499,84.6799260772784,69.34086587725201,41.89934511194515,17.278033717465544,44.81191308888698,39.297963349147444,77.7800023225799,65.00764271938706,94.15216970233715
2025-03-09 20:17:25.554333,769.0,533.0,343.0,2608.0,1739.0,601.0,66.531801981532,84.54536534667085,69.53926497062946,41.9755623753002,17.333708832614043,44.91293197155495,39.16013759426269,77.64412176839116,64.8733298577157,94.21883892091967
2025-03-09 20:17:25.554333,730.0,528.0,341.0,2611.0,1745.0,619.0,66.531801981532,84.54536534667085,69.53926497062946,41.9755623753002,17.333708832614043,44.91293197155495,39.16013759426269,77.64412176839116,64.8733298577157,94.21883892091967
2025-03-09 20:17:25.554333,726.0,533.0,341.0,2608.0,1744.0,620.0,66.531801981532,84.54536534667085,69.53926497062946,41.9755623753002,17.333708832614043,44.91293197155495,39.16013759426269,77.64412176839116,64.8733298577157,94.21883892091967
2025-03-09 20:17:25.554333,723.0,528.0,336.0,2610.0,1745.0,621.0,66.531801981532,84.54536534667085,69.53926497062946,41.9755623753002,17.333708832614043,44.91293197155495,39.16013759426269,77.64412176839116,64.8733298577157,94.21883892091967
2025-03-09 20:17:25.562667,720.0,528.0,342.0,2608.0,1747.0,624.0,66.65502413020117,84.34582944368128,69.6505198695579,42.04747613840531,17.386149887417478,45.00966409121734,39.052789561526595,77.4431713791734,64.66222088104139,94.28306060941921
2025-03-09 20:17:25.562667,720.0,530.0,341.0,2607.0,1748.0,624.0,66.65502413020117,84.34582944368128,69.6505198695579,42.04747613840531,17.386149887417478,45.00966409121734,39.052789561526595,77.4431713791734,64.66222088104139,94.28306060941921
2025-03-09 20:17:25.562667,719.0,529.0,338.0,2608.0,1747.0,625.0,66.65502413020117,84.34582944368128,69.6505198695579,42.04747613840531,17.386149887417478,45.00966409121734,39.052789561526595,77.4431713791734,64.66222088104139,94.28306060941921
2025-03-09 20:17:25.562667,713.0,530.0,343.0,2608.0,1753.0,625.0,66.65502413020117,84.34582944368128,69.6505198695579,42.04747613840531,17.386149887417478,45.00966409121734,39.052789561526595,77.4431713791734,64.66222088104139,94.28306060941921
2025-03-09 20:17:25.571000,683.0,528.0,340.0,2610.0,1773.0,643.0,66.74822145879992,84.08157915190219,69.68485785875129,42.11636153843374,17.43298620638703,45.101763198187015,38.962770813446504,77.1786356995629,64.38284189791183,94.33358841189083
2025-03-09 20:17:25.571000,681.0,528.0,339.0,2612.0,1770.0,650.0,66.74822145879992,84.08157915190219,69.68485785875129,42.11636153843374,17.43298620638703,45.101763198187015,38.962770813446504,77.1786356995629,64.38284189791183,94.33358841189083
2025-03-09 20:17:25.571000,678.0,528.0,339.0,2613.0,1767.0,651.0,66.74822145879992,84.08157915190219,69.68485785875129,42.11636153843374,17.43298620638703,45.101763198187015,38.962770813446504,77.1786356995629,64.38284189791183,94.33358841189083
2025-03-09 20:17:25.579333,673.0,529.0,336.0,2609.0,1770.0,652.0,66.80781833735487,83.75525023211135,69.65082135623186,42.18046398821995,17.47316850433282,45.18627135327558,38.88460918008776,76.8559427086245,64.04246463814314,94.37073583864758
2025-03-09 20:17:25.579333,672.0,528.0,336.0,2611.0,1771.0,655.0,66.80781833735487,83.75525023211135,69.65082135623186,42.18046398821995,17.47316850433282,45.18627135327558,38.88460918008776,76.8559427086245,64.04246463814314,94.37073583864758
2025-03-09 20:17:25.579333,668.0,525.0,339.0,2614.0,1770.0,655.0,66.80781833735487,83.75525023211135,69.65082135623186,42.18046398821995,17.47316850433282,45.18627135327558,38.88460918008776,76.8559427086245,64.04246463814314,94.37073583864758
2025-03-09 20:17:25.587667,667.0,529.0,346.0,2613.0,1770.0,657.0,66.83389232600193,83.36888379006362,69.54931547888953,42.23511870457392,17.505597297889036,45.25773660781733,38.82136132106923,76.48053876003935,63.64294018197198,94.39951898181442
2025-03-09 20:17:25.587667,663.0,528.0,335.0,2609.0,1770.0,657.0,66.83389232600193,83.36888379006362,69.54931547888953,42.23511870457392,17.505597297889036,45.25773660781733,38.82136132106923,76.48053876003935,63.64294018197198,94.39951898181442
2025-03-09 20:17:25.587667,641.0,526.0,339.0,2612.0,1776.0,680.0,66.83389232600193,83.36888379006362,69.54931547888953,42.23511870457392,17.505597297889036,45.25773660781733,38.82136132106923,76.48053876003935,63.64294018197198,94.39951898181442
2025-03-09 20:17:25.587667,640.0,528.0,336.0,2613.0,1776.0,682.0,66.83389232600193,83.36888379006362,69.54931547888953,42.23511870457392,17.505597297889036,45.25773660781733,38.82136132106923,76.48053876003935,63.64294018197198,94.39951898181442
2025-03-09 20:17:25.596000,637.0,527.0,340.0,2609.0,1777.0,685.0,66.82636586516885,82.92592606117279,69.3791700658461,42.27574829458966,17.52857097779141,45.31111226295508,38.776237019016065,76.0574546435861,63.186216395960926,94.4235845246081
2025-03-09 20:17:25.596000,631.0,529.0,336.0,2610.0,1776.0,686.0,66.82636586516885,82.92592606117279,69.3791700658461,42.27574829458966,17.52857097779141,45.31111226295508,38.776237019016065,76.0574546435861,63.186216395960926,94.4235845246081
2025-03-09 20:17:25.596000,627.0,528.0,337.0,2608.0,1776.0,687.0,66.82636586516885,82.92592606117279,69.3791700658461,42.27574829458966,17.52857097779141,45.31111226295508,38.776237019016065,76.0574546435861,63.186216395960926,94.4235845246081
2025-03-09 20:17:25.596000,625.0,528.0,336.0,2611.0,1776.0,688.0,66.82636586516885,82.92592606117279,69.3791700658461,42.27574829458966,17.52857097779141,45.31111226295508,38.776237019016065,76.0574546435861,63.186216395960926,94.4235845246081
2025-03-09 20:17:25.604333,624.0,528.0,339.0,2609.0,1776.0,689.0,66.7850141410121,82.42874005571876,69.13754906995925,42.30068469184278,17.541110680198265,45.344584018478706,38.75149037387185,75.58927527395605,62.673017151745576,94.44529002448351
2025-03-09 20:17:25.604333,594.0,528.0,339.0,2612.0,1775.0,698.0,66.7850141410121,82.42874005571876,69.13754906995925,42.30068469184278,17.541110680198265,45.344584018478706,38.75149037387185,75.58927527395605,62.673017151745576,94.44529002448351
2025-03-09 20:17:25.604333,597.0,527.0,336.0,2614.0,1776.0,702.0,66.7850141410121,82.42874005571876,69.13754906995925,42.30068469184278,17.541110680198265,45.344584018478706,38.75149037387185,75.58927527395605,62.673017151745576,94.44529002448351
2025-03-09 20:17:25.612667,595.0,511.0,342.0,2613.0,1775.0,705.0,66.7082662890871,81.87927855826574,68.82265923679334,42.312511022426946,17.54250771374037,45.36026888225096,38.74606204448948,75.0778448468602,62.10633691817,94.46410857929915
2025-03-09 20:17:25.612667,592.0,526.0,336.0,2613.0,1776.0,702.0,66.7082662890871,81.87927855826574,68.82265923679334,42.312511022426946,17.54250771374037,45.36026888225096,38.74606204448948,75.0778448468602,62.10633691817,94.46410857929915
2025-03-09 20:17:25.612667,592.0,511.0,342.0,2608.0,1776.0,704.0,66.7082662890871,81.87927855826574,68.82265923679334,42.312511022426946,17.54250771374037,45.36026888225096,38.74606204448948,75.0778448468602,62.10633691817,94.46410857929915
2025-03-09 20:17:25.612667,591.0,526.0,336.0,2610.0,1776.0,705.0,66.7082662890871,81.87927855826574,68.82265923679334,42.312511022426946,17.54250771374037,45.36026888225096,38.74606204448948,75.0778448468602,62.10633691817,94.46410857929915
2025-03-09 20:17:25.621000,586.0,523.0,341.0,2611.0,1776.0,705.0,66.59409600935528,81.28155986100998,68.44063536555238,42.317506801249706,17.53323906159983,45.36369426595186,38.75366260490831,74.52748659796934,61.495429570299365,94.47827716391403
2025-03-09 20:17:25.621000,589.0,528.0,339.0,2612.0,1776.0,709.0,66.59409600935528,81.28155986100998,68.44063536555238,42.317506801249706,17.53323906159983,45.36369426595186,38.75366260490831,74.52748659796934,61.495429570299365,94.47827716391403
2025-03-09 20:17:25.621000,566.0,511.0,336.0,2613.0,1774.0,714.0,66.59409600935528,81.28155986100998,68.44063536555238,42.317506801249706,17.53323906159983,45.36369426595186,38.75366260490831,74.52748659796934,61.495429570299365,94.47827716391403
2025-03-09 20:17:25.621000,567.0,511.0,341.0,2613.0,1771.0,713.0,66.59409600935528,81.28155986100998,68.44063536555238,42.317506801249706,17.53323906159983,45.36369426595186,38.75366260490831,74.52748659796934,61.495429570299365,94.47827716391403
2025-03-09 20:17:25.629333,566.0,529.0,336.0,2611.0,1770.0,713.0,66.44332726642571,80.64497326810617,68.01000977401974,42.323284615493385,17.51693135157695,45.361971266240005,38.76585985271158,73.94928586867655,60.857594898690174,94.4858195924443
2025-03-09 20:17:25.629333,566.0,530.0,335.0,2614.0,1766.0,714.0,66.44332726642571,80.64497326810617,68.01000977401974,42.323284615493385,17.51693135157695,45.361971266240005,38.76585985271158,73.94928586867655,60.857594898690174,94.4858195924443
2025-03-09 20:17:25.629333,565.0,511.0,333.0,2614.0,1770.0,706.0,66.44332726642571,80.64497326810617,68.01000977401974,42.323284615493385,17.51693135157695,45.361971266240005,38.76585985271158,73.94928586867655,60.857594898690174,94.4858195924443
2025-03-09 20:17:25.637667,560.0,511.0,336.0,2610.0,1771.0,711.0,66.25878452097187,79.98373035530906,67.55206054175284,42.33252746308914,17.494761685782304,45.35653323264429,38.77681001294193,73.36115716637161,60.21505076295016,94.48379909163053
2025-03-09 20:17:25.637667,560.0,523.0,336.0,2613.0,1769.0,711.0,66.25878452097187,79.98373035530906,67.55206054175284,42.33252746308914,17.494761685782304,45.35653323264429,38.77681001294193,73.36115716637161,60.21505076295016,94.48379909163053
2025-03-09 20:17:25.637667,547.0,511.0,337.0,2614.0,1764.0,714.0,66.25878452097187,79.98373035530906,67.55206054175284,42.33252746308914,17.494761685782304,45.35653323264429,38.77681001294193,73.36115716637161,60.21505076295016,94.48379909163053
2025-03-09 20:17:25.637667,544.0,511.0,336.0,2611.0,1763.0,713.0,66.25878452097187,79.98373035530906,67.55206054175284,42.33252746308914,17.494761685782304,45.35653323264429,38.77681001294193,73.36115716637161,60.21505076295016,94.48379909163053
2025-03-09 20:17:25.646000,545.0,526.0,336.0,2613.0,1761.0,713.0,66.043825686451,79.31425703793258,67.08173637414166,42.34048788170478,17.46140274193647,45.34053848642804,38.78366098941741,72.78276198603623,59.5893804754495,94.46980410683635
2025-03-09 20:17:25.646000,544.0,511.0,336.0,2611.0,1762.0,712.0,66.043825686451,79.31425703793258,67.08173637414166,42.34048788170478,17.46140274193647,45.34053848642804,38.78366098941741,72.78276198603623,59.5893804754495,94.46980410683635
2025-03-09 20:17:25.646000,546.0,511.0,336.0,2613.0,1761.0,707.0,66.043825686451,79.31425703793258,67.08173637414166,42.34048788170478,17.46140274193647,45.34053848642804,38.78366098941741,72.78276198603623,59.5893804754495,94.46980410683635
2025-03-09 20:17:25.646000,544.0,511.0,336.0,2610.0,1762.0,710.0,66.043825686451,79.31425703793258,67.08173637414166,42.34048788170478,17.46140274193647,45.34053848642804,38.78366098941741,72.78276198603623,59.5893804754495,94.46980410683635
2025-03-09 20:17:25.654333,542.0,511.0,337.0,2617.0,1760.0,709.0,65.807045416642,78.65243183742078,66.61303136806434,42.342395920194654,17.41546182599191,45.3097453172574,38.786078272807,72.22851553923245,58.99426499253103,94.44566930218757
2025-03-09 20:17:25.654333,541.0,511.0,336.0,2608.0,1758.0,707.0,65.807045416642,78.65243183742078,66.61303136806434,42.342395920194654,17.41546182599191,45.3097453172574,38.786078272807,72.22851553923245,58.99426499253103,94.44566930218757
2025-03-09 20:17:25.654333,528.0,510.0,337.0,2608.0,1746.0,703.0,65.807045416642,78.65243183742078,66.61303136806434,42.342395920194654,17.41546182599191,45.3097453172574,38.786078272807,72.22851553923245,58.99426499253103,94.44566930218757
2025-03-09 20:17:25.662667,529.0,511.0,330.0,2608.0,1748.0,701.0,65.55982038739793,78.01008696653368,66.15627152510632,42.33836941763456,17.359619012199854,45.26647222130591,38.785306269239726,71.70593160103827,58.43555095806549,94.4155969730536
2025-03-09 20:17:25.662667,528.0,511.0,332.0,2610.0,1744.0,702.0,65.55982038739793,78.01008696653368,66.15627152510632,42.33836941763456,17.359619012199854,45.26647222130591,38.785306269239726,71.70593160103827,58.43555095806549,94.4155969730536
2025-03-09 20:17:25.662667,528.0,511.0,338.0,2608.0,1745.0,703.0,65.55982038739793,78.01008696653368,66.15627152510632,42.33836941763456,17.359619012199854,45.26647222130591,38.785306269239726,71.70593160103827,58.43555095806549,94.4155969730536
2025-03-09 20:17:25.671000,528.0,510.0,336.0,2610.0,1746.0,702.0,65.30736867083866,77.39409315400393,65.71268318748798,42.331382004776145,17.296113710733295,45.21567178927346,38.78198033021837,71.21602070740366,57.914906057106755,94.37917708052095
2025-03-09 20:17:25.671000,523.0,511.0,336.0,2609.0,1743.0,702.0,65.30736867083866,77.39409315400393,65.71268318748798,42.331382004776145,17.296113710733295,45.21567178927346,38.78198033021837,71.21602070740366,57.914906057106755,94.37917708052095
2025-03-09 20:17:25.671000,526.0,511.0,336.0,2615.0,1744.0,699.0,65.30736867083866,77.39409315400393,65.71268318748798,42.331382004776145,17.296113710733295,45.21567178927346,38.78198033021837,71.21602070740366,57.914906057106755,94.37917708052095
2025-03-09 20:17:25.671000,510.0,511.0,333.0,2609.0,1732.0,693.0,65.30736867083866,77.39409315400393,65.71268318748798,42.331382004776145,17.296113710733295,45.21567178927346,38.78198033021837,71.21602070740366,57.914906057106755,94.37917708052095
2025-03-09 20:17:25.671000,511.0,511.0,335.0,2608.0,1729.0,693.0,65.30736867083866,77.39409315400393,65.71268318748798,42.331382004776145,17.296113710733295,45.21567178927346,38.78198033021837,71.21602070740366,57.914906057106755,94.37917708052095
2025-03-09 20:17:25.679333,509.0,511.0,333.0,2611.0,1728.0,691.0,65.05121778840065,76.8105826007513,65.28181332812069,42.3251907930619,17.225984761472105,45.162293936536166,38.77545166934041,70.75972536080918,57.435938048039525,94.33326299532074
2025-03-09 20:17:25.679333,505.0,510.0,329.0,2611.0,1728.0,691.0,65.05121778840065,76.8105826007513,65.28181332812069,42.3251907930619,17.225984761472105,45.162293936536166,38.77545166934041,70.75972536080918,57.435938048039525,94.33326299532074
2025-03-09 20:17:25.679333,508.0,511.0,333.0,2610.0,1726.0,689.0,65.05121778840065,76.8105826007513,65.28181332812069,42.3251907930619,17.225984761472105,45.162293936536166,38.77545166934041,70.75972536080918,57.435938048039525,94.33326299532074
2025-03-09 20:17:25.687667,505.0,511.0,334.0,2610.0,1724.0,688.0,64.79502110597176,76.2675596355152,64.8660371698586,42.3221405475374,17.149273262517895,45.109465087736766,38.76572547557766,70.34140286667649,57.00471181896771,94.27849852426534
2025-03-09 20:17:25.687667,506.0,511.0,336.0,2610.0,1723.0,689.0,64.79502110597176,76.2675596355152,64.8660371698586,42.3221405475374,17.149273262517895,45.109465087736766,38.76572547557766,70.34140286667649,57.00471181896771,94.27849852426534
2025-03-09 20:17:25.687667,508.0,509.0,330.0,2610.0,1726.0,688.0,64.79502110597176,76.2675596355152,64.8660371698586,42.3221405475374,17.149273262517895,45.109465087736766,38.76572547557766,70.34140286667649,57.00471181896771,94.27849852426534
2025-03-09 20:17:25.696000,495.0,509.0,333.0,2608.0,1713.0,681.0,64.54545529392631,75.77421039360149,64.47099044530192,42.32149994990908,17.068890552856015,45.05858255515462,38.75535316653083,69.96590329601815,56.624720224189076,94.22045943785422
2025-03-09 20:17:25.696000,496.0,507.0,334.0,2609.0,1713.0,687.0,64.54545529392631,75.77421039360149,64.47099044530192,42.32149994990908,17.068890552856015,45.05858255515462,38.75535316653083,69.96590329601815,56.624720224189076,94.22045943785422
2025-03-09 20:17:25.696000,496.0,511.0,336.0,2608.0,1712.0,681.0,64.54545529392631,75.77421039360149,64.47099044530192,42.32149994990908,17.068890552856015,45.05858255515462,38.75535316653083,69.96590329601815,56.624720224189076,94.22045943785422
2025-03-09 20:17:25.696000,495.0,511.0,336.0,2609.0,1711.0,682.0,64.54545529392631,75.77421039360149,64.47099044530192,42.32149994990908,17.068890552856015,45.05858255515462,38.75535316653083,69.96590329601815,56.624720224189076,94.22045943785422
2025-03-09 20:17:25.704333,496.0,511.0,334.0,2608.0,1712.0,682.0,64.31112783929524,75.33969950609544,64.10524244731091,42.32164373589972,16.990502254970647,45.01114131405581,38.7478049335907,69.63750876515465,56.29724179833698,94.16656195007752
2025-03-09 20:17:25.704333,494.0,506.0,336.0,2608.0,1712.0,678.0,64.31112783929524,75.33969950609544,64.10524244731091,42.32164373589972,16.990502254970647,45.01114131405581,38.7478049335907,69.63750876515465,56.29724179833698,94.16656195007752
2025-03-09 20:17:25.704333,495.0,510.0,336.0,2612.0,1711.0,675.0,64.31112783929524,75.33969950609544,64.10524244731091,42.32164373589972,16.990502254970647,45.01114131405581,38.7478049335907,69.63750876515465,56.29724179833698,94.16656195007752
2025-03-09 20:17:25.704333,486.0,496.0,334.0,2608.0,1702.0,668.0,64.31112783929524,75.33969950609544,64.10524244731091,42.32164373589972,16.990502254970647,45.01114131405581,38.7478049335907,69.63750876515465,56.29724179833698,94.16656195007752
2025-03-09 20:17:25.712667,491.0,509.0,331.0,2606.0,1703.0,667.0,64.09939887531706,74.97238365740172,63.77698612418371,42.323276122395924,16.91753481090353,44.96939644671851,38.74512296443493,69.36227862356887,56.0269379375379,94.12337114491588
2025-03-09 20:17:25.712667,491.0,503.0,336.0,2608.0,1699.0,662.0,64.09939887531706,74.97238365740172,63.77698612418371,42.323276122395924,16.91753481090353,44.96939644671851,38.74512296443493,69.36227862356887,56.0269379375379,94.12337114491588
2025-03-09 20:17:25.712667,486.0,508.0,339.0,2613.0,1695.0,659.0,64.09939887531706,74.97238365740172,63.77698612418371,42.323276122395924,16.91753481090353,44.96939644671851,38.74512296443493,69.36227862356887,56.0269379375379,94.12337114491588
2025-03-09 20:17:25.721000,490.0,506.0,338.0,2607.0,1700.0,661.0,63.914816546096674,74.67712945637409,63.49252505378808,42.32679539197529,16.849787267566292,44.93371988011509,38.74677066681539,69.14518153526424,55.8188152077039,94.09539647999954
2025-03-09 20:17:25.721000,486.0,510.0,338.0,2608.0,1699.0,659.0,63.914816546096674,74.67712945637409,63.49252505378808,42.32679539197529,16.849787267566292,44.93371988011509,38.74677066681539,69.14518153526424,55.8188152077039,94.09539647999954
2025-03-09 20:17:25.721000,485.0,510.0,337.0,2608.0,1697.0,658.0,63.914816546096674,74.67712945637409,63.49252505378808,42.32679539197529,16.849787267566292,44.93371988011509,38.74677066681539,69.14518153526424,55.8188152077039,94.09539647999954
2025-03-09 20:17:25.721000,484.0,511.0,345.0,2608.0,1695.0,659.0,63.914816546096674,74.67712945637409,63.49252505378808,42.32679539197529,16.849787267566292,44.93371988011509,38.74677066681539,69.14518153526424,55.8188152077039,94.09539647999954
2025-03-09 20:17:25.729333,480.0,501.0,353.0,2608.0,1689.0,645.0,63.75964348643662,74.45403748271215,63.25420377993394,42.33075487469141,16.787746103862588,44.90316213545649,38.752742503732634,68.9858214292878,55.67136499257636,94.08508130721
2025-03-09 20:17:25.729333,481.0,506.0,351.0,2608.0,1690.0,643.0,63.75964348643662,74.45403748271215,63.25420377993394,42.33075487469141,16.787746103862588,44.90316213545649,38.752742503732634,68.9858214292878,55.67136499257636,94.08508130721
2025-03-09 20:17:25.729333,482.0,509.0,348.0,2608.0,1686.0,646.0,63.75964348643662,74.45403748271215,63.25420377993394,42.33075487469141,16.787746103862588,44.90316213545649,38.752742503732634,68.9858214292878,55.67136499257636,94.08508130721
2025-03-09 20:17:25.729333,479.0,507.0,353.0,2606.0,1689.0,641.0,63.75964348643662,74.45403748271215,63.25420377993394,42.33075487469141,16.787746103862588,44.90316213545649,38.752742503732634,68.9858214292878,55.67136499257636,94.08508130721
2025-03-09 20:17:25.737667,481.0,502.0,347.0,2604.0,1687.0,640.0,63.63414523906165,74.30124150885122,63.06155531271607,42.33385098254208,16.73351242197196,44.87750457407223,38.76384378568885,68.88074020745024,55.579827136017116,94.09275044526817
2025-03-09 20:17:25.737667,478.0,511.0,356.0,2607.0,1685.0,641.0,63.63414523906165,74.30124150885122,63.06155531271607,42.33385098254208,16.73351242197196,44.87750457407223,38.76384378568885,68.88074020745024,55.579827136017116,94.09275044526817
2025-03-09 20:17:25.737667,479.0,499.0,358.0,2609.0,1686.0,640.0,63.63414523906165,74.30124150885122,63.06155531271607,42.33385098254208,16.73351242197196,44.87750457407223,38.76384378568885,68.88074020745024,55.579827136017116,94.09275044526817
2025-03-09 20:17:25.746000,471.0,507.0,345.0,2607.0,1682.0,625.0,63.53669736045614,74.21619190750636,62.91489777665072,42.33563787027014,16.688212285879047,44.85667931718803,38.77871444476471,68.8267289799725,55.54144399051604,94.11602775466888
2025-03-09 20:17:25.746000,477.0,503.0,340.0,2609.0,1680.0,624.0,63.53669736045614,74.21619190750636,62.91489777665072,42.33563787027014,16.688212285879047,44.85667931718803,38.77871444476471,68.8267289799725,55.54144399051604,94.11602775466888
2025-03-09 20:17:25.746000,474.0,504.0,345.0,2607.0,1678.0,623.0,63.53669736045614,74.21619190750636,62.91489777665072,42.33563787027014,16.688212285879047,44.85667931718803,38.77871444476471,68.8267289799725,55.54144399051604,94.11602775466888
2025-03-09 20:17:25.746000,475.0,501.0,355.0,2608.0,1680.0,624.0,63.53669736045614,74.21619190750636,62.91489777665072,42.33563787027014,16.688212285879047,44.85667931718803,38.77871444476471,68.8267289799725,55.54144399051604,94.11602775466888
2025-03-09 20:17:25.754333,470.0,502.0,358.0,2609.0,1680.0,624.0,63.463799673312316,74.19397581993032,62.813410562601995,42.3375363978391,16.652514977598404,44.84224286522672,38.79383567697198,68.81799507243493,55.55269643912455,94.15043069014274
2025-03-09 20:17:25.754333,475.0,502.0,356.0,2608.0,1678.0,617.0,63.463799673312316,74.19397581993032,62.813410562601995,42.3375363978391,16.652514977598404,44.84224286522672,38.79383567697198,68.81799507243493,55.55269643912455,94.15043069014274
2025-03-09 20:17:25.754333,472.0,505.0,352.0,2601.0,1681.0,621.0,63.463799673312316,74.19397581993032,62.813410562601995,42.3375363978391,16.652514977598404,44.84224286522672,38.79383567697198,68.81799507243493,55.55269643912455,94.15043069014274
2025-03-09 20:17:25.762667,474.0,503.0,349.0,2607.0,1680.0,615.0,63.41148188573504,74.22824146004436,62.755293751209194,42.341836688452254,16.62731542245155,44.83649682251979,38.805829235967046,68.84778152525843,55.60915572798186,94.19069979655059
2025-03-09 20:17:25.762667,468.0,501.0,351.0,2608.0,1670.0,609.0,63.41148188573504,74.22824146004436,62.755293751209194,42.341836688452254,16.62731542245155,44.83649682251979,38.805829235967046,68.84778152525843,55.60915572798186,94.19069979655059
2025-03-09 20:17:25.762667,467.0,497.0,349.0,2606.0,1669.0,607.0,63.41148188573504,74.22824146004436,62.755293751209194,42.341836688452254,16.62731542245155,44.83649682251979,38.805829235967046,68.84778152525843,55.60915572798186,94.19069979655059
2025-03-09 20:17:25.762667,466.0,503.0,340.0,2608.0,1669.0,606.0,63.41148188573504,74.22824146004436,62.755293751209194,42.341836688452254,16.62731542245155,44.83649682251979,38.805829235967046,68.84778152525843,55.60915572798186,94.19069979655059
2025-03-09 20:17:25.771000,470.0,507.0,345.0,2608.0,1668.0,602.0,63.37556384341323,74.31225941638951,62.73765134424953,42.348906494712416,16.61217786381076,44.83925452351453,38.812498008337684,68.91055929809765,55.706429771091635,94.23146758370274
2025-03-09 20:17:25.771000,469.0,496.0,347.0,2605.0,1665.0,603.0,63.37556384341323,74.31225941638951,62.73765134424953,42.348906494712416,16.61217786381076,44.83925452351453,38.812498008337684,68.91055929809765,55.706429771091635,94.23146758370274
2025-03-09 20:17:25.771000,470.0,503.0,352.0,2608.0,1665.0,602.0,63.37556384341323,74.31225941638951,62.73765134424953,42.348906494712416,16.61217786381076,44.83925452351453,38.812498008337684,68.91055929809765,55.706429771091635,94.23146758370274
2025-03-09 20:17:25.779333,467.0,501.0,347.0,2608.0,1665.0,602.0,63.35149225539759,74.4393335578082,62.755700924969936,42.357517911174995,16.60549251013543,44.848192497909096,38.813467186004885,69.00228802249589,55.84041141361288,94.26770684963455
2025-03-09 20:17:25.779333,467.0,496.0,347.0,2603.0,1659.0,591.0,63.35149225539759,74.4393335578082,62.755700924969936,42.357517911174995,16.60549251013543,44.848192497909096,38.813467186004885,69.00228802249589,55.84041141361288,94.26770684963455
2025-03-09 20:17:25.779333,465.0,498.0,352.0,2608.0,1656.0,592.0,63.35149225539759,74.4393335578082,62.755700924969936,42.357517911174995,16.60549251013543,44.848192497909096,38.813467186004885,69.00228802249589,55.84041141361288,94.26770684963455
2025-03-09 20:17:25.779333,469.0,501.0,353.0,2606.0,1659.0,592.0,63.35149225539759,74.4393335578082,62.755700924969936,42.357517911174995,16.60549251013543,44.848192497909096,38.813467186004885,69.00228802249589,55.84041141361288,94.26770684963455
2025-03-09 20:17:25.787667,469.0,499.0,362.0,2608.0,1658.0,589.0,63.334151570789906,74.60280717895762,62.80353586100635,42.365958673063325,16.605788591468222,44.86065198060613,38.80902125363591,69.11859554476213,56.006453220754416,94.29499136023276
2025-03-09 20:17:25.787667,465.0,497.0,357.0,2608.0,1655.0,589.0,63.334151570789906,74.60280717895762,62.80353586100635,42.365958673063325,16.605788591468222,44.86065198060613,38.80902125363591,69.11859554476213,56.006453220754416,94.29499136023276
2025-03-09 20:17:25.787667,466.0,501.0,356.0,2607.0,1661.0,590.0,63.334151570789906,74.60280717895762,62.80353586100635,42.365958673063325,16.605788591468222,44.86065198060613,38.80902125363591,69.11859554476213,56.006453220754416,94.29499136023276
2025-03-09 20:17:25.796000,467.0,496.0,349.0,2608.0,1658.0,587.0,63.318122845714896,74.79628678124695,62.87388869785072,42.371313803547594,16.612203837493063,44.87333389564299,38.800545269092986,69.25416881605702,56.19831637346452,94.30921855440941
2025-03-09 20:17:25.796000,468.0,509.0,350.0,2603.0,1655.0,589.0,63.318122845714896,74.79628678124695,62.87388869785072,42.371313803547594,16.612203837493063,44.87333389564299,38.800545269092986,69.25416881605702,56.19831637346452,94.30921855440941
2025-03-09 20:17:25.796000,464.0,501.0,353.0,2608.0,1653.0,581.0,63.318122845714896,74.79628678124695,62.87388869785072,42.371313803547594,16.612203837493063,44.87333389564299,38.800545269092986,69.25416881605702,56.19831637346452,94.30921855440941
2025-03-09 20:17:25.796000,464.0,498.0,352.0,2609.0,1654.0,580.0,63.318122845714896,74.79628678124695,62.87388869785072,42.371313803547594,16.612203837493063,44.87333389564299,38.800545269092986,69.25416881605702,56.19831637346452,94.30921855440941
2025-03-09 20:17:25.804333,466.0,499.0,355.0,2608.0,1649.0,577.0,63.29901863674533,75.01470815670064,62.96202965124512,42.37022960888281,16.624418561839065,44.88303758428675,38.788254985743166,69.40375673444677,56.41009113024116,94.30636787030109
2025-03-09 20:17:25.804333,470.0,506.0,354.0,2607.0,1651.0,577.0,63.29901863674533,75.01470815670064,62.96202965124512,42.37022960888281,16.624418561839065,44.88303758428675,38.788254985743166,69.40375673444677,56.41009113024116,94.30636787030109
2025-03-09 20:17:25.804333,465.0,497.0,349.0,2605.0,1651.0,576.0,63.29901863674533,75.01470815670064,62.96202965124512,42.37022960888281,16.624418561839065,44.88303758428675,38.788254985743166,69.40375673444677,56.41009113024116,94.30636787030109
2025-03-09 20:17:25.804333,465.0,496.0,358.0,2609.0,1650.0,576.0,63.29901863674533,75.01470815670064,62.96202965124512,42.37022960888281,16.624418561839065,44.88303758428675,38.788254985743166,69.40375673444677,56.41009113024116,94.30636787030109
2025-03-09 20:17:25.812667,469.0,499.0,356.0,2608.0,1649.0,576.0,63.273234697369105,75.25379619230809,63.06416515576284,42.36028885253699,16.64273778498953,44.887849920737054,38.77194954736347,69.56196712704318,56.636146308772446,94.28322617692092
2025-03-09 20:17:25.812667,466.0,498.0,357.0,2609.0,1648.0,570.0,63.273234697369105,75.25379619230809,63.06416515576284,42.36028885253699,16.64273778498953,44.887849920737054,38.77194954736347,69.56196712704318,56.636146308772446,94.28322617692092
2025-03-09 20:17:25.812667,467.0,502.0,350.0,2608.0,1648.0,575.0,63.273234697369105,75.25379619230809,63.06416515576284,42.36028885253699,16.64273778498953,44.887849920737054,38.77194954736347,69.56196712704318,56.636146308772446,94.28322617692092
2025-03-09 20:17:25.821000,471.0,503.0,350.0,2610.0,1648.0,569.0,63.23724094877586,75.50945321369659,63.176637061255306,42.34070917044619,16.666991754000545,44.88717269805781,38.75077602509988,69.72385635998894,56.87225781467643,94.23727496101343
2025-03-09 20:17:25.821000,475.0,502.0,353.0,2608.0,1647.0,573.0,63.23724094877586,75.50945321369659,63.176637061255306,42.34070917044619,16.666991754000545,44.88717269805781,38.75077602509988,69.72385635998894,56.87225781467643,94.23727496101343
2025-03-09 20:17:25.821000,474.0,496.0,352.0,2607.0,1648.0,566.0,63.23724094877586,75.50945321369659,63.176637061255306,42.34070917044619,16.666991754000545,44.88717269805781,38.75077602509988,69.72385635998894,56.87225781467643,94.23727496101343
2025-03-09 20:17:25.821000,476.0,500.0,352.0,2608.0,1647.0,574.0,63.23724094877586,75.50945321369659,63.176637061255306,42.34070917044619,16.666991754000545,44.88717269805781,38.75077602509988,69.72385635998894,56.87225781467643,94.23727496101343
2025-03-09 20:17:25.829333,474.0,498.0,347.0,2606.0,1648.0,571.0,63.18832178720502,75.77772204692835,63.29493671607373,42.31295940314717,16.69606084078105,44.882013852026844,38.72427074619434,69.88572922156696,57.1159287243458,94.16660764924463
2025-03-09 20:17:25.829333,470.0,502.0,346.0,2608.0,1648.0,569.0,63.18832178720502,75.77772204692835,63.29493671607373,42.31295940314717,16.69606084078105,44.882013852026844,38.72427074619434,69.88572922156696,57.1159287243458,94.16660764924463
2025-03-09 20:17:25.829333,479.0,499.0,347.0,2608.0,1647.0,565.0,63.18832178720502,75.77772204692835,63.29493671607373,42.31295940314717,16.69606084078105,44.882013852026844,38.72427074619434,69.88572922156696,57.1159287243458,94.16660764924463
2025-03-09 20:17:25.837667,483.0,500.0,354.0,2608.0,1647.0,565.0,63.12641794505256,76.05632465687899,63.41751018346339,42.27942449756198,16.729700080211447,44.87441849217437,38.692312779219336,70.04597914066244,57.3661355827181,94.07094967232685
2025-03-09 20:17:25.837667,482.0,501.0,350.0,2608.0,1648.0,566.0,63.12641794505256,76.05632465687899,63.41751018346339,42.27942449756198,16.729700080211447,44.87441849217437,38.692312779219336,70.04597914066244,57.3661355827181,94.07094967232685
2025-03-09 20:17:25.837667,482.0,498.0,343.0,2607.0,1646.0,563.0,63.12641794505256,76.05632465687899,63.41751018346339,42.27942449756198,16.729700080211447,44.87441849217437,38.692312779219336,70.04597914066244,57.3661355827181,94.07094967232685
2025-03-09 20:17:25.837667,483.0,501.0,353.0,2609.0,1647.0,563.0,63.12641794505256,76.05632465687899,63.41751018346339,42.27942449756198,16.729700080211447,44.87441849217437,38.692312779219336,70.04597914066244,57.3661355827181,94.07094967232685
2025-03-09 20:17:25.846000,484.0,496.0,347.0,2608.0,1647.0,563.0,63.05341935045615,76.34549980659614,63.54772336949348,42.241652245157624,16.76697146823045,44.86502167014024,38.65389640085832,70.20735662713531,57.625758320512254,93.95203948307012
2025-03-09 20:17:25.846000,486.0,496.0,355.0,2611.0,1642.0,563.0,63.05341935045615,76.34549980659614,63.54772336949348,42.241652245157624,16.76697146823045,44.86502167014024,38.65389640085832,70.20735662713531,57.625758320512254,93.95203948307012
2025-03-09 20:17:25.846000,496.0,497.0,342.0,2608.0,1642.0,559.0,63.05341935045615,76.34549980659614,63.54772336949348,42.241652245157624,16.76697146823045,44.86502167014024,38.65389640085832,70.20735662713531,57.625758320512254,93.95203948307012
2025-03-09 20:17:25.854333,497.0,498.0,347.0,2608.0,1646.0,559.0,62.971489052713764,76.64464480201815,63.68822147757958,42.20032123093141,16.806032703297262,44.8530061234474,38.609081808181735,70.37364471201005,57.89748545546808,93.81340376445831
2025-03-09 20:17:25.854333,496.0,498.0,349.0,2609.0,1645.0,560.0,62.971489052713764,76.64464480201815,63.68822147757958,42.20032123093141,16.806032703297262,44.8530061234474,38.609081808181735,70.37364471201005,57.89748545546808,93.81340376445831
2025-03-09 20:17:25.854333,500.0,498.0,347.0,2608.0,1643.0,560.0,62.971489052713764,76.64464480201815,63.68822147757958,42.20032123093141,16.806032703297262,44.8530061234474,38.609081808181735,70.37364471201005,57.89748545546808,93.81340376445831
2025-03-09 20:17:25.854333,498.0,496.0,352.0,2607.0,1643.0,560.0,62.971489052713764,76.64464480201815,63.68822147757958,42.20032123093141,16.806032703297262,44.8530061234474,38.609081808181735,70.37364471201005,57.89748545546808,93.81340376445831
2025-03-09 20:17:25.862667,499.0,498.0,352.0,2609.0,1642.0,560.0,62.882256018075914,76.94935237002109,63.83500768899953,42.156893416027316,16.84533482851351,44.83860018739113,38.5607601375695,70.544420779296,58.17856896854178,93.65986142338689
2025-03-09 20:17:25.862667,502.0,496.0,351.0,2608.0,1643.0,560.0,62.882256018075914,76.94935237002109,63.83500768899953,42.156893416027316,16.84533482851351,44.83860018739113,38.5607601375695,70.544420779296,58.17856896854178,93.65986142338689
2025-03-09 20:17:25.862667,496.0,500.0,355.0,2603.0,1643.0,559.0,62.882256018075914,76.94935237002109,63.83500768899953,42.156893416027316,16.84533482851351,44.83860018739113,38.5607601375695,70.544420779296,58.17856896854178,93.65986142338689
2025-03-09 20:17:25.871000,529.0,500.0,346.0,2608.0,1642.0,558.0,62.787010095084284,77.2555990172201,63.98344782894581,42.11239762733878,16.884610682849793,44.82251864602215,38.511913100752196,70.71734116343099,58.464552813630156,93.49535191819093
2025-03-09 20:17:25.871000,530.0,503.0,343.0,2605.0,1638.0,554.0,62.787010095084284,77.2555990172201,63.98344782894581,42.11239762733878,16.884610682849793,44.82251864602215,38.511913100752196,70.71734116343099,58.464552813630156,93.49535191819093
2025-03-09 20:17:25.871000,532.0,499.0,345.0,2608.0,1642.0,551.0,62.787010095084284,77.2555990172201,63.98344782894581,42.11239762733878,16.884610682849793,44.82251864602215,38.511913100752196,70.71734116343099,58.464552813630156,93.49535191819093
2025-03-09 20:17:25.871000,533.0,500.0,353.0,2608.0,1635.0,551.0,62.787010095084284,77.2555990172201,63.98344782894581,42.11239762733878,16.884610682849793,44.82251864602215,38.511913100752196,70.71734116343099,58.464552813630156,93.49535191819093
2025-03-09 20:17:25.879333,535.0,501.0,345.0,2603.0,1639.0,555.0,62.68683457940483,77.56037579165803,64.13089572639181,42.06673626166385,16.92409082786375,44.804655481853246,38.46467425096694,70.89045323016626,58.75156025115734,93.32263337154745
2025-03-09 20:17:25.879333,538.0,499.0,353.0,2608.0,1640.0,553.0,62.68683457940483,77.56037579165803,64.13089572639181,42.06673626166385,16.92409082786375,44.804655481853246,38.46467425096694,70.89045323016626,58.75156025115734,93.32263337154745
2025-03-09 20:17:25.879333,544.0,499.0,350.0,2608.0,1639.0,554.0,62.68683457940483,77.56037579165803,64.13089572639181,42.06673626166385,16.92409082786375,44.804655481853246,38.46467425096694,70.89045323016626,58.75156025115734,93.32263337154745
2025-03-09 20:17:25.879333,547.0,497.0,347.0,2608.0,1638.0,551.0,62.68683457940483,77.56037579165803,64.13089572639181,42.06673626166385,16.92409082786375,44.804655481853246,38.46467425096694,70.89045323016626,58.75156025115734,93.32263337154745
2025-03-09 20:17:25.887667,575.0,497.0,347.0,2608.0,1632.0,548.0,62.58313187153337,77.86063150672075,64.27572181793332,42.01914625754534,16.964098876771747,44.78424520249365,38.42094189594492,71.06209381073927,59.03561032539288,93.14533417572288
2025-03-09 20:17:25.887667,577.0,497.0,342.0,2605.0,1627.0,546.0,62.58313187153337,77.86063150672075,64.27572181793332,42.01914625754534,16.964098876771747,44.78424520249365,38.42094189594492,71.06209381073927,59.03561032539288,93.14533417572288
2025-03-09 20:17:25.887667,576.0,496.0,347.0,2608.0,1634.0,545.0,62.58313187153337,77.86063150672075,64.27572181793332,42.01914625754534,16.964098876771747,44.78424520249365,38.42094189594492,71.06209381073927,59.03561032539288,93.14533417572288
2025-03-09 20:17:25.896000,581.0,503.0,347.0,2607.0,1631.0,544.0,62.478168427459934,78.15369958645141,64.41360521880314,41.967147717088054,17.004792442480156,44.75902717068129,38.38541258583688,71.23083214007629,59.311117863694164,92.96821537575828
2025-03-09 20:17:25.896000,587.0,499.0,349.0,2606.0,1629.0,546.0,62.478168427459934,78.15369958645141,64.41360521880314,41.967147717088054,17.004792442480156,44.75902717068129,38.38541258583688,71.23083214007629,59.311117863694164,92.96821537575828
2025-03-09 20:17:25.896000,589.0,501.0,345.0,2608.0,1629.0,545.0,62.478168427459934,78.15369958645141,64.41360521880314,41.967147717088054,17.004792442480156,44.75902717068129,38.38541258583688,71.23083214007629,59.311117863694164,92.96821537575828
2025-03-09 20:17:25.896000,592.0,498.0,343.0,2608.0,1629.0,546.0,62.478168427459934,78.15369958645141,64.41360521880314,41.967147717088054,17.004792442480156,44.75902717068129,38.38541258583688,71.23083214007629,59.311117863694164,92.96821537575828
2025-03-09 20:17:25.904333,626.0,503.0,347.0,2606.0,1619.0,539.0,62.37605754681117,78.43783040913567,64.53715270423746,41.908714126570004,17.046119557760974,44.72715230319598,38.366139430914245,71.39639928730477,59.57226813046841,92.79729319810488
2025-03-09 20:17:25.904333,629.0,505.0,350.0,2608.0,1619.0,543.0,62.37605754681117,78.43783040913567,64.53715270423746,41.908714126570004,17.046119557760974,44.72715230319598,38.366139430914245,71.39639928730477,59.57226813046841,92.79729319810488
2025-03-09 20:17:25.904333,629.0,498.0,340.0,2605.0,1616.0,543.0,62.37605754681117,78.43783040913567,64.53715270423746,41.908714126570004,17.046119557760974,44.72715230319598,38.366139430914245,71.39639928730477,59.57226813046841,92.79729319810488
2025-03-09 20:17:25.912667,637.0,502.0,349.0,2603.0,1618.0,539.0,62.282599495545576,78.7125164216958,64.63998419733448,41.84436867525338,17.088980102251803,44.68925056029908,38.371964349554105,71.56017382644607,59.81514988261661,92.63991669620852
2025-03-09 20:17:25.912667,639.0,497.0,345.0,2603.0,1622.0,538.0,62.282599495545576,78.7125164216958,64.63998419733448,41.84436867525338,17.088980102251803,44.68925056029908,38.371964349554105,71.56017382644607,59.81514988261661,92.63991669620852
2025-03-09 20:17:25.912667,642.0,502.0,347.0,2600.0,1618.0,538.0,62.282599495545576,78.7125164216958,64.63998419733448,41.84436867525338,17.088980102251803,44.68925056029908,38.371964349554105,71.56017382644607,59.81514988261661,92.63991669620852
2025-03-09 20:17:25.912667,644.0,498.0,347.0,2606.0,1619.0,539.0,62.282599495545576,78.7125164216958,64.63998419733448,41.84436867525338,17.088980102251803,44.68925056029908,38.371964349554105,71.56017382644607,59.81514988261661,92.63991669620852
2025-03-09 20:17:25.921000,651.0,496.0,346.0,2603.0,1617.0,541.0,62.204929791058625,78.97759339675893,64.71761862789022,41.775799515178335,17.13323533147864,44.64685505013135,38.40947561830527,71.7239596568421,60.0370787758794,92.50597602707154
2025-03-09 20:17:25.921000,688.0,510.0,349.0,2606.0,1616.0,531.0,62.204929791058625,78.97759339675893,64.71761862789022,41.775799515178335,17.13323533147864,44.64685505013135,38.40947561830527,71.7239596568421,60.0370787758794,92.50597602707154
2025-03-09 20:17:25.921000,689.0,501.0,349.0,2601.0,1616.0,534.0,62.204929791058625,78.97759339675893,64.71761862789022,41.775799515178335,17.13323533147864,44.64685505013135,38.40947561830527,71.7239596568421,60.0370787758794,92.50597602707154
2025-03-09 20:17:25.929333,694.0,508.0,348.0,2608.0,1616.0,533.0,62.15099001144007,79.23295647051668,64.76754109231177,41.70429281066455,17.177595314638758,44.60084706819003,38.483088122376984,71.88998157970089,60.235894622085596,92.40753499902623
2025-03-09 20:17:25.929333,695.0,501.0,346.0,2606.0,1616.0,529.0,62.15099001144007,79.23295647051668,64.76754109231177,41.70429281066455,17.177595314638758,44.60084706819003,38.483088122376984,71.88998157970089,60.235894622085596,92.40753499902623
2025-03-09 20:17:25.929333,703.0,501.0,351.0,2603.0,1614.0,531.0,62.15099001144007,79.23295647051668,64.76754109231177,41.70429281066455,17.177595314638758,44.60084706819003,38.483088122376984,71.88998157970089,60.235894622085596,92.40753499902623
2025-03-09 20:17:25.929333,709.0,505.0,349.0,2599.0,1613.0,527.0,62.15099001144007,79.23295647051668,64.76754109231177,41.70429281066455,17.177595314638758,44.60084706819003,38.483088122376984,71.88998157970089,60.235894622085596,92.40753499902623
2025-03-09 20:17:25.937667,711.0,502.0,347.0,2598.0,1614.0,532.0,62.125514072792654,79.47987177292505,64.79030543262354,41.63098382081403,17.221317160816827,44.552090990851376,38.59397776853277,72.06065212488596,60.412194150660845,92.35188221881089
2025-03-09 20:17:25.937667,753.0,503.0,345.0,2599.0,1610.0,528.0,62.125514072792654,79.47987177292505,64.79030543262354,41.63098382081403,17.221317160816827,44.552090990851376,38.59397776853277,72.06065212488596,60.412194150660845,92.35188221881089
2025-03-09 20:17:25.937667,756.0,505.0,343.0,2595.0,1607.0,528.0,62.125514072792654,79.47987177292505,64.79030543262354,41.63098382081403,17.221317160816827,44.552090990851376,38.59397776853277,72.06065212488596,60.412194150660845,92.35188221881089
2025-03-09 20:17:25.946000,763.0,509.0,343.0,2599.0,1610.0,528.0,62.12453326361689,79.71976080920106,64.78989415297382,41.55709174249382,17.26393716903617,44.50179060758234,38.73574828580599,72.23522445947924,60.57011265327263,92.33261525311367
2025-03-09 20:17:25.946000,768.0,503.0,349.0,2601.0,1609.0,527.0,62.12453326361689,79.71976080920106,64.78989415297382,41.55709174249382,17.26393716903617,44.50179060758234,38.73574828580599,72.23522445947924,60.57011265327263,92.33261525311367
2025-03-09 20:17:25.946000,771.0,506.0,352.0,2595.0,1610.0,528.0,62.12453326361689,79.71976080920106,64.78989415297382,41.55709174249382,17.26393716903617,44.50179060758234,38.73574828580599,72.23522445947924,60.57011265327263,92.33261525311367
2025-03-09 20:17:25.946000,779.0,503.0,347.0,2601.0,1607.0,528.0,62.12453326361689,79.71976080920106,64.78989415297382,41.55709174249382,17.26393716903617,44.50179060758234,38.73574828580599,72.23522445947924,60.57011265327263,92.33261525311367
2025-03-09 20:17:25.954333,782.0,506.0,345.0,2597.0,1610.0,528.0,62.13766151561901,79.95202593740837,64.7713217649916,41.48291705296289,17.303792115714597,44.44954234160894,38.8977064411761,72.41112971694332,60.71551103231784,92.33278080571013
2025-03-09 20:17:25.954333,793.0,511.0,343.0,2601.0,1607.0,528.0,62.13766151561901,79.95202593740837,64.7713217649916,41.48291705296289,17.303792115714597,44.44954234160894,38.8977064411761,72.41112971694332,60.71551103231784,92.33278080571013
2025-03-09 20:17:25.954333,839.0,510.0,347.0,2597.0,1603.0,526.0,62.13766151561901,79.95202593740837,64.7713217649916,41.48291705296289,17.303792115714597,44.44954234160894,38.8977064411761,72.41112971694332,60.71551103231784,92.33278080571013
2025-03-09 20:17:25.954333,846.0,511.0,340.0,2602.0,1609.0,526.0,62.13766151561901,79.95202593740837,64.7713217649916,41.48291705296289,17.303792115714597,44.44954234160894,38.8977064411761,72.41112971694332,60.71551103231784,92.33278080571013
2025-03-09 20:17:25.962667,850.0,511.0,341.0,2595.0,1601.0,511.0,62.15653493716068,80.17391198381954,64.73684270661748,41.40711657067919,17.33866968265869,44.39291837094809,39.07275029382896,72.5860114499469,60.85102557207499,92.33825228074262
2025-03-09 20:17:25.962667,855.0,511.0,341.0,2594.0,1601.0,511.0,62.15653493716068,80.17391198381954,64.73684270661748,41.40711657067919,17.33866968265869,44.39291837094809,39.07275029382896,72.5860114499469,60.85102557207499,92.33825228074262
2025-03-09 20:17:25.962667,857.0,511.0,340.0,2592.0,1600.0,511.0,62.15653493716068,80.17391198381954,64.73684270661748,41.40711657067919,17.33866968265869,44.39291837094809,39.07275029382896,72.5860114499469,60.85102557207499,92.33825228074262
2025-03-09 20:17:25.971000,863.0,509.0,339.0,2595.0,1600.0,511.0,62.17968042628354,80.38159350019286,64.68542349826842,41.32926417490414,17.36831902734343,44.33145713987597,39.25913994324806,72.75621728082004,60.973164578655506,92.34408681486055
2025-03-09 20:17:25.971000,866.0,511.0,336.0,2595.0,1599.0,511.0,62.17968042628354,80.38159350019286,64.68542349826842,41.32926417490414,17.36831902734343,44.33145713987597,39.25913994324806,72.75621728082004,60.973164578655506,92.34408681486055
2025-03-09 20:17:25.971000,915.0,511.0,341.0,2597.0,1598.0,509.0,62.17968042628354,80.38159350019286,64.68542349826842,41.32926417490414,17.36831902734343,44.33145713987597,39.25913994324806,72.75621728082004,60.973164578655506,92.34408681486055
2025-03-09 20:17:25.971000,918.0,511.0,342.0,2593.0,1595.0,510.0,62.17968042628354,80.38159350019286,64.68542349826842,41.32926417490414,17.36831902734343,44.33145713987597,39.25913994324806,72.75621728082004,60.973164578655506,92.34408681486055
2025-03-09 20:17:25.979333,923.0,511.0,339.0,2597.0,1594.0,511.0,62.20982686983347,80.57326289470751,64.61559985390092,41.25103478538519,17.39367765506171,44.26754601013827,39.457055377593136,72.9187031305383,61.07790491233045,92.34990910370409
2025-03-09 20:17:25.979333,922.0,527.0,348.0,2593.0,1595.0,509.0,62.20982686983347,80.57326289470751,64.61559985390092,41.25103478538519,17.39367765506171,44.26754601013827,39.457055377593136,72.9187031305383,61.07790491233045,92.34990910370409
2025-03-09 20:17:25.979333,933.0,527.0,339.0,2597.0,1595.0,510.0,62.20982686983347,80.57326289470751,64.61559985390092,41.25103478538519,17.39367765506171,44.26754601013827,39.457055377593136,72.9187031305383,61.07790491233045,92.34990910370409
2025-03-09 20:17:25.987667,935.0,525.0,342.0,2595.0,1595.0,507.0,62.24857085646591,80.74849600557053,64.52570860139276,41.17447959406571,17.415782455926056,44.20396398540987,39.66677793921272,73.07115072838207,61.16308444082095,92.3544998752663
2025-03-09 20:17:25.987667,939.0,511.0,341.0,2595.0,1598.0,507.0,62.24857085646591,80.74849600557053,64.52570860139276,41.17447959406571,17.415782455926056,44.20396398540987,39.66677793921272,73.07115072838207,61.16308444082095,92.3544998752663
2025-03-09 20:17:25.987667,944.0,511.0,346.0,2597.0,1595.0,507.0,62.24857085646591,80.74849600557053,64.52570860139276,41.17447959406571,17.415782455926056,44.20396398540987,39.66677793921272,73.07115072838207,61.16308444082095,92.3544998752663
2025-03-09 20:17:25.987667,992.0,523.0,347.0,2594.0,1584.0,499.0,62.24857085646591,80.74849600557053,64.52570860139276,41.17447959406571,17.415782455926056,44.20396398540987,39.66677793921272,73.07115072838207,61.16308444082095,92.3544998752663
2025-03-09 20:17:25.996000,994.0,524.0,355.0,2592.0,1584.0,501.0,62.296720066256604,80.90634078852528,64.41288408605504,41.10042026522189,17.434388021438625,44.141675280083405,39.88925691777123,73.21201264895389,61.22683334023968,92.3561699098604
2025-03-09 20:17:25.996000,995.0,528.0,351.0,2593.0,1587.0,498.0,62.296720066256604,80.90634078852528,64.41288408605504,41.10042026522189,17.434388021438625,44.141675280083405,39.88925691777123,73.21201264895389,61.22683334023968,92.3561699098604
2025-03-09 20:17:25.996000,1001.0,528.0,346.0,2589.0,1584.0,498.0,62.296720066256604,80.90634078852528,64.41288408605504,41.10042026522189,17.434388021438625,44.141675280083405,39.88925691777123,73.21201264895389,61.22683334023968,92.3561699098604
2025-03-09 20:17:26.004333,1006.0,529.0,351.0,2592.0,1585.0,498.0,62.35618059659018,81.04739070005027,64.27490781943078,41.03010724479311,17.447890026728178,44.081280250928444,40.12595895382569,73.3429224872962,61.270162413299936,92.35444704186555
2025-03-09 20:17:26.004333,1008.0,531.0,355.0,2591.0,1585.0,497.0,62.35618059659018,81.04739070005027,64.27490781943078,41.03010724479311,17.447890026728178,44.081280250928444,40.12595895382569,73.3429224872962,61.270162413299936,92.35444704186555
2025-03-09 20:17:26.004333,1008.0,524.0,355.0,2591.0,1584.0,497.0,62.35618059659018,81.04739070005027,64.27490781943078,41.03010724479311,17.447890026728178,44.081280250928444,40.12595895382569,73.3429224872962,61.270162413299936,92.35444704186555
2025-03-09 20:17:26.004333,1047.0,527.0,354.0,2594.0,1584.0,490.0,62.35618059659018,81.04739070005027,64.27490781943078,41.03010724479311,17.447890026728178,44.081280250928444,40.12595895382569,73.3429224872962,61.270162413299936,92.35444704186555
2025-03-09 20:17:26.012667,1054.0,533.0,353.0,2591.0,1584.0,490.0,62.427697125411626,81.17258746809844,64.1111290279455,40.965380800856884,17.45517803063325,44.02396028840576,40.37711723249469,73.46565490083282,61.29541384480073,92.34856403102856
2025-03-09 20:17:26.012667,1058.0,528.0,347.0,2589.0,1584.0,491.0,62.427697125411626,81.17258746809844,64.1111290279455,40.965380800856884,17.45517803063325,44.02396028840576,40.37711723249469,73.46565490083282,61.29541384480073,92.34856403102856
2025-03-09 20:17:26.012667,1057.0,528.0,351.0,2588.0,1583.0,488.0,62.427697125411626,81.17258746809844,64.1111290279455,40.965380800856884,17.45517803063325,44.02396028840576,40.37711723249469,73.46565490083282,61.29541384480073,92.34856403102856
2025-03-09 20:17:26.012667,1062.0,532.0,353.0,2588.0,1581.0,490.0,62.427697125411626,81.17258746809844,64.1111290279455,40.965380800856884,17.45517803063325,44.02396028840576,40.37711723249469,73.46565490083282,61.29541384480073,92.34856403102856
2025-03-09 20:17:26.021000,1073.0,533.0,349.0,2585.0,1578.0,487.0,62.509443811847156,81.28238278058211,63.9233526528637,40.90666354413365,17.45668540779258,43.97031467765648,40.64035196187795,73.57961023977958,61.303835655605106,92.33639848203596
2025-03-09 20:17:26.021000,1071.0,535.0,353.0,2587.0,1582.0,488.0,62.509443811847156,81.28238278058211,63.9233526528637,40.90666354413365,17.45668540779258,43.97031467765648,40.64035196187795,73.57961023977958,61.303835655605106,92.33639848203596
2025-03-09 20:17:26.021000,1103.0,532.0,344.0,2586.0,1573.0,483.0,62.509443811847156,81.28238278058211,63.9233526528637,40.90666354413365,17.45668540779258,43.97031467765648,40.64035196187795,73.57961023977958,61.303835655605106,92.33639848203596
2025-03-09 20:17:26.029333,1113.0,540.0,341.0,2591.0,1571.0,482.0,62.59927575916878,81.38029998613366,63.7238987436727,40.853205792251046,17.452505954751615,43.91944079425792,40.90678241564865,73.68816136797611,61.301932506196636,92.31803935595181
2025-03-09 20:17:26.029333,1109.0,535.0,346.0,2586.0,1574.0,479.0,62.59927575916878,81.38029998613366,63.7238987436727,40.853205792251046,17.452505954751615,43.91944079425792,40.90678241564865,73.68816136797611,61.301932506196636,92.31803935595181
2025-03-09 20:17:26.029333,1109.0,543.0,343.0,2583.0,1571.0,478.0,62.59927575916878,81.38029998613366,63.7238987436727,40.853205792251046,17.452505954751615,43.91944079425792,40.90678241564865,73.68816136797611,61.301932506196636,92.31803935595181
2025-03-09 20:17:26.037667,1114.0,540.0,346.0,2583.0,1573.0,481.0,62.69626823027869,81.46975800266624,63.521843807611305,40.8083721063486,17.44006792733453,43.87282401441543,41.169285826243865,73.79744106529081,61.29980606257828,92.29510774700724
2025-03-09 20:17:26.037667,1119.0,546.0,343.0,2583.0,1572.0,481.0,62.69626823027869,81.46975800266624,63.521843807611305,40.8083721063486,17.44006792733453,43.87282401441543,41.169285826243865,73.79744106529081,61.29980606257828,92.29510774700724
2025-03-09 20:17:26.037667,1117.0,539.0,339.0,2586.0,1571.0,477.0,62.69626823027869,81.46975800266624,63.521843807611305,40.8083721063486,17.44006792733453,43.87282401441543,41.169285826243865,73.79744106529081,61.29980606257828,92.29510774700724
2025-03-09 20:17:26.037667,1150.0,550.0,341.0,2583.0,1568.0,470.0,62.69626823027869,81.46975800266624,63.521843807611305,40.8083721063486,17.44006792733453,43.87282401441543,41.169285826243865,73.79744106529081,61.29980606257828,92.29510774700724
2025-03-09 20:17:26.046000,1151.0,554.0,338.0,2559.0,1569.0,473.0,62.80134227195857,81.5487759635892,63.305420781923836,40.77401849912343,17.419499764434672,43.832112036986686,41.43696494460405,73.90600490534406,61.29403385264208,92.26566027517185
2025-03-09 20:17:26.046000,1155.0,547.0,342.0,2559.0,1569.0,470.0,62.80134227195857,81.5487759635892,63.305420781923836,40.77401849912343,17.419499764434672,43.832112036986686,41.43696494460405,73.90600490534406,61.29403385264208,92.26566027517185
2025-03-09 20:17:26.046000,1153.0,547.0,342.0,2559.0,1566.0,469.0,62.80134227195857,81.5487759635892,63.305420781923836,40.77401849912343,17.419499764434672,43.832112036986686,41.43696494460405,73.90600490534406,61.29403385264208,92.26566027517185
2025-03-09 20:17:26.046000,1153.0,544.0,346.0,2583.0,1567.0,469.0,62.80134227195857,81.5487759635892,63.305420781923836,40.77401849912343,17.419499764434672,43.832112036986686,41.43696494460405,73.90600490534406,61.29403385264208,92.26566027517185
2025-03-09 20:17:26.054333,1154.0,544.0,338.0,2559.0,1568.0,470.0,62.914291201836754,81.61462853601533,63.06548953357901,40.741112032596426,17.396403187937395,43.79177624259305,41.71975642989298,74.006595771271,61.27020305177708,92.22552431935183
2025-03-09 20:17:26.054333,1158.0,547.0,338.0,2559.0,1566.0,464.0,62.914291201836754,81.61462853601533,63.06548953357901,40.741112032596426,17.396403187937395,43.79177624259305,41.71975642989298,74.006595771271,61.27020305177708,92.22552431935183
2025-03-09 20:17:26.062667,1158.0,558.0,338.0,2559.0,1566.0,464.0,63.03190737674148,81.66688420697459,62.80408411802397,40.70404164090711,17.37356575392265,43.74816639753202,42.01603687877216,74.09521952488261,61.223616174178005,92.17046820722621
2025-03-09 20:17:26.062667,1165.0,553.0,341.0,2559.0,1567.0,464.0,63.03190737674148,81.66688420697459,62.80408411802397,40.70404164090711,17.37356575392265,43.74816639753202,42.01603687877216,74.09521952488261,61.223616174178005,92.17046820722621
2025-03-09 20:17:26.062667,1163.0,550.0,342.0,2559.0,1565.0,463.0,63.03190737674148,81.66688420697459,62.80408411802397,40.70404164090711,17.37356575392265,43.74816639753202,42.01603687877216,74.09521952488261,61.223616174178005,92.17046820722621
2025-03-09 20:17:26.062667,1162.0,548.0,339.0,2559.0,1566.0,462.0,63.03190737674148,81.66688420697459,62.80408411802397,40.70404164090711,17.37356575392265,43.74816639753202,42.01603687877216,74.09521952488261,61.223616174178005,92.17046820722621
2025-03-09 20:17:26.071000,1163.0,551.0,346.0,2559.0,1567.0,464.0,63.15123461528372,81.70658110293178,62.52508731129089,40.66470604881146,17.350958067829104,43.7028983809965,42.32140239908684,74.1722431037216,61.15848425074755,92.0966727072141
2025-03-09 20:17:26.071000,1163.0,555.0,348.0,2559.0,1565.0,464.0,63.15123461528372,81.70658110293178,62.52508731129089,40.66470604881146,17.350958067829104,43.7028983809965,42.32140239908684,74.1722431037216,61.15848425074755,92.0966727072141
2025-03-09 20:17:26.071000,1167.0,560.0,340.0,2559.0,1567.0,463.0,63.15123461528372,81.70658110293178,62.52508731129089,40.66470604881146,17.350958067829104,43.7028983809965,42.32140239908684,74.1722431037216,61.15848425074755,92.0966727072141
2025-03-09 20:17:26.071000,1163.0,560.0,342.0,2559.0,1568.0,462.0,63.15123461528372,81.70658110293178,62.52508731129089,40.66470604881146,17.350958067829104,43.7028983809965,42.32140239908684,74.1722431037216,61.15848425074755,92.0966727072141
2025-03-09 20:17:26.079333,1166.0,557.0,340.0,2559.0,1566.0,455.0,63.26961179343495,81.73500385192526,62.23108017523018,40.622988521188425,17.328911351858654,43.655739320850316,42.63397005976562,74.23865469416626,61.077876804448536,92.00107126317106
2025-03-09 20:17:26.079333,1162.0,560.0,346.0,2559.0,1565.0,455.0,63.26961179343495,81.73500385192526,62.23108017523018,40.622988521188425,17.328911351858654,43.655739320850316,42.63397005976562,74.23865469416626,61.077876804448536,92.00107126317106
2025-03-09 20:17:26.079333,1158.0,557.0,341.0,2559.0,1567.0,456.0,63.26961179343495,81.73500385192526,62.23108017523018,40.622988521188425,17.328911351858654,43.655739320850316,42.63397005976562,74.23865469416626,61.077876804448536,92.00107126317106
2025-03-09 20:17:26.079333,1157.0,558.0,340.0,2559.0,1563.0,452.0,63.26961179343495,81.73500385192526,62.23108017523018,40.622988521188425,17.328911351858654,43.655739320850316,42.63397005976562,74.23865469416626,61.077876804448536,92.00107126317106
2025-03-09 20:17:26.087667,1162.0,557.0,343.0,2559.0,1565.0,455.0,63.383768262961155,81.7521776548341,61.923294729919604,40.57971356479326,17.30729428547756,43.60719735952305,42.95155089569781,74.29421004346398,60.984478186741796,91.88182473503845
2025-03-09 20:17:26.087667,1153.0,560.0,340.0,2559.0,1563.0,453.0,63.383768262961155,81.7521776548341,61.923294729919604,40.57971356479326,17.30729428547756,43.60719735952305,42.95155089569781,74.29421004346398,60.984478186741796,91.88182473503845
2025-03-09 20:17:26.096000,1152.0,562.0,341.0,2559.0,1558.0,448.0,63.49215586085488,81.75823133510376,61.60466743044738,40.53894280354805,17.284802725223464,43.56039473641883,43.269636381794456,74.33952775725894,60.88312150746201,91.73910193345641
2025-03-09 20:17:26.096000,1156.0,560.0,336.0,2559.0,1558.0,450.0,63.49215586085488,81.75823133510376,61.60466743044738,40.53894280354805,17.284802725223464,43.56039473641883,43.269636381794456,74.33952775725894,60.88312150746201,91.73910193345641
2025-03-09 20:17:26.096000,1154.0,569.0,340.0,2559.0,1557.0,448.0,63.49215586085488,81.75823133510376,61.60466743044738,40.53894280354805,17.284802725223464,43.56039473641883,43.269636381794456,74.33952775725894,60.88312150746201,91.73910193345641
2025-03-09 20:17:26.096000,1152.0,566.0,340.0,2559.0,1557.0,448.0,63.49215586085488,81.75823133510376,61.60466743044738,40.53894280354805,17.284802725223464,43.56039473641883,43.269636381794456,74.33952775725894,60.88312150746201,91.73910193345641
2025-03-09 20:17:26.104333,1151.0,565.0,341.0,2559.0,1563.0,448.0,63.595530066391355,81.75322601297982,61.27468995197915,40.503198142397274,17.26026344037438,43.51714716553335,43.58793659178064,74.37560802217159,60.77591307375548,91.57236788190228
2025-03-09 20:17:26.104333,1153.0,564.0,336.0,2559.0,1559.0,448.0,63.595530066391355,81.75322601297982,61.27468995197915,40.503198142397274,17.26026344037438,43.51714716553335,43.58793659178064,74.37560802217159,60.77591307375548,91.57236788190228
2025-03-09 20:17:26.104333,1148.0,566.0,336.0,2559.0,1559.0,446.0,63.595530066391355,81.75322601297982,61.27468995197915,40.503198142397274,17.26026344037438,43.51714716553335,43.58793659178064,74.37560802217159,60.77591307375548,91.57236788190228
2025-03-09 20:17:26.112667,1136.0,567.0,343.0,2559.0,1535.0,442.0,63.69397560372601,81.73694488499855,60.93341697140685,40.470091643705615,17.23486021215554,43.47506099608652,43.90947176105951,74.40405430933338,60.6617354319478,91.38039370666594
2025-03-09 20:17:26.112667,1136.0,569.0,336.0,2559.0,1555.0,442.0,63.69397560372601,81.73694488499855,60.93341697140685,40.470091643705615,17.23486021215554,43.47506099608652,43.90947176105951,74.40405430933338,60.6617354319478,91.38039370666594
2025-03-09 20:17:26.112667,1133.0,571.0,337.0,2559.0,1558.0,438.0,63.69397560372601,81.73694488499855,60.93341697140685,40.470091643705615,17.23486021215554,43.47506099608652,43.90947176105951,74.40405430933338,60.6617354319478,91.38039370666594
2025-03-09 20:17:26.112667,1133.0,567.0,336.0,2559.0,1559.0,439.0,63.69397560372601,81.73694488499855,60.93341697140685,40.470091643705615,17.23486021215554,43.47506099608652,43.90947176105951,74.40405430933338,60.6617354319478,91.38039370666594
2025-03-09 20:17:26.121000,1135.0,566.0,342.0,2559.0,1566.0,442.0,63.78477413962135,81.70915674753633,60.58700161454919,40.43410708612277,17.211949733373462,43.429145442592706,44.23439301290334,74.42664981366889,60.53936115549689,91.16298588128606
2025-03-09 20:17:26.121000,1132.0,568.0,341.0,2559.0,1563.0,439.0,63.78477413962135,81.70915674753633,60.58700161454919,40.43410708612277,17.211949733373462,43.429145442592706,44.23439301290334,74.42664981366889,60.53936115549689,91.16298588128606
2025-03-09 20:17:26.121000,1130.0,571.0,342.0,2559.0,1555.0,435.0,63.78477413962135,81.70915674753633,60.58700161454919,40.43410708612277,17.211949733373462,43.429145442592706,44.23439301290334,74.42664981366889,60.53936115549689,91.16298588128606
2025-03-09 20:17:26.129333,1113.0,570.0,344.0,2557.0,1557.0,431.0,63.86583329444503,81.66973083972557,60.23788873379988,40.39173719946308,17.193948762824302,43.37659815380094,44.563236077472084,74.44331266701766,60.40721658821722,90.92025224755238
2025-03-09 20:17:26.129333,1109.0,571.0,338.0,2558.0,1559.0,432.0,63.86583329444503,81.66973083972557,60.23788873379988,40.39173719946308,17.193948762824302,43.37659815380094,44.563236077472084,74.44331266701766,60.40721658821722,90.92025224755238
2025-03-09 20:17:26.129333,1108.0,576.0,342.0,2551.0,1557.0,432.0,63.86583329444503,81.66973083972557,60.23788873379988,40.39173719946308,17.193948762824302,43.37659815380094,44.563236077472084,74.44331266701766,60.40721658821722,90.92025224755238
2025-03-09 20:17:26.129333,1113.0,570.0,346.0,2559.0,1561.0,431.0,63.86583329444503,81.66973083972557,60.23788873379988,40.39173719946308,17.193948762824302,43.37659815380094,44.563236077472084,74.44331266701766,60.40721658821722,90.92025224755238
2025-03-09 20:17:26.137667,1106.0,576.0,346.0,2558.0,1559.0,432.0,63.93666986616542,81.61944671953593,59.88466512205542,40.34248913050384,17.181335965142413,43.31732978402884,44.89715840529936,74.45358560630574,60.26514661858037,90.65280086459899
2025-03-09 20:17:26.137667,1104.0,574.0,340.0,2555.0,1563.0,429.0,63.93666986616542,81.61944671953593,59.88466512205542,40.34248913050384,17.181335965142413,43.31732978402884,44.89715840529936,74.45358560630574,60.26514661858037,90.65280086459899
2025-03-09 20:17:26.137667,1104.0,578.0,339.0,2555.0,1558.0,431.0,63.93666986616542,81.61944671953593,59.88466512205542,40.34248913050384,17.181335965142413,43.31732978402884,44.89715840529936,74.45358560630574,60.26514661858037,90.65280086459899
2025-03-09 20:17:26.137667,1104.0,570.0,334.0,2554.0,1559.0,432.0,63.93666986616542,81.61944671953593,59.88466512205542,40.34248913050384,17.181335965142413,43.31732978402884,44.89715840529936,74.45358560630574,60.26514661858037,90.65280086459899
2025-03-09 20:17:26.146000,1094.0,574.0,336.0,2551.0,1566.0,427.0,63.9962111674738,81.55943566393572,59.52934786733777,40.2877276285971,17.172031164155978,43.25240847573775,45.231444297033775,74.45706028138446,60.11627591686416,90.36229176300803
2025-03-09 20:17:26.146000,1095.0,576.0,341.0,2553.0,1567.0,427.0,63.9962111674738,81.55943566393572,59.52934786733777,40.2877276285971,17.172031164155978,43.25240847573775,45.231444297033775,74.45706028138446,60.11627591686416,90.36229176300803
2025-03-09 20:17:26.146000,1095.0,577.0,341.0,2551.0,1563.0,428.0,63.9962111674738,81.55943566393572,59.52934786733777,40.2877276285971,17.172031164155978,43.25240847573775,45.231444297033775,74.45706028138446,60.11627591686416,90.36229176300803
2025-03-09 20:17:26.154333,1091.0,578.0,337.0,2549.0,1568.0,425.0,64.04413181629074,81.48986700706257,59.17462937690686,40.23011142931782,17.161029136652218,43.18323956574499,45.55820117008471,74.45349322746947,59.964750445425224,90.05041578116915
2025-03-09 20:17:26.154333,1093.0,576.0,339.0,2554.0,1566.0,423.0,64.04413181629074,81.48986700706257,59.17462937690686,40.23011142931782,17.161029136652218,43.18323956574499,45.55820117008471,74.45349322746947,59.964750445425224,90.05041578116915
2025-03-09 20:17:26.154333,1090.0,582.0,336.0,2549.0,1565.0,426.0,64.04413181629074,81.48986700706257,59.17462937690686,40.23011142931782,17.161029136652218,43.18323956574499,45.55820117008471,74.45349322746947,59.964750445425224,90.05041578116915
2025-03-09 20:17:26.154333,1091.0,586.0,346.0,2554.0,1563.0,421.0,64.04413181629074,81.48986700706257,59.17462937690686,40.23011142931782,17.161029136652218,43.18323956574499,45.55820117008471,74.45349322746947,59.964750445425224,90.05041578116915
2025-03-09 20:17:26.162667,1088.0,590.0,336.0,2549.0,1568.0,416.0,64.08176795430684,81.41103576299376,58.82232723207245,40.16995072180699,17.146885045917113,43.11003896414579,45.87444576018607,74.44277885326306,59.81070479518054,89.7201262939922
2025-03-09 20:17:26.162667,1089.0,591.0,346.0,2544.0,1571.0,418.0,64.08176795430684,81.41103576299376,58.82232723207245,40.16995072180699,17.146885045917113,43.11003896414579,45.87444576018607,74.44277885326306,59.81070479518054,89.7201262939922
2025-03-09 20:17:26.171000,1089.0,583.0,337.0,2547.0,1569.0,418.0,64.11173485468225,81.32389458424562,58.47251736196237,40.1082488206002,17.13011365121677,43.03416814066753,46.18091233316592,74.42539726385881,59.65355257099147,89.3758826472503
2025-03-09 20:17:26.171000,1089.0,589.0,335.0,2547.0,1570.0,420.0,64.11173485468225,81.32389458424562,58.47251736196237,40.1082488206002,17.13011365121677,43.03416814066753,46.18091233316592,74.42539726385881,59.65355257099147,89.3758826472503
2025-03-09 20:17:26.171000,1088.0,592.0,336.0,2546.0,1571.0,417.0,64.11173485468225,81.32389458424562,58.47251736196237,40.1082488206002,17.13011365121677,43.03416814066753,46.18091233316592,74.42539726385881,59.65355257099147,89.3758826472503
2025-03-09 20:17:26.171000,1090.0,592.0,336.0,2547.0,1569.0,417.0,64.11173485468225,81.32389458424562,58.47251736196237,40.1082488206002,17.13011365121677,43.03416814066753,46.18091233316592,74.42539726385881,59.65355257099147,89.3758826472503
2025-03-09 20:17:26.179333,1088.0,592.0,339.0,2545.0,1573.0,416.0,64.13623260110771,81.22844658141177,58.12457945001134,40.04806925803198,17.110584704423836,42.95837670637066,46.478167310926715,74.40204904969094,59.49397440109511,89.020760178717
2025-03-09 20:17:26.179333,1090.0,594.0,338.0,2544.0,1574.0,411.0,64.13623260110771,81.22844658141177,58.12457945001134,40.04806925803198,17.110584704423836,42.95837670637066,46.478167310926715,74.40204904969094,59.49397440109511,89.020760178717
2025-03-09 20:17:26.179333,1089.0,596.0,336.0,2544.0,1573.0,411.0,64.13623260110771,81.22844658141177,58.12457945001134,40.04806925803198,17.110584704423836,42.95837670637066,46.478167310926715,74.40204904969094,59.49397440109511,89.020760178717
2025-03-09 20:17:26.179333,1088.0,592.0,336.0,2544.0,1578.0,410.0,64.13623260110771,81.22844658141177,58.12457945001134,40.04806925803198,17.110584704423836,42.95837670637066,46.478167310926715,74.40204904969094,59.49397440109511,89.020760178717
2025-03-09 20:17:26.187667,1090.0,597.0,336.0,2544.0,1575.0,409.0,64.15542212949929,81.12304511042896,57.77830432036515,39.99023934531626,17.088919867487736,42.883506143300636,46.766137604696524,74.37169232162498,59.33038603512587,88.65479783362636
2025-03-09 20:17:26.187667,1087.0,596.0,336.0,2543.0,1577.0,412.0,64.15542212949929,81.12304511042896,57.77830432036515,39.99023934531626,17.088919867487736,42.883506143300636,46.766137604696524,74.37169232162498,59.33038603512587,88.65479783362636
2025-03-09 20:17:26.187667,1088.0,604.0,336.0,2543.0,1575.0,412.0,64.15542212949929,81.12304511042896,57.77830432036515,39.99023934531626,17.088919867487736,42.883506143300636,46.766137604696524,74.37169232162498,59.33038603512587,88.65479783362636
2025-03-09 20:17:26.196000,1088.0,598.0,336.0,2544.0,1579.0,410.0,64.16704562133548,81.00586894563551,57.43410668051095,39.93358836993163,17.064891567489155,42.808399084684126,47.042860413472134,74.33240562430261,59.16148877765338,88.27681816662101
2025-03-09 20:17:26.196000,1088.0,598.0,338.0,2539.0,1582.0,407.0,64.16704562133548,81.00586894563551,57.43410668051095,39.93358836993163,17.064891567489155,42.808399084684126,47.042860413472134,74.33240562430261,59.16148877765338,88.27681816662101
2025-03-09 20:17:26.196000,1088.0,611.0,337.0,2541.0,1579.0,405.0,64.16704562133548,81.00586894563551,57.43410668051095,39.93358836993163,17.064891567489155,42.808399084684126,47.042860413472134,74.33240562430261,59.16148877765338,88.27681816662101
2025-03-09 20:17:26.196000,1093.0,607.0,329.0,2539.0,1581.0,405.0,64.16704562133548,81.00586894563551,57.43410668051095,39.93358836993163,17.064891567489155,42.808399084684126,47.042860413472134,74.33240562430261,59.16148877765338,88.27681816662101
2025-03-09 20:17:26.204333,1093.0,609.0,336.0,2541.0,1583.0,404.0,64.1684877506089,80.87590004592931,57.092073867476415,39.87718236663766,17.038253956237728,42.732008794417695,47.3071234469608,74.28306278049821,58.987392958464326,87.88637996631505
2025-03-09 20:17:26.204333,1088.0,608.0,335.0,2537.0,1583.0,406.0,64.1684877506089,80.87590004592931,57.092073867476415,39.87718236663766,17.038253956237728,42.732008794417695,47.3071234469608,74.28306278049821,58.987392958464326,87.88637996631505
2025-03-09 20:17:26.204333,1088.0,611.0,333.0,2539.0,1583.0,406.0,64.1684877506089,80.87590004592931,57.092073867476415,39.87718236663766,17.038253956237728,42.732008794417695,47.3071234469608,74.28306278049821,58.987392958464326,87.88637996631505
2025-03-09 20:17:26.212667,1093.0,611.0,336.0,2535.0,1584.0,401.0,64.158681175127,80.7328675559277,56.750445765488905,39.81948511385971,17.009777273282054,42.65300247815376,47.56116697173864,74.22340591912608,58.80709711108867,87.4838004934093
2025-03-09 20:17:26.212667,1099.0,624.0,336.0,2530.0,1584.0,401.0,64.158681175127,80.7328675559277,56.750445765488905,39.81948511385971,17.009777273282054,42.65300247815376,47.56116697173864,74.22340591912608,58.80709711108867,87.4838004934093
2025-03-09 20:17:26.212667,1102.0,613.0,336.0,2531.0,1585.0,400.0,64.158681175127,80.7328675559277,56.750445765488905,39.81948511385971,17.009777273282054,42.65300247815376,47.56116697173864,74.22340591912608,58.80709711108867,87.4838004934093
2025-03-09 20:17:26.212667,1104.0,624.0,336.0,2535.0,1584.0,402.0,64.158681175127,80.7328675559277,56.750445765488905,39.81948511385971,17.009777273282054,42.65300247815376,47.56116697173864,74.22340591912608,58.80709711108867,87.4838004934093
2025-03-09 20:17:26.221000,1104.0,623.0,334.0,2535.0,1589.0,401.0,64.13819144633588,80.57790572381357,56.40821056610048,39.758069264617305,16.97953013264519,42.56904488761943,47.80748865144793,74.15497279232223,58.620001761717624,87.07104541189227
2025-03-09 20:17:26.221000,1104.0,624.0,336.0,2535.0,1584.0,399.0,64.13819144633588,80.57790572381357,56.40821056610048,39.758069264617305,16.97953013264519,42.56904488761943,47.80748865144793,74.15497279232223,58.620001761717624,87.07104541189227
2025-03-09 20:17:26.221000,1104.0,622.0,337.0,2534.0,1585.0,400.0,64.13819144633588,80.57790572381357,56.40821056610048,39.758069264617305,16.97953013264519,42.56904488761943,47.80748865144793,74.15497279232223,58.620001761717624,87.07104541189227
2025-03-09 20:17:26.229333,1104.0,618.0,336.0,2532.0,1585.0,401.0,64.10840794149152,80.41266808529666,56.06520929477337,39.690416247731214,16.947609901394827,42.47777785872904,48.04826588673877,74.07982458529573,58.42546697350633,86.65037985063366
2025-03-09 20:17:26.229333,1104.0,623.0,340.0,2539.0,1589.0,399.0,64.10840794149152,80.41266808529666,56.06520929477337,39.690416247731214,16.947609901394827,42.47777785872904,48.04826588673877,74.07982458529573,58.42546697350633,86.65037985063366
2025-03-09 20:17:26.229333,1106.0,627.0,339.0,2530.0,1590.0,398.0,64.10840794149152,80.41266808529666,56.06520929477337,39.690416247731214,16.947609901394827,42.47777785872904,48.04826588673877,74.07982458529573,58.42546697350633,86.65037985063366
2025-03-09 20:17:26.237667,1104.0,627.0,336.0,2535.0,1584.0,398.0,64.07088692636071,80.23806798028018,55.71923170541362,39.615611618758344,16.913880171310993,42.37847477866832,48.2859726593571,73.99866073702889,58.22248979121646,86.22213835792947
2025-03-09 20:17:26.237667,1104.0,628.0,342.0,2535.0,1586.0,399.0,64.07088692636071,80.23806798028018,55.71923170541362,39.615611618758344,16.913880171310993,42.37847477866832,48.2859726593571,73.99866073702889,58.22248979121646,86.22213835792947
2025-03-09 20:17:26.237667,1103.0,633.0,344.0,2533.0,1589.0,399.0,64.07088692636071,80.23806798028018,55.71923170541362,39.615611618758344,16.913880171310993,42.37847477866832,48.2859726593571,73.99866073702889,58.22248979121646,86.22213835792947
2025-03-09 20:17:26.237667,1104.0,627.0,334.0,2533.0,1587.0,399.0,64.07088692636071,80.23806798028018,55.71923170541362,39.615611618758344,16.913880171310993,42.37847477866832,48.2859726593571,73.99866073702889,58.22248979121646,86.22213835792947
2025-03-09 20:17:26.246000,1104.0,630.0,336.0,2530.0,1587.0,395.0,64.02678461001354,80.05425624267144,55.36625665216065,39.53447273343883,16.877755171289838,42.27214849954814,48.52271513482357,73.91052745441984,58.010235502912025,85.78593373081074
2025-03-09 20:17:26.246000,1105.0,634.0,339.0,2532.0,1589.0,397.0,64.02678461001354,80.05425624267144,55.36625665216065,39.53447273343883,16.877755171289838,42.27214849954814,48.52271513482357,73.91052745441984,58.010235502912025,85.78593373081074
2025-03-09 20:17:26.246000,1102.0,634.0,332.0,2530.0,1589.0,395.0,64.02678461001354,80.05425624267144,55.36625665216065,39.53447273343883,16.877755171289838,42.27214849954814,48.52271513482357,73.91052745441984,58.010235502912025,85.78593373081074
2025-03-09 20:17:26.254333,1102.0,635.0,337.0,2533.0,1591.0,394.0,63.975643114041844,79.86089576794818,55.004264113813065,39.44920939510166,16.838593717176348,42.160950833676594,48.758125524926754,73.8140075823203,57.78974370478424,85.34259178156961
2025-03-09 20:17:26.254333,1101.0,639.0,335.0,2531.0,1586.0,391.0,63.975643114041844,79.86089576794818,55.004264113813065,39.44920939510166,16.838593717176348,42.160950833676594,48.758125524926754,73.8140075823203,57.78974370478424,85.34259178156961
2025-03-09 20:17:26.254333,1104.0,629.0,337.0,2527.0,1586.0,393.0,63.975643114041844,79.86089576794818,55.004264113813065,39.44920939510166,16.838593717176348,42.160950833676594,48.758125524926754,73.8140075823203,57.78974370478424,85.34259178156961
2025-03-09 20:17:26.254333,1102.0,639.0,336.0,2524.0,1587.0,390.0,63.975643114041844,79.86089576794818,55.004264113813065,39.44920939510166,16.838593717176348,42.160950833676594,48.758125524926754,73.8140075823203,57.78974370478424,85.34259178156961
2025-03-09 20:17:26.262667,1102.0,637.0,336.0,2533.0,1586.0,392.0,63.916273320979506,79.6574329583062,54.63415501953085,39.363012160073126,16.795701126744223,42.047772319827615,48.989172644535934,73.7078628842343,57.56352412567161,84.89346110727978
2025-03-09 20:17:26.262667,1101.0,646.0,336.0,2528.0,1585.0,389.0,63.916273320979506,79.6574329583062,54.63415501953085,39.363012160073126,16.795701126744223,42.047772319827615,48.989172644535934,73.7078628842343,57.56352412567161,84.89346110727978
2025-03-09 20:17:26.262667,1103.0,644.0,340.0,2531.0,1586.0,387.0,63.916273320979506,79.6574329583062,54.63415501953085,39.363012160073126,16.795701126744223,42.047772319827615,48.989172644535934,73.7078628842343,57.56352412567161,84.89346110727978
2025-03-09 20:17:26.271000,1097.0,646.0,341.0,2529.0,1584.0,386.0,63.848506324807104,79.44419930416188,54.25834302895029,39.277697879101666,16.748125014034613,41.93395363739389,49.21301618839698,73.59277634160492,57.334155670986874,84.43978197097627
2025-03-09 20:17:26.271000,1101.0,649.0,338.0,2526.0,1584.0,387.0,63.848506324807104,79.44419930416188,54.25834302895029,39.277697879101666,16.748125014034613,41.93395363739389,49.21301618839698,73.59277634160492,57.334155670986874,84.43978197097627
2025-03-09 20:17:26.271000,1099.0,644.0,336.0,2527.0,1586.0,390.0,63.848506324807104,79.44419930416188,54.25834302895029,39.277697879101666,16.748125014034613,41.93395363739389,49.21301618839698,73.59277634160492,57.334155670986874,84.43978197097627
2025-03-09 20:17:26.271000,1101.0,651.0,337.0,2529.0,1585.0,388.0,63.848506324807104,79.44419930416188,54.25834302895029,39.277697879101666,16.748125014034613,41.93395363739389,49.21301618839698,73.59277634160492,57.334155670986874,84.43978197097627
2025-03-09 20:17:26.279333,1099.0,650.0,339.0,2527.0,1584.0,389.0,63.772304536550536,79.22176489226007,53.8785095272814,39.19362008237753,16.694819711124993,41.81920808591167,49.42849268852033,73.47052389585541,57.10381048742182,83.98289528646744
2025-03-09 20:17:26.279333,1103.0,656.0,336.0,2525.0,1584.0,383.0,63.772304536550536,79.22176489226007,53.8785095272814,39.19362008237753,16.694819711124993,41.81920808591167,49.42849268852033,73.47052389585541,57.10381048742182,83.98289528646744
2025-03-09 20:17:26.279333,1101.0,658.0,339.0,2521.0,1584.0,384.0,63.772304536550536,79.22176489226007,53.8785095272814,39.19362008237753,16.694819711124993,41.81920808591167,49.42849268852033,73.47052389585541,57.10381048742182,83.98289528646744
2025-03-09 20:17:26.287667,1101.0,656.0,340.0,2529.0,1584.0,384.0,63.68757042541931,78.99100653392176,53.49646487332163,39.112641551709146,16.634189390107178,41.704693043653144,49.63329511021826,73.3424852912874,56.876046462210645,83.52518729772872
2025-03-09 20:17:26.287667,1104.0,658.0,346.0,2523.0,1583.0,384.0,63.68757042541931,78.99100653392176,53.49646487332163,39.112641551709146,16.634189390107178,41.704693043653144,49.63329511021826,73.3424852912874,56.876046462210645,83.52518729772872
2025-03-09 20:17:26.287667,1104.0,662.0,342.0,2526.0,1584.0,384.0,63.68757042541931,78.99100653392176,53.49646487332163,39.112641551709146,16.634189390107178,41.704693043653144,49.63329511021826,73.3424852912874,56.876046462210645,83.52518729772872
2025-03-09 20:17:26.296000,1102.0,660.0,344.0,2526.0,1584.0,383.0,63.59376379244214,78.75277435958844,53.11464106369561,39.03629881891581,16.56745237058285,41.592378579474676,49.82580390889894,73.20825497962748,56.65265176195396,83.06978440328372
2025-03-09 20:17:26.296000,1101.0,659.0,339.0,2526.0,1584.0,382.0,63.59376379244214,78.75277435958844,53.11464106369561,39.03629881891581,16.56745237058285,41.592378579474676,49.82580390889894,73.20825497962748,56.65265176195396,83.06978440328372
2025-03-09 20:17:26.296000,1101.0,670.0,343.0,2524.0,1583.0,382.0,63.59376379244214,78.75277435958844,53.11464106369561,39.03629881891581,16.56745237058285,41.592378579474676,49.82580390889894,73.20825497962748,56.65265176195396,83.06978440328372
2025-03-09 20:17:26.296000,1101.0,675.0,337.0,2522.0,1581.0,378.0,63.59376379244214,78.75277435958844,53.11464106369561,39.03629881891581,16.56745237058285,41.592378579474676,49.82580390889894,73.20825497962748,56.65265176195396,83.06978440328372
2025-03-09 20:17:26.304333,1103.0,675.0,342.0,2522.0,1581.0,381.0,63.489891182561266,78.5079581796888,52.735031543491374,38.96347164684814,16.499014407726108,41.48269985946938,50.00742040626277,73.06657496490455,56.432332525658786,82.62013214998655
2025-03-09 20:17:26.304333,1104.0,673.0,345.0,2528.0,1579.0,375.0,63.489891182561266,78.5079581796888,52.735031543491374,38.96347164684814,16.499014407726108,41.48269985946938,50.00742040626277,73.06657496490455,56.432332525658786,82.62013214998655
2025-03-09 20:17:26.304333,1100.0,679.0,348.0,2521.0,1584.0,374.0,63.489891182561266,78.5079581796888,52.735031543491374,38.96347164684814,16.499014407726108,41.48269985946938,50.00742040626277,73.06657496490455,56.432332525658786,82.62013214998655
2025-03-09 20:17:26.312667,1104.0,676.0,343.0,2526.0,1581.0,373.0,63.375037824546624,78.25779721858143,52.36058990881677,38.89313197743289,16.430639157695982,41.375335667556875,50.1772299340172,72.91740478251681,56.21575519684864,82.17972533329875
2025-03-09 20:17:26.312667,1103.0,677.0,346.0,2524.0,1579.0,375.0,63.375037824546624,78.25779721858143,52.36058990881677,38.89313197743289,16.430639157695982,41.375335667556875,50.1772299340172,72.91740478251681,56.21575519684864,82.17972533329875
2025-03-09 20:17:26.312667,1100.0,688.0,337.0,2521.0,1573.0,371.0,63.375037824546624,78.25779721858143,52.36058990881677,38.89313197743289,16.430639157695982,41.375335667556875,50.1772299340172,72.91740478251681,56.21575519684864,82.17972533329875
2025-03-09 20:17:26.312667,1101.0,689.0,351.0,2522.0,1574.0,369.0,63.375037824546624,78.25779721858143,52.36058990881677,38.89313197743289,16.430639157695982,41.375335667556875,50.1772299340172,72.91740478251681,56.21575519684864,82.17972533329875
2025-03-09 20:17:26.321000,1100.0,690.0,347.0,2517.0,1573.0,369.0,63.2484030530463,78.00337401994405,51.995408031655906,38.82437980239909,16.361471787530444,41.26925896901613,50.33159915518704,72.76157615679325,56.004910326912466,81.75211966931704
2025-03-09 20:17:26.321000,1100.0,688.0,342.0,2518.0,1576.0,369.0,63.2484030530463,78.00337401994405,51.995408031655906,38.82437980239909,16.361471787530444,41.26925896901613,50.33159915518704,72.76157615679325,56.004910326912466,81.75211966931704
2025-03-09 20:17:26.321000,1103.0,684.0,343.0,2526.0,1570.0,368.0,63.2484030530463,78.00337401994405,51.995408031655906,38.82437980239909,16.361471787530444,41.26925896901613,50.33159915518704,72.76157615679325,56.004910326912466,81.75211966931704
2025-03-09 20:17:26.329333,1102.0,690.0,343.0,2519.0,1571.0,368.0,63.110594773925875,77.74648796324867,51.6416211279734,38.754082959389436,16.291701348220702,41.16158521350684,50.47073303725162,72.60097836039253,55.79954713997892,81.34084501862597
2025-03-09 20:17:26.329333,1100.0,688.0,343.0,2519.0,1571.0,367.0,63.110594773925875,77.74648796324867,51.6416211279734,38.754082959389436,16.291701348220702,41.16158521350684,50.47073303725162,72.60097836039253,55.79954713997892,81.34084501862597
2025-03-09 20:17:26.329333,1097.0,695.0,350.0,2520.0,1569.0,365.0,63.110594773925875,77.74648796324867,51.6416211279734,38.754082959389436,16.291701348220702,41.16158521350684,50.47073303725162,72.60097836039253,55.79954713997892,81.34084501862597
2025-03-09 20:17:26.329333,1101.0,701.0,353.0,2519.0,1569.0,365.0,63.110594773925875,77.74648796324867,51.6416211279734,38.754082959389436,16.291701348220702,41.16158521350684,50.47073303725162,72.60097836039253,55.79954713997892,81.34084501862597
2025-03-09 20:17:26.337667,1099.0,698.0,347.0,2512.0,1568.0,363.0,62.96373041655365,77.48950807785069,51.29970642218388,38.67833976112425,16.221803913259084,41.04874468351276,50.59741923563551,72.43847742055023,55.59824234852627,80.94903262109622
2025-03-09 20:17:26.337667,1095.0,704.0,351.0,2514.0,1569.0,363.0,62.96373041655365,77.48950807785069,51.29970642218388,38.67833976112425,16.221803913259084,41.04874468351276,50.59741923563551,72.43847742055023,55.59824234852627,80.94903262109622
2025-03-09 20:17:26.337667,1097.0,707.0,350.0,2513.0,1568.0,363.0,62.96373041655365,77.48950807785069,51.29970642218388,38.67833976112425,16.221803913259084,41.04874468351276,50.59741923563551,72.43847742055023,55.59824234852627,80.94903262109622
2025-03-09 20:17:26.346000,1093.0,704.0,350.0,2513.0,1567.0,359.0,62.80923779388987,77.23362612387763,50.971008975716536,38.595543589689754,16.15156584737138,40.92910740867188,50.7118350416678,72.27586350138819,55.40053884004182,80.57889024422802
2025-03-09 20:17:26.346000,1091.0,707.0,351.0,2517.0,1567.0,362.0,62.80923779388987,77.23362612387763,50.971008975716536,38.595543589689754,16.15156584737138,40.92910740867188,50.7118350416678,72.27586350138819,55.40053884004182,80.57889024422802
2025-03-09 20:17:26.346000,1081.0,705.0,354.0,2512.0,1560.0,353.0,62.80923779388987,77.23362612387763,50.971008975716536,38.595543589689754,16.15156584737138,40.92910740867188,50.7118350416678,72.27586350138819,55.40053884004182,80.57889024422802
2025-03-09 20:17:26.354333,1078.0,709.0,347.0,2511.0,1563.0,352.0,62.648131342424605,76.9796493912673,50.65781119969458,38.50779687685414,16.081606212947623,40.80488080713097,50.81254936711147,72.11358884804537,55.207730797620556,80.23267462996014
2025-03-09 20:17:26.354333,1078.0,714.0,359.0,2512.0,1558.0,352.0,62.648131342424605,76.9796493912673,50.65781119969458,38.50779687685414,16.081606212947623,40.80488080713097,50.81254936711147,72.11358884804537,55.207730797620556,80.23267462996014
2025-03-09 20:17:26.354333,1079.0,715.0,351.0,2512.0,1555.0,352.0,62.648131342424605,76.9796493912673,50.65781119969458,38.50779687685414,16.081606212947623,40.80488080713097,50.81254936711147,72.11358884804537,55.207730797620556,80.23267462996014
2025-03-09 20:17:26.354333,1078.0,714.0,351.0,2512.0,1557.0,351.0,62.648131342424605,76.9796493912673,50.65781119969458,38.50779687685414,16.081606212947623,40.80488080713097,50.81254936711147,72.11358884804537,55.207730797620556,80.23267462996014
2025-03-09 20:17:26.362667,1075.0,713.0,355.0,2511.0,1558.0,351.0,62.48258071826598,76.72807276437506,50.36054528923817,38.42033948107732,16.013750880768768,40.68200650064062,50.8991461662805,71.95025213587023,55.02067572915946,79.91259599385872
2025-03-09 20:17:26.362667,1075.0,717.0,351.0,2510.0,1559.0,350.0,62.48258071826598,76.72807276437506,50.36054528923817,38.42033948107732,16.013750880768768,40.68200650064062,50.8991461662805,71.95025213587023,55.02067572915946,79.91259599385872
2025-03-09 20:17:26.362667,1067.0,730.0,365.0,2512.0,1535.0,342.0,62.48258071826598,76.72807276437506,50.36054528923817,38.42033948107732,16.013750880768768,40.68200650064062,50.8991461662805,71.95025213587023,55.02067572915946,79.91259599385872
2025-03-09 20:17:26.371000,1067.0,723.0,354.0,2510.0,1535.0,342.0,62.31367805160018,76.47865242672353,50.078936391721044,38.33804152917545,15.948946330161444,40.56567814668473,50.97100604533322,71.78426784981153,54.84056450685589,79.62026216025055
2025-03-09 20:17:26.371000,1065.0,727.0,358.0,2510.0,1535.0,340.0,62.31367805160018,76.47865242672353,50.078936391721044,38.33804152917545,15.948946330161444,40.56567814668473,50.97100604533322,71.78426784981153,54.84056450685589,79.62026216025055
2025-03-09 20:17:26.371000,1068.0,731.0,364.0,2509.0,1535.0,344.0,62.31367805160018,76.47865242672353,50.078936391721044,38.33804152917545,15.948946330161444,40.56567814668473,50.97100604533322,71.78426784981153,54.84056450685589,79.62026216025055
2025-03-09 20:17:26.371000,1069.0,735.0,359.0,2510.0,1555.0,340.0,62.31367805160018,76.47865242672353,50.078936391721044,38.33804152917545,15.948946330161444,40.56567814668473,50.97100604533322,71.78426784981153,54.84056450685589,79.62026216025055
2025-03-09 20:17:26.379333,1070.0,730.0,362.0,2507.0,1535.0,340.0,62.14253999497752,76.23337307756535,49.815271389917854,38.26283532699803,15.88735164963934,40.45763304941587,51.02771930502159,71.61771670148174,54.670462967669,79.3585782975264
2025-03-09 20:17:26.379333,1063.0,729.0,358.0,2509.0,1535.0,338.0,62.14253999497752,76.23337307756535,49.815271389917854,38.26283532699803,15.88735164963934,40.45763304941587,51.02771930502159,71.61771670148174,54.670462967669,79.3585782975264
2025-03-09 20:17:26.379333,1063.0,742.0,361.0,2507.0,1535.0,336.0,62.14253999497752,76.23337307756535,49.815271389917854,38.26283532699803,15.88735164963934,40.45763304941587,51.02771930502159,71.61771670148174,54.670462967669,79.3585782975264
2025-03-09 20:17:26.387667,1065.0,751.0,365.0,2504.0,1535.0,336.0,61.97253713161417,75.9960454619164,49.573071375298646,38.194246993086715,15.829336287849934,40.35738254979622,51.07008266894179,71.45510069047319,54.5121848365507,79.1303931963137
2025-03-09 20:17:26.387667,1059.0,752.0,368.0,2505.0,1535.0,334.0,61.97253713161417,75.9960454619164,49.573071375298646,38.194246993086715,15.829336287849934,40.35738254979622,51.07008266894179,71.45510069047319,54.5121848365507,79.1303931963137
2025-03-09 20:17:26.387667,1063.0,752.0,368.0,2508.0,1531.0,332.0,61.97253713161417,75.9960454619164,49.573071375298646,38.194246993086715,15.829336287849934,40.35738254979622,51.07008266894179,71.45510069047319,54.5121848365507,79.1303931963137
2025-03-09 20:17:26.387667,1062.0,752.0,368.0,2512.0,1533.0,335.0,61.97253713161417,75.9960454619164,49.573071375298646,38.194246993086715,15.829336287849934,40.35738254979622,51.07008266894179,71.45510069047319,54.5121848365507,79.1303931963137
2025-03-09 20:17:26.396000,1062.0,753.0,366.0,2503.0,1527.0,331.0,61.80550107344776,75.76842847718854,49.354754165971464,38.1316237161656,15.774738438881718,40.264340315091246,51.09737903542044,71.29833348547409,54.36594908567969,78.93695058239915
2025-03-09 20:17:26.396000,1061.0,756.0,366.0,2497.0,1526.0,334.0,61.80550107344776,75.76842847718854,49.354754165971464,38.1316237161656,15.774738438881718,40.264340315091246,51.09737903542044,71.29833348547409,54.36594908567969,78.93695058239915
2025-03-09 20:17:26.396000,1061.0,753.0,369.0,2507.0,1526.0,331.0,61.80550107344776,75.76842847718854,49.354754165971464,38.1316237161656,15.774738438881718,40.264340315091246,51.09737903542044,71.29833348547409,54.36594908567969,78.93695058239915
2025-03-09 20:17:26.404333,1059.0,767.0,369.0,2497.0,1522.0,324.0,61.64282692440173,75.55228736378251,49.161785636627904,38.074760863548654,15.723552759110229,40.17855456737148,51.10928696026454,71.148532184245,54.23230665236396,78.78017986385409
2025-03-09 20:17:26.404333,1059.0,775.0,373.0,2503.0,1520.0,325.0,61.64282692440173,75.55228736378251,49.161785636627904,38.074760863548654,15.723552759110229,40.17855456737148,51.10928696026454,71.148532184245,54.23230665236396,78.78017986385409
2025-03-09 20:17:26.404333,1057.0,767.0,374.0,2501.0,1520.0,323.0,61.64282692440173,75.55228736378251,49.161785636627904,38.074760863548654,15.723552759110229,40.17855456737148,51.10928696026454,71.148532184245,54.23230665236396,78.78017986385409
2025-03-09 20:17:26.412667,1058.0,768.0,373.0,2502.0,1520.0,323.0,61.487061007848325,75.34961902165541,48.993619041102136,38.024008388373986,15.67686417103484,40.101227580787864,51.10764383555493,71.00597512558015,54.110541755787864,78.66188381556535
2025-03-09 20:17:26.412667,1056.0,768.0,375.0,2499.0,1521.0,321.0,61.487061007848325,75.34961902165541,48.993619041102136,38.024008388373986,15.67686417103484,40.101227580787864,51.10764383555493,71.00597512558015,54.110541755787864,78.66188381556535
2025-03-09 20:17:26.412667,1059.0,769.0,378.0,2496.0,1520.0,320.0,61.487061007848325,75.34961902165541,48.993619041102136,38.024008388373986,15.67686417103484,40.101227580787864,51.10764383555493,71.00597512558015,54.110541755787864,78.66188381556535
2025-03-09 20:17:26.412667,1057.0,770.0,382.0,2503.0,1519.0,321.0,61.487061007848325,75.34961902165541,48.993619041102136,38.024008388373986,15.67686417103484,40.101227580787864,51.10764383555493,71.00597512558015,54.110541755787864,78.66188381556535
2025-03-09 20:17:26.421000,1051.0,769.0,377.0,2506.0,1504.0,317.0,61.33987337842506,75.16203233480577,48.85083205352748,37.98091076749399,15.635906031890055,40.035011007753084,51.09215797753183,70.86941092164288,54.00054928907712,78.58298574407843
2025-03-09 20:17:26.421000,1047.0,778.0,380.0,2497.0,1505.0,315.0,61.33987337842506,75.16203233480577,48.85083205352748,37.98091076749399,15.635906031890055,40.035011007753084,51.09215797753183,70.86941092164288,54.00054928907712,78.58298574407843
2025-03-09 20:17:26.421000,1050.0,778.0,375.0,2496.0,1504.0,314.0,61.33987337842506,75.16203233480577,48.85083205352748,37.98091076749399,15.635906031890055,40.035011007753084,51.09215797753183,70.86941092164288,54.00054928907712,78.58298574407843
2025-03-09 20:17:26.429333,1050.0,777.0,382.0,2500.0,1503.0,313.0,61.20210747770063,74.9909107355885,48.736105859546036,37.947001260610826,15.600898853892428,39.98188178431131,51.0604969053804,70.73865777357248,53.90365922004147,78.54320775654638
2025-03-09 20:17:26.429333,1040.0,783.0,381.0,2503.0,1504.0,315.0,61.20210747770063,74.9909107355885,48.736105859546036,37.947001260610826,15.600898853892428,39.98188178431131,51.0604969053804,70.73865777357248,53.90365922004147,78.54320775654638
2025-03-09 20:17:26.429333,1046.0,774.0,377.0,2499.0,1504.0,314.0,61.20210747770063,74.9909107355885,48.736105859546036,37.947001260610826,15.600898853892428,39.98188178431131,51.0604969053804,70.73865777357248,53.90365922004147,78.54320775654638
2025-03-09 20:17:26.429333,1047.0,778.0,378.0,2497.0,1502.0,311.0,61.20210747770063,74.9909107355885,48.736105859546036,37.947001260610826,15.600898853892428,39.98188178431131,51.0604969053804,70.73865777357248,53.90365922004147,78.54320775654638
2025-03-09 20:17:26.437667,1040.0,784.0,386.0,2495.0,1487.0,308.0,61.07446730950715,74.83668358477642,48.65121083673285,37.9219956352523,15.571407117379511,39.941272954824925,51.01172721122275,70.61503246792161,53.82002505363872,78.54094005319139
2025-03-09 20:17:26.437667,1040.0,780.0,383.0,2496.0,1488.0,308.0,61.07446730950715,74.83668358477642,48.65121083673285,37.9219956352523,15.571407117379511,39.941272954824925,51.01172721122275,70.61503246792161,53.82002505363872,78.54094005319139
2025-03-09 20:17:26.437667,1038.0,781.0,387.0,2496.0,1487.0,305.0,61.07446730950715,74.83668358477642,48.65121083673285,37.9219956352523,15.571407117379511,39.941272954824925,51.01172721122275,70.61503246792161,53.82002505363872,78.54094005319139
2025-03-09 20:17:26.446000,1039.0,783.0,385.0,2495.0,1486.0,304.0,60.95798710006641,74.70035895362784,48.59634540908681,37.904122273100164,15.546274047241162,39.910912023261986,50.946718203474745,70.50095164878492,53.74976945880384,78.57521024972807
2025-03-09 20:17:26.446000,1040.0,784.0,385.0,2496.0,1485.0,305.0,60.95798710006641,74.70035895362784,48.59634540908681,37.904122273100164,15.546274047241162,39.910912023261986,50.946718203474745,70.50095164878492,53.74976945880384,78.57521024972807
2025-03-09 20:17:26.446000,1038.0,781.0,382.0,2495.0,1487.0,307.0,60.95798710006641,74.70035895362784,48.59634540908681,37.904122273100164,15.546274047241162,39.910912023261986,50.946718203474745,70.50095164878492,53.74976945880384,78.57521024972807
2025-03-09 20:17:26.446000,1035.0,784.0,384.0,2497.0,1485.0,307.0,60.95798710006641,74.70035895362784,48.59634540908681,37.904122273100164,15.546274047241162,39.910912023261986,50.946718203474745,70.50095164878492,53.74976945880384,78.57521024972807
2025-03-09 20:17:26.454333,1021.0,784.0,390.0,2495.0,1470.0,304.0,60.852632045217504,74.58259386243495,48.570168324219445,37.89124901694749,15.52442237034938,39.8886443492343,50.86642573797475,70.39683730134095,53.692607984905266,78.64519721282711
2025-03-09 20:17:26.454333,1021.0,784.0,392.0,2502.0,1472.0,304.0,60.852632045217504,74.58259386243495,48.570168324219445,37.89124901694749,15.52442237034938,39.8886443492343,50.86642573797475,70.39683730134095,53.692607984905266,78.64519721282711
2025-03-09 20:17:26.454333,1019.0,781.0,391.0,2495.0,1472.0,303.0,60.852632045217504,74.58259386243495,48.570168324219445,37.89124901694749,15.52442237034938,39.8886443492343,50.86642573797475,70.39683730134095,53.692607984905266,78.64519721282711
2025-03-09 20:17:26.462667,1017.0,782.0,395.0,2495.0,1471.0,304.0,60.75720878394813,74.48298744360595,48.57105439198052,37.882830791684135,15.504902082892087,39.87393288473973,50.77077191412156,70.30148592843494,53.64880600266617,78.74970907496005
2025-03-09 20:17:26.462667,1019.0,782.0,397.0,2494.0,1472.0,303.0,60.75720878394813,74.48298744360595,48.57105439198052,37.882830791684135,15.504902082892087,39.87393288473973,50.77077191412156,70.30148592843494,53.64880600266617,78.74970907496005
2025-03-09 20:17:26.462667,1014.0,784.0,387.0,2495.0,1470.0,303.0,60.75720878394813,74.48298744360595,48.57105439198052,37.882830791684135,15.504902082892087,39.87393288473973,50.77077191412156,70.30148592843494,53.64880600266617,78.74970907496005
2025-03-09 20:17:26.462667,1014.0,780.0,389.0,2495.0,1469.0,304.0,60.75720878394813,74.48298744360595,48.57105439198052,37.882830791684135,15.504902082892087,39.87393288473973,50.77077191412156,70.30148592843494,53.64880600266617,78.74970907496005
2025-03-09 20:17:26.471000,998.0,783.0,398.0,2490.0,1458.0,302.0,60.66980513797784,74.40072074950636,48.598904133837976,37.879784936146464,15.486547875082595,39.86729379953689,50.65805705413678,70.21391668309187,53.620175410937314,78.88689857825935
2025-03-09 20:17:26.471000,996.0,777.0,394.0,2490.0,1457.0,298.0,60.66980513797784,74.40072074950636,48.598904133837976,37.879784936146464,15.486547875082595,39.86729379953689,50.65805705413678,70.21391668309187,53.620175410937314,78.88689857825935
2025-03-09 20:17:26.471000,992.0,774.0,391.0,2492.0,1455.0,300.0,60.66980513797784,74.40072074950636,48.598904133837976,37.879784936146464,15.486547875082595,39.86729379953689,50.65805705413678,70.21391668309187,53.620175410937314,78.88689857825935
2025-03-09 20:17:26.471000,993.0,775.0,398.0,2491.0,1456.0,301.0,60.66980513797784,74.40072074950636,48.598904133837976,37.879784936146464,15.486547875082595,39.86729379953689,50.65805705413678,70.21391668309187,53.620175410937314,78.88689857825935
2025-03-09 20:17:26.479333,989.0,777.0,396.0,2491.0,1456.0,300.0,60.587912240550146,74.33470837089396,48.65377794457166,37.88243395317468,15.469411761218195,39.8687914334057,50.527474073057085,70.13310175417709,53.60789899858537,79.05476018050882
2025-03-09 20:17:26.479333,989.0,773.0,399.0,2491.0,1456.0,301.0,60.587912240550146,74.33470837089396,48.65377794457166,37.88243395317468,15.469411761218195,39.8687914334057,50.527474073057085,70.13310175417709,53.60789899858537,79.05476018050882
2025-03-09 20:17:26.479333,982.0,775.0,393.0,2490.0,1454.0,298.0,60.587912240550146,74.33470837089396,48.65377794457166,37.88243395317468,15.469411761218195,39.8687914334057,50.527474073057085,70.13310175417709,53.60789899858537,79.05476018050882
2025-03-09 20:17:26.487667,962.0,761.0,396.0,2490.0,1444.0,295.0,60.50940796091692,74.28397710166024,48.7350900983692,37.889350102541826,15.454075784716151,39.87704643512798,50.37939997910863,70.05802886440925,53.61137401268702,79.25153501959565
2025-03-09 20:17:26.487667,962.0,766.0,395.0,2490.0,1442.0,295.0,60.50940796091692,74.28397710166024,48.7350900983692,37.889350102541826,15.454075784716151,39.87704643512798,50.37939997910863,70.05802886440925,53.61137401268702,79.25153501959565
2025-03-09 20:17:26.487667,960.0,766.0,400.0,2491.0,1443.0,296.0,60.50940796091692,74.28397710166024,48.7350900983692,37.889350102541826,15.454075784716151,39.87704643512798,50.37939997910863,70.05802886440925,53.61137401268702,79.25153501959565
2025-03-09 20:17:26.496000,960.0,762.0,398.0,2491.0,1440.0,295.0,60.43155053137993,74.2470781714312,48.8425121852496,37.898436292231736,15.441091265022942,39.89049308619637,50.21259994393693,69.9858627492508,53.628794323049675,79.47507624696168
2025-03-09 20:17:26.496000,961.0,763.0,400.0,2489.0,1442.0,295.0,60.43155053137993,74.2470781714312,48.8425121852496,37.898436292231736,15.441091265022942,39.89049308619637,50.21259994393693,69.9858627492508,53.628794323049675,79.47507624696168
2025-03-09 20:17:26.496000,959.0,763.0,395.0,2490.0,1440.0,297.0,60.43155053137993,74.2470781714312,48.8425121852496,37.898436292231736,15.441091265022942,39.89049308619637,50.21259994393693,69.9858627492508,53.628794323049675,79.47507624696168
2025-03-09 20:17:26.496000,959.0,765.0,396.0,2487.0,1439.0,295.0,60.43155053137993,74.2470781714312,48.8425121852496,37.898436292231736,15.441091265022942,39.89049308619637,50.21259994393693,69.9858627492508,53.628794323049675,79.47507624696168
2025-03-09 20:17:26.496000,953.0,763.0,400.0,2483.0,1439.0,295.0,60.43155053137993,74.2470781714312,48.8425121852496,37.898436292231736,15.441091265022942,39.89049308619637,50.21259994393693,69.9858627492508,53.628794323049675,79.47507624696168
2025-03-09 20:17:26.504333,939.0,759.0,400.0,2493.0,1431.0,294.0,60.3513192405085,74.2222606702827,48.975521823228696,37.9083051672108,15.430814683792871,39.90801986054439,50.025818437222554,69.91390878271953,53.658968205217256,79.7224927079246
2025-03-09 20:17:26.504333,935.0,754.0,400.0,2486.0,1430.0,293.0,60.3513192405085,74.2222606702827,48.975521823228696,37.9083051672108,15.430814683792871,39.90801986054439,50.025818437222554,69.91390878271953,53.658968205217256,79.7224927079246
2025-03-09 20:17:26.512667,941.0,752.0,400.0,2487.0,1429.0,295.0,60.26846338167479,74.20958920550969,49.13281027320184,37.9182532739819,15.423972938082,39.929173597985745,49.82061873147466,69.84184390770818,53.70114352984216,79.9920013992746
2025-03-09 20:17:26.512667,931.0,754.0,400.0,2489.0,1429.0,295.0,60.26846338167479,74.20958920550969,49.13281027320184,37.9182532739819,15.423972938082,39.929173597985745,49.82061873147466,69.84184390770818,53.70114352984216,79.9920013992746
2025-03-09 20:17:26.512667,932.0,752.0,401.0,2487.0,1427.0,292.0,60.26846338167479,74.20958920550969,49.13281027320184,37.9182532739819,15.423972938082,39.929173597985745,49.82061873147466,69.84184390770818,53.70114352984216,79.9920013992746
2025-03-09 20:17:26.512667,931.0,752.0,402.0,2492.0,1429.0,294.0,60.26846338167479,74.20958920550969,49.13281027320184,37.9182532739819,15.423972938082,39.929173597985745,49.82061873147466,69.84184390770818,53.70114352984216,79.9920013992746
2025-03-09 20:17:26.521000,937.0,746.0,401.0,2490.0,1427.0,297.0,60.181944810092986,74.20867130748597,49.313307081041124,37.92732438928341,15.420638336828093,39.95277973233247,49.59810915988527,69.76986911328554,53.755181985214435,80.28267401885311
2025-03-09 20:17:26.521000,917.0,738.0,400.0,2491.0,1424.0,295.0,60.181944810092986,74.20867130748597,49.313307081041124,37.92732438928341,15.420638336828093,39.95277973233247,49.59810915988527,69.76986911328554,53.755181985214435,80.28267401885311
2025-03-09 20:17:26.521000,916.0,737.0,400.0,2486.0,1424.0,293.0,60.181944810092986,74.20867130748597,49.313307081041124,37.92732438928341,15.420638336828093,39.95277973233247,49.59810915988527,69.76986911328554,53.755181985214435,80.28267401885311
2025-03-09 20:17:26.521000,912.0,736.0,397.0,2493.0,1425.0,291.0,60.181944810092986,74.20867130748597,49.313307081041124,37.92732438928341,15.420638336828093,39.95277973233247,49.59810915988527,69.76986911328554,53.755181985214435,80.28267401885311
2025-03-09 20:17:26.529333,912.0,738.0,400.0,2493.0,1424.0,293.0,60.089290481403864,74.21792102253367,49.516293405703195,37.93479318731519,15.420770497712702,39.97785983048789,49.357833847352076,69.69682727352097,53.82074767728216,80.5929247714601
2025-03-09 20:17:26.529333,912.0,741.0,399.0,2493.0,1424.0,294.0,60.089290481403864,74.21792102253367,49.516293405703195,37.93479318731519,15.420770497712702,39.97785983048789,49.357833847352076,69.69682727352097,53.82074767728216,80.5929247714601
2025-03-09 20:17:26.529333,912.0,738.0,400.0,2491.0,1424.0,299.0,60.089290481403864,74.21792102253367,49.516293405703195,37.93479318731519,15.420770497712702,39.97785983048789,49.357833847352076,69.69682727352097,53.82074767728216,80.5929247714601
2025-03-09 20:17:26.529333,910.0,733.0,400.0,2486.0,1424.0,294.0,60.089290481403864,74.21792102253367,49.516293405703195,37.93479318731519,15.420770497712702,39.97785983048789,49.357833847352076,69.69682727352097,53.82074767728216,80.5929247714601
2025-03-09 20:17:26.537667,906.0,731.0,401.0,2495.0,1424.0,295.0,59.988799537184626,74.23613472829997,49.74161836175961,37.94052275408587,15.42467348834093,40.0045593029784,49.098325747971806,69.62057528635313,53.8968881612628,80.92044396306888
2025-03-09 20:17:26.537667,897.0,720.0,400.0,2490.0,1424.0,295.0,59.988799537184626,74.23613472829997,49.74161836175961,37.94052275408587,15.42467348834093,40.0045593029784,49.098325747971806,69.62057528635313,53.8968881612628,80.92044396306888
2025-03-09 20:17:26.537667,894.0,721.0,400.0,2490.0,1423.0,294.0,59.988799537184626,74.23613472829997,49.74161836175961,37.94052275408587,15.42467348834093,40.0045593029784,49.098325747971806,69.62057528635313,53.8968881612628,80.92044396306888
2025-03-09 20:17:26.546000,891.0,722.0,395.0,2490.0,1422.0,295.0,59.879558092621224,74.26279089974291,49.98916475283477,37.944467819618886,15.433090282984324,40.03299308649892,48.81948841394243,69.54032582578922,53.9830107894548,81.2623267597181
2025-03-09 20:17:26.546000,890.0,721.0,398.0,2484.0,1420.0,295.0,59.879558092621224,74.26279089974291,49.98916475283477,37.944467819618886,15.433090282984324,40.03299308649892,48.81948841394243,69.54032582578922,53.9830107894548,81.2623267597181
2025-03-09 20:17:26.546000,890.0,723.0,400.0,2492.0,1419.0,295.0,59.879558092621224,74.26279089974291,49.98916475283477,37.944467819618886,15.433090282984324,40.03299308649892,48.81948841394243,69.54032582578922,53.9830107894548,81.2623267597181
2025-03-09 20:17:26.546000,896.0,720.0,400.0,2487.0,1419.0,295.0,59.879558092621224,74.26279089974291,49.98916475283477,37.944467819618886,15.433090282984324,40.03299308649892,48.81948841394243,69.54032582578922,53.9830107894548,81.2623267597181
2025-03-09 20:17:26.554333,887.0,720.0,398.0,2487.0,1418.0,295.0,59.76185537842772,74.29853277022366,50.258862032721076,37.9466476204999,15.44467130828574,40.062015357064865,48.522494127451886,69.45946968505073,54.081278906768965,81.6165306701517
2025-03-09 20:17:26.554333,880.0,713.0,400.0,2491.0,1411.0,297.0,59.76185537842772,74.29853277022366,50.258862032721076,37.9466476204999,15.44467130828574,40.062015357064865,48.522494127451886,69.45946968505073,54.081278906768965,81.6165306701517
2025-03-09 20:17:26.554333,880.0,715.0,397.0,2491.0,1413.0,295.0,59.76185537842772,74.29853277022366,50.258862032721076,37.9466476204999,15.44467130828574,40.062015357064865,48.522494127451886,69.45946968505073,54.081278906768965,81.6165306701517
2025-03-09 20:17:26.554333,878.0,706.0,399.0,2492.0,1411.0,297.0,59.76185537842772,74.29853277022366,50.258862032721076,37.9466476204999,15.44467130828574,40.062015357064865,48.522494127451886,69.45946968505073,54.081278906768965,81.6165306701517
2025-03-09 20:17:26.562667,880.0,709.0,400.0,2490.0,1413.0,295.0,59.6371260197102,74.34460620713014,50.55017086344136,37.94858572998756,15.456115674653722,40.091190802201496,48.208498810549465,69.38323281616621,54.1960609249279,81.98229722113769
2025-03-09 20:17:26.562667,875.0,711.0,399.0,2483.0,1410.0,294.0,59.6371260197102,74.34460620713014,50.55017086344136,37.94858572998756,15.456115674653722,40.091190802201496,48.208498810549465,69.38323281616621,54.1960609249279,81.98229722113769
2025-03-09 20:17:26.571000,878.0,707.0,399.0,2491.0,1410.0,295.0,59.50638892256569,74.40090335813242,50.8624993186348,37.95110144595234,15.466641884086156,40.12063589238165,47.878394562642406,69.31346362707275,54.32779347962286,82.35778457937279
2025-03-09 20:17:26.571000,875.0,702.0,394.0,2492.0,1408.0,295.0,59.50638892256569,74.40090335813242,50.8624993186348,37.95110144595234,15.466641884086156,40.12063589238165,47.878394562642406,69.31346362707275,54.32779347962286,82.35778457937279
2025-03-09 20:17:26.571000,874.0,703.0,397.0,2487.0,1408.0,294.0,59.50638892256569,74.40090335813242,50.8624993186348,37.95110144595234,15.466641884086156,40.12063589238165,47.878394562642406,69.31346362707275,54.32779347962286,82.35778457937279
2025-03-09 20:17:26.571000,870.0,699.0,400.0,2490.0,1399.0,295.0,59.50638892256569,74.40090335813242,50.8624993186348,37.95110144595234,15.466641884086156,40.12063589238165,47.878394562642406,69.31346362707275,54.32779347962286,82.35778457937279
2025-03-09 20:17:26.571000,874.0,702.0,400.0,2487.0,1397.0,298.0,59.50638892256569,74.40090335813242,50.8624993186348,37.95110144595234,15.466641884086156,40.12063589238165,47.878394562642406,69.31346362707275,54.32779347962286,82.35778457937279
2025-03-09 20:17:26.579333,869.0,704.0,401.0,2495.0,1395.0,299.0,59.36987473564448,74.46651956687992,51.19569053720128,37.9548713112416,15.476822809871539,40.15110764307776,47.53199976496456,69.24955514873592,54.47513184278422,82.74064357740826
2025-03-09 20:17:26.579333,877.0,705.0,394.0,2491.0,1397.0,300.0,59.36987473564448,74.46651956687992,51.19569053720128,37.9548713112416,15.476822809871539,40.15110764307776,47.53199976496456,69.24955514873592,54.47513184278422,82.74064357740826
2025-03-09 20:17:26.579333,874.0,694.0,394.0,2496.0,1392.0,298.0,59.36987473564448,74.46651956687992,51.19569053720128,37.9548713112416,15.476822809871539,40.15110764307776,47.53199976496456,69.24955514873592,54.47513184278422,82.74064357740826
2025-03-09 20:17:26.587667,880.0,699.0,395.0,2491.0,1397.0,297.0,59.228264115970134,74.5414204155324,51.549571592977664,37.960556826212155,15.48762211901314,40.18384185382028,47.16916358334633,69.19038115730075,54.636674390158504,83.12958642464339
2025-03-09 20:17:26.587667,871.0,702.0,398.0,2491.0,1390.0,295.0,59.228264115970134,74.5414204155324,51.549571592977664,37.960556826212155,15.48762211901314,40.18384185382028,47.16916358334633,69.19038115730075,54.636674390158504,83.12958642464339
2025-03-09 20:17:26.587667,878.0,693.0,400.0,2491.0,1379.0,298.0,59.228264115970134,74.5414204155324,51.549571592977664,37.960556826212155,15.48762211901314,40.18384185382028,47.16916358334633,69.19038115730075,54.636674390158504,83.12958642464339
2025-03-09 20:17:26.587667,871.0,691.0,397.0,2490.0,1381.0,295.0,59.228264115970134,74.5414204155324,51.549571592977664,37.960556826212155,15.48762211901314,40.18384185382028,47.16916358334633,69.19038115730075,54.636674390158504,83.12958642464339
2025-03-09 20:17:26.596000,876.0,702.0,398.0,2491.0,1377.0,298.0,59.083499202604216,74.62588271205006,51.92314536488019,37.968553635940914,15.499036368412897,40.21966758978235,46.790078689324574,69.13537682257137,54.810641166505285,83.52301272221447
2025-03-09 20:17:26.596000,874.0,694.0,399.0,2492.0,1375.0,295.0,59.083499202604216,74.62588271205006,51.92314536488019,37.968553635940914,15.499036368412897,40.21966758978235,46.790078689324574,69.13537682257137,54.810641166505285,83.52301272221447
2025-03-09 20:17:26.596000,877.0,699.0,398.0,2491.0,1377.0,299.0,59.083499202604216,74.62588271205006,51.92314536488019,37.968553635940914,15.499036368412897,40.21966758978235,46.790078689324574,69.13537682257137,54.810641166505285,83.52301272221447
2025-03-09 20:17:26.604333,877.0,690.0,397.0,2490.0,1371.0,299.0,58.93711023118291,74.71928447580653,52.31407893449934,37.97923575262433,15.50886929385033,40.25849504093092,46.39463626783724,69.08462282416843,54.99606758578875,83.91804288395043
2025-03-09 20:17:26.604333,878.0,693.0,396.0,2490.0,1371.0,298.0,58.93711023118291,74.71928447580653,52.31407893449934,37.97923575262433,15.50886929385033,40.25849504093092,46.39463626783724,69.08462282416843,54.99606758578875,83.91804288395043
2025-03-09 20:17:26.604333,874.0,693.0,393.0,2494.0,1370.0,298.0,58.93711023118291,74.71928447580653,52.31407893449934,37.97923575262433,15.50886929385033,40.25849504093092,46.39463626783724,69.08462282416843,54.99606758578875,83.91804288395043
2025-03-09 20:17:26.604333,886.0,701.0,393.0,2491.0,1360.0,299.0,58.93711023118291,74.71928447580653,52.31407893449934,37.97923575262433,15.50886929385033,40.25849504093092,46.39463626783724,69.08462282416843,54.99606758578875,83.91804288395043
2025-03-09 20:17:26.612667,887.0,695.0,391.0,2487.0,1360.0,298.0,58.78898999127797,74.82050537740753,52.71937692275976,37.9924799608852,15.518306046307844,40.29974282113514,45.987402577221886,69.03931981530621,55.191932987995266,84.31237332850691
2025-03-09 20:17:26.612667,884.0,694.0,394.0,2491.0,1358.0,297.0,58.78898999127797,74.82050537740753,52.71937692275976,37.9924799608852,15.518306046307844,40.29974282113514,45.987402577221886,69.03931981530621,55.191932987995266,84.31237332850691
2025-03-09 20:17:26.612667,889.0,689.0,393.0,2487.0,1359.0,298.0,58.78898999127797,74.82050537740753,52.71937692275976,37.9924799608852,15.518306046307844,40.29974282113514,45.987402577221886,69.03931981530621,55.191932987995266,84.31237332850691
2025-03-09 20:17:26.612667,891.0,695.0,391.0,2491.0,1356.0,298.0,58.78898999127797,74.82050537740753,52.71937692275976,37.9924799608852,15.518306046307844,40.29974282113514,45.987402577221886,69.03931981530621,55.191932987995266,84.31237332850691
2025-03-09 20:17:26.621000,895.0,689.0,387.0,2494.0,1355.0,299.0,58.63993825127245,74.92939905213031,53.13630292346047,38.01028915384874,15.53210823024783,40.34486211578079,45.578305835373335,69.00361704300477,55.39881208888916,84.70498827553402
2025-03-09 20:17:26.621000,894.0,688.0,397.0,2496.0,1354.0,297.0,58.63993825127245,74.92939905213031,53.13630292346047,38.01028915384874,15.53210823024783,40.34486211578079,45.578305835373335,69.00361704300477,55.39881208888916,84.70498827553402
2025-03-09 20:17:26.621000,914.0,688.0,397.0,2490.0,1344.0,298.0,58.63993825127245,74.92939905213031,53.13630292346047,38.01028915384874,15.53210823024783,40.34486211578079,45.578305835373335,69.00361704300477,55.39881208888916,84.70498827553402
2025-03-09 20:17:26.629333,912.0,691.0,396.0,2486.0,1344.0,299.0,58.49311612524994,75.04712552097004,53.56292201260888,38.03391790810983,15.552994358180719,40.395093200243416,45.174284133475574,68.98085475109333,55.6163035486733,85.09500815577621
2025-03-09 20:17:26.629333,912.0,689.0,389.0,2491.0,1342.0,301.0,58.49311612524994,75.04712552097004,53.56292201260888,38.03391790810983,15.552994358180719,40.395093200243416,45.174284133475574,68.98085475109333,55.6163035486733,85.09500815577621
2025-03-09 20:17:26.629333,914.0,692.0,391.0,2495.0,1344.0,300.0,58.49311612524994,75.04712552097004,53.56292201260888,38.03391790810983,15.552994358180719,40.395093200243416,45.174284133475574,68.98085475109333,55.6163035486733,85.09500815577621
2025-03-09 20:17:26.629333,912.0,689.0,390.0,2487.0,1342.0,303.0,58.49311612524994,75.04712552097004,53.56292201260888,38.03391790810983,15.552994358180719,40.395093200243416,45.174284133475574,68.98085475109333,55.6163035486733,85.09500815577621
2025-03-09 20:17:26.637667,921.0,688.0,389.0,2487.0,1342.0,301.0,58.35165875908487,75.17452966016477,53.99700718406924,38.06147383111624,15.582035903613509,40.44920854782048,44.77940864998173,68.97183207220698,55.84113255372588,85.48153668721227
2025-03-09 20:17:26.637667,918.0,686.0,391.0,2493.0,1342.0,301.0,58.35165875908487,75.17452966016477,53.99700718406924,38.06147383111624,15.582035903613509,40.44920854782048,44.77940864998173,68.97183207220698,55.84113255372588,85.48153668721227
2025-03-09 20:17:26.637667,925.0,688.0,391.0,2493.0,1341.0,299.0,58.35165875908487,75.17452966016477,53.99700718406924,38.06147383111624,15.582035903613509,40.44920854782048,44.77940864998173,68.97183207220698,55.84113255372588,85.48153668721227
2025-03-09 20:17:26.646000,945.0,691.0,388.0,2497.0,1329.0,303.0,58.21781201401294,75.3109985387618,54.437077346603246,38.092632960724345,15.616175565532492,40.50677761580477,44.39147037123796,68.9754486786138,56.07144100125144,85.86342380845032
2025-03-09 20:17:26.646000,950.0,687.0,385.0,2496.0,1329.0,303.0,58.21781201401294,75.3109985387618,54.437077346603246,38.092632960724345,15.616175565532492,40.50677761580477,44.39147037123796,68.9754486786138,56.07144100125144,85.86342380845032
2025-03-09 20:17:26.646000,946.0,691.0,391.0,2497.0,1328.0,303.0,58.21781201401294,75.3109985387618,54.437077346603246,38.092632960724345,15.616175565532492,40.50677761580477,44.39147037123796,68.9754486786138,56.07144100125144,85.86342380845032
2025-03-09 20:17:26.646000,950.0,689.0,391.0,2497.0,1329.0,303.0,58.21781201401294,75.3109985387618,54.437077346603246,38.092632960724345,15.616175565532492,40.50677761580477,44.39147037123796,68.9754486786138,56.07144100125144,85.86342380845032
2025-03-09 20:17:26.654333,949.0,689.0,380.0,2497.0,1328.0,303.0,58.09266335528882,75.45584812257626,54.881961333026126,38.1277101349718,15.648171234854573,40.56763358961173,44.002202924687815,68.98857025263914,56.307327894113655,86.23967705277009
2025-03-09 20:17:26.654333,955.0,683.0,385.0,2496.0,1326.0,303.0,58.09266335528882,75.45584812257626,54.881961333026126,38.1277101349718,15.648171234854573,40.56763358961173,44.002202924687815,68.98857025263914,56.307327894113655,86.23967705277009
2025-03-09 20:17:26.654333,957.0,695.0,382.0,2498.0,1327.0,303.0,58.09266335528882,75.45584812257626,54.881961333026126,38.1277101349718,15.648171234854573,40.56763358961173,44.002202924687815,68.98857025263914,56.307327894113655,86.23967705277009
2025-03-09 20:17:26.662667,959.0,688.0,389.0,2506.0,1327.0,304.0,57.975865054236806,75.608481237334,55.32941847961127,38.165890793119296,15.675332019933506,40.63083730394065,43.60984031310728,69.00949997576234,56.54830538496666,86.60962958349391
2025-03-09 20:17:26.662667,982.0,684.0,381.0,2503.0,1310.0,304.0,57.975865054236806,75.608481237334,55.32941847961127,38.165890793119296,15.675332019933506,40.63083730394065,43.60984031310728,69.00949997576234,56.54830538496666,86.60962958349391
2025-03-09 20:17:26.662667,983.0,681.0,384.0,2502.0,1308.0,303.0,57.975865054236806,75.608481237334,55.32941847961127,38.165890793119296,15.675332019933506,40.63083730394065,43.60984031310728,69.00949997576234,56.54830538496666,86.60962958349391
2025-03-09 20:17:26.662667,989.0,683.0,379.0,2509.0,1307.0,303.0,57.975865054236806,75.608481237334,55.32941847961127,38.165890793119296,15.675332019933506,40.63083730394065,43.60984031310728,69.00949997576234,56.54830538496666,86.60962958349391
2025-03-09 20:17:26.671000,986.0,682.0,382.0,2509.0,1305.0,304.0,57.86667048928029,75.76780517712983,55.77842073532818,38.207614368860725,15.698487108536696,40.69637733564408,43.21662037800594,69.0389354083057,56.794541513293325,86.97250428509143
2025-03-09 20:17:26.671000,992.0,684.0,379.0,2502.0,1306.0,304.0,57.86667048928029,75.76780517712983,55.77842073532818,38.207614368860725,15.698487108536696,40.69637733564408,43.21662037800594,69.0389354083057,56.794541513293325,86.97250428509143
2025-03-09 20:17:26.671000,998.0,686.0,384.0,2503.0,1303.0,305.0,57.86667048928029,75.76780517712983,55.77842073532818,38.207614368860725,15.698487108536696,40.69637733564408,43.21662037800594,69.0389354083057,56.794541513293325,86.97250428509143
2025-03-09 20:17:26.679333,1003.0,688.0,375.0,2501.0,1301.0,302.0,57.764561057029,75.93192848567564,56.228433993599566,38.25514135500416,15.717222340524783,40.76546046497066,42.82310931705464,69.07774631690772,57.04721185367865,87.32688641812001
2025-03-09 20:17:26.679333,1046.0,679.0,374.0,2507.0,1291.0,304.0,57.764561057029,75.93192848567564,56.228433993599566,38.25514135500416,15.717222340524783,40.76546046497066,42.82310931705464,69.07774631690772,57.04721185367865,87.32688641812001
2025-03-09 20:17:26.679333,1050.0,684.0,378.0,2512.0,1294.0,304.0,57.764561057029,75.93192848567564,56.228433993599566,38.25514135500416,15.717222340524783,40.76546046497066,42.82310931705464,69.07774631690772,57.04721185367865,87.32688641812001
2025-03-09 20:17:26.679333,1061.0,678.0,379.0,2511.0,1293.0,305.0,57.764561057029,75.93192848567564,56.228433993599566,38.25514135500416,15.717222340524783,40.76546046497066,42.82310931705464,69.07774631690772,57.04721185367865,87.32688641812001
2025-03-09 20:17:26.687667,1066.0,684.0,375.0,2511.0,1291.0,304.0,57.6704996343891,76.09934967047458,56.67883577226753,38.30877591282933,15.73373174156175,40.838365384935166,42.432480684101336,69.12641626984443,57.30423049924573,87.67176789703349
2025-03-09 20:17:26.687667,1067.0,680.0,377.0,2511.0,1288.0,304.0,57.6704996343891,76.09934967047458,56.67883577226753,38.30877591282933,15.73373174156175,40.838365384935166,42.432480684101336,69.12641626984443,57.30423049924573,87.67176789703349
2025-03-09 20:17:26.687667,1072.0,678.0,369.0,2511.0,1294.0,304.0,57.6704996343891,76.09934967047458,56.67883577226753,38.30877591282933,15.73373174156175,40.838365384935166,42.432480684101336,69.12641626984443,57.30423049924573,87.67176789703349
2025-03-09 20:17:26.696000,1076.0,685.0,373.0,2512.0,1289.0,304.0,57.586444477300105,76.27001756802233,57.129997239818785,38.36514155608045,15.754544406415848,40.91357867675069,42.05094652254915,69.18447844965273,57.55945813500902,88.0077517027826
2025-03-09 20:17:26.696000,1135.0,687.0,375.0,2514.0,1280.0,309.0,57.586444477300105,76.27001756802233,57.129997239818785,38.36514155608045,15.754544406415848,40.91357867675069,42.05094652254915,69.18447844965273,57.55945813500902,88.0077517027826
2025-03-09 20:17:26.696000,1134.0,683.0,371.0,2512.0,1279.0,310.0,57.586444477300105,76.27001756802233,57.129997239818785,38.36514155608045,15.754544406415848,40.91357867675069,42.05094652254915,69.18447844965273,57.55945813500902,88.0077517027826
2025-03-09 20:17:26.696000,1136.0,682.0,368.0,2516.0,1279.0,308.0,57.586444477300105,76.27001756802233,57.129997239818785,38.36514155608045,15.754544406415848,40.91357867675069,42.05094652254915,69.18447844965273,57.55945813500902,88.0077517027826
2025-03-09 20:17:26.704333,1146.0,688.0,371.0,2514.0,1279.0,311.0,57.5138108805101,76.44370250711036,57.58215225918465,38.42177794290751,15.782724332115338,40.98963964655084,41.68157608444367,69.25154080296277,57.80914176839514,88.33514457615694
2025-03-09 20:17:26.704333,1152.0,684.0,377.0,2515.0,1279.0,308.0,57.5138108805101,76.44370250711036,57.58215225918465,38.42177794290751,15.782724332115338,40.98963964655084,41.68157608444367,69.25154080296277,57.80914176839514,88.33514457615694
2025-03-09 20:17:26.704333,1155.0,674.0,368.0,2516.0,1275.0,307.0,57.5138108805101,76.44370250711036,57.58215225918465,38.42177794290751,15.782724332115338,40.98963964655084,41.68157608444367,69.25154080296277,57.80914176839514,88.33514457615694
2025-03-09 20:17:26.712667,1161.0,686.0,369.0,2518.0,1278.0,309.0,57.453158432765804,76.61849182817319,58.03314064183762,38.478599345017535,15.816646458819871,41.06646951826602,41.323201026881826,69.32511439524109,58.05114269052213,88.6528094715247
2025-03-09 20:17:26.712667,1215.0,682.0,367.0,2522.0,1271.0,314.0,57.453158432765804,76.61849182817319,58.03314064183762,38.478599345017535,15.816646458819871,41.06646951826602,41.323201026881826,69.32511439524109,58.05114269052213,88.6528094715247
2025-03-09 20:17:26.712667,1218.0,675.0,369.0,2523.0,1267.0,318.0,57.453158432765804,76.61849182817319,58.03314064183762,38.478599345017535,15.816646458819871,41.06646951826602,41.323201026881826,69.32511439524109,58.05114269052213,88.6528094715247
2025-03-09 20:17:26.712667,1222.0,685.0,368.0,2526.0,1267.0,316.0,57.453158432765804,76.61849182817319,58.03314064183762,38.478599345017535,15.816646458819871,41.06646951826602,41.323201026881826,69.32511439524109,58.05114269052213,88.6528094715247
2025-03-09 20:17:26.721000,1224.0,679.0,368.0,2523.0,1265.0,316.0,57.404884726471124,76.79240354505797,58.47873011220278,38.5365902678378,15.851610573292442,41.144095525733036,40.974089642169474,69.40343971105887,58.28554325515123,88.96044512955544
2025-03-09 20:17:26.721000,1229.0,684.0,365.0,2526.0,1266.0,315.0,57.404884726471124,76.79240354505797,58.47873011220278,38.5365902678378,15.851610573292442,41.144095525733036,40.974089642169474,69.40343971105887,58.28554325515123,88.96044512955544
2025-03-09 20:17:26.721000,1232.0,682.0,366.0,2525.0,1264.0,315.0,57.404884726471124,76.79240354505797,58.47873011220278,38.5365902678378,15.851610573292442,41.144095525733036,40.974089642169474,69.40343971105887,58.28554325515123,88.96044512955544
2025-03-09 20:17:26.729333,1232.0,677.0,362.0,2527.0,1266.0,318.0,57.36977366020122,76.96467691152763,58.918131313792905,38.596368829995555,15.884773310136609,41.221696182725154,40.63451418396784,69.48889454441466,58.51445355757137,89.25844559267478
2025-03-09 20:17:26.729333,1261.0,670.0,365.0,2533.0,1264.0,321.0,57.36977366020122,76.96467691152763,58.918131313792905,38.596368829995555,15.884773310136609,41.221696182725154,40.63451418396784,69.48889454441466,58.51445355757137,89.25844559267478
2025-03-09 20:17:26.729333,1264.0,679.0,363.0,2535.0,1263.0,321.0,57.36977366020122,76.96467691152763,58.918131313792905,38.596368829995555,15.884773310136609,41.221696182725154,40.63451418396784,69.48889454441466,58.51445355757137,89.25844559267478
2025-03-09 20:17:26.737667,1265.0,677.0,365.0,2539.0,1264.0,321.0,57.34837796690474,77.13462375876337,59.35322942808672,38.65722735915872,15.917158216805849,41.297739889163985,40.30701543166493,69.58478112757182,58.73865769578709,89.54854938896223
2025-03-09 20:17:26.737667,1269.0,669.0,357.0,2537.0,1264.0,320.0,57.34837796690474,77.13462375876337,59.35322942808672,38.65722735915872,15.917158216805849,41.297739889163985,40.30701543166493,69.58478112757182,58.73865769578709,89.54854938896223
2025-03-09 20:17:26.737667,1267.0,672.0,366.0,2537.0,1262.0,322.0,57.34837796690474,77.13462375876337,59.35322942808672,38.65722735915872,15.917158216805849,41.297739889163985,40.30701543166493,69.58478112757182,58.73865769578709,89.54854938896223
2025-03-09 20:17:26.737667,1269.0,673.0,367.0,2539.0,1264.0,320.0,57.34837796690474,77.13462375876337,59.35322942808672,38.65722735915872,15.917158216805849,41.297739889163985,40.30701543166493,69.58478112757182,58.73865769578709,89.54854938896223
2025-03-09 20:17:26.746000,1270.0,672.0,361.0,2535.0,1262.0,321.0,57.34059729509273,77.30056023696545,59.784328321285294,38.71832630466469,15.948688402716684,41.370754340548,39.99267415687896,69.69202554824786,58.95781641964633,89.83395120353367
2025-03-09 20:17:26.746000,1290.0,656.0,366.0,2540.0,1262.0,327.0,57.34059729509273,77.30056023696545,59.784328321285294,38.71832630466469,15.948688402716684,41.370754340548,39.99267415687896,69.69202554824786,58.95781641964633,89.83395120353367
2025-03-09 20:17:26.746000,1291.0,661.0,355.0,2544.0,1262.0,323.0,57.34059729509273,77.30056023696545,59.784328321285294,38.71832630466469,15.948688402716684,41.370754340548,39.99267415687896,69.69202554824786,58.95781641964633,89.83395120353367
2025-03-09 20:17:26.754333,1294.0,659.0,357.0,2543.0,1259.0,326.0,57.347160266639534,77.4613043887343,60.210550398728564,38.77976923321707,15.977847565835194,41.44061192134627,39.69047157551413,69.80953999329228,59.171324040606706,90.11492107265585
2025-03-09 20:17:26.754333,1294.0,667.0,361.0,2544.0,1262.0,329.0,57.347160266639534,77.4613043887343,60.210550398728564,38.77976923321707,15.977847565835194,41.44061192134627,39.69047157551413,69.80953999329228,59.171324040606706,90.11492107265585
2025-03-09 20:17:26.754333,1290.0,657.0,357.0,2547.0,1262.0,332.0,57.347160266639534,77.4613043887343,60.210550398728564,38.77976923321707,15.977847565835194,41.44061192134627,39.69047157551413,69.80953999329228,59.171324040606706,90.11492107265585
2025-03-09 20:17:26.754333,1295.0,663.0,361.0,2544.0,1261.0,325.0,57.347160266639534,77.4613043887343,60.210550398728564,38.77976923321707,15.977847565835194,41.44061192134627,39.69047157551413,69.80953999329228,59.171324040606706,90.11492107265585
2025-03-09 20:17:26.762667,1290.0,659.0,358.0,2545.0,1262.0,327.0,57.36998649160611,77.6176168863353,60.63120999568879,38.84300695255199,16.004476332298708,41.50947745669427,39.3995788925134,69.9354046590045,59.378788644334605,90.38486894673967
2025-03-09 20:17:26.762667,1296.0,653.0,357.0,2549.0,1259.0,336.0,57.36998649160611,77.6176168863353,60.63120999568879,38.84300695255199,16.004476332298708,41.50947745669427,39.3995788925134,69.9354046590045,59.378788644334605,90.38486894673967
2025-03-09 20:17:26.762667,1295.0,646.0,361.0,2550.0,1263.0,335.0,57.36998649160611,77.6176168863353,60.63120999568879,38.84300695255199,16.004476332298708,41.50947745669427,39.3995788925134,69.9354046590045,59.378788644334605,90.38486894673967
2025-03-09 20:17:26.771000,1295.0,647.0,362.0,2553.0,1263.0,335.0,57.40979328059622,77.76984675696423,61.045181713348605,38.91131686113256,16.028952718867625,41.58112118525569,39.11961319855209,70.06753986342588,59.58101205706222,90.63604521970828
2025-03-09 20:17:26.771000,1293.0,649.0,358.0,2551.0,1262.0,336.0,57.40979328059622,77.76984675696423,61.045181713348605,38.91131686113256,16.028952718867625,41.58112118525569,39.11961319855209,70.06753986342588,59.58101205706222,90.63604521970828
2025-03-09 20:17:26.771000,1294.0,655.0,361.0,2549.0,1262.0,336.0,57.40979328059622,77.76984675696423,61.045181713348605,38.91131686113256,16.028952718867625,41.58112118525569,39.11961319855209,70.06753986342588,59.58101205706222,90.63604521970828
2025-03-09 20:17:26.771000,1294.0,649.0,352.0,2558.0,1264.0,336.0,57.40979328059622,77.76984675696423,61.045181713348605,38.91131686113256,16.028952718867625,41.58112118525569,39.11961319855209,70.06753986342588,59.58101205706222,90.63604521970828
2025-03-09 20:17:26.779333,1293.0,646.0,361.0,2553.0,1263.0,338.0,57.46476114144817,77.91620819127888,61.45207411402505,38.98680396916587,16.051067082644888,41.657575370837534,38.84852316628424,70.20330703234607,59.77834176063641,90.86751776903846
2025-03-09 20:17:26.779333,1285.0,638.0,353.0,2559.0,1267.0,346.0,57.46476114144817,77.91620819127888,61.45207411402505,38.98680396916587,16.051067082644888,41.657575370837534,38.84852316628424,70.20330703234607,59.77834176063641,90.86751776903846
2025-03-09 20:17:26.779333,1284.0,639.0,352.0,2554.0,1267.0,341.0,57.46476114144817,77.91620819127888,61.45207411402505,38.98680396916587,16.051067082644888,41.657575370837534,38.84852316628424,70.20330703234607,59.77834176063641,90.86751776903846
2025-03-09 20:17:26.787667,1280.0,637.0,358.0,2559.0,1269.0,346.0,57.53281798664104,78.05574020178547,61.852771577863784,39.06781517185506,16.0710196307935,41.73742063518496,38.58480713466494,70.34109466313687,59.97007797452826,91.08284746424873
2025-03-09 20:17:26.787667,1282.0,637.0,361.0,2558.0,1270.0,350.0,57.53281798664104,78.05574020178547,61.852771577863784,39.06781517185506,16.0710196307935,41.73742063518496,38.58480713466494,70.34109466313687,59.97007797452826,91.08284746424873
2025-03-09 20:17:26.787667,1279.0,636.0,361.0,2558.0,1270.0,350.0,57.53281798664104,78.05574020178547,61.852771577863784,39.06781517185506,16.0710196307935,41.73742063518496,38.58480713466494,70.34109466313687,59.97007797452826,91.08284746424873
2025-03-09 20:17:26.796000,1281.0,638.0,357.0,2557.0,1271.0,350.0,57.61415356073946,78.18916778783982,62.24812538601416,39.15302304563654,16.090010840777293,41.82035906680703,38.32793321063962,70.47919127740586,60.15476543056351,91.28410561042328
2025-03-09 20:17:26.796000,1279.0,627.0,355.0,2559.0,1273.0,350.0,57.61415356073946,78.18916778783982,62.24812538601416,39.15302304563654,16.090010840777293,41.82035906680703,38.32793321063962,70.47919127740586,60.15476543056351,91.28410561042328
2025-03-09 20:17:26.796000,1268.0,623.0,355.0,2559.0,1280.0,357.0,57.61415356073946,78.18916778783982,62.24812538601416,39.15302304563654,16.090010840777293,41.82035906680703,38.32793321063962,70.47919127740586,60.15476543056351,91.28410561042328
2025-03-09 20:17:26.796000,1269.0,616.0,352.0,2559.0,1282.0,358.0,57.61415356073946,78.18916778783982,62.24812538601416,39.15302304563654,16.090010840777293,41.82035906680703,38.32793321063962,70.47919127740586,60.15476543056351,91.28410561042328
2025-03-09 20:17:26.804333,1266.0,622.0,352.0,2559.0,1285.0,358.0,57.709853476233064,78.31820070778375,62.63743530178125,39.24226099903662,16.10817871293457,41.9064632490921,38.07984188434502,70.61857826883765,60.333356098282906,91.47211252487645
2025-03-09 20:17:26.804333,1265.0,613.0,352.0,2559.0,1284.0,356.0,57.709853476233064,78.31820070778375,62.63743530178125,39.24226099903662,16.10817871293457,41.9064632490921,38.07984188434502,70.61857826883765,60.333356098282906,91.47211252487645
2025-03-09 20:17:26.804333,1264.0,619.0,352.0,2559.0,1287.0,359.0,57.709853476233064,78.31820070778375,62.63743530178125,39.24226099903662,16.10817871293457,41.9064632490921,38.07984188434502,70.61857826883765,60.333356098282906,91.47211252487645
2025-03-09 20:17:26.812667,1263.0,613.0,358.0,2559.0,1290.0,363.0,57.81941218809371,78.44365483134762,63.02115151120275,39.334818193037535,16.124268335856737,41.99400382652814,37.84199282787647,70.76261733515334,60.509007231283874,91.64829656590157
2025-03-09 20:17:26.812667,1261.0,624.0,350.0,2559.0,1290.0,362.0,57.81941218809371,78.44365483134762,63.02115151120275,39.334818193037535,16.124268335856737,41.99400382652814,37.84199282787647,70.76261733515334,60.509007231283874,91.64829656590157
2025-03-09 20:17:26.812667,1261.0,610.0,351.0,2559.0,1291.0,366.0,57.81941218809371,78.44365483134762,63.02115151120275,39.334818193037535,16.124268335856737,41.99400382652814,37.84199282787647,70.76261733515334,60.509007231283874,91.64829656590157
2025-03-09 20:17:26.812667,1235.0,602.0,353.0,2559.0,1298.0,370.0,57.81941218809371,78.44365483134762,63.02115151120275,39.334818193037535,16.124268335856737,41.99400382652814,37.84199282787647,70.76261733515334,60.509007231283874,91.64829656590157
2025-03-09 20:17:26.821000,1232.0,598.0,352.0,2586.0,1304.0,373.0,57.94105787256784,78.56369308982467,63.40066111738354,39.43039906019379,16.13789371660051,42.08239945281318,37.612043663675294,70.91006457429746,60.68156910742932,91.81288793193862
2025-03-09 20:17:26.821000,1232.0,602.0,347.0,2583.0,1306.0,373.0,57.94105787256784,78.56369308982467,63.40066111738354,39.43039906019379,16.13789371660051,42.08239945281318,37.612043663675294,70.91006457429746,60.68156910742932,91.81288793193862
2025-03-09 20:17:26.821000,1228.0,597.0,350.0,2589.0,1307.0,372.0,57.94105787256784,78.56369308982467,63.40066111738354,39.43039906019379,16.13789371660051,42.08239945281318,37.612043663675294,70.91006457429746,60.68156910742932,91.81288793193862
2025-03-09 20:17:26.829333,1223.0,597.0,352.0,2559.0,1311.0,374.0,58.07239163134831,78.67670761810912,63.77804119409151,39.528111602703966,16.14944433445922,42.17131299280921,37.3860026132557,71.05752407788403,60.84959990014771,91.9660703961769
2025-03-09 20:17:26.829333,1220.0,601.0,351.0,2559.0,1309.0,375.0,58.07239163134831,78.67670761810912,63.77804119409151,39.528111602703966,16.14944433445922,42.17131299280921,37.3860026132557,71.05752407788403,60.84959990014771,91.9660703961769
2025-03-09 20:17:26.829333,1217.0,593.0,352.0,2559.0,1309.0,378.0,58.07239163134831,78.67670761810912,63.77804119409151,39.528111602703966,16.14944433445922,42.17131299280921,37.3860026132557,71.05752407788403,60.84959990014771,91.9660703961769
2025-03-09 20:17:26.829333,1183.0,587.0,349.0,2590.0,1330.0,390.0,58.07239163134831,78.67670761810912,63.77804119409151,39.528111602703966,16.14944433445922,42.17131299280921,37.3860026132557,71.05752407788403,60.84959990014771,91.9660703961769
2025-03-09 20:17:26.837667,1183.0,576.0,348.0,2593.0,1328.0,387.0,58.21030429351857,78.78421586014441,64.15688070439728,39.6266322527949,16.159397666463406,42.25990838145903,37.16045937091018,71.2044630669161,61.01524938191321,92.10886052846585
2025-03-09 20:17:26.837667,1179.0,581.0,354.0,2590.0,1331.0,388.0,58.21030429351857,78.78421586014441,64.15688070439728,39.6266322527949,16.159397666463406,42.25990838145903,37.16045937091018,71.2044630669161,61.01524938191321,92.10886052846585
2025-03-09 20:17:26.837667,1173.0,582.0,355.0,2593.0,1334.0,391.0,58.21030429351857,78.78421586014441,64.15688070439728,39.6266322527949,16.159397666463406,42.25990838145903,37.16045937091018,71.2044630669161,61.01524938191321,92.10886052846585
2025-03-09 20:17:26.846000,1168.0,582.0,351.0,2594.0,1333.0,391.0,58.3540302567828,78.88923040027943,64.53989836416982,39.72563628976334,16.169350655871668,42.34881466878496,36.93443231301174,71.35110146877761,61.18040366795384,92.24534150698757
2025-03-09 20:17:26.846000,1168.0,580.0,350.0,2593.0,1330.0,391.0,58.3540302567828,78.88923040027943,64.53989836416982,39.72563628976334,16.169350655871668,42.34881466878496,36.93443231301174,71.35110146877761,61.18040366795384,92.24534150698757
2025-03-09 20:17:26.846000,1159.0,582.0,349.0,2595.0,1337.0,394.0,58.3540302567828,78.88923040027943,64.53989836416982,39.72563628976334,16.169350655871668,42.34881466878496,36.93443231301174,71.35110146877761,61.18040366795384,92.24534150698757
2025-03-09 20:17:26.854333,1121.0,577.0,347.0,2597.0,1355.0,403.0,58.51134372614364,78.99278817520265,64.9251716211741,39.82593252442877,16.181430254040826,42.440164904642195,36.713023346235886,71.49708155112127,61.34055169826881,92.39048403398685
2025-03-09 20:17:26.854333,1117.0,576.0,346.0,2589.0,1351.0,405.0,58.51134372614364,78.99278817520265,64.9251716211741,39.82593252442877,16.181430254040826,42.440164904642195,36.713023346235886,71.49708155112127,61.34055169826881,92.39048403398685
2025-03-09 20:17:26.854333,1113.0,565.0,342.0,2597.0,1360.0,406.0,58.51134372614364,78.99278817520265,64.9251716211741,39.82593252442877,16.181430254040826,42.440164904642195,36.713023346235886,71.49708155112127,61.34055169826881,92.39048403398685
2025-03-09 20:17:26.854333,1115.0,570.0,346.0,2595.0,1361.0,403.0,58.51134372614364,78.99278817520265,64.9251716211741,39.82593252442877,16.181430254040826,42.440164904642195,36.713023346235886,71.49708155112127,61.34055169826881,92.39048403398685
2025-03-09 20:17:26.862667,1106.0,563.0,341.0,2603.0,1367.0,403.0,58.69378461659822,79.09163532676865,65.3068418722857,39.92731677961426,16.196400191521604,42.534290824045726,36.50527751478432,71.6414976773065,61.486384931013426,92.56388730970899
2025-03-09 20:17:26.862667,1106.0,572.0,346.0,2591.0,1369.0,409.0,58.69378461659822,79.09163532676865,65.3068418722857,39.92731677961426,16.196400191521604,42.534290824045726,36.50527751478432,71.6414976773065,61.486384931013426,92.56388730970899
2025-03-09 20:17:26.862667,1099.0,570.0,339.0,2598.0,1369.0,407.0,58.69378461659822,79.09163532676865,65.3068418722857,39.92731677961426,16.196400191521604,42.534290824045726,36.50527751478432,71.6414976773065,61.486384931013426,92.56388730970899
2025-03-09 20:17:26.862667,1066.0,560.0,341.0,2601.0,1390.0,417.0,58.69378461659822,79.09163532676865,65.3068418722857,39.92731677961426,16.196400191521604,42.534290824045726,36.50527751478432,71.6414976773065,61.486384931013426,92.56388730970899
2025-03-09 20:17:26.871000,1059.0,560.0,347.0,2597.0,1386.0,420.0,58.902989179356275,79.17828942933144,65.67561628547492,40.02761506283557,16.214909155491902,42.62943833989695,36.31811278280683,71.77789198102803,61.60734009284634,92.76976992986394
2025-03-09 20:17:26.871000,1061.0,560.0,347.0,2602.0,1390.0,419.0,58.902989179356275,79.17828942933144,65.67561628547492,40.02761506283557,16.214909155491902,42.62943833989695,36.31811278280683,71.77789198102803,61.60734009284634,92.76976992986394
2025-03-09 20:17:26.871000,1045.0,554.0,350.0,2601.0,1392.0,422.0,58.902989179356275,79.17828942933144,65.67561628547492,40.02761506283557,16.214909155491902,42.62943833989695,36.31811278280683,71.77789198102803,61.60734009284634,92.76976992986394
2025-03-09 20:17:26.879333,1044.0,549.0,350.0,2604.0,1397.0,421.0,59.12901333042452,79.24398758390298,66.02174150215659,40.125040432094856,16.237540772729954,42.72440058705043,36.15204888107521,71.89476718724366,61.69533636208386,92.99515215820087
2025-03-09 20:17:26.879333,1043.0,559.0,343.0,2599.0,1397.0,423.0,59.12901333042452,79.24398758390298,66.02174150215659,40.125040432094856,16.237540772729954,42.72440058705043,36.15204888107521,71.89476718724366,61.69533636208386,92.99515215820087
2025-03-09 20:17:26.879333,1037.0,559.0,349.0,2603.0,1395.0,426.0,59.12901333042452,79.24398758390298,66.02174150215659,40.125040432094856,16.237540772729954,42.72440058705043,36.15204888107521,71.89476718724366,61.69533636208386,92.99515215820087
2025-03-09 20:17:26.887667,985.0,545.0,345.0,2609.0,1420.0,433.0,59.35987627717781,79.28209501229009,66.33825793507133,40.21947895399051,16.263744195501225,42.81914361260277,36.00365904674025,71.982408533662,61.746703526807856,93.22463054971533
2025-03-09 20:17:26.887667,983.0,551.0,350.0,2608.0,1424.0,433.0,59.35987627717781,79.28209501229009,66.33825793507133,40.21947895399051,16.263744195501225,42.81914361260277,36.00365904674025,71.982408533662,61.746703526807856,93.22463054971533
2025-03-09 20:17:26.887667,976.0,548.0,343.0,2608.0,1424.0,436.0,59.35987627717781,79.28209501229009,66.33825793507133,40.21947895399051,16.263744195501225,42.81914361260277,36.00365904674025,71.982408533662,61.746703526807856,93.22463054971533
2025-03-09 20:17:26.887667,973.0,545.0,350.0,2607.0,1424.0,436.0,59.35987627717781,79.28209501229009,66.33825793507133,40.21947895399051,16.263744195501225,42.81914361260277,36.00365904674025,71.982408533662,61.746703526807856,93.22463054971533
2025-03-09 20:17:26.896000,963.0,543.0,340.0,2608.0,1429.0,438.0,59.58550531620136,79.286722616548,66.62118186888856,40.310544497970824,16.29287681136352,42.913156801750254,35.86833913968268,72.03302344916706,61.75837679772052,93.44604290738911
2025-03-09 20:17:26.896000,965.0,546.0,350.0,2608.0,1428.0,439.0,59.58550531620136,79.286722616548,66.62118186888856,40.310544497970824,16.29287681136352,42.913156801750254,35.86833913968268,72.03302344916706,61.75837679772052,93.44604290738911
2025-03-09 20:17:26.896000,958.0,543.0,342.0,2608.0,1432.0,443.0,59.58550531620136,79.286722616548,66.62118186888856,40.310544497970824,16.29287681136352,42.913156801750254,35.86833913968268,72.03302344916706,61.75837679772052,93.44604290738911
2025-03-09 20:17:26.896000,909.0,540.0,359.0,2609.0,1456.0,455.0,59.58550531620136,79.286722616548,66.62118186888856,40.310544497970824,16.29287681136352,42.913156801750254,35.86833913968268,72.03302344916706,61.75837679772052,93.44604290738911
2025-03-09 20:17:26.904333,906.0,544.0,359.0,2611.0,1456.0,456.0,59.796317066155254,79.25043026962454,66.86713155819379,40.397688945028484,16.325236392851455,43.00590142584821,35.74122806128199,72.0378012666199,61.725238643666984,93.6497392703809
2025-03-09 20:17:26.904333,905.0,538.0,355.0,2609.0,1458.0,458.0,59.796317066155254,79.25043026962454,66.86713155819379,40.397688945028484,16.325236392851455,43.00590142584821,35.74122806128199,72.0378012666199,61.725238643666984,93.6497392703809
2025-03-09 20:17:26.904333,896.0,540.0,347.0,2611.0,1461.0,462.0,59.796317066155254,79.25043026962454,66.86713155819379,40.397688945028484,16.325236392851455,43.00590142584821,35.74122806128199,72.0378012666199,61.725238643666984,93.6497392703809
2025-03-09 20:17:26.912667,892.0,538.0,349.0,2611.0,1461.0,457.0,59.982863916909416,79.16447403041222,67.0694691264138,40.48216080360923,16.360350303140365,43.09801544405078,35.61889523048564,71.98787659049513,61.64184629423697,93.82705880068714
2025-03-09 20:17:26.912667,891.0,539.0,353.0,2611.0,1464.0,462.0,59.982863916909416,79.16447403041222,67.0694691264138,40.48216080360923,16.360350303140365,43.09801544405078,35.61889523048564,71.98787659049513,61.64184629423697,93.82705880068714
2025-03-09 20:17:26.912667,890.0,539.0,361.0,2610.0,1466.0,461.0,59.982863916909416,79.16447403041222,67.0694691264138,40.48216080360923,16.360350303140365,43.09801544405078,35.61889523048564,71.98787659049513,61.64184629423697,93.82705880068714
2025-03-09 20:17:26.921000,885.0,539.0,353.0,2610.0,1467.0,463.0,60.137501739018205,79.02261270776525,67.22086362481632,40.566643791778034,16.396083810157112,43.19078858266072,35.499082012872776,71.87820600668738,61.50618488534138,93.97095674063863
2025-03-09 20:17:26.921000,841.0,532.0,352.0,2609.0,1484.0,471.0,60.137501739018205,79.02261270776525,67.22086362481632,40.566643791778034,16.396083810157112,43.19078858266072,35.499082012872776,71.87820600668738,61.50618488534138,93.97095674063863
2025-03-09 20:17:26.921000,835.0,528.0,359.0,2614.0,1488.0,475.0,60.137501739018205,79.02261270776525,67.22086362481632,40.566643791778034,16.396083810157112,43.19078858266072,35.499082012872776,71.87820600668738,61.50618488534138,93.97095674063863
2025-03-09 20:17:26.921000,827.0,530.0,362.0,2610.0,1488.0,476.0,60.137501739018205,79.02261270776525,67.22086362481632,40.566643791778034,16.396083810157112,43.19078858266072,35.499082012872776,71.87820600668738,61.50618488534138,93.97095674063863
2025-03-09 20:17:26.921000,831.0,530.0,365.0,2608.0,1490.0,478.0,60.137501739018205,79.02261270776525,67.22086362481632,40.566643791778034,16.396083810157112,43.19078858266072,35.499082012872776,71.87820600668738,61.50618488534138,93.97095674063863
2025-03-09 20:17:26.929333,824.0,528.0,358.0,2610.0,1490.0,477.0,60.25611102061814,78.82368706291277,67.31574642148415,40.651951896762064,16.42978938326212,43.283424303920484,35.38280124842339,71.71012429838369,61.319962133446055,94.07877097775881
2025-03-09 20:17:26.929333,819.0,534.0,363.0,2605.0,1489.0,478.0,60.25611102061814,78.82368706291277,67.31574642148415,40.651951896762064,16.42978938326212,43.283424303920484,35.38280124842339,71.71012429838369,61.319962133446055,94.07877097775881
2025-03-09 20:17:26.929333,816.0,535.0,356.0,2608.0,1494.0,480.0,60.25611102061814,78.82368706291277,67.31574642148415,40.651951896762064,16.42978938326212,43.283424303920484,35.38280124842339,71.71012429838369,61.319962133446055,94.07877097775881
2025-03-09 20:17:26.937667,771.0,526.0,367.0,2608.0,1504.0,495.0,60.33748041455446,78.57139996376263,67.35264434716144,40.736164156943424,16.458853678708394,43.37245846756838,35.272721224285625,71.49066727110825,61.08849855152676,94.15107065302797
2025-03-09 20:17:26.937667,769.0,527.0,382.0,2607.0,1505.0,494.0,60.33748041455446,78.57139996376263,67.35264434716144,40.736164156943424,16.458853678708394,43.37245846756838,35.272721224285625,71.49066727110825,61.08849855152676,94.15107065302797
2025-03-09 20:17:26.937667,767.0,531.0,377.0,2605.0,1508.0,496.0,60.33748041455446,78.57139996376263,67.35264434716144,40.736164156943424,16.458853678708394,43.37245846756838,35.272721224285625,71.49066727110825,61.08849855152676,94.15107065302797
2025-03-09 20:17:26.946000,758.0,527.0,372.0,2605.0,1507.0,499.0,60.381422870043366,78.27145191951094,67.33228517815239,40.8151389928415,16.481005347820663,43.45312485113231,35.170511889558526,71.22672711143787,60.81671913989569,94.19021660624833
2025-03-09 20:17:26.946000,755.0,511.0,374.0,2608.0,1513.0,500.0,60.381422870043366,78.27145191951094,67.33228517815239,40.8151389928415,16.481005347820663,43.45312485113231,35.170511889558526,71.22672711143787,60.81671913989569,94.19021660624833
2025-03-09 20:17:26.946000,752.0,528.0,372.0,2606.0,1508.0,501.0,60.381422870043366,78.27145191951094,67.33228517815239,40.8151389928415,16.481005347820663,43.45312485113231,35.170511889558526,71.22672711143787,60.81671913989569,94.19021660624833
2025-03-09 20:17:26.946000,749.0,528.0,371.0,2604.0,1509.0,503.0,60.381422870043366,78.27145191951094,67.33228517815239,40.8151389928415,16.481005347820663,43.45312485113231,35.170511889558526,71.22672711143787,60.81671913989569,94.19021660624833
2025-03-09 20:17:26.954333,743.0,511.0,374.0,2608.0,1514.0,504.0,60.38670165838649,77.92926565061569,67.25060628532074,40.88153986033933,16.490017093946683,43.516863366697734,35.07878769427266,70.92510954418674,60.508994804388266,94.20012233070709
2025-03-09 20:17:26.954333,704.0,528.0,368.0,2608.0,1524.0,527.0,60.38670165838649,77.92926565061569,67.25060628532074,40.88153986033933,16.490017093946683,43.516863366697734,35.07878769427266,70.92510954418674,60.508994804388266,94.20012233070709
2025-03-09 20:17:26.954333,700.0,511.0,368.0,2608.0,1523.0,530.0,60.38670165838649,77.92926565061569,67.25060628532074,40.88153986033933,16.490017093946683,43.516863366697734,35.07878769427266,70.92510954418674,60.508994804388266,94.20012233070709
2025-03-09 20:17:26.954333,699.0,523.0,368.0,2608.0,1521.0,527.0,60.38670165838649,77.92926565061569,67.25060628532074,40.88153986033933,16.490017093946683,43.516863366697734,35.07878769427266,70.92510954418674,60.508994804388266,94.20012233070709
2025-03-09 20:17:26.962667,691.0,526.0,367.0,2608.0,1521.0,529.0,60.353807741580496,77.55128766456428,67.10308476004029,40.92826815271046,16.479647428618993,43.55518967881813,35.00229114705362,70.59452015634892,60.17056048319829,94.18547215162823
2025-03-09 20:17:26.962667,690.0,528.0,368.0,2608.0,1520.0,530.0,60.353807741580496,77.55128766456428,67.10308476004029,40.92826815271046,16.479647428618993,43.55518967881813,35.00229114705362,70.59452015634892,60.17056048319829,94.18547215162823
2025-03-09 20:17:26.962667,689.0,526.0,361.0,2605.0,1521.0,534.0,60.353807741580496,77.55128766456428,67.10308476004029,40.92826815271046,16.479647428618993,43.55518967881813,35.00229114705362,70.59452015634892,60.17056048319829,94.18547215162823
2025-03-09 20:17:26.971000,688.0,511.0,368.0,2608.0,1527.0,533.0,60.289516104971455,77.14727675339009,66.89592751647868,40.95420450076283,16.453685964714776,43.56781363051303,34.947422347879815,70.2456253295553,59.80749495882252,94.15146322570895
2025-03-09 20:17:26.971000,651.0,511.0,366.0,2607.0,1524.0,545.0,60.289516104971455,77.14727675339009,66.89592751647868,40.95420450076283,16.453685964714776,43.56781363051303,34.947422347879815,70.2456253295553,59.80749495882252,94.15146322570895
2025-03-09 20:17:26.971000,645.0,524.0,368.0,2605.0,1527.0,544.0,60.289516104971455,77.14727675339009,66.89592751647868,40.95420450076283,16.453685964714776,43.56781363051303,34.947422347879815,70.2456253295553,59.80749495882252,94.15146322570895
2025-03-09 20:17:26.971000,641.0,511.0,368.0,2604.0,1525.0,548.0,60.289516104971455,77.14727675339009,66.89592751647868,40.95420450076283,16.453685964714776,43.56781363051303,34.947422347879815,70.2456253295553,59.80749495882252,94.15146322570895
2025-03-09 20:17:26.979333,643.0,526.0,367.0,2608.0,1527.0,545.0,60.20206818145775,76.72805614118133,66.6420676809592,40.96368575032003,16.42082386779684,43.561014358676374,34.917619316586176,69.88820049164234,59.427287060441294,94.10199088431315
2025-03-09 20:17:26.979333,631.0,511.0,373.0,2606.0,1529.0,549.0,60.20206818145775,76.72805614118133,66.6420676809592,40.96368575032003,16.42082386779684,43.561014358676374,34.917619316586176,69.88820049164234,59.427287060441294,94.10199088431315
2025-03-09 20:17:26.979333,631.0,511.0,375.0,2608.0,1526.0,547.0,60.20206818145775,76.72805614118133,66.6420676809592,40.96368575032003,16.42082386779684,43.561014358676374,34.917619316586176,69.88820049164234,59.427287060441294,94.10199088431315
2025-03-09 20:17:26.979333,629.0,511.0,378.0,2608.0,1523.0,548.0,60.20206818145775,76.72805614118133,66.6420676809592,40.96368575032003,16.42082386779684,43.561014358676374,34.917619316586176,69.88820049164234,59.427287060441294,94.10199088431315
2025-03-09 20:17:26.987667,626.0,511.0,376.0,2608.0,1523.0,547.0,60.0957333633163,76.30358776699866,66.35133232962286,40.96098374503593,16.384690390049787,43.53992512209154,34.911888743900036,69.53045418509868,59.039425424974695,94.03900828117243
2025-03-09 20:17:26.987667,603.0,508.0,411.0,2603.0,1521.0,554.0,60.0957333633163,76.30358776699866,66.35133232962286,40.96098374503593,16.384690390049787,43.53992512209154,34.911888743900036,69.53045418509868,59.039425424974695,94.03900828117243
2025-03-09 20:17:26.987667,597.0,525.0,406.0,2599.0,1522.0,550.0,60.0957333633163,76.30358776699866,66.35133232962286,40.96098374503593,16.384690390049787,43.53992512209154,34.911888743900036,69.53045418509868,59.039425424974695,94.03900828117243
2025-03-09 20:17:26.996000,597.0,511.0,399.0,2605.0,1521.0,547.0,59.97270871240366,75.88212012249461,66.0331128664524,40.94888381771427,16.344293568951027,43.506844271289836,34.92552079295371,69.18039560305945,58.65499963664533,93.96443611542841
2025-03-09 20:17:26.996000,594.0,511.0,398.0,2607.0,1522.0,549.0,59.97270871240366,75.88212012249461,66.0331128664524,40.94888381771427,16.344293568951027,43.506844271289836,34.92552079295371,69.18039560305945,58.65499963664533,93.96443611542841
2025-03-09 20:17:26.996000,594.0,511.0,395.0,2605.0,1520.0,549.0,59.97270871240366,75.88212012249461,66.0331128664524,40.94888381771427,16.344293568951027,43.506844271289836,34.92552079295371,69.18039560305945,58.65499963664533,93.96443611542841
2025-03-09 20:17:26.996000,591.0,511.0,386.0,2604.0,1520.0,549.0,59.97270871240366,75.88212012249461,66.0331128664524,40.94888381771427,16.344293568951027,43.506844271289836,34.92552079295371,69.18039560305945,58.65499963664533,93.96443611542841
2025-03-09 20:17:27.004333,591.0,511.0,386.0,2603.0,1520.0,547.0,59.83523271389104,75.47184337352172,65.70026537429263,40.93020834659883,16.29826836233876,43.46415799968356,34.9504158741651,68.84541815509704,58.28595388056393,93.87945559850024
2025-03-09 20:17:27.004333,575.0,511.0,400.0,2604.0,1511.0,544.0,59.83523271389104,75.47184337352172,65.70026537429263,40.93020834659883,16.29826836233876,43.46415799968356,34.9504158741651,68.84541815509704,58.28595388056393,93.87945559850024
2025-03-09 20:17:27.004333,576.0,506.0,400.0,2603.0,1509.0,545.0,59.83523271389104,75.47184337352172,65.70026537429263,40.93020834659883,16.29826836233876,43.46415799968356,34.9504158741651,68.84541815509704,58.28595388056393,93.87945559850024
2025-03-09 20:17:27.004333,576.0,505.0,395.0,2608.0,1510.0,543.0,59.83523271389104,75.47184337352172,65.70026537429263,40.93020834659883,16.29826836233876,43.46415799968356,34.9504158741651,68.84541815509704,58.28595388056393,93.87945559850024
2025-03-09 20:17:27.012667,573.0,507.0,385.0,2606.0,1510.0,544.0,59.68622132338806,75.08316305504182,65.36843387582053,40.90672430451123,16.24619124735851,43.41366034105144,34.978317752741994,68.53426352687461,57.94554835794905,93.78438391083075
2025-03-09 20:17:27.012667,569.0,511.0,384.0,2608.0,1508.0,545.0,59.68622132338806,75.08316305504182,65.36843387582053,40.90672430451123,16.24619124735851,43.41366034105144,34.978317752741994,68.53426352687461,57.94554835794905,93.78438391083075
2025-03-09 20:17:27.012667,569.0,511.0,384.0,2606.0,1506.0,543.0,59.68622132338806,75.08316305504182,65.36843387582053,40.90672430451123,16.24619124735851,43.41366034105144,34.978317752741994,68.53426352687461,57.94554835794905,93.78438391083075
2025-03-09 20:17:27.021000,566.0,511.0,383.0,2607.0,1506.0,543.0,59.53244972693216,74.718843233011,65.04567115015807,40.87952195616267,16.189729568224497,43.357230137971406,35.007632574483324,68.24916357006893,57.63505557196301,93.68336345703787
2025-03-09 20:17:27.021000,566.0,511.0,381.0,2603.0,1505.0,543.0,59.53244972693216,74.718843233011,65.04567115015807,40.87952195616267,16.189729568224497,43.357230137971406,35.007632574483324,68.24916357006893,57.63505557196301,93.68336345703787
2025-03-09 20:17:27.021000,556.0,506.0,377.0,2601.0,1494.0,533.0,59.53244972693216,74.718843233011,65.04567115015807,40.87952195616267,16.189729568224497,43.357230137971406,35.007632574483324,68.24916357006893,57.63505557196301,93.68336345703787
2025-03-09 20:17:27.021000,555.0,507.0,380.0,2599.0,1495.0,533.0,59.53244972693216,74.718843233011,65.04567115015807,40.87952195616267,16.189729568224497,43.357230137971406,35.007632574483324,68.24916357006893,57.63505557196301,93.68336345703787
2025-03-09 20:17:27.029333,556.0,509.0,384.0,2598.0,1495.0,533.0,59.38368988424508,74.3725486540091,64.72928775184673,40.850967374004526,16.132501168115652,43.29902156548233,35.04297282101787,67.98298473835695,57.34175125060183,93.58393082533232
2025-03-09 20:17:27.029333,554.0,506.0,383.0,2599.0,1493.0,534.0,59.38368988424508,74.3725486540091,64.72928775184673,40.850967374004526,16.132501168115652,43.29902156548233,35.04297282101787,67.98298473835695,57.34175125060183,93.58393082533232
2025-03-09 20:17:27.029333,558.0,505.0,373.0,2605.0,1489.0,533.0,59.38368988424508,74.3725486540091,64.72928775184673,40.850967374004526,16.132501168115652,43.29902156548233,35.04297282101787,67.98298473835695,57.34175125060183,93.58393082533232
2025-03-09 20:17:27.037667,551.0,504.0,369.0,2600.0,1489.0,530.0,59.24736208423801,74.04612361756875,64.42219784996637,40.82367496513386,16.077518440035643,43.243168260333576,35.08612067319717,67.73539349985852,57.06308211067853,93.49140471385194
2025-03-09 20:17:27.037667,548.0,502.0,369.0,2602.0,1488.0,530.0,59.24736208423801,74.04612361756875,64.42219784996637,40.82367496513386,16.077518440035643,43.243168260333576,35.08612067319717,67.73539349985852,57.06308211067853,93.49140471385194
2025-03-09 20:17:27.037667,553.0,506.0,369.0,2603.0,1488.0,530.0,59.24736208423801,74.04612361756875,64.42219784996637,40.82367496513386,16.077518440035643,43.243168260333576,35.08612067319717,67.73539349985852,57.06308211067853,93.49140471385194
2025-03-09 20:17:27.037667,550.0,508.0,349.0,2597.0,1474.0,523.0,59.24736208423801,74.04612361756875,64.42219784996637,40.82367496513386,16.077518440035643,43.243168260333576,35.08612067319717,67.73539349985852,57.06308211067853,93.49140471385194
2025-03-09 20:17:27.046000,545.0,506.0,355.0,2602.0,1473.0,523.0,59.12821753830515,73.74817130885604,64.13281362133056,40.80042921100058,16.025203692884904,43.192642617800225,35.13535360912919,67.51382570432509,56.807867779050135,93.40898965539348
2025-03-09 20:17:27.046000,544.0,504.0,362.0,2599.0,1472.0,511.0,59.12821753830515,73.74817130885604,64.13281362133056,40.80042921100058,16.025203692884904,43.192642617800225,35.13535360912919,67.51382570432509,56.807867779050135,93.40898965539348
2025-03-09 20:17:27.046000,546.0,499.0,358.0,2599.0,1472.0,523.0,59.12821753830515,73.74817130885604,64.13281362133056,40.80042921100058,16.025203692884904,43.192642617800225,35.13535360912919,67.51382570432509,56.807867779050135,93.40898965539348
2025-03-09 20:17:27.054333,544.0,502.0,358.0,2599.0,1471.0,511.0,59.03053145622033,73.48512604032574,63.86798745139156,40.784809900737166,15.976890025277262,43.15157536606572,35.18899754510958,67.32283511026857,56.58211535523134,93.34000178389765
2025-03-09 20:17:27.054333,545.0,499.0,353.0,2603.0,1470.0,511.0,59.03053145622033,73.48512604032574,63.86798745139156,40.784809900737166,15.976890025277262,43.15157536606572,35.18899754510958,67.32283511026857,56.58211535523134,93.34000178389765
2025-03-09 20:17:27.054333,544.0,509.0,354.0,2602.0,1470.0,511.0,59.03053145622033,73.48512604032574,63.86798745139156,40.784809900737166,15.976890025277262,43.15157536606572,35.18899754510958,67.32283511026857,56.58211535523134,93.34000178389765
2025-03-09 20:17:27.054333,535.0,497.0,371.0,2603.0,1456.0,501.0,59.03053145622033,73.48512604032574,63.86798745139156,40.784809900737166,15.976890025277262,43.15157536606572,35.18899754510958,67.32283511026857,56.58211535523134,93.34000178389765
2025-03-09 20:17:27.062667,541.0,505.0,398.0,2599.0,1456.0,501.0,58.95782626998992,73.26167398937675,63.63183232605517,40.77832822254743,15.934095981921475,43.1221073620884,35.24756249551512,67.16573116018705,56.38900430542134,93.28738264016167
2025-03-09 20:17:27.062667,539.0,502.0,379.0,2597.0,1454.0,502.0,58.95782626998992,73.26167398937675,63.63183232605517,40.77832822254743,15.934095981921475,43.1221073620884,35.24756249551512,67.16573116018705,56.38900430542134,93.28738264016167
2025-03-09 20:17:27.062667,537.0,499.0,402.0,2606.0,1456.0,499.0,58.95782626998992,73.26167398937675,63.63183232605517,40.77832822254743,15.934095981921475,43.1221073620884,35.24756249551512,67.16573116018705,56.38900430542134,93.28738264016167
2025-03-09 20:17:27.062667,535.0,503.0,372.0,2602.0,1455.0,497.0,58.95782626998992,73.26167398937675,63.63183232605517,40.77832822254743,15.934095981921475,43.1221073620884,35.24756249551512,67.16573116018705,56.38900430542134,93.28738264016167
2025-03-09 20:17:27.071000,534.0,502.0,372.0,2606.0,1451.0,496.0,58.91289095088694,73.08246805419556,63.42731287698151,40.777581657098,15.898220934722113,43.10173502667129,35.313629538460944,67.04600307931688,56.22963677561491,93.252139997471
2025-03-09 20:17:27.071000,535.0,505.0,400.0,2601.0,1450.0,497.0,58.91289095088694,73.08246805419556,63.42731287698151,40.777581657098,15.898220934722113,43.10173502667129,35.313629538460944,67.04600307931688,56.22963677561491,93.252139997471
2025-03-09 20:17:27.071000,535.0,505.0,432.0,2604.0,1449.0,496.0,58.91289095088694,73.08246805419556,63.42731287698151,40.777581657098,15.898220934722113,43.10173502667129,35.313629538460944,67.04600307931688,56.22963677561491,93.252139997471
2025-03-09 20:17:27.079333,529.0,496.0,419.0,2604.0,1436.0,494.0,58.89746868062476,72.95262618359504,63.25716477318813,40.77875277682632,15.869058385768977,43.086948172253294,35.38896385510568,66.96832927679544,56.107017984311675,93.23294796608201
2025-03-09 20:17:27.079333,528.0,498.0,433.0,2599.0,1435.0,491.0,58.89746868062476,72.95262618359504,63.25716477318813,40.77875277682632,15.869058385768977,43.086948172253294,35.38896385510568,66.96832927679544,56.107017984311675,93.23294796608201
2025-03-09 20:17:27.079333,529.0,505.0,411.0,2602.0,1435.0,491.0,58.89746868062476,72.95262618359504,63.25716477318813,40.77875277682632,15.869058385768977,43.086948172253294,35.38896385510568,66.96832927679544,56.107017984311675,93.23294796608201
2025-03-09 20:17:27.079333,528.0,496.0,411.0,2603.0,1434.0,487.0,58.89746868062476,72.95262618359504,63.25716477318813,40.77875277682632,15.869058385768977,43.086948172253294,35.38896385510568,66.96832927679544,56.107017984311675,93.23294796608201
2025-03-09 20:17:27.087667,531.0,496.0,416.0,2603.0,1437.0,485.0,58.911749838719565,72.87516008813472,63.12297073385344,40.78111094180274,15.84705317472196,43.077585120599245,35.47314143966741,66.93380485486307,56.02276029720017,93.22740248099211
2025-03-09 20:17:27.087667,528.0,498.0,420.0,2605.0,1433.0,485.0,58.911749838719565,72.87516008813472,63.12297073385344,40.78111094180274,15.84705317472196,43.077585120599245,35.47314143966741,66.93380485486307,56.02276029720017,93.22740248099211
2025-03-09 20:17:27.087667,528.0,498.0,402.0,2605.0,1433.0,483.0,58.911749838719565,72.87516008813472,63.12297073385344,40.78111094180274,15.84705317472196,43.077585120599245,35.47314143966741,66.93380485486307,56.02276029720017,93.22740248099211
2025-03-09 20:17:27.096000,528.0,500.0,437.0,2601.0,1424.0,480.0,58.95483856392964,72.85066839702657,63.024641582926364,40.78699112971145,15.833787177981023,43.07709292157274,35.564135976236756,66.93920851663279,55.97591763572797,93.23275038761292
2025-03-09 20:17:27.096000,528.0,499.0,477.0,2597.0,1422.0,480.0,58.95483856392964,72.85066839702657,63.024641582926364,40.78699112971145,15.833787177981023,43.07709292157274,35.564135976236756,66.93920851663279,55.97591763572797,93.23275038761292
2025-03-09 20:17:27.096000,525.0,498.0,461.0,2602.0,1421.0,475.0,58.95483856392964,72.85066839702657,63.024641582926364,40.78699112971145,15.833787177981023,43.07709292157274,35.564135976236756,66.93920851663279,55.97591763572797,93.23275038761292
2025-03-09 20:17:27.096000,528.0,496.0,469.0,2598.0,1423.0,478.0,58.95483856392964,72.85066839702657,63.024641582926364,40.78699112971145,15.833787177981023,43.07709292157274,35.564135976236756,66.93920851663279,55.97591763572797,93.23275038761292
2025-03-09 20:17:27.104333,527.0,497.0,468.0,2603.0,1423.0,476.0,59.02467888310058,72.87787666571018,62.96130490635551,40.798992816381606,15.829414896363513,43.08827855905818,35.6592575996245,66.98146475888689,55.966121191333066,93.245590437509
2025-03-09 20:17:27.104333,526.0,498.0,466.0,2598.0,1422.0,479.0,59.02467888310058,72.87787666571018,62.96130490635551,40.798992816381606,15.829414896363513,43.08827855905818,35.6592575996245,66.98146475888689,55.966121191333066,93.245590437509
2025-03-09 20:17:27.104333,526.0,500.0,458.0,2603.0,1422.0,474.0,59.02467888310058,72.87787666571018,62.96130490635551,40.798992816381606,15.829414896363513,43.08827855905818,35.6592575996245,66.98146475888689,55.966121191333066,93.245590437509
2025-03-09 20:17:27.112667,528.0,501.0,434.0,2599.0,1423.0,471.0,59.11768778057139,72.95360421577955,62.931297368549856,40.81842687137887,15.833186810804897,43.111802665494665,35.756265197469496,67.05810295614452,55.99307359646579,93.26181334603562
2025-03-09 20:17:27.112667,526.0,498.0,464.0,2602.0,1411.0,465.0,59.11768778057139,72.95360421577955,62.931297368549856,40.81842687137887,15.833186810804897,43.111802665494665,35.756265197469496,67.05810295614452,55.99307359646579,93.26181334603562
2025-03-09 20:17:27.112667,511.0,504.0,439.0,2596.0,1409.0,468.0,59.11768778057139,72.95360421577955,62.931297368549856,40.81842687137887,15.833186810804897,43.111802665494665,35.756265197469496,67.05810295614452,55.99307359646579,93.26181334603562
2025-03-09 20:17:27.112667,523.0,500.0,458.0,2601.0,1413.0,464.0,59.11768778057139,72.95360421577955,62.931297368549856,40.81842687137887,15.833186810804897,43.111802665494665,35.756265197469496,67.05810295614452,55.99307359646579,93.26181334603562
2025-03-09 20:17:27.121000,511.0,501.0,484.0,2601.0,1409.0,464.0,59.22927121348178,73.07308987907828,62.932689515213795,40.8449822813292,15.843967698005745,43.14662109920938,35.852320776538825,67.16549914828681,56.05503086128001,93.27715492602901
2025-03-09 20:17:27.121000,525.0,500.0,476.0,2597.0,1409.0,465.0,59.22927121348178,73.07308987907828,62.932689515213795,40.8449822813292,15.843967698005745,43.14662109920938,35.852320776538825,67.16549914828681,56.05503086128001,93.27715492602901
2025-03-09 20:17:27.121000,511.0,499.0,555.0,2597.0,1409.0,465.0,59.22927121348178,73.07308987907828,62.932689515213795,40.8449822813292,15.843967698005745,43.14662109920938,35.852320776538825,67.16549914828681,56.05503086128001,93.27715492602901
2025-03-09 20:17:27.121000,511.0,498.0,496.0,2601.0,1409.0,463.0,59.22927121348178,73.07308987907828,62.932689515213795,40.8449822813292,15.843967698005745,43.14662109920938,35.852320776538825,67.16549914828681,56.05503086128001,93.27715492602901
2025-03-09 20:17:27.129333,511.0,496.0,411.0,2601.0,1402.0,461.0,59.353846666051524,73.2307964126268,62.961385296718994,40.87708516584835,15.859522615376587,43.190201905879924,35.94514285562956,67.29956828803006,56.14946884090668,93.28706527491796
2025-03-09 20:17:27.129333,511.0,496.0,412.0,2598.0,1401.0,461.0,59.353846666051524,73.2307964126268,62.961385296718994,40.87708516584835,15.859522615376587,43.190201905879924,35.94514285562956,67.29956828803006,56.14946884090668,93.28706527491796
2025-03-09 20:17:27.129333,511.0,496.0,409.0,2599.0,1402.0,461.0,59.353846666051524,73.2307964126268,62.961385296718994,40.87708516584835,15.859522615376587,43.190201905879924,35.94514285562956,67.29956828803006,56.14946884090668,93.28706527491796
2025-03-09 20:17:27.137667,511.0,498.0,412.0,2597.0,1403.0,461.0,59.482473453374645,73.41823186096833,63.00727552170598,40.91065962421636,15.873499851195941,43.23599747995432,36.03360470469482,67.45607049279465,56.27337353529946,93.2869863415659
2025-03-09 20:17:27.137667,511.0,496.0,406.0,2595.0,1402.0,461.0,59.482473453374645,73.41823186096833,63.00727552170598,40.91065962421636,15.873499851195941,43.23599747995432,36.03360470469482,67.45607049279465,56.27337353529946,93.2869863415659
2025-03-09 20:17:27.137667,511.0,502.0,417.0,2598.0,1399.0,460.0,59.482473453374645,73.41823186096833,63.00727552170598,40.91065962421636,15.873499851195941,43.23599747995432,36.03360470469482,67.45607049279465,56.27337353529946,93.2869863415659
2025-03-09 20:17:27.137667,511.0,497.0,420.0,2601.0,1402.0,461.0,59.482473453374645,73.41823186096833,63.00727552170598,40.91065962421636,15.873499851195941,43.23599747995432,36.03360470469482,67.45607049279465,56.27337353529946,93.2869863415659
2025-03-09 20:17:27.146000,507.0,496.0,416.0,2601.0,1403.0,458.0,59.60771328989929,73.62831861312658,63.06393300602443,40.94156954021081,15.882840431634072,43.2783784919495,36.11717084830152,67.63111444554997,56.42318661023233,93.27281776341448
2025-03-09 20:17:27.146000,508.0,495.0,419.0,2604.0,1401.0,458.0,59.60771328989929,73.62831861312658,63.06393300602443,40.94156954021081,15.882840431634072,43.2783784919495,36.11717084830152,67.63111444554997,56.42318661023233,93.27281776341448
2025-03-09 20:17:27.146000,511.0,497.0,416.0,2599.0,1399.0,453.0,59.60771328989929,73.62831861312658,63.06393300602443,40.94156954021081,15.882840431634072,43.2783784919495,36.11717084830152,67.63111444554997,56.42318661023233,93.27281776341448
2025-03-09 20:17:27.154333,508.0,496.0,423.0,2599.0,1398.0,455.0,59.72891810469148,73.86071891983589,63.137508640072646,40.96989140556593,15.895674416806068,43.319768337485705,36.19545384696539,67.8212557622612,56.59509896308005,93.24064582065907
2025-03-09 20:17:27.154333,511.0,491.0,421.0,2597.0,1401.0,454.0,59.72891810469148,73.86071891983589,63.137508640072646,40.96989140556593,15.895674416806068,43.319768337485705,36.19545384696539,67.8212557622612,56.59509896308005,93.24064582065907
2025-03-09 20:17:27.154333,511.0,496.0,416.0,2601.0,1399.0,459.0,59.72891810469148,73.86071891983589,63.137508640072646,40.96989140556593,15.895674416806068,43.319768337485705,36.19545384696539,67.8212557622612,56.59509896308005,93.24064582065907
2025-03-09 20:17:27.154333,507.0,496.0,431.0,2594.0,1399.0,455.0,59.72891810469148,73.86071891983589,63.137508640072646,40.96989140556593,15.895674416806068,43.319768337485705,36.19545384696539,67.8212557622612,56.59509896308005,93.24064582065907
2025-03-09 20:17:27.162667,507.0,502.0,426.0,2597.0,1401.0,459.0,59.84438402348599,74.1150704294017,63.2320975769576,40.99581398401635,15.916635020739825,43.36178726246454,36.26665297986308,68.02369151218743,56.78727859017455,93.18645372576408
2025-03-09 20:17:27.162667,509.0,494.0,429.0,2598.0,1399.0,453.0,59.84438402348599,74.1150704294017,63.2320975769576,40.99581398401635,15.916635020739825,43.36178726246454,36.26665297986308,68.02369151218743,56.78727859017455,93.18645372576408
2025-03-09 20:17:27.162667,506.0,496.0,422.0,2595.0,1400.0,453.0,59.84438402348599,74.1150704294017,63.2320975769576,40.99581398401635,15.916635020739825,43.36178726246454,36.26665297986308,68.02369151218743,56.78727859017455,93.18645372576408
2025-03-09 20:17:27.171000,511.0,498.0,421.0,2598.0,1399.0,451.0,59.94980071591041,74.3889665454885,63.34688814813217,41.01808285894664,15.943006796222098,43.40222046901428,36.32734402919487,68.23707717283908,57.000584601701654,93.10724591616855
2025-03-09 20:17:27.171000,503.0,498.0,426.0,2597.0,1403.0,453.0,59.94980071591041,74.3889665454885,63.34688814813217,41.01808285894664,15.943006796222098,43.40222046901428,36.32734402919487,68.23707717283908,57.000584601701654,93.10724591616855
2025-03-09 20:17:27.171000,511.0,495.0,420.0,2602.0,1399.0,453.0,59.94980071591041,74.3889665454885,63.34688814813217,41.01808285894664,15.943006796222098,43.40222046901428,36.32734402919487,68.23707717283908,57.000584601701654,93.10724591616855
2025-03-09 20:17:27.171000,522.0,497.0,420.0,2594.0,1403.0,455.0,59.94980071591041,74.3889665454885,63.34688814813217,41.01808285894664,15.943006796222098,43.40222046901428,36.32734402919487,68.23707717283908,57.000584601701654,93.10724591616855
2025-03-09 20:17:27.179333,511.0,493.0,421.0,2598.0,1399.0,452.0,60.042209892281804,74.68087652307132,63.48172327381051,41.036087357982865,15.973517098241807,43.43994233516173,36.375312684677795,68.46044339138841,57.235540260023626,93.00156106353954
2025-03-09 20:17:27.179333,511.0,496.0,423.0,2599.0,1399.0,453.0,60.042209892281804,74.68087652307132,63.48172327381051,41.036087357982865,15.973517098241807,43.43994233516173,36.375312684677795,68.46044339138841,57.235540260023626,93.00156106353954
2025-03-09 20:17:27.179333,511.0,495.0,419.0,2597.0,1403.0,451.0,60.042209892281804,74.68087652307132,63.48172327381051,41.036087357982865,15.973517098241807,43.43994233516173,36.375312684677795,68.46044339138841,57.235540260023626,93.00156106353954
2025-03-09 20:17:27.187667,511.0,498.0,415.0,2594.0,1405.0,451.0,60.12019034454528,74.99046814411513,63.635723499202925,41.04920838968412,16.00759931731745,43.47398296041163,36.41094077648654,68.6942269657194,57.492653985581114,92.86905613619388
2025-03-09 20:17:27.187667,526.0,494.0,424.0,2599.0,1407.0,451.0,60.12019034454528,74.99046814411513,63.635723499202925,41.04920838968412,16.00759931731745,43.47398296041163,36.41094077648654,68.6942269657194,57.492653985581114,92.86905613619388
2025-03-09 20:17:27.187667,524.0,496.0,421.0,2599.0,1407.0,455.0,60.12019034454528,74.99046814411513,63.635723499202925,41.04920838968412,16.00759931731745,43.47398296041163,36.41094077648654,68.6942269657194,57.492653985581114,92.86905613619388
2025-03-09 20:17:27.187667,524.0,495.0,432.0,2595.0,1408.0,450.0,60.12019034454528,74.99046814411513,63.635723499202925,41.04920838968412,16.00759931731745,43.47398296041163,36.41094077648654,68.6942269657194,57.492653985581114,92.86905613619388
2025-03-09 20:17:27.196000,525.0,496.0,419.0,2597.0,1407.0,453.0,60.18337171092368,75.31701436917469,63.80653932366148,41.057002967495904,16.044660965609168,43.50365260187161,36.43589053606621,68.9384299533416,57.77114400266691,92.71096365618756
2025-03-09 20:17:27.196000,528.0,497.0,423.0,2594.0,1408.0,453.0,60.18337171092368,75.31701436917469,63.80653932366148,41.057002967495904,16.044660965609168,43.50365260187161,36.43589053606621,68.9384299533416,57.77114400266691,92.71096365618756
2025-03-09 20:17:27.196000,538.0,496.0,420.0,2596.0,1411.0,455.0,60.18337171092368,75.31701436917469,63.80653932366148,41.057002967495904,16.044660965609168,43.50365260187161,36.43589053606621,68.9384299533416,57.77114400266691,92.71096365618756
2025-03-09 20:17:27.196000,535.0,496.0,416.0,2597.0,1414.0,453.0,60.18337171092368,75.31701436917469,63.80653932366148,41.057002967495904,16.044660965609168,43.50365260187161,36.43589053606621,68.9384299533416,57.77114400266691,92.71096365618756
2025-03-09 20:17:27.204333,539.0,496.0,421.0,2594.0,1411.0,451.0,60.230541392717384,75.6565100319319,63.98963425394146,41.05959479191924,16.083864704459124,43.52886881445024,36.45103908459273,69.18953854456139,58.067020635470904,92.5291342408346
2025-03-09 20:17:27.204333,538.0,496.0,414.0,2597.0,1417.0,451.0,60.230541392717384,75.6565100319319,63.98963425394146,41.05959479191924,16.083864704459124,43.52886881445024,36.45103908459273,69.18953854456139,58.067020635470904,92.5291342408346
2025-03-09 20:17:27.204333,543.0,495.0,414.0,2599.0,1415.0,453.0,60.230541392717384,75.6565100319319,63.98963425394146,41.05959479191924,16.083864704459124,43.52886881445024,36.45103908459273,69.18953854456139,58.067020635470904,92.5291342408346
2025-03-09 20:17:27.212667,545.0,496.0,410.0,2595.0,1417.0,453.0,60.260180712888015,76.00434438062003,64.18073232513956,41.05746363192013,16.12367353634949,43.54976412517482,36.45583041964297,69.44331220381447,58.376329489424805,92.3241268039951
2025-03-09 20:17:27.212667,545.0,499.0,414.0,2598.0,1420.0,451.0,60.260180712888015,76.00434438062003,64.18073232513956,41.05746363192013,16.12367353634949,43.54976412517482,36.45583041964297,69.44331220381447,58.376329489424805,92.3241268039951
2025-03-09 20:17:27.212667,543.0,496.0,415.0,2597.0,1421.0,452.0,60.260180712888015,76.00434438062003,64.18073232513956,41.05746363192013,16.12367353634949,43.54976412517482,36.45583041964297,69.44331220381447,58.376329489424805,92.3241268039951
2025-03-09 20:17:27.212667,556.0,495.0,412.0,2598.0,1424.0,451.0,60.260180712888015,76.00434438062003,64.18073232513956,41.05746363192013,16.12367353634949,43.54976412517482,36.45583041964297,69.44331220381447,58.376329489424805,92.3241268039951
2025-03-09 20:17:27.221000,560.0,494.0,413.0,2599.0,1423.0,452.0,60.2742995029745,76.35728446247711,64.37677000905343,41.05171352451566,16.16571645617272,43.56679892144406,36.45629376280062,69.70062465879599,58.696265359427386,92.0996753807465
2025-03-09 20:17:27.221000,560.0,496.0,412.0,2595.0,1424.0,453.0,60.2742995029745,76.35728446247711,64.37677000905343,41.05171352451566,16.16571645617272,43.56679892144406,36.45629376280062,69.70062465879599,58.696265359427386,92.0996753807465
2025-03-09 20:17:27.221000,560.0,496.0,410.0,2598.0,1424.0,453.0,60.2742995029745,76.35728446247711,64.37677000905343,41.05171352451566,16.16571645617272,43.56679892144406,36.45629376280062,69.70062465879599,58.696265359427386,92.0996753807465
2025-03-09 20:17:27.229333,562.0,503.0,411.0,2595.0,1425.0,450.0,60.2759416437363,76.7122615496666,64.57335438689591,41.042229221865554,16.212317450766697,43.5793864362132,36.461395542289324,69.96300455063594,59.02280555351855,91.8611977402643
2025-03-09 20:17:27.229333,566.0,494.0,411.0,2597.0,1426.0,451.0,60.2759416437363,76.7122615496666,64.57335438689591,41.042229221865554,16.212317450766697,43.5793864362132,36.461395542289324,69.96300455063594,59.02280555351855,91.8611977402643
2025-03-09 20:17:27.229333,565.0,496.0,410.0,2605.0,1427.0,452.0,60.2759416437363,76.7122615496666,64.57335438689591,41.042229221865554,16.212317450766697,43.5793864362132,36.461395542289324,69.96300455063594,59.02280555351855,91.8611977402643
2025-03-09 20:17:27.229333,587.0,496.0,402.0,2595.0,1429.0,451.0,60.2759416437363,76.7122615496666,64.57335438689591,41.042229221865554,16.212317450766697,43.5793864362132,36.461395542289324,69.96300455063594,59.02280555351855,91.8611977402643
2025-03-09 20:17:27.237667,589.0,496.0,406.0,2597.0,1434.0,454.0,60.26631655345232,77.06640879117262,64.76454117972094,41.02687686702441,16.260283319942815,43.585278410825886,36.472546058163545,70.22724866886294,59.35108917563013,91.61170271581975
2025-03-09 20:17:27.237667,590.0,497.0,406.0,2592.0,1430.0,454.0,60.26631655345232,77.06640879117262,64.76454117972094,41.02687686702441,16.260283319942815,43.585278410825886,36.472546058163545,70.22724866886294,59.35108917563013,91.61170271581975
2025-03-09 20:17:27.237667,592.0,501.0,406.0,2597.0,1431.0,455.0,60.26631655345232,77.06640879117262,64.76454117972094,41.02687686702441,16.260283319942815,43.585278410825886,36.472546058163545,70.22724866886294,59.35108917563013,91.61170271581975
2025-03-09 20:17:27.246000,592.0,495.0,404.0,2599.0,1436.0,455.0,60.248444649451656,77.4189827361477,64.94899637820049,41.00502497536827,16.306068456782224,43.58354900676799,36.48835808723567,70.49237266982894,59.67954582541984,91.355353659242
2025-03-09 20:17:27.246000,595.0,497.0,403.0,2599.0,1434.0,454.0,60.248444649451656,77.4189827361477,64.94899637820049,41.00502497536827,16.306068456782224,43.58354900676799,36.48835808723567,70.49237266982894,59.67954582541984,91.355353659242
2025-03-09 20:17:27.246000,598.0,498.0,406.0,2603.0,1439.0,454.0,60.248444649451656,77.4189827361477,64.94899637820049,41.00502497536827,16.306068456782224,43.58354900676799,36.48835808723567,70.49237266982894,59.67954582541984,91.355353659242
2025-03-09 20:17:27.246000,607.0,498.0,406.0,2599.0,1436.0,455.0,60.248444649451656,77.4189827361477,64.94899637820049,41.00502497536827,16.306068456782224,43.58354900676799,36.48835808723567,70.49237266982894,59.67954582541984,91.355353659242
2025-03-09 20:17:27.254333,632.0,505.0,396.0,2596.0,1438.0,455.0,60.22491448833596,77.7700697570405,65.12799084902086,40.977258135040316,16.348817322127022,43.57434780583873,36.50897729037745,70.75989056492485,60.00877973011966,91.09508136180968
2025-03-09 20:17:27.254333,631.0,497.0,390.0,2596.0,1439.0,454.0,60.22491448833596,77.7700697570405,65.12799084902086,40.977258135040316,16.348817322127022,43.57434780583873,36.50897729037745,70.75989056492485,60.00877973011966,91.09508136180968
2025-03-09 20:17:27.254333,633.0,495.0,384.0,2599.0,1437.0,457.0,60.22491448833596,77.7700697570405,65.12799084902086,40.977258135040316,16.348817322127022,43.57434780583873,36.50897729037745,70.75989056492485,60.00877973011966,91.09508136180968
2025-03-09 20:17:27.262667,641.0,496.0,394.0,2599.0,1439.0,455.0,60.1973165421798,78.11782033506864,65.29941729137194,40.94365638585942,16.388561561474386,43.55782302274593,36.53610459110967,71.02838402964926,60.33592552940303,90.83288872966489
2025-03-09 20:17:27.262667,641.0,496.0,387.0,2603.0,1439.0,455.0,60.1973165421798,78.11782033506864,65.29941729137194,40.94365638585942,16.388561561474386,43.55782302274593,36.53610459110967,71.02838402964926,60.33592552940303,90.83288872966489
2025-03-09 20:17:27.262667,645.0,496.0,400.0,2601.0,1441.0,457.0,60.1973165421798,78.11782033506864,65.29941729137194,40.94365638585942,16.388561561474386,43.55782302274593,36.53610459110967,71.02838402964926,60.33592552940303,90.83288872966489
2025-03-09 20:17:27.262667,649.0,498.0,396.0,2599.0,1440.0,457.0,60.1973165421798,78.11782033506864,65.29941729137194,40.94365638585942,16.388561561474386,43.55782302274593,36.53610459110967,71.02838402964926,60.33592552940303,90.83288872966489
2025-03-09 20:17:27.271000,688.0,495.0,383.0,2595.0,1443.0,452.0,60.16924739530166,78.45974585726407,65.46025329448875,40.90508703855424,16.427837905135494,43.53575776985632,36.57388195532343,71.29496206800486,60.65509736182703,90.57353280656099
2025-03-09 20:17:27.271000,688.0,499.0,384.0,2595.0,1444.0,455.0,60.16924739530166,78.45974585726407,65.46025329448875,40.90508703855424,16.427837905135494,43.53575776985632,36.57388195532343,71.29496206800486,60.65509736182703,90.57353280656099
2025-03-09 20:17:27.271000,690.0,496.0,382.0,2599.0,1442.0,453.0,60.16924739530166,78.45974585726407,65.46025329448875,40.90508703855424,16.427837905135494,43.53575776985632,36.57388195532343,71.29496206800486,60.65509736182703,90.57353280656099
2025-03-09 20:17:27.271000,697.0,496.0,385.0,2599.0,1443.0,455.0,60.16924739530166,78.45974585726407,65.46025329448875,40.90508703855424,16.427837905135494,43.53575776985632,36.57388195532343,71.29496206800486,60.65509736182703,90.57353280656099
2025-03-09 20:17:27.279333,702.0,503.0,377.0,2599.0,1443.0,453.0,60.145496939897,78.7942328926882,65.60901423713764,40.86289890985851,16.468464708174146,43.510054374794436,36.62576233994522,71.55843241541167,60.962113908182985,90.32348707491552
2025-03-09 20:17:27.279333,704.0,496.0,379.0,2598.0,1441.0,453.0,60.145496939897,78.7942328926882,65.60901423713764,40.86289890985851,16.468464708174146,43.510054374794436,36.62576233994522,71.55843241541167,60.962113908182985,90.32348707491552
2025-03-09 20:17:27.279333,707.0,498.0,380.0,2604.0,1445.0,455.0,60.145496939897,78.7942328926882,65.60901423713764,40.86289890985851,16.468464708174146,43.510054374794436,36.62576233994522,71.55843241541167,60.962113908182985,90.32348707491552
2025-03-09 20:17:27.287667,709.0,498.0,386.0,2595.0,1447.0,454.0,60.129343660090456,79.12040325484628,65.74460228181898,40.81718052256811,16.511202157617273,43.4812090675781,36.693830178967914,71.81798676622482,61.254020412545906,90.08753857642499
2025-03-09 20:17:27.287667,752.0,504.0,384.0,2597.0,1447.0,453.0,60.129343660090456,79.12040325484628,65.74460228181898,40.81718052256811,16.511202157617273,43.4812090675781,36.693830178967914,71.81798676622482,61.254020412545906,90.08753857642499
2025-03-09 20:17:27.287667,758.0,507.0,387.0,2603.0,1450.0,450.0,60.129343660090456,79.12040325484628,65.74460228181898,40.81718052256811,16.511202157617273,43.4812090675781,36.693830178967914,71.81798676622482,61.254020412545906,90.08753857642499
2025-03-09 20:17:27.287667,763.0,502.0,382.0,2597.0,1449.0,451.0,60.129343660090456,79.12040325484628,65.74460228181898,40.81718052256811,16.511202157617273,43.4812090675781,36.693830178967914,71.81798676622482,61.254020412545906,90.08753857642499
2025-03-09 20:17:27.296000,768.0,506.0,385.0,2597.0,1447.0,450.0,60.123367847864905,79.43715501614223,65.86463711443575,40.767773268140104,16.55585323057821,43.44907658873247,36.780514368670275,72.07321683820118,61.52837107283325,89.87033140319451
2025-03-09 20:17:27.296000,770.0,501.0,378.0,2598.0,1445.0,451.0,60.123367847864905,79.43715501614223,65.86463711443575,40.767773268140104,16.55585323057821,43.44907658873247,36.780514368670275,72.07321683820118,61.52837107283325,89.87033140319451
2025-03-09 20:17:27.296000,775.0,501.0,384.0,2597.0,1446.0,451.0,60.123367847864905,79.43715501614223,65.86463711443575,40.767773268140104,16.55585323057821,43.44907658873247,36.780514368670275,72.07321683820118,61.52837107283325,89.87033140319451
2025-03-09 20:17:27.304333,784.0,499.0,383.0,2605.0,1448.0,451.0,60.13174083849664,79.7430296539759,65.96567244378754,40.716062589669825,16.60150507578173,43.414720104383754,36.88875405647256,72.3240603290894,61.782786284051454,89.67960600053121
2025-03-09 20:17:27.304333,831.0,507.0,390.0,2602.0,1451.0,450.0,60.13174083849664,79.7430296539759,65.96567244378754,40.716062589669825,16.60150507578173,43.414720104383754,36.88875405647256,72.3240603290894,61.782786284051454,89.67960600053121
2025-03-09 20:17:27.304333,833.0,507.0,380.0,2597.0,1451.0,448.0,60.13174083849664,79.7430296539759,65.96567244378754,40.716062589669825,16.60150507578173,43.414720104383754,36.88875405647256,72.3240603290894,61.782786284051454,89.67960600053121
2025-03-09 20:17:27.304333,837.0,503.0,384.0,2597.0,1452.0,451.0,60.13174083849664,79.7430296539759,65.96567244378754,40.716062589669825,16.60150507578173,43.414720104383754,36.88875405647256,72.3240603290894,61.782786284051454,89.67960600053121
2025-03-09 20:17:27.312667,846.0,502.0,385.0,2601.0,1454.0,449.0,60.159363563564725,80.03786095140018,66.04462917870786,40.66424293200263,16.647634602815614,43.38034168539407,37.02131607718528,72.57066537570101,62.01549054007673,89.52365325050633
2025-03-09 20:17:27.312667,849.0,505.0,384.0,2599.0,1453.0,450.0,60.159363563564725,80.03786095140018,66.04462917870786,40.66424293200263,16.647634602815614,43.38034168539407,37.02131607718528,72.57066537570101,62.01549054007673,89.52365325050633
2025-03-09 20:17:27.312667,853.0,505.0,390.0,2601.0,1454.0,450.0,60.159363563564725,80.03786095140018,66.04462917870786,40.66424293200263,16.647634602815614,43.38034168539407,37.02131607718528,72.57066537570101,62.01549054007673,89.52365325050633
2025-03-09 20:17:27.312667,858.0,507.0,394.0,2595.0,1453.0,450.0,60.159363563564725,80.03786095140018,66.04462917870786,40.66424293200263,16.647634602815614,43.38034168539407,37.02131607718528,72.57066537570101,62.01549054007673,89.52365325050633
2025-03-09 20:17:27.321000,861.0,505.0,390.0,2597.0,1453.0,448.0,60.21291190283914,80.32298051036959,66.0992030710478,40.61202090700746,16.693453707573642,43.34564075900812,37.18272654266851,72.81562377232358,62.22485200113273,89.41382134486808
2025-03-09 20:17:27.321000,919.0,507.0,395.0,2601.0,1455.0,448.0,60.21291190283914,80.32298051036959,66.0992030710478,40.61202090700746,16.693453707573642,43.34564075900812,37.18272654266851,72.81562377232358,62.22485200113273,89.41382134486808
2025-03-09 20:17:27.321000,924.0,511.0,398.0,2601.0,1455.0,448.0,60.21291190283914,80.32298051036959,66.0992030710478,40.61202090700746,16.693453707573642,43.34564075900812,37.18272654266851,72.81562377232358,62.22485200113273,89.41382134486808
2025-03-09 20:17:27.329333,930.0,511.0,399.0,2597.0,1454.0,448.0,60.290010083102324,80.5993603519027,66.12998876604986,40.55824188894517,16.738392568396232,43.30936176709061,37.37149103634242,73.05938221886706,62.41255746394701,89.34708937810443
2025-03-09 20:17:27.329333,931.0,508.0,401.0,2597.0,1451.0,448.0,60.290010083102324,80.5993603519027,66.12998876604986,40.55824188894517,16.738392568396232,43.30936176709061,37.37149103634242,73.05938221886706,62.41255746394701,89.34708937810443
2025-03-09 20:17:27.329333,939.0,505.0,400.0,2595.0,1453.0,446.0,60.290010083102324,80.5993603519027,66.12998876604986,40.55824188894517,16.738392568396232,43.30936176709061,37.37149103634242,73.05938221886706,62.41255746394701,89.34708937810443
2025-03-09 20:17:27.337667,944.0,508.0,405.0,2598.0,1455.0,449.0,60.374374681667526,80.86556101337229,66.14043982651606,40.50364734514123,16.782315690727252,43.272306559569586,37.57526557325269,73.29551964401321,62.58387110970676,89.29809311615895
2025-03-09 20:17:27.337667,947.0,507.0,401.0,2598.0,1453.0,445.0,60.374374681667526,80.86556101337229,66.14043982651606,40.50364734514123,16.782315690727252,43.272306559569586,37.57526557325269,73.29551964401321,62.58387110970676,89.29809311615895
2025-03-09 20:17:27.337667,1007.0,511.0,390.0,2598.0,1453.0,445.0,60.374374681667526,80.86556101337229,66.14043982651606,40.50364734514123,16.782315690727252,43.272306559569586,37.57526557325269,73.29551964401321,62.58387110970676,89.29809311615895
2025-03-09 20:17:27.337667,1010.0,511.0,391.0,2594.0,1453.0,446.0,60.374374681667526,80.86556101337229,66.14043982651606,40.50364734514123,16.782315690727252,43.272306559569586,37.57526557325269,73.29551964401321,62.58387110970676,89.29809311615895
2025-03-09 20:17:27.346000,1013.0,511.0,386.0,2594.0,1450.0,445.0,60.45630260745405,81.11734541743259,66.12804358199395,40.4492870235605,16.824914750411274,43.235543376793295,37.78850459725556,73.5169581641014,62.73815462576964,89.25170927595752
2025-03-09 20:17:27.346000,1022.0,527.0,384.0,2595.0,1453.0,443.0,60.45630260745405,81.11734541743259,66.12804358199395,40.4492870235605,16.824914750411274,43.235543376793295,37.78850459725556,73.5169581641014,62.73815462576964,89.25170927595752
2025-03-09 20:17:27.346000,1036.0,511.0,385.0,2597.0,1451.0,444.0,60.45630260745405,81.11734541743259,66.12804358199395,40.4492870235605,16.824914750411274,43.235543376793295,37.78850459725556,73.5169581641014,62.73815462576964,89.25170927595752
2025-03-09 20:17:27.346000,1037.0,511.0,391.0,2597.0,1449.0,443.0,60.45630260745405,81.11734541743259,66.12804358199395,40.4492870235605,16.824914750411274,43.235543376793295,37.78850459725556,73.5169581641014,62.73815462576964,89.25170927595752
2025-03-09 20:17:27.354333,1040.0,523.0,384.0,2594.0,1453.0,446.0,60.53850941718822,81.35261161395334,66.09160218956487,40.39499986973625,16.866044376194676,43.19892575971469,38.01233155989155,73.72255677138162,62.8721920935149,89.20885259668596
2025-03-09 20:17:27.354333,1045.0,511.0,395.0,2599.0,1453.0,442.0,60.53850941718822,81.35261161395334,66.09160218956487,40.39499986973625,16.866044376194676,43.19892575971469,38.01233155989155,73.72255677138162,62.8721920935149,89.20885259668596
2025-03-09 20:17:27.354333,1093.0,525.0,384.0,2594.0,1451.0,439.0,60.53850941718822,81.35261161395334,66.09160218956487,40.39499986973625,16.866044376194676,43.19892575971469,38.01233155989155,73.72255677138162,62.8721920935149,89.20885259668596
2025-03-09 20:17:27.362667,1103.0,527.0,383.0,2592.0,1452.0,438.0,60.62664774705911,81.57344327043535,66.0387494230771,40.34056571780833,16.905955780225515,43.16224597654079,38.24422479466535,73.91608493163443,62.987268940654566,89.17205836816748
2025-03-09 20:17:27.362667,1104.0,511.0,379.0,2594.0,1452.0,438.0,60.62664774705911,81.57344327043535,66.0387494230771,40.34056571780833,16.905955780225515,43.16224597654079,38.24422479466535,73.91608493163443,62.987268940654566,89.17205836816748
2025-03-09 20:17:27.362667,1107.0,528.0,379.0,2595.0,1455.0,439.0,60.62664774705911,81.57344327043535,66.0387494230771,40.34056571780833,16.905955780225515,43.16224597654079,38.24422479466535,73.91608493163443,62.987268940654566,89.17205836816748
2025-03-09 20:17:27.371000,1111.0,525.0,381.0,2591.0,1455.0,438.0,60.72298623023729,81.78219833480307,65.97533217874809,40.28562587429922,16.945058867339466,43.12508472998258,38.48218110005586,74.10094375946906,63.085822543887076,89.14176330832116
2025-03-09 20:17:27.371000,1115.0,526.0,387.0,2594.0,1455.0,439.0,60.72298623023729,81.78219833480307,65.97533217874809,40.28562587429922,16.945058867339466,43.12508472998258,38.48218110005586,74.10094375946906,63.085822543887076,89.14176330832116
2025-03-09 20:17:27.371000,1125.0,527.0,394.0,2595.0,1455.0,438.0,60.72298623023729,81.78219833480307,65.97533217874809,40.28562587429922,16.945058867339466,43.12508472998258,38.48218110005586,74.10094375946906,63.085822543887076,89.14176330832116
2025-03-09 20:17:27.371000,1167.0,528.0,386.0,2597.0,1455.0,435.0,60.72298623023729,81.78219833480307,65.97533217874809,40.28562587429922,16.945058867339466,43.12508472998258,38.48218110005586,74.10094375946906,63.085822543887076,89.14176330832116
2025-03-09 20:17:27.379333,1171.0,529.0,388.0,2592.0,1456.0,436.0,60.826786059997474,81.98066816185029,65.90330591409776,40.230782122450954,16.98301608998819,43.087610149638536,38.72525598861866,74.27952813548312,63.171173988166046,89.11656888863057
2025-03-09 20:17:27.379333,1179.0,532.0,387.0,2594.0,1453.0,437.0,60.826786059997474,81.98066816185029,65.90330591409776,40.230782122450954,16.98301608998819,43.087610149638536,38.72525598861866,74.27952813548312,63.171173988166046,89.11656888863057
2025-03-09 20:17:27.379333,1187.0,528.0,390.0,2595.0,1456.0,433.0,60.826786059997474,81.98066816185029,65.90330591409776,40.230782122450954,16.98301608998819,43.087610149638536,38.72525598861866,74.27952813548312,63.171173988166046,89.11656888863057
2025-03-09 20:17:27.379333,1191.0,529.0,386.0,2595.0,1455.0,435.0,60.826786059997474,81.98066816185029,65.90330591409776,40.230782122450954,16.98301608998819,43.087610149638536,38.72525598861866,74.27952813548312,63.171173988166046,89.11656888863057
2025-03-09 20:17:27.387667,1194.0,533.0,388.0,2593.0,1456.0,437.0,60.938736172866456,82.17062985546812,65.8238016640752,40.17815569348693,17.019165017835064,43.05131988408871,38.97308245135585,74.45453696757954,63.24683877703696,89.09669500159445
2025-03-09 20:17:27.387667,1200.0,533.0,386.0,2590.0,1455.0,434.0,60.938736172866456,82.17062985546812,65.8238016640752,40.17815569348693,17.019165017835064,43.05131988408871,38.97308245135585,74.45453696757954,63.24683877703696,89.09669500159445
2025-03-09 20:17:27.396000,1235.0,535.0,373.0,2588.0,1456.0,432.0,61.05983136896986,82.35448249533388,65.73816839891832,40.12970748138772,17.052126346724826,43.01710556800374,39.22572684389088,74.63029285816675,63.317661688186966,89.08237810215923
2025-03-09 20:17:27.396000,1233.0,539.0,377.0,2590.0,1455.0,435.0,61.05983136896986,82.35448249533388,65.73816839891832,40.12970748138772,17.052126346724826,43.01710556800374,39.22572684389088,74.63029285816675,63.317661688186966,89.08237810215923
2025-03-09 20:17:27.396000,1238.0,533.0,368.0,2589.0,1456.0,432.0,61.05983136896986,82.35448249533388,65.73816839891832,40.12970748138772,17.052126346724826,43.01710556800374,39.22572684389088,74.63029285816675,63.317661688186966,89.08237810215923
2025-03-09 20:17:27.396000,1245.0,539.0,368.0,2590.0,1457.0,434.0,61.05983136896986,82.35448249533388,65.73816839891832,40.12970748138772,17.052126346724826,43.01710556800374,39.22572684389088,74.63029285816675,63.317661688186966,89.08237810215923
2025-03-09 20:17:27.396000,1248.0,533.0,368.0,2585.0,1456.0,435.0,61.05983136896986,82.35448249533388,65.73816839891832,40.12970748138772,17.052126346724826,43.01710556800374,39.22572684389088,74.63029285816675,63.317661688186966,89.08237810215923
2025-03-09 20:17:27.404333,1255.0,537.0,368.0,2559.0,1456.0,435.0,61.189667113956084,82.53428728348324,65.64903631110215,40.085792729931654,17.082012003897287,42.98514752412292,39.48206417270794,74.80897743174008,63.386600898732574,89.0725870143999
2025-03-09 20:17:27.404333,1258.0,538.0,362.0,2590.0,1456.0,432.0,61.189667113956084,82.53428728348324,65.64903631110215,40.085792729931654,17.082012003897287,42.98514752412292,39.48206417270794,74.80897743174008,63.386600898732574,89.0725870143999
2025-03-09 20:17:27.404333,1293.0,541.0,370.0,2583.0,1456.0,432.0,61.189667113956084,82.53428728348324,65.64903631110215,40.085792729931654,17.082012003897287,42.98514752412292,39.48206417270794,74.80897743174008,63.386600898732574,89.0725870143999
2025-03-09 20:17:27.412667,1295.0,547.0,368.0,2587.0,1456.0,432.0,61.32857878064233,82.71045935009583,65.55607813375255,40.04492496672507,17.110471901645003,42.95498331519892,39.743137387128115,74.98921779786845,63.45122041032709,89.06685131101729
2025-03-09 20:17:27.412667,1299.0,548.0,368.0,2584.0,1456.0,432.0,61.32857878064233,82.71045935009583,65.55607813375255,40.04492496672507,17.110471901645003,42.95498331519892,39.743137387128115,74.98921779786845,63.45122041032709,89.06685131101729
2025-03-09 20:17:27.412667,1299.0,544.0,372.0,2586.0,1456.0,432.0,61.32857878064233,82.71045935009583,65.55607813375255,40.04492496672507,17.110471901645003,42.95498331519892,39.743137387128115,74.98921779786845,63.45122041032709,89.06685131101729
2025-03-09 20:17:27.421000,1302.0,550.0,378.0,2585.0,1456.0,432.0,61.47767000332616,82.88220722983695,65.45384067261924,40.00559795870241,17.137865801167724,42.92575365113608,40.01322545270921,75.169123550431,63.50744787523094,89.06516400573372
2025-03-09 20:17:27.421000,1308.0,550.0,373.0,2584.0,1456.0,432.0,61.47767000332616,82.88220722983695,65.45384067261924,40.00559795870241,17.137865801167724,42.92575365113608,40.01322545270921,75.169123550431,63.50744787523094,89.06516400573372
2025-03-09 20:17:27.421000,1310.0,546.0,378.0,2587.0,1456.0,432.0,61.47767000332616,82.88220722983695,65.45384067261924,40.00559795870241,17.137865801167724,42.92575365113608,40.01322545270921,75.169123550431,63.50744787523094,89.06516400573372
2025-03-09 20:17:27.421000,1339.0,554.0,378.0,2559.0,1457.0,431.0,61.47767000332616,82.88220722983695,65.45384067261924,40.00559795870241,17.137865801167724,42.92575365113608,40.01322545270921,75.169123550431,63.50744787523094,89.06516400573372
2025-03-09 20:17:27.429333,1344.0,549.0,382.0,2559.0,1456.0,430.0,61.63692359457718,83.0480062622606,65.33888877171661,39.967282122002935,17.163180931797285,42.896830199928054,40.293443631479946,75.34716103001287,63.553089866271286,89.06536899002987
2025-03-09 20:17:27.429333,1344.0,554.0,371.0,2559.0,1460.0,427.0,61.63692359457718,83.0480062622606,65.33888877171661,39.967282122002935,17.163180931797285,42.896830199928054,40.293443631479946,75.34716103001287,63.553089866271286,89.06536899002987
2025-03-09 20:17:27.429333,1345.0,553.0,371.0,2559.0,1457.0,431.0,61.63692359457718,83.0480062622606,65.33888877171661,39.967282122002935,17.163180931797285,42.896830199928054,40.293443631479946,75.34716103001287,63.553089866271286,89.06536899002987
2025-03-09 20:17:27.429333,1354.0,558.0,372.0,2559.0,1456.0,429.0,61.63692359457718,83.0480062622606,65.33888877171661,39.967282122002935,17.163180931797285,42.896830199928054,40.293443631479946,75.34716103001287,63.553089866271286,89.06536899002987
2025-03-09 20:17:27.437667,1356.0,560.0,375.0,2559.0,1456.0,430.0,61.805675032960416,83.20601130479962,65.21098609624299,39.92915570985848,17.186178888825612,42.867363515051196,40.58285788362237,75.5218213174209,63.58618240194973,89.06270577713775
2025-03-09 20:17:27.437667,1358.0,559.0,376.0,2583.0,1457.0,429.0,61.805675032960416,83.20601130479962,65.21098609624299,39.92915570985848,17.186178888825612,42.867363515051196,40.58285788362237,75.5218213174209,63.58618240194973,89.06270577713775
2025-03-09 20:17:27.437667,1380.0,566.0,384.0,2559.0,1459.0,422.0,61.805675032960416,83.20601130479962,65.21098609624299,39.92915570985848,17.186178888825612,42.867363515051196,40.58285788362237,75.5218213174209,63.58618240194973,89.06270577713775
2025-03-09 20:17:27.446000,1381.0,569.0,380.0,2559.0,1461.0,427.0,61.98302764025863,83.35421694476383,65.06931580447075,39.8908666241701,17.205943371910895,42.83637726643905,40.881167519879966,75.69271342185749,63.605877570890364,89.05201374689982
2025-03-09 20:17:27.446000,1387.0,567.0,379.0,2559.0,1465.0,423.0,61.98302764025863,83.35421694476383,65.06931580447075,39.8908666241701,17.205943371910895,42.83637726643905,40.881167519879966,75.69271342185749,63.605877570890364,89.05201374689982
2025-03-09 20:17:27.446000,1390.0,563.0,377.0,2559.0,1463.0,423.0,61.98302764025863,83.35421694476383,65.06931580447075,39.8908666241701,17.205943371910895,42.83637726643905,40.881167519879966,75.69271342185749,63.605877570890364,89.05201374689982
2025-03-09 20:17:27.454333,1391.0,562.0,384.0,2559.0,1463.0,421.0,62.16609844741839,83.49056856081069,64.91389230210353,39.85159415294083,17.221229397767395,42.8025331539165,41.185992089252224,75.85841891719647,63.61184521759183,89.02799300596223
2025-03-09 20:17:27.454333,1394.0,565.0,375.0,2559.0,1462.0,420.0,62.16609844741839,83.49056856081069,64.91389230210353,39.85159415294083,17.221229397767395,42.8025331539165,41.185992089252224,75.85841891719647,63.61184521759183,89.02799300596223
2025-03-09 20:17:27.454333,1398.0,566.0,373.0,2559.0,1466.0,419.0,62.16609844741839,83.49056856081069,64.91389230210353,39.85159415294083,17.221229397767395,42.8025331539165,41.185992089252224,75.85841891719647,63.61184521759183,89.02799300596223
2025-03-09 20:17:27.462667,1420.0,576.0,378.0,2559.0,1470.0,419.0,62.350365493303734,83.61307071843163,64.7466018391426,39.81011223673129,17.2321608289009,42.76476206294309,41.49322560268629,76.015983269181,63.60340376995352,88.98451445584834
2025-03-09 20:17:27.462667,1424.0,578.0,378.0,2559.0,1471.0,417.0,62.350365493303734,83.61307071843163,64.7466018391426,39.81011223673129,17.2321608289009,42.76476206294309,41.49322560268629,76.015983269181,63.60340376995352,88.98451445584834
2025-03-09 20:17:27.462667,1424.0,576.0,381.0,2559.0,1469.0,416.0,62.350365493303734,83.61307071843163,64.7466018391426,39.81011223673129,17.2321608289009,42.76476206294309,41.49322560268629,76.015983269181,63.60340376995352,88.98451445584834
2025-03-09 20:17:27.462667,1422.0,584.0,381.0,2559.0,1472.0,417.0,62.350365493303734,83.61307071843163,64.7466018391426,39.81011223673129,17.2321608289009,42.76476206294309,41.49322560268629,76.015983269181,63.60340376995352,88.98451445584834
2025-03-09 20:17:27.471000,1422.0,575.0,375.0,2559.0,1469.0,416.0,62.5328683567607,83.72043789952919,64.56793440443145,39.76542456312975,17.240912973394543,42.723036511252225,41.80181439795036,76.16211271862642,63.578285993777136,88.91696087413953
2025-03-09 20:17:27.471000,1423.0,587.0,378.0,2559.0,1471.0,419.0,62.5328683567607,83.72043789952919,64.56793440443145,39.76542456312975,17.240912973394543,42.723036511252225,41.80181439795036,76.16211271862642,63.578285993777136,88.91696087413953
2025-03-09 20:17:27.471000,1425.0,577.0,384.0,2559.0,1472.0,416.0,62.5328683567607,83.72043789952919,64.56793440443145,39.76542456312975,17.240912973394543,42.723036511252225,41.80181439795036,76.16211271862642,63.578285993777136,88.91696087413953
2025-03-09 20:17:27.471000,1431.0,592.0,383.0,2559.0,1476.0,414.0,62.5328683567607,83.72043789952919,64.56793440443145,39.76542456312975,17.240912973394543,42.723036511252225,41.80181439795036,76.16211271862642,63.578285993777136,88.91696087413953
2025-03-09 20:17:27.479333,1429.0,587.0,382.0,2559.0,1474.0,410.0,62.711798318243375,83.81145523816376,64.37552463166638,39.717701499187434,17.248323616993392,42.67779691466422,42.11288458337914,76.29481633916167,63.53514062551419,88.82389508349607
2025-03-09 20:17:27.479333,1425.0,591.0,383.0,2559.0,1477.0,413.0,62.711798318243375,83.81145523816376,64.37552463166638,39.717701499187434,17.248323616993392,42.67779691466422,42.11288458337914,76.29481633916167,63.53514062551419,88.82389508349607
2025-03-09 20:17:27.479333,1425.0,593.0,385.0,2559.0,1478.0,411.0,62.711798318243375,83.81145523816376,64.37552463166638,39.717701499187434,17.248323616993392,42.67779691466422,42.11288458337914,76.29481633916167,63.53514062551419,88.82389508349607
2025-03-09 20:17:27.487667,1427.0,586.0,384.0,2559.0,1475.0,412.0,62.885753341071826,83.88510632342114,64.16548021338242,39.66795744545449,17.252347017100732,42.62893034844976,42.42800789185403,76.41463373137577,63.47534981533023,88.70405054572747
2025-03-09 20:17:27.487667,1425.0,594.0,382.0,2559.0,1477.0,413.0,62.885753341071826,83.88510632342114,64.16548021338242,39.66795744545449,17.252347017100732,42.62893034844976,42.42800789185403,76.41463373137577,63.47534981533023,88.70405054572747
2025-03-09 20:17:27.487667,1426.0,590.0,390.0,2559.0,1478.0,414.0,62.885753341071826,83.88510632342114,64.16548021338242,39.66795744545449,17.252347017100732,42.62893034844976,42.42800789185403,76.41463373137577,63.47534981533023,88.70405054572747
2025-03-09 20:17:27.487667,1408.0,592.0,384.0,2559.0,1485.0,407.0,62.885753341071826,83.88510632342114,64.16548021338242,39.66795744545449,17.252347017100732,42.62893034844976,42.42800789185403,76.41463373137577,63.47534981533023,88.70405054572747
2025-03-09 20:17:27.496000,1407.0,591.0,385.0,2559.0,1483.0,409.0,63.05451212149632,83.94200416885667,63.936142304498546,39.614781297515904,17.25225704416834,42.57469786227265,42.74927717449027,76.52294505091885,63.39930555611547,88.55659249091586
2025-03-09 20:17:27.496000,1407.0,590.0,384.0,2559.0,1483.0,405.0,63.05451212149632,83.94200416885667,63.936142304498546,39.614781297515904,17.25225704416834,42.57469786227265,42.74927717449027,76.52294505091885,63.39930555611547,88.55659249091586
2025-03-09 20:17:27.496000,1408.0,592.0,385.0,2559.0,1484.0,409.0,63.05451212149632,83.94200416885667,63.936142304498546,39.614781297515904,17.25225704416834,42.57469786227265,42.74927717449027,76.52294505091885,63.39930555611547,88.55659249091586
2025-03-09 20:17:27.504333,1405.0,592.0,385.0,2559.0,1486.0,409.0,63.217093754140706,83.98352844980357,63.68909453868844,39.556097988294525,17.24815768803382,42.512964471664574,43.07697143581928,76.62154649255095,63.30824827975043,88.38477232633896
2025-03-09 20:17:27.504333,1404.0,592.0,388.0,2559.0,1488.0,409.0,63.217093754140706,83.98352844980357,63.68909453868844,39.556097988294525,17.24815768803382,42.512964471664574,43.07697143581928,76.62154649255095,63.30824827975043,88.38477232633896
2025-03-09 20:17:27.504333,1395.0,595.0,384.0,2559.0,1486.0,407.0,63.217093754140706,83.98352844980357,63.68909453868844,39.556097988294525,17.24815768803382,42.512964471664574,43.07697143581928,76.62154649255095,63.30824827975043,88.38477232633896
2025-03-09 20:17:27.512667,1383.0,592.0,384.0,2559.0,1488.0,407.0,63.37244908976944,84.0104354473592,63.423947320740616,39.491123983796065,17.239497851568775,42.44240241256607,43.41229388924881,76.7122985188324,63.203912210430076,88.19247430817406
2025-03-09 20:17:27.512667,1377.0,592.0,383.0,2559.0,1490.0,405.0,63.37244908976944,84.0104354473592,63.423947320740616,39.491123983796065,17.239497851568775,42.44240241256607,43.41229388924881,76.7122985188324,63.203912210430076,88.19247430817406
2025-03-09 20:17:27.512667,1375.0,592.0,382.0,2559.0,1491.0,403.0,63.37244908976944,84.0104354473592,63.423947320740616,39.491123983796065,17.239497851568775,42.44240241256607,43.41229388924881,76.7122985188324,63.203912210430076,88.19247430817406
2025-03-09 20:17:27.512667,1375.0,593.0,382.0,2559.0,1489.0,405.0,63.37244908976944,84.0104354473592,63.423947320740616,39.491123983796065,17.239497851568775,42.44240241256607,43.41229388924881,76.7122985188324,63.203912210430076,88.19247430817406
2025-03-09 20:17:27.521000,1376.0,593.0,379.0,2559.0,1490.0,405.0,63.520454200710766,84.02395487994119,63.13965606607785,39.42081289300317,17.22651002976413,42.36394137166392,43.75650135393204,76.79597599745486,63.0877729428721,87.98178837962567
2025-03-09 20:17:27.521000,1371.0,595.0,381.0,2559.0,1490.0,407.0,63.520454200710766,84.02395487994119,63.13965606607785,39.42081289300317,17.22651002976413,42.36394137166392,43.75650135393204,76.79597599745486,63.0877729428721,87.98178837962567
2025-03-09 20:17:27.521000,1371.0,592.0,388.0,2559.0,1492.0,406.0,63.520454200710766,84.02395487994119,63.13965606607785,39.42081289300317,17.22651002976413,42.36394137166392,43.75650135393204,76.79597599745486,63.0877729428721,87.98178837962567
2025-03-09 20:17:27.529333,1355.0,604.0,382.0,2559.0,1495.0,404.0,63.65956781104451,84.02564779527312,62.837038577547894,39.348094741015395,17.210951531130522,42.2815449861787,44.10739422964893,76.87025007058956,62.961620352082285,87.75479039328827
2025-03-09 20:17:27.529333,1351.0,596.0,384.0,2559.0,1493.0,403.0,63.65956781104451,84.02564779527312,62.837038577547894,39.348094741015395,17.210951531130522,42.2815449861787,44.10739422964893,76.87025007058956,62.961620352082285,87.75479039328827
2025-03-09 20:17:27.529333,1354.0,601.0,382.0,2559.0,1491.0,402.0,63.65956781104451,84.02564779527312,62.837038577547894,39.348094741015395,17.210951531130522,42.2815449861787,44.10739422964893,76.87025007058956,62.961620352082285,87.75479039328827
2025-03-09 20:17:27.529333,1349.0,592.0,384.0,2557.0,1494.0,403.0,63.65956781104451,84.02564779527312,62.837038577547894,39.348094741015395,17.210951531130522,42.2815449861787,44.10739422964893,76.87025007058956,62.961620352082285,87.75479039328827
2025-03-09 20:17:27.537667,1349.0,599.0,381.0,2559.0,1493.0,404.0,63.78788076795226,84.01671751319608,62.517066361541175,39.274055181292894,17.193967969291872,42.19716833320783,44.46286704997379,76.93311859289771,62.826759428803406,87.5143871768891
2025-03-09 20:17:27.537667,1344.0,599.0,377.0,2556.0,1493.0,402.0,63.78788076795226,84.01671751319608,62.517066361541175,39.274055181292894,17.193967969291872,42.19716833320783,44.46286704997379,76.93311859289771,62.826759428803406,87.5143871768891
2025-03-09 20:17:27.537667,1346.0,599.0,373.0,2554.0,1495.0,404.0,63.78788076795226,84.01671751319608,62.517066361541175,39.274055181292894,17.193967969291872,42.19716833320783,44.46286704997379,76.93311859289771,62.826759428803406,87.5143871768891
2025-03-09 20:17:27.546000,1335.0,603.0,380.0,2555.0,1502.0,401.0,63.905080574799214,83.99789522483847,62.18240370700149,39.19917285095764,17.176912106186503,42.11193156568123,44.82106023342087,76.98387652176214,62.68375597375145,87.26361437104482
2025-03-09 20:17:27.546000,1333.0,608.0,384.0,2559.0,1501.0,400.0,63.905080574799214,83.99789522483847,62.18240370700149,39.19917285095764,17.176912106186503,42.11193156568123,44.82106023342087,76.98387652176214,62.68375597375145,87.26361437104482
2025-03-09 20:17:27.546000,1333.0,608.0,394.0,2559.0,1502.0,404.0,63.905080574799214,83.99789522483847,62.18240370700149,39.19917285095764,17.176912106186503,42.11193156568123,44.82106023342087,76.98387652176214,62.68375597375145,87.26361437104482
2025-03-09 20:17:27.546000,1335.0,604.0,383.0,2551.0,1499.0,401.0,63.905080574799214,83.99789522483847,62.18240370700149,39.19917285095764,17.176912106186503,42.11193156568123,44.82106023342087,76.98387652176214,62.68375597375145,87.26361437104482
2025-03-09 20:17:27.554333,1331.0,605.0,378.0,2549.0,1501.0,400.0,64.01080707019895,83.96970880865355,61.83789081378925,39.125676073735804,17.161358479935625,42.02847247680897,45.17821613186504,77.02209106646191,62.53454885293574,87.00513037122762
2025-03-09 20:17:27.554333,1330.0,606.0,373.0,2557.0,1504.0,402.0,64.01080707019895,83.96970880865355,61.83789081378925,39.125676073735804,17.161358479935625,42.02847247680897,45.17821613186504,77.02209106646191,62.53454885293574,87.00513037122762
2025-03-09 20:17:27.554333,1331.0,609.0,377.0,2556.0,1502.0,400.0,64.01080707019895,83.96970880865355,61.83789081378925,39.125676073735804,17.161358479935625,42.02847247680897,45.17821613186504,77.02209106646191,62.53454885293574,87.00513037122762
2025-03-09 20:17:27.562667,1326.0,617.0,368.0,2559.0,1507.0,400.0,64.10360504104867,83.9334843026809,61.48772503026217,39.054698482136935,17.148303204210357,41.94813882388816,45.53132671881863,77.0481493547326,62.3822684512153,86.74247934159158
2025-03-09 20:17:27.562667,1327.0,617.0,375.0,2558.0,1507.0,400.0,64.10360504104867,83.9334843026809,61.48772503026217,39.054698482136935,17.148303204210357,41.94813882388816,45.53132671881863,77.0481493547326,62.3822684512153,86.74247934159158
2025-03-09 20:17:27.562667,1323.0,619.0,369.0,2551.0,1507.0,400.0,64.10360504104867,83.9334843026809,61.48772503026217,39.054698482136935,17.148303204210357,41.94813882388816,45.53132671881863,77.0481493547326,62.3822684512153,86.74247934159158
2025-03-09 20:17:27.562667,1325.0,613.0,368.0,2551.0,1509.0,399.0,64.10360504104867,83.9334843026809,61.48772503026217,39.054698482136935,17.148303204210357,41.94813882388816,45.53132671881863,77.0481493547326,62.3822684512153,86.74247934159158
2025-03-09 20:17:27.571000,1325.0,614.0,368.0,2553.0,1510.0,399.0,64.18277639172815,83.89021245419259,61.13470930618264,38.98548741731845,17.137229973173763,41.86995812441959,45.8785829504891,77.06332751945833,62.22909255554158,86.4798969800014
2025-03-09 20:17:27.571000,1324.0,621.0,373.0,2555.0,1510.0,399.0,64.18277639172815,83.89021245419259,61.13470930618264,38.98548741731845,17.137229973173763,41.86995812441959,45.8785829504891,77.06332751945833,62.22909255554158,86.4798969800014
2025-03-09 20:17:27.571000,1321.0,615.0,379.0,2555.0,1506.0,399.0,64.18277639172815,83.89021245419259,61.13470930618264,38.98548741731845,17.137229973173763,41.86995812441959,45.8785829504891,77.06332751945833,62.22909255554158,86.4798969800014
2025-03-09 20:17:27.579333,1318.0,625.0,358.0,2553.0,1511.0,400.0,64.2485944442422,83.84005596495967,60.78151291616856,38.916134548269305,17.125445772450423,41.79104202731423,46.21758404366429,77.0699152499143,62.07660936131783,86.22101842827583
2025-03-09 20:17:27.579333,1318.0,629.0,359.0,2547.0,1508.0,399.0,64.2485944442422,83.84005596495967,60.78151291616856,38.916134548269305,17.125445772450423,41.79104202731423,46.21758404366429,77.0699152499143,62.07660936131783,86.22101842827583
2025-03-09 20:17:27.579333,1322.0,627.0,368.0,2550.0,1511.0,398.0,64.2485944442422,83.84005596495967,60.78151291616856,38.916134548269305,17.125445772450423,41.79104202731423,46.21758404366429,77.0699152499143,62.07660936131783,86.22101842827583
2025-03-09 20:17:27.587667,1318.0,631.0,369.0,2550.0,1514.0,396.0,64.30193535181371,83.7836026381626,60.42928582738647,38.84492020704209,17.111892427176,41.70950111366079,46.54786563301391,77.06910351606614,61.92487880491718,85.96920187083359
2025-03-09 20:17:27.587667,1321.0,632.0,369.0,2550.0,1514.0,397.0,64.30193535181371,83.7836026381626,60.42928582738647,38.84492020704209,17.111892427176,41.70950111366079,46.54786563301391,77.06910351606614,61.92487880491718,85.96920187083359
2025-03-09 20:17:27.587667,1316.0,625.0,370.0,2549.0,1514.0,397.0,64.30193535181371,83.7836026381626,60.42928582738647,38.84492020704209,17.111892427176,41.70950111366079,46.54786563301391,77.06910351606614,61.92487880491718,85.96920187083359
2025-03-09 20:17:27.587667,1314.0,630.0,379.0,2549.0,1514.0,395.0,64.30193535181371,83.7836026381626,60.42928582738647,38.84492020704209,17.111892427176,41.70950111366079,46.54786563301391,77.06910351606614,61.92487880491718,85.96920187083359
2025-03-09 20:17:27.596000,1314.0,639.0,374.0,2547.0,1520.0,394.0,64.34338938127344,83.72010190010842,60.077966552496115,38.77151164273733,17.09717897155626,41.625332783236765,46.869656574373984,77.05996515637075,61.77222640510498,85.72576981467651
2025-03-09 20:17:27.596000,1315.0,640.0,378.0,2549.0,1520.0,390.0,64.34338938127344,83.72010190010842,60.077966552496115,38.77151164273733,17.09717897155626,41.625332783236765,46.869656574373984,77.05996515637075,61.77222640510498,85.72576981467651
2025-03-09 20:17:27.596000,1313.0,640.0,375.0,2547.0,1521.0,391.0,64.34338938127344,83.72010190010842,60.077966552496115,38.77151164273733,17.09717897155626,41.625332783236765,46.869656574373984,77.05996515637075,61.77222640510498,85.72576981467651
2025-03-09 20:17:27.604333,1319.0,640.0,378.0,2545.0,1520.0,392.0,64.37333924563661,83.64743337635724,59.727580826162765,38.69696056681883,17.08139329886184,41.5396800842995,47.18148327162699,77.04046095407155,61.616694763099524,85.49037347448096
2025-03-09 20:17:27.604333,1315.0,641.0,375.0,2546.0,1523.0,390.0,64.37333924563661,83.64743337635724,59.727580826162765,38.69696056681883,17.08139329886184,41.5396800842995,47.18148327162699,77.04046095407155,61.616694763099524,85.49037347448096
2025-03-09 20:17:27.604333,1317.0,642.0,373.0,2549.0,1525.0,391.0,64.37333924563661,83.64743337635724,59.727580826162765,38.69696056681883,17.08139329886184,41.5396800842995,47.18148327162699,77.04046095407155,61.616694763099524,85.49037347448096
2025-03-09 20:17:27.604333,1315.0,649.0,377.0,2548.0,1520.0,395.0,64.37333924563661,83.64743337635724,59.727580826162765,38.69696056681883,17.08139329886184,41.5396800842995,47.18148327162699,77.04046095407155,61.616694763099524,85.49037347448096
2025-03-09 20:17:27.612667,1315.0,642.0,370.0,2544.0,1524.0,388.0,64.39214459371283,83.56362143934219,59.37763855091082,38.623347834092506,17.064623493702406,41.45452686089474,47.482309767016574,77.00890830726307,61.45719782398371,85.26287904486921
2025-03-09 20:17:27.612667,1322.0,656.0,378.0,2544.0,1534.0,385.0,64.39214459371283,83.56362143934219,59.37763855091082,38.623347834092506,17.064623493702406,41.45452686089474,47.482309767016574,77.00890830726307,61.45719782398371,85.26287904486921
2025-03-09 20:17:27.612667,1326.0,656.0,374.0,2546.0,1533.0,386.0,64.39214459371283,83.56362143934219,59.37763855091082,38.623347834092506,17.064623493702406,41.45452686089474,47.482309767016574,77.00890830726307,61.45719782398371,85.26287904486921
2025-03-09 20:17:27.621000,1327.0,656.0,371.0,2544.0,1531.0,385.0,64.39856766266594,83.46716519419803,59.02869006211702,38.55281878896718,17.04605811896462,41.37116073851411,47.77041351270928,76.96525848874373,61.295471811717576,85.04405097535567
2025-03-09 20:17:27.621000,1325.0,656.0,366.0,2544.0,1535.0,386.0,64.39856766266594,83.46716519419803,59.02869006211702,38.55281878896718,17.04605811896462,41.37116073851411,47.77041351270928,76.96525848874373,61.295471811717576,85.04405097535567
2025-03-09 20:17:27.621000,1328.0,657.0,364.0,2544.0,1533.0,385.0,64.39856766266594,83.46716519419803,59.02869006211702,38.55281878896718,17.04605811896462,41.37116073851411,47.77041351270928,76.96525848874373,61.295471811717576,85.04405097535567
2025-03-09 20:17:27.621000,1328.0,658.0,362.0,2544.0,1535.0,384.0,64.39856766266594,83.46716519419803,59.02869006211702,38.55281878896718,17.04605811896462,41.37116073851411,47.77041351270928,76.96525848874373,61.295471811717576,85.04405097535567
2025-03-09 20:17:27.629333,1328.0,665.0,368.0,2545.0,1534.0,386.0,64.39045546623262,83.35753708375047,58.6832620512639,38.48668242091127,17.024390544162422,41.289936785382096,48.04251146048933,76.91024786046736,61.13482222750365,84.83491416042841
2025-03-09 20:17:27.629333,1349.0,670.0,366.0,2542.0,1535.0,379.0,64.39045546623262,83.35753708375047,58.6832620512639,38.48668242091127,17.024390544162422,41.289936785382096,48.04251146048933,76.91024786046736,61.13482222750365,84.83491416042841
2025-03-09 20:17:27.629333,1354.0,671.0,371.0,2541.0,1535.0,382.0,64.39045546623262,83.35753708375047,58.6832620512639,38.48668242091127,17.024390544162422,41.289936785382096,48.04251146048933,76.91024786046736,61.13482222750365,84.83491416042841
2025-03-09 20:17:27.637667,1356.0,676.0,369.0,2541.0,1535.0,382.0,64.36593921611346,83.23436406856428,58.34398344557941,38.42518914479949,16.998213033039608,41.21040850453861,48.295168549266755,76.84431800230506,60.977629289019205,84.63488364803263
2025-03-09 20:17:27.637667,1359.0,684.0,368.0,2544.0,1535.0,382.0,64.36593921611346,83.23436406856428,58.34398344557941,38.42518914479949,16.998213033039608,41.21040850453861,48.295168549266755,76.84431800230506,60.977629289019205,84.63488364803263
2025-03-09 20:17:27.637667,1360.0,678.0,368.0,2542.0,1535.0,378.0,64.36593921611346,83.23436406856428,58.34398344557941,38.42518914479949,16.998213033039608,41.21040850453861,48.295168549266755,76.84431800230506,60.977629289019205,84.63488364803263
2025-03-09 20:17:27.646000,1365.0,677.0,364.0,2541.0,1535.0,377.0,64.32354014058647,83.0977390525694,58.01312457292688,38.367302534056776,16.967713224039056,41.13176433989012,48.52628120482704,76.76696053841408,60.824295692773845,84.44341879545347
2025-03-09 20:17:27.646000,1371.0,675.0,355.0,2543.0,1535.0,377.0,64.32354014058647,83.0977390525694,58.01312457292688,38.367302534056776,16.967713224039056,41.13176433989012,48.52628120482704,76.76696053841408,60.824295692773845,84.44341879545347
2025-03-09 20:17:27.646000,1401.0,692.0,351.0,2539.0,1535.0,375.0,64.32354014058647,83.0977390525694,58.01312457292688,38.367302534056776,16.967713224039056,41.13176433989012,48.52628120482704,76.76696053841408,60.824295692773845,84.44341879545347
2025-03-09 20:17:27.646000,1399.0,695.0,366.0,2542.0,1555.0,374.0,64.32354014058647,83.0977390525694,58.01312457292688,38.367302534056776,16.967713224039056,41.13176433989012,48.52628120482704,76.76696053841408,60.824295692773845,84.44341879545347
2025-03-09 20:17:27.654333,1402.0,697.0,354.0,2538.0,1535.0,372.0,64.26486692461278,82.95012799140365,57.692274870983155,38.31099909743474,16.93361029600108,41.05260398730774,48.73684710698252,76.67990579751317,60.674726190733374,84.26211752125148
2025-03-09 20:17:27.654333,1408.0,699.0,355.0,2538.0,1535.0,372.0,64.26486692461278,82.95012799140365,57.692274870983155,38.31099909743474,16.93361029600108,41.05260398730774,48.73684710698252,76.67990579751317,60.674726190733374,84.26211752125148
2025-03-09 20:17:27.654333,1413.0,697.0,366.0,2531.0,1535.0,371.0,64.26486692461278,82.95012799140365,57.692274870983155,38.31099909743474,16.93361029600108,41.05260398730774,48.73684710698252,76.67990579751317,60.674726190733374,84.26211752125148
2025-03-09 20:17:27.662667,1408.0,699.0,368.0,2540.0,1535.0,370.0,64.19503653199111,82.7950810361165,57.38093052594652,38.254375384706975,16.89611319207009,40.971692791631284,48.93046631916468,76.58631215937895,60.527661993387184,84.09269494672277
2025-03-09 20:17:27.662667,1408.0,697.0,368.0,2537.0,1558.0,371.0,64.19503653199111,82.7950810361165,57.38093052594652,38.254375384706975,16.89611319207009,40.971692791631284,48.93046631916468,76.58631215937895,60.527661993387184,84.09269494672277
2025-03-09 20:17:27.662667,1424.0,713.0,365.0,2534.0,1558.0,374.0,64.19503653199111,82.7950810361165,57.38093052594652,38.254375384706975,16.89611319207009,40.971692791631284,48.93046631916468,76.58631215937895,60.527661993387184,84.09269494672277
2025-03-09 20:17:27.662667,1425.0,715.0,365.0,2533.0,1563.0,368.0,64.19503653199111,82.7950810361165,57.38093052594652,38.254375384706975,16.89611319207009,40.971692791631284,48.93046631916468,76.58631215937895,60.527661993387184,84.09269494672277
2025-03-09 20:17:27.671000,1427.0,717.0,361.0,2539.0,1563.0,369.0,64.1180916500592,82.6339432141808,57.075799258854815,38.19642523674332,16.854878128667774,40.888406724669856,49.1110688945218,76.48739860670847,60.38069714091938,83.9344011861093
2025-03-09 20:17:27.671000,1424.0,715.0,355.0,2533.0,1561.0,368.0,64.1180916500592,82.6339432141808,57.075799258854815,38.19642523674332,16.854878128667774,40.888406724669856,49.1110688945218,76.48739860670847,60.38069714091938,83.9344011861093
2025-03-09 20:17:27.671000,1426.0,720.0,363.0,2534.0,1562.0,368.0,64.1180916500592,82.6339432141808,57.075799258854815,38.19642523674332,16.854878128667774,40.888406724669856,49.1110688945218,76.48739860670847,60.38069714091938,83.9344011861093
2025-03-09 20:17:27.679333,1427.0,714.0,367.0,2535.0,1560.0,367.0,64.0357822387639,82.46686020396143,56.77520806363461,38.13739893621157,16.809462122321545,40.80319039610087,49.2795346498498,76.38293421941339,60.232594819219145,83.78583681876569
2025-03-09 20:17:27.679333,1429.0,716.0,368.0,2531.0,1562.0,368.0,64.0357822387639,82.46686020396143,56.77520806363461,38.13739893621157,16.809462122321545,40.80319039610087,49.2795346498498,76.38293421941339,60.232594819219145,83.78583681876569
2025-03-09 20:17:27.679333,1431.0,729.0,359.0,2539.0,1557.0,365.0,64.0357822387639,82.46686020396143,56.77520806363461,38.13739893621157,16.809462122321545,40.80319039610087,49.2795346498498,76.38293421941339,60.232594819219145,83.78583681876569
2025-03-09 20:17:27.679333,1437.0,736.0,351.0,2531.0,1561.0,367.0,64.0357822387639,82.46686020396143,56.77520806363461,38.13739893621157,16.809462122321545,40.80319039610087,49.2795346498498,76.38293421941339,60.232594819219145,83.78583681876569
2025-03-09 20:17:27.687667,1435.0,726.0,351.0,2534.0,1559.0,367.0,63.94914658135402,82.29416714953986,56.4806261177599,38.078702287496434,16.759319567018345,40.7176402203255,49.43326171201528,76.27242680813004,60.0836552603024,83.64620383001383
2025-03-09 20:17:27.687667,1437.0,726.0,351.0,2534.0,1562.0,364.0,63.94914658135402,82.29416714953986,56.4806261177599,38.078702287496434,16.759319567018345,40.7176402203255,49.43326171201528,76.27242680813004,60.0836552603024,83.64620383001383
2025-03-09 20:17:27.687667,1439.0,727.0,348.0,2534.0,1558.0,365.0,63.94914658135402,82.29416714953986,56.4806261177599,38.078702287496434,16.759319567018345,40.7176402203255,49.43326171201528,76.27242680813004,60.0836552603024,83.64620383001383
2025-03-09 20:17:27.696000,1439.0,735.0,349.0,2530.0,1557.0,362.0,63.859881273275825,82.11606385139143,56.19120488752931,38.02080326223572,16.705991239938296,40.633231402384446,49.57318273363533,76.154435625274,59.93150811339379,83.51400528669004
2025-03-09 20:17:27.696000,1434.0,729.0,358.0,2533.0,1564.0,365.0,63.859881273275825,82.11606385139143,56.19120488752931,38.02080326223572,16.705991239938296,40.633231402384446,49.57318273363533,76.154435625274,59.93150811339379,83.51400528669004
2025-03-09 20:17:27.696000,1446.0,743.0,352.0,2527.0,1558.0,358.0,63.859881273275825,82.11606385139143,56.19120488752931,38.02080326223572,16.705991239938296,40.633231402384446,49.57318273363533,76.154435625274,59.93150811339379,83.51400528669004
2025-03-09 20:17:27.704333,1451.0,751.0,350.0,2531.0,1557.0,361.0,63.7695480888408,81.93283565436917,55.90567537483881,37.96346488504019,16.65261820137106,40.55109111148918,49.702243380295705,76.02754898976359,59.77285513616079,83.38738663316302
2025-03-09 20:17:27.704333,1446.0,749.0,347.0,2530.0,1559.0,358.0,63.7695480888408,81.93283565436917,55.90567537483881,37.96346488504019,16.65261820137106,40.55109111148918,49.702243380295705,76.02754898976359,59.77285513616079,83.38738663316302
2025-03-09 20:17:27.704333,1453.0,752.0,347.0,2531.0,1561.0,353.0,63.7695480888408,81.93283565436917,55.90567537483881,37.96346488504019,16.65261820137106,40.55109111148918,49.702243380295705,76.02754898976359,59.77285513616079,83.38738663316302
2025-03-09 20:17:27.704333,1456.0,752.0,356.0,2535.0,1562.0,357.0,63.7695480888408,81.93283565436917,55.90567537483881,37.96346488504019,16.65261820137106,40.55109111148918,49.702243380295705,76.02754898976359,59.77285513616079,83.38738663316302
2025-03-09 20:17:27.712667,1456.0,752.0,354.0,2530.0,1561.0,357.0,63.67846322294535,81.74498855180306,55.62488287508029,37.907834409244785,16.600010108478163,40.47225452500706,49.82089289302354,75.89280790237804,59.60873929640627,83.2657446137768
2025-03-09 20:17:27.712667,1457.0,752.0,353.0,2529.0,1559.0,360.0,63.67846322294535,81.74498855180306,55.62488287508029,37.907834409244785,16.600010108478163,40.47225452500706,49.82089289302354,75.89280790237804,59.60873929640627,83.2657446137768
2025-03-09 20:17:27.712667,1488.0,771.0,350.0,2523.0,1556.0,354.0,63.67846322294535,81.74498855180306,55.62488287508029,37.907834409244785,16.600010108478163,40.47225452500706,49.82089289302354,75.89280790237804,59.60873929640627,83.2657446137768
2025-03-09 20:17:27.721000,1488.0,773.0,353.0,2527.0,1557.0,350.0,63.5863522036561,81.55351878797413,55.351067230157014,37.854598533986206,16.548571013222112,40.39713693895651,49.92846893090891,75.75185578695675,59.44125400001032,83.1496091093067
2025-03-09 20:17:27.721000,1495.0,773.0,359.0,2525.0,1557.0,350.0,63.5863522036561,81.55351878797413,55.351067230157014,37.854598533986206,16.548571013222112,40.39713693895651,49.92846893090891,75.75185578695675,59.44125400001032,83.1496091093067
2025-03-09 20:17:27.721000,1495.0,782.0,351.0,2527.0,1556.0,352.0,63.5863522036561,81.55351878797413,55.351067230157014,37.854598533986206,16.548571013222112,40.39713693895651,49.92846893090891,75.75185578695675,59.44125400001032,83.1496091093067
2025-03-09 20:17:27.721000,1497.0,781.0,348.0,2528.0,1556.0,352.0,63.5863522036561,81.55351878797413,55.351067230157014,37.854598533986206,16.548571013222112,40.39713693895651,49.92846893090891,75.75185578695675,59.44125400001032,83.1496091093067
2025-03-09 20:17:27.729333,1504.0,779.0,352.0,2529.0,1535.0,352.0,63.49179245959923,81.3591396256601,55.08623785399098,37.80267470673702,16.499314561616227,40.3247532569127,50.02473772864976,75.60544840532123,59.27134261876197,83.039359857477
2025-03-09 20:17:27.729333,1504.0,786.0,348.0,2527.0,1557.0,352.0,63.49179245959923,81.3591396256601,55.08623785399098,37.80267470673702,16.499314561616227,40.3247532569127,50.02473772864976,75.60544840532123,59.27134261876197,83.039359857477
2025-03-09 20:17:27.729333,1523.0,798.0,354.0,2523.0,1535.0,348.0,63.49179245959923,81.3591396256601,55.08623785399098,37.80267470673702,16.499314561616227,40.3247532569127,50.02473772864976,75.60544840532123,59.27134261876197,83.039359857477
2025-03-09 20:17:27.737667,1523.0,803.0,352.0,2527.0,1557.0,346.0,63.392571266823694,81.16220726468347,54.83162150572327,37.75063140717132,16.45235007849327,40.25336959152743,50.10956806525453,75.45448629636887,59.10053286545072,82.93617078732913
2025-03-09 20:17:27.737667,1522.0,806.0,355.0,2527.0,1535.0,346.0,63.392571266823694,81.16220726468347,54.83162150572327,37.75063140717132,16.45235007849327,40.25336959152743,50.10956806525453,75.45448629636887,59.10053286545072,82.93617078732913
2025-03-09 20:17:27.737667,1522.0,807.0,356.0,2526.0,1535.0,347.0,63.392571266823694,81.16220726468347,54.83162150572327,37.75063140717132,16.45235007849327,40.25336959152743,50.10956806525453,75.45448629636887,59.10053286545072,82.93617078732913
2025-03-09 20:17:27.737667,1520.0,805.0,350.0,2527.0,1535.0,346.0,63.392571266823694,81.16220726468347,54.83162150572327,37.75063140717132,16.45235007849327,40.25336959152743,50.10956806525453,75.45448629636887,59.10053286545072,82.93617078732913
2025-03-09 20:17:27.746000,1525.0,805.0,359.0,2527.0,1535.0,345.0,63.28944128784807,80.96421504133242,54.587824114326565,37.69775334930402,16.40792062257433,40.181935535542905,50.18481673756423,75.30167525549378,58.93005370515363,82.84257967636879
2025-03-09 20:17:27.746000,1526.0,815.0,358.0,2526.0,1535.0,345.0,63.28944128784807,80.96421504133242,54.587824114326565,37.69775334930402,16.40792062257433,40.181935535542905,50.18481673756423,75.30167525549378,58.93005370515363,82.84257967636879
2025-03-09 20:17:27.746000,1522.0,822.0,350.0,2527.0,1535.0,339.0,63.28944128784807,80.96421504133242,54.587824114326565,37.69775334930402,16.40792062257433,40.181935535542905,50.18481673756423,75.30167525549378,58.93005370515363,82.84257967636879
2025-03-09 20:17:27.754333,1525.0,829.0,355.0,2518.0,1535.0,338.0,63.1855774750074,80.76744747350072,54.35476051111286,37.64527992412461,16.366610015113036,40.11164494024073,50.253103284765736,75.14988875356475,58.76099875294603,82.76044126914094
2025-03-09 20:17:27.754333,1532.0,822.0,355.0,2523.0,1535.0,339.0,63.1855774750074,80.76744747350072,54.35476051111286,37.64527992412461,16.366610015113036,40.11164494024073,50.253103284765736,75.14988875356475,58.76099875294603,82.76044126914094
2025-03-09 20:17:27.754333,1525.0,830.0,357.0,2525.0,1535.0,347.0,63.1855774750074,80.76744747350072,54.35476051111286,37.64527992412461,16.366610015113036,40.11164494024073,50.253103284765736,75.14988875356475,58.76099875294603,82.76044126914094
2025-03-09 20:17:27.762667,1529.0,832.0,354.0,2523.0,1535.0,336.0,63.082424066109546,80.57375348107483,54.13519016566181,37.5963739938697,16.329358920945637,40.046038847142896,50.312589302824044,74.99965650749931,58.59571984241853,82.69036437525293
2025-03-09 20:17:27.762667,1530.0,833.0,354.0,2521.0,1535.0,338.0,63.082424066109546,80.57375348107483,54.13519016566181,37.5963739938697,16.329358920945637,40.046038847142896,50.312589302824044,74.99965650749931,58.59571984241853,82.69036437525293
2025-03-09 20:17:27.762667,1523.0,835.0,361.0,2527.0,1535.0,338.0,63.082424066109546,80.57375348107483,54.13519016566181,37.5963739938697,16.329358920945637,40.046038847142896,50.312589302824044,74.99965650749931,58.59571984241853,82.69036437525293
2025-03-09 20:17:27.762667,1520.0,852.0,357.0,2523.0,1535.0,335.0,63.082424066109546,80.57375348107483,54.13519016566181,37.5963739938697,16.329358920945637,40.046038847142896,50.312589302824044,74.99965650749931,58.59571984241853,82.69036437525293
2025-03-09 20:17:27.771000,1520.0,848.0,358.0,2521.0,1535.0,335.0,62.979946075889984,80.38464254035625,53.93454265563651,37.5537434495143,16.295898800495067,39.98779647007769,50.3579714990073,74.85158623167798,58.43775395739556,82.63239752872435
2025-03-09 20:17:27.771000,1519.0,851.0,358.0,2521.0,1535.0,333.0,62.979946075889984,80.38464254035625,53.93454265563651,37.5537434495143,16.295898800495067,39.98779647007769,50.3579714990073,74.85158623167798,58.43775395739556,82.63239752872435
2025-03-09 20:17:27.771000,1515.0,848.0,367.0,2525.0,1535.0,336.0,62.979946075889984,80.38464254035625,53.93454265563651,37.5537434495143,16.295898800495067,39.98779647007769,50.3579714990073,74.85158623167798,58.43775395739556,82.63239752872435
2025-03-09 20:17:27.771000,1519.0,854.0,365.0,2525.0,1535.0,336.0,62.979946075889984,80.38464254035625,53.93454265563651,37.5537434495143,16.295898800495067,39.98779647007769,50.3579714990073,74.85158623167798,58.43775395739556,82.63239752872435
2025-03-09 20:17:27.779333,1518.0,862.0,368.0,2523.0,1535.0,334.0,62.87926671478728,80.2020946847417,53.756793374680036,37.51791822035477,16.26540298373752,39.9368350801538,50.38724912522575,74.70897092335221,58.28994449034653,82.58682020610006
2025-03-09 20:17:27.779333,1519.0,862.0,362.0,2526.0,1535.0,334.0,62.87926671478728,80.2020946847417,53.756793374680036,37.51791822035477,16.26540298373752,39.9368350801538,50.38724912522575,74.70897092335221,58.28994449034653,82.58682020610006
2025-03-09 20:17:27.779333,1507.0,875.0,367.0,2526.0,1533.0,330.0,62.87926671478728,80.2020946847417,53.756793374680036,37.51791822035477,16.26540298373752,39.9368350801538,50.38724912522575,74.70897092335221,58.28994449034653,82.58682020610006
2025-03-09 20:17:27.787667,1511.0,880.0,363.0,2521.0,1535.0,331.0,62.78236963266481,80.02799521534709,53.60359499901899,37.48829756283266,16.238096361654517,39.892142307187335,50.40203451280081,74.57547204390644,58.15325919351243,82.55466197642785
2025-03-09 20:17:27.787667,1511.0,880.0,367.0,2523.0,1529.0,330.0,62.78236963266481,80.02799521534709,53.60359499901899,37.48829756283266,16.238096361654517,39.892142307187335,50.40203451280081,74.57547204390644,58.15325919351243,82.55466197642785
2025-03-09 20:17:27.787667,1510.0,880.0,361.0,2523.0,1530.0,329.0,62.78236963266481,80.02799521534709,53.60359499901899,37.48829756283266,16.238096361654517,39.892142307187335,50.40203451280081,74.57547204390644,58.15325919351243,82.55466197642785
2025-03-09 20:17:27.796000,1511.0,878.0,368.0,2520.0,1527.0,330.0,62.691025215940705,79.86312595713362,53.47390599090824,37.46473252121339,16.214425790858602,39.85370334099619,50.404539838876765,74.45207094055652,58.026919855606316,82.53605528779953
2025-03-09 20:17:27.796000,1506.0,880.0,363.0,2521.0,1527.0,326.0,62.691025215940705,79.86312595713362,53.47390599090824,37.46473252121339,16.214425790858602,39.85370334099619,50.404539838876765,74.45207094055652,58.026919855606316,82.53605528779953
2025-03-09 20:17:27.796000,1507.0,882.0,362.0,2519.0,1530.0,329.0,62.691025215940705,79.86312595713362,53.47390599090824,37.46473252121339,16.214425790858602,39.85370334099619,50.404539838876765,74.45207094055652,58.026919855606316,82.53605528779953
2025-03-09 20:17:27.796000,1499.0,890.0,366.0,2514.0,1520.0,321.0,62.691025215940705,79.86312595713362,53.47390599090824,37.46473252121339,16.214425790858602,39.85370334099619,50.404539838876765,74.45207094055652,58.026919855606316,82.53605528779953
2025-03-09 20:17:27.796000,1497.0,890.0,374.0,2515.0,1519.0,321.0,62.691025215940705,79.86312595713362,53.47390599090824,37.46473252121339,16.214425790858602,39.85370334099619,50.404539838876765,74.45207094055652,58.026919855606316,82.53605528779953
2025-03-09 20:17:27.804333,1501.0,894.0,366.0,2517.0,1520.0,320.0,62.60707139109385,79.70823049816325,53.366422713339446,37.447268255724126,16.194151664188613,39.82201993979331,50.39552969787094,74.33836754919291,57.909841687382134,82.53003517741244
2025-03-09 20:17:27.804333,1498.0,894.0,371.0,2513.0,1520.0,321.0,62.60707139109385,79.70823049816325,53.366422713339446,37.447268255724126,16.194151664188613,39.82201993979331,50.39552969787094,74.33836754919291,57.909841687382134,82.53003517741244
2025-03-09 20:17:27.804333,1499.0,891.0,362.0,2519.0,1520.0,320.0,62.60707139109385,79.70823049816325,53.366422713339446,37.447268255724126,16.194151664188613,39.82201993979331,50.39552969787094,74.33836754919291,57.909841687382134,82.53003517741244
2025-03-09 20:17:27.812667,1500.0,886.0,368.0,2517.0,1520.0,322.0,62.53272456108899,79.56536927895343,53.280343684176465,37.436867642381024,16.177090319819456,39.798380043997284,50.37630158036904,74.23523724752482,57.8030290806422,82.53614745076717
2025-03-09 20:17:27.812667,1498.0,887.0,368.0,2512.0,1519.0,320.0,62.53272456108899,79.56536927895343,53.280343684176465,37.436867642381024,16.177090319819456,39.798380043997284,50.37630158036904,74.23523724752482,57.8030290806422,82.53614745076717
2025-03-09 20:17:27.812667,1475.0,882.0,370.0,2516.0,1511.0,318.0,62.53272456108899,79.56536927895343,53.280343684176465,37.436867642381024,16.177090319819456,39.798380043997284,50.37630158036904,74.23523724752482,57.8030290806422,82.53614745076717
2025-03-09 20:17:27.821000,1479.0,880.0,369.0,2520.0,1508.0,318.0,62.470288665873305,79.43662178219392,53.214068683819896,37.434210692017956,16.1622171502996,39.78323275203819,50.34917122493949,74.1448043411579,57.70817963832829,82.55393754203092
2025-03-09 20:17:27.821000,1479.0,880.0,368.0,2517.0,1505.0,320.0,62.470288665873305,79.43662178219392,53.214068683819896,37.434210692017956,16.1622171502996,39.78323275203819,50.34917122493949,74.1448043411579,57.70817963832829,82.55393754203092
2025-03-09 20:17:27.821000,1477.0,887.0,370.0,2514.0,1507.0,314.0,62.470288665873305,79.43662178219392,53.214068683819896,37.434210692017956,16.1622171502996,39.78323275203819,50.34917122493949,74.1448043411579,57.70817963832829,82.55393754203092
2025-03-09 20:17:27.821000,1478.0,880.0,368.0,2513.0,1503.0,320.0,62.470288665873305,79.43662178219392,53.214068683819896,37.434210692017956,16.1622171502996,39.78323275203819,50.34917122493949,74.1448043411579,57.70817963832829,82.55393754203092
2025-03-09 20:17:27.829333,1473.0,881.0,368.0,2521.0,1505.0,316.0,62.421851250960586,79.32276784479843,53.16390248299819,37.436420285415885,16.150121656066773,39.77429337688662,50.319072047978146,74.0675130151898,57.62210100732042,82.58191572198074
2025-03-09 20:17:27.829333,1472.0,881.0,369.0,2513.0,1503.0,315.0,62.421851250960586,79.32276784479843,53.16390248299819,37.436420285415885,16.150121656066773,39.77429337688662,50.319072047978146,74.0675130151898,57.62210100732042,82.58191572198074
2025-03-09 20:17:27.829333,1455.0,878.0,373.0,2512.0,1491.0,314.0,62.421851250960586,79.32276784479843,53.16390248299819,37.436420285415885,16.150121656066773,39.77429337688662,50.319072047978146,74.0675130151898,57.62210100732042,82.58191572198074
2025-03-09 20:17:27.837667,1456.0,878.0,368.0,2513.0,1492.0,314.0,62.38907551162415,79.22384548012043,53.12706527711335,37.44189029727034,16.1416508686677,39.7707327216375,50.28901612342623,74.00243544282931,57.54148317381226,82.61882921275591
2025-03-09 20:17:27.837667,1452.0,875.0,368.0,2515.0,1495.0,313.0,62.38907551162415,79.22384548012043,53.12706527711335,37.44189029727034,16.1416508686677,39.7707327216375,50.28901612342623,74.00243544282931,57.54148317381226,82.61882921275591
2025-03-09 20:17:27.837667,1449.0,876.0,368.0,2513.0,1491.0,314.0,62.38907551162415,79.22384548012043,53.12706527711335,37.44189029727034,16.1416508686677,39.7707327216375,50.28901612342623,74.00243544282931,57.54148317381226,82.61882921275591
2025-03-09 20:17:27.846000,1444.0,879.0,373.0,2517.0,1492.0,320.0,62.37396149994821,79.14022520894898,53.102540846284,37.45114142448274,16.13709424199993,39.773881333573726,50.25917514444517,73.94815342442014,57.46449829679096,82.66309016955877
2025-03-09 20:17:27.846000,1441.0,874.0,368.0,2517.0,1491.0,311.0,62.37396149994821,79.14022520894898,53.102540846284,37.45114142448274,16.13709424199993,39.773881333573726,50.25917514444517,73.94815342442014,57.46449829679096,82.66309016955877
2025-03-09 20:17:27.846000,1440.0,870.0,371.0,2512.0,1493.0,312.0,62.37396149994821,79.14022520894898,53.102540846284,37.45114142448274,16.13709424199993,39.773881333573726,50.25917514444517,73.94815342442014,57.46449829679096,82.66309016955877
2025-03-09 20:17:27.846000,1402.0,864.0,371.0,2511.0,1483.0,310.0,62.37396149994821,79.14022520894898,53.102540846284,37.45114142448274,16.13709424199993,39.773881333573726,50.25917514444517,73.94815342442014,57.46449829679096,82.66309016955877
2025-03-09 20:17:27.854333,1408.0,868.0,370.0,2513.0,1488.0,309.0,62.378330381529494,79.07177352817943,53.08865180337307,37.463841165818764,16.136064083961436,39.78368566534985,50.23056738194749,73.90420093976547,57.38915773014749,82.71225458177908
2025-03-09 20:17:27.854333,1405.0,861.0,370.0,2512.0,1485.0,309.0,62.378330381529494,79.07177352817943,53.08865180337307,37.463841165818764,16.136064083961436,39.78368566534985,50.23056738194749,73.90420093976547,57.38915773014749,82.71225458177908
2025-03-09 20:17:27.854333,1402.0,865.0,373.0,2511.0,1486.0,310.0,62.378330381529494,79.07177352817943,53.08865180337307,37.463841165818764,16.136064083961436,39.78368566534985,50.23056738194749,73.90420093976547,57.38915773014749,82.71225458177908
2025-03-09 20:17:27.854333,1397.0,859.0,371.0,2511.0,1488.0,305.0,62.378330381529494,79.07177352817943,53.08865180337307,37.463841165818764,16.136064083961436,39.78368566534985,50.23056738194749,73.90420093976547,57.38915773014749,82.71225458177908
2025-03-09 20:17:27.862667,1393.0,863.0,368.0,2513.0,1483.0,307.0,62.40174036142202,79.01680102472744,53.08373536060643,37.48056447147826,16.137187583729375,39.800146638639205,50.20293392685557,73.86985565715393,57.31509476350906,82.76490100715598
2025-03-09 20:17:27.862667,1392.0,864.0,370.0,2512.0,1481.0,308.0,62.40174036142202,79.01680102472744,53.08373536060643,37.48056447147826,16.137187583729375,39.800146638639205,50.20293392685557,73.86985565715393,57.31509476350906,82.76490100715598
2025-03-09 20:17:27.862667,1385.0,860.0,370.0,2512.0,1482.0,309.0,62.40174036142202,79.01680102472744,53.08373536060643,37.48056447147826,16.137187583729375,39.800146638639205,50.20293392685557,73.86985565715393,57.31509476350906,82.76490100715598
2025-03-09 20:17:27.871000,1355.0,843.0,370.0,2511.0,1473.0,307.0,62.4414230819506,78.97315781371805,53.087788157405186,37.503200491366755,16.138678417369768,39.82444011564948,50.17294218196921,73.84312012832164,57.244156958789546,82.81965231171094
2025-03-09 20:17:27.871000,1354.0,847.0,371.0,2512.0,1475.0,306.0,62.4414230819506,78.97315781371805,53.087788157405186,37.503200491366755,16.138678417369768,39.82444011564948,50.17294218196921,73.84312012832164,57.244156958789546,82.81965231171094
2025-03-09 20:17:27.871000,1355.0,846.0,373.0,2513.0,1473.0,308.0,62.4414230819506,78.97315781371805,53.087788157405186,37.503200491366755,16.138678417369768,39.82444011564948,50.17294218196921,73.84312012832164,57.244156958789546,82.81965231171094
2025-03-09 20:17:27.879333,1345.0,843.0,366.0,2514.0,1474.0,306.0,62.49393088071493,78.93959170722421,53.10116470814816,37.533074259458424,16.1400032482235,39.85735654675573,50.13871967321587,73.82269433974821,57.17902006526079,82.87453945985612
2025-03-09 20:17:27.879333,1344.0,841.0,368.0,2512.0,1472.0,307.0,62.49393088071493,78.93959170722421,53.10116470814816,37.533074259458424,16.1400032482235,39.85735654675573,50.13871967321587,73.82269433974821,57.17902006526079,82.87453945985612
2025-03-09 20:17:27.879333,1344.0,835.0,369.0,2511.0,1473.0,307.0,62.49393088071493,78.93959170722421,53.10116470814816,37.533074259458424,16.1400032482235,39.85735654675573,50.13871967321587,73.82269433974821,57.17902006526079,82.87453945985612
2025-03-09 20:17:27.879333,1345.0,835.0,365.0,2512.0,1474.0,305.0,62.49393088071493,78.93959170722421,53.10116470814816,37.533074259458424,16.1400032482235,39.85735654675573,50.13871967321587,73.82269433974821,57.17902006526079,82.87453945985612
2025-03-09 20:17:27.887667,1306.0,820.0,368.0,2512.0,1469.0,305.0,62.555276012062954,78.91498043119188,53.123603774079335,37.570246766724786,16.142529381543113,39.898984158340504,50.10051748668636,73.80686676766724,57.12107231109741,82.92910234878258
2025-03-09 20:17:27.887667,1297.0,823.0,368.0,2512.0,1471.0,309.0,62.555276012062954,78.91498043119188,53.123603774079335,37.570246766724786,16.142529381543113,39.898984158340504,50.10051748668636,73.80686676766724,57.12107231109741,82.92910234878258
2025-03-09 20:17:27.887667,1294.0,823.0,368.0,2513.0,1471.0,307.0,62.555276012062954,78.91498043119188,53.123603774079335,37.570246766724786,16.142529381543113,39.898984158340504,50.10051748668636,73.80686676766724,57.12107231109741,82.92910234878258
2025-03-09 20:17:27.896000,1295.0,822.0,368.0,2512.0,1469.0,306.0,62.622904058509135,78.89866178557023,53.15543588596347,37.613839526406025,16.147202555416378,39.94842228607045,50.05856797155623,73.79502203262699,57.07079823873046,82.98449257130204
2025-03-09 20:17:27.896000,1293.0,811.0,368.0,2512.0,1469.0,308.0,62.622904058509135,78.89866178557023,53.15543588596347,37.613839526406025,16.147202555416378,39.94842228607045,50.05856797155623,73.79502203262699,57.07079823873046,82.98449257130204
2025-03-09 20:17:27.896000,1285.0,816.0,369.0,2512.0,1470.0,307.0,62.622904058509135,78.89866178557023,53.15543588596347,37.613839526406025,16.147202555416378,39.94842228607045,50.05856797155623,73.79502203262699,57.07079823873046,82.98449257130204
2025-03-09 20:17:27.904333,1282.0,813.0,374.0,2515.0,1471.0,307.0,62.69623428974536,78.89085536714173,53.19727197923008,37.6625485339105,16.15161045814181,40.003917714577135,50.01061291814879,73.78748059228003,57.029150322730196,83.04057971131054
2025-03-09 20:17:27.904333,1237.0,786.0,368.0,2512.0,1466.0,308.0,62.69623428974536,78.89085536714173,53.19727197923008,37.6625485339105,16.15161045814181,40.003917714577135,50.01061291814879,73.78748059228003,57.029150322730196,83.04057971131054
2025-03-09 20:17:27.904333,1237.0,799.0,368.0,2512.0,1467.0,307.0,62.69623428974536,78.89085536714173,53.19727197923008,37.6625485339105,16.15161045814181,40.003917714577135,50.01061291814879,73.78748059228003,57.029150322730196,83.04057971131054
2025-03-09 20:17:27.904333,1233.0,792.0,371.0,2516.0,1466.0,309.0,62.69623428974536,78.89085536714173,53.19727197923008,37.6625485339105,16.15161045814181,40.003917714577135,50.01061291814879,73.78748059228003,57.029150322730196,83.04057971131054
2025-03-09 20:17:27.912667,1232.0,791.0,370.0,2512.0,1465.0,310.0,62.773637028775575,78.89164271322382,53.249244667395004,37.714475652253526,16.15130654610022,40.06324219422402,49.95169667506601,73.78272325770689,56.99739711019625,83.09638121262381
2025-03-09 20:17:27.912667,1229.0,795.0,372.0,2512.0,1466.0,306.0,62.773637028775575,78.89164271322382,53.249244667395004,37.714475652253526,16.15130654610022,40.06324219422402,49.95169667506601,73.78272325770689,56.99739711019625,83.09638121262381
2025-03-09 20:17:27.912667,1216.0,781.0,368.0,2514.0,1465.0,305.0,62.773637028775575,78.89164271322382,53.249244667395004,37.714475652253526,16.15130654610022,40.06324219422402,49.95169667506601,73.78272325770689,56.99739711019625,83.09638121262381
2025-03-09 20:17:27.912667,1219.0,783.0,368.0,2515.0,1463.0,307.0,62.773637028775575,78.89164271322382,53.249244667395004,37.714475652253526,16.15130654610022,40.06324219422402,49.95169667506601,73.78272325770689,56.99739711019625,83.09638121262381
2025-03-09 20:17:27.921000,1173.0,771.0,363.0,2518.0,1465.0,311.0,62.85250751553985,78.90076563431504,53.311856712230146,37.76761028210885,16.14422931773848,40.12415218340768,49.87893304414683,73.77964321717695,56.976540242694035,83.15147650982655
2025-03-09 20:17:27.921000,1170.0,765.0,368.0,2518.0,1464.0,312.0,62.85250751553985,78.90076563431504,53.311856712230146,37.76761028210885,16.14422931773848,40.12415218340768,49.87893304414683,73.77964321717695,56.976540242694035,83.15147650982655
2025-03-09 20:17:27.921000,1168.0,758.0,365.0,2512.0,1465.0,314.0,62.85250751553985,78.90076563431504,53.311856712230146,37.76761028210885,16.14422931773848,40.12415218340768,49.87893304414683,73.77964321717695,56.976540242694035,83.15147650982655
2025-03-09 20:17:27.929333,1166.0,763.0,357.0,2514.0,1463.0,311.0,62.93070711257621,78.91772760884322,53.38589541542283,37.820596453936226,16.13026987449521,40.18527720225216,49.790960378169906,73.7773704987174,56.966756132518825,83.20551032804775
2025-03-09 20:17:27.929333,1163.0,755.0,363.0,2518.0,1463.0,313.0,62.93070711257621,78.91772760884322,53.38589541542283,37.820596453936226,16.13026987449521,40.18527720225216,49.790960378169906,73.7773704987174,56.966756132518825,83.20551032804775
2025-03-09 20:17:27.929333,1155.0,763.0,367.0,2513.0,1465.0,311.0,62.93070711257621,78.91772760884322,53.38589541542283,37.820596453936226,16.13026987449521,40.18527720225216,49.790960378169906,73.7773704987174,56.966756132518825,83.20551032804775
2025-03-09 20:17:27.929333,1158.0,755.0,367.0,2511.0,1465.0,313.0,62.93070711257621,78.91772760884322,53.38589541542283,37.820596453936226,16.13026987449521,40.18527720225216,49.790960378169906,73.7773704987174,56.966756132518825,83.20551032804775
2025-03-09 20:17:27.937667,1108.0,736.0,366.0,2514.0,1462.0,318.0,63.00692402213585,78.94195938540086,53.47193054460686,37.87446394077619,16.107974416402914,40.247306499409454,49.684823840259526,73.77478485810714,56.96951600593982,83.25773290908913
2025-03-09 20:17:27.937667,1104.0,738.0,368.0,2517.0,1462.0,314.0,63.00692402213585,78.94195938540086,53.47193054460686,37.87446394077619,16.107974416402914,40.247306499409454,49.684823840259526,73.77478485810714,56.96951600593982,83.25773290908913
2025-03-09 20:17:27.937667,1102.0,735.0,360.0,2517.0,1465.0,315.0,63.00692402213585,78.94195938540086,53.47193054460686,37.87446394077619,16.107974416402914,40.247306499409454,49.684823840259526,73.77478485810714,56.96951600593982,83.25773290908913
2025-03-09 20:17:27.946000,1092.0,733.0,369.0,2517.0,1463.0,316.0,63.08177103422058,78.97445783725294,53.570859010584684,37.93266038375928,16.082146639570677,40.31321970373444,49.566432636322865,73.7759061811098,56.987572968834804,83.30943062723608
2025-03-09 20:17:27.946000,1091.0,731.0,367.0,2519.0,1466.0,318.0,63.08177103422058,78.97445783725294,53.570859010584684,37.93266038375928,16.082146639570677,40.31321970373444,49.566432636322865,73.7759061811098,56.987572968834804,83.30943062723608
2025-03-09 20:17:27.946000,1088.0,727.0,364.0,2514.0,1466.0,315.0,63.08177103422058,78.97445783725294,53.570859010584684,37.93266038375928,16.082146639570677,40.31321970373444,49.566432636322865,73.7759061811098,56.987572968834804,83.30943062723608
2025-03-09 20:17:27.954333,1088.0,721.0,368.0,2520.0,1463.0,317.0,63.15700907579207,79.01691704417283,53.68477376888188,37.99849025474637,16.065104831869792,40.386015657255335,49.451327118752324,73.78988985745404,57.02267801022467,83.36351546199361
2025-03-09 20:17:27.954333,1046.0,711.0,368.0,2519.0,1468.0,320.0,63.15700907579207,79.01691704417283,53.68477376888188,37.99849025474637,16.065104831869792,40.386015657255335,49.451327118752324,73.78988985745404,57.02267801022467,83.36351546199361
2025-03-09 20:17:27.954333,1046.0,719.0,367.0,2519.0,1467.0,321.0,63.15700907579207,79.01691704417283,53.68477376888188,37.99849025474637,16.065104831869792,40.386015657255335,49.451327118752324,73.78988985745404,57.02267801022467,83.36351546199361
2025-03-09 20:17:27.954333,1043.0,701.0,362.0,2514.0,1463.0,320.0,63.15700907579207,79.01691704417283,53.68477376888188,37.99849025474637,16.065104831869792,40.386015657255335,49.451327118752324,73.78988985745404,57.02267801022467,83.36351546199361
2025-03-09 20:17:27.962667,1040.0,705.0,353.0,2515.0,1466.0,320.0,63.23453624331302,79.07052055702539,53.8159832151328,38.072326231661066,16.0644307546275,40.46671861164703,49.34744698139204,73.82102477148075,57.07359266522174,83.42291619793092
2025-03-09 20:17:27.962667,1038.0,702.0,362.0,2522.0,1465.0,320.0,63.23453624331302,79.07052055702539,53.8159832151328,38.072326231661066,16.0644307546275,40.46671861164703,49.34744698139204,73.82102477148075,57.07359266522174,83.42291619793092
2025-03-09 20:17:27.962667,1032.0,705.0,361.0,2515.0,1462.0,321.0,63.23453624331302,79.07052055702539,53.8159832151328,38.072326231661066,16.0644307546275,40.46671861164703,49.34744698139204,73.82102477148075,57.07359266522174,83.42291619793092
2025-03-09 20:17:27.971000,1023.0,706.0,352.0,2516.0,1466.0,319.0,63.31571239387382,79.13565591328847,53.96613648424128,38.152136314989,16.081796280851734,40.5543886085547,49.25467022784082,73.86864677288382,57.1372090450974,83.49058932240312
2025-03-09 20:17:27.971000,995.0,689.0,359.0,2518.0,1467.0,327.0,63.31571239387382,79.13565591328847,53.96613648424128,38.152136314989,16.081796280851734,40.5543886085547,49.25467022784082,73.86864677288382,57.1372090450974,83.49058932240312
2025-03-09 20:17:27.971000,989.0,688.0,363.0,2518.0,1463.0,324.0,63.31571239387382,79.13565591328847,53.96613648424128,38.152136314989,16.081796280851734,40.5543886085547,49.25467022784082,73.86864677288382,57.1372090450974,83.49058932240312
2025-03-09 20:17:27.971000,987.0,688.0,359.0,2517.0,1466.0,325.0,63.31571239387382,79.13565591328847,53.96613648424128,38.152136314989,16.081796280851734,40.5543886085547,49.25467022784082,73.86864677288382,57.1372090450974,83.49058932240312
2025-03-09 20:17:27.979333,983.0,687.0,363.0,2521.0,1459.0,330.0,63.40206136483846,79.21349274335434,54.13628616801008,38.234372595188205,16.115980840913743,40.64704558085923,49.16938938198954,73.92984719321944,57.209927045977295,83.57119893918987
2025-03-09 20:17:27.979333,979.0,686.0,364.0,2519.0,1461.0,329.0,63.40206136483846,79.21349274335434,54.13628616801008,38.234372595188205,16.115980840913743,40.64704558085923,49.16938938198954,73.92984719321944,57.209927045977295,83.57119893918987
2025-03-09 20:17:27.979333,977.0,688.0,362.0,2521.0,1462.0,321.0,63.40206136483846,79.21349274335434,54.13628616801008,38.234372595188205,16.115980840913743,40.64704558085923,49.16938938198954,73.92984719321944,57.209927045977295,83.57119893918987
2025-03-09 20:17:27.987667,973.0,688.0,351.0,2521.0,1461.0,330.0,63.495600226210755,79.30497974615956,54.32590802656828,38.316250084642725,16.160520864675103,40.74405678490861,49.08059717031988,73.99641487330061,57.287502491098536,83.66971782752084
2025-03-09 20:17:27.987667,945.0,672.0,359.0,2519.0,1461.0,333.0,63.495600226210755,79.30497974615956,54.32590802656828,38.316250084642725,16.160520864675103,40.74405678490861,49.08059717031988,73.99641487330061,57.287502491098536,83.66971782752084
2025-03-09 20:17:27.987667,944.0,671.0,362.0,2523.0,1465.0,333.0,63.495600226210755,79.30497974615956,54.32590802656828,38.316250084642725,16.160520864675103,40.74405678490861,49.08059717031988,73.99641487330061,57.287502491098536,83.66971782752084
2025-03-09 20:17:27.987667,942.0,675.0,355.0,2523.0,1462.0,334.0,63.495600226210755,79.30497974615956,54.32590802656828,38.316250084642725,16.160520864675103,40.74405678490861,49.08059717031988,73.99641487330061,57.287502491098536,83.66971782752084
2025-03-09 20:17:27.996000,940.0,666.0,358.0,2527.0,1458.0,334.0,63.59891804414082,79.41001667324353,54.533564051501116,38.39668093898788,16.206677759408485,40.84469419408515,48.9781159595023,74.06307193863292,57.367868579980176,83.78927958902754
2025-03-09 20:17:27.996000,940.0,663.0,361.0,2522.0,1462.0,336.0,63.59891804414082,79.41001667324353,54.533564051501116,38.39668093898788,16.206677759408485,40.84469419408515,48.9781159595023,74.06307193863292,57.367868579980176,83.78927958902754
2025-03-09 20:17:27.996000,934.0,665.0,362.0,2525.0,1466.0,335.0,63.59891804414082,79.41001667324353,54.533564051501116,38.39668093898788,16.206677759408485,40.84469419408515,48.9781159595023,74.06307193863292,57.367868579980176,83.78927958902754
2025-03-09 20:17:27.996000,927.0,670.0,362.0,2526.0,1462.0,331.0,63.59891804414082,79.41001667324353,54.533564051501116,38.39668093898788,16.206677759408485,40.84469419408515,48.9781159595023,74.06307193863292,57.367868579980176,83.78927958902754
2025-03-09 20:17:28.004333,924.0,659.0,362.0,2527.0,1461.0,336.0,63.71465414752144,79.52675554127282,54.75663773221529,38.47508756135544,16.249889910828962,40.947258166769494,48.86074887721971,74.12999028286968,57.44890108354935,83.93049966396035
2025-03-09 20:17:28.004333,903.0,654.0,362.0,2523.0,1462.0,336.0,63.71465414752144,79.52675554127282,54.75663773221529,38.47508756135544,16.249889910828962,40.947258166769494,48.86074887721971,74.12999028286968,57.44890108354935,83.93049966396035
2025-03-09 20:17:28.004333,897.0,650.0,359.0,2525.0,1461.0,336.0,63.71465414752144,79.52675554127282,54.75663773221529,38.47508756135544,16.249889910828962,40.947258166769494,48.86074887721971,74.12999028286968,57.44890108354935,83.93049966396035
2025-03-09 20:17:28.012667,894.0,653.0,353.0,2527.0,1466.0,336.0,63.84329715296393,79.65159402458622,54.99189149316075,38.55367255222345,16.290072279810467,41.05313837438444,48.7303838856735,74.19610105932082,57.52842696625677,84.09277905449275
2025-03-09 20:17:28.012667,894.0,652.0,363.0,2527.0,1463.0,339.0,63.84329715296393,79.65159402458622,54.99189149316075,38.55367255222345,16.290072279810467,41.05313837438444,48.7303838856735,74.19610105932082,57.52842696625677,84.09277905449275
2025-03-09 20:17:28.012667,895.0,651.0,354.0,2524.0,1461.0,339.0,63.84329715296393,79.65159402458622,54.99189149316075,38.55367255222345,16.290072279810467,41.05313837438444,48.7303838856735,74.19610105932082,57.52842696625677,84.09277905449275
2025-03-09 20:17:28.012667,893.0,646.0,359.0,2525.0,1463.0,337.0,63.84329715296393,79.65159402458622,54.99189149316075,38.55367255222345,16.290072279810467,41.05313837438444,48.7303838856735,74.19610105932082,57.52842696625677,84.09277905449275
2025-03-09 20:17:28.021000,889.0,643.0,357.0,2530.0,1463.0,336.0,63.98214499867138,79.78020708008711,55.2367874841213,38.63688832127959,16.32513931212951,41.16501341580525,48.58541162026372,74.25972505393875,57.608452569307346,84.27336715749632
2025-03-09 20:17:28.021000,864.0,634.0,352.0,2529.0,1459.0,339.0,63.98214499867138,79.78020708008711,55.2367874841213,38.63688832127959,16.32513931212951,41.16501341580525,48.58541162026372,74.25972505393875,57.608452569307346,84.27336715749632
2025-03-09 20:17:28.021000,862.0,633.0,356.0,2528.0,1461.0,341.0,63.98214499867138,79.78020708008711,55.2367874841213,38.63688832127959,16.32513931212951,41.16501341580525,48.58541162026372,74.25972505393875,57.608452569307346,84.27336715749632
2025-03-09 20:17:28.029333,861.0,630.0,353.0,2539.0,1462.0,340.0,64.12690825921719,79.90867466444637,55.49192613130183,38.72782969859866,16.35569800504194,41.28446987414,48.424851845348826,74.32033637420264,57.6913870064635,84.46782788165736
2025-03-09 20:17:28.029333,854.0,625.0,357.0,2529.0,1459.0,343.0,64.12690825921719,79.90867466444637,55.49192613130183,38.72782969859866,16.35569800504194,41.28446987414,48.424851845348826,74.32033637420264,57.6913870064635,84.46782788165736
2025-03-09 20:17:28.029333,858.0,636.0,359.0,2531.0,1459.0,341.0,64.12690825921719,79.90867466444637,55.49192613130183,38.72782969859866,16.35569800504194,41.28446987414,48.424851845348826,74.32033637420264,57.6913870064635,84.46782788165736
2025-03-09 20:17:28.029333,854.0,635.0,354.0,2534.0,1462.0,337.0,64.12690825921719,79.90867466444637,55.49192613130183,38.72782969859866,16.35569800504194,41.28446987414,48.424851845348826,74.32033637420264,57.6913870064635,84.46782788165736
2025-03-09 20:17:28.037667,851.0,627.0,355.0,2529.0,1462.0,339.0,64.27512199378695,80.03559706206175,55.762136871114734,38.82939014216361,16.386790303318662,41.413993245148724,48.24985120336055,74.37971619725523,57.77968218013205,84.67350496363106
2025-03-09 20:17:28.037667,851.0,625.0,361.0,2533.0,1464.0,341.0,64.27512199378695,80.03559706206175,55.762136871114734,38.82939014216361,16.386790303318662,41.413993245148724,48.24985120336055,74.37971619725523,57.77968218013205,84.67350496363106
2025-03-09 20:17:28.037667,834.0,621.0,356.0,2531.0,1459.0,342.0,64.27512199378695,80.03559706206175,55.762136871114734,38.82939014216361,16.386790303318662,41.413993245148724,48.24985120336055,74.37971619725523,57.77968218013205,84.67350496363106
2025-03-09 20:17:28.046000,833.0,617.0,349.0,2531.0,1459.0,346.0,64.42658574686138,80.16099402020834,56.04869917462245,38.94138222234884,16.421271296438988,41.55350661338295,48.06324883632339,74.4393910816477,57.873404976862105,84.88918379587687
2025-03-09 20:17:28.046000,833.0,611.0,356.0,2533.0,1457.0,341.0,64.42658574686138,80.16099402020834,56.04869917462245,38.94138222234884,16.421271296438988,41.55350661338295,48.06324883632339,74.4393910816477,57.873404976862105,84.88918379587687
2025-03-09 20:17:28.046000,827.0,609.0,358.0,2532.0,1457.0,344.0,64.42658574686138,80.16099402020834,56.04869917462245,38.94138222234884,16.421271296438988,41.55350661338295,48.06324883632339,74.4393910816477,57.873404976862105,84.88918379587687
2025-03-09 20:17:28.046000,830.0,619.0,351.0,2530.0,1459.0,344.0,64.42658574686138,80.16099402020834,56.04869917462245,38.94138222234884,16.421271296438988,41.55350661338295,48.06324883632339,74.4393910816477,57.873404976862105,84.88918379587687
2025-03-09 20:17:28.054333,828.0,611.0,349.0,2535.0,1457.0,345.0,64.58097152433577,80.28477077577128,56.350424405247054,39.058855846739185,16.460280859569313,41.698924781067,47.867726195872734,74.49862761672892,57.96877272445246,85.11335593147264
2025-03-09 20:17:28.054333,823.0,611.0,355.0,2537.0,1459.0,343.0,64.58097152433577,80.28477077577128,56.350424405247054,39.058855846739185,16.460280859569313,41.698924781067,47.867726195872734,74.49862761672892,57.96877272445246,85.11335593147264
2025-03-09 20:17:28.054333,825.0,604.0,358.0,2528.0,1457.0,347.0,64.58097152433577,80.28477077577128,56.350424405247054,39.058855846739185,16.460280859569313,41.698924781067,47.867726195872734,74.49862761672892,57.96877272445246,85.11335593147264
2025-03-09 20:17:28.062667,812.0,608.0,355.0,2538.0,1456.0,350.0,64.73753955607623,80.40768015774181,56.666087475021726,39.177140180195615,16.50472085579127,41.84660313767456,47.66541408624254,74.55644082814567,58.063078986350675,85.34463897629057
2025-03-09 20:17:28.062667,811.0,603.0,357.0,2534.0,1455.0,354.0,64.73753955607623,80.40768015774181,56.666087475021726,39.177140180195615,16.50472085579127,41.84660313767456,47.66541408624254,74.55644082814567,58.063078986350675,85.34463897629057
2025-03-09 20:17:28.062667,806.0,606.0,354.0,2533.0,1456.0,354.0,64.73753955607623,80.40768015774181,56.666087475021726,39.177140180195615,16.50472085579127,41.84660313767456,47.66541408624254,74.55644082814567,58.063078986350675,85.34463897629057
2025-03-09 20:17:28.062667,808.0,603.0,351.0,2536.0,1456.0,354.0,64.73753955607623,80.40768015774181,56.666087475021726,39.177140180195615,16.50472085579127,41.84660313767456,47.66541408624254,74.55644082814567,58.063078986350675,85.34463897629057
2025-03-09 20:17:28.071000,807.0,599.0,351.0,2534.0,1455.0,356.0,64.89609884766692,80.53153044036566,56.99253616620296,39.29429846089633,16.553988058363917,41.994734374777494,47.45957122966052,74.61380512964497,58.157043685186174,85.58309376487509
2025-03-09 20:17:28.071000,804.0,597.0,353.0,2535.0,1456.0,354.0,64.89609884766692,80.53153044036566,56.99253616620296,39.29429846089633,16.553988058363917,41.994734374777494,47.45957122966052,74.61380512964497,58.157043685186174,85.58309376487509
2025-03-09 20:17:28.071000,797.0,593.0,353.0,2534.0,1456.0,357.0,64.89609884766692,80.53153044036566,56.99253616620296,39.29429846089633,16.553988058363917,41.994734374777494,47.45957122966052,74.61380512964497,58.157043685186174,85.58309376487509
2025-03-09 20:17:28.071000,793.0,592.0,351.0,2539.0,1455.0,368.0,64.89609884766692,80.53153044036566,56.99253616620296,39.29429846089633,16.553988058363917,41.994734374777494,47.45957122966052,74.61380512964497,58.157043685186174,85.58309376487509
2025-03-09 20:17:28.079333,786.0,591.0,350.0,2543.0,1456.0,367.0,65.05644296244004,80.6562986267793,57.32535747434725,39.41101228928705,16.606709139634074,42.14322781710289,47.25352133262487,74.67186610411333,58.2519634932698,85.82895056957992
2025-03-09 20:17:28.079333,784.0,589.0,356.0,2544.0,1456.0,366.0,65.05644296244004,80.6562986267793,57.32535747434725,39.41101228928705,16.606709139634074,42.14322781710289,47.25352133262487,74.67186610411333,58.2519634932698,85.82895056957992
2025-03-09 20:17:28.079333,783.0,584.0,357.0,2544.0,1456.0,367.0,65.05644296244004,80.6562986267793,57.32535747434725,39.41101228928705,16.606709139634074,42.14322781710289,47.25352133262487,74.67186610411333,58.2519634932698,85.82895056957992
2025-03-09 20:17:28.087667,784.0,590.0,354.0,2544.0,1458.0,368.0,65.21866176139649,80.7806431979753,57.66075357229807,39.52946218705832,16.65946018616139,42.29248000980759,47.04846951955249,74.73229227448844,58.35009593986279,86.08226494160155
2025-03-09 20:17:28.087667,784.0,591.0,354.0,2543.0,1457.0,367.0,65.21866176139649,80.7806431979753,57.66075357229807,39.52946218705832,16.65946018616139,42.29248000980759,47.04846951955249,74.73229227448844,58.35009593986279,86.08226494160155
2025-03-09 20:17:28.087667,779.0,583.0,357.0,2544.0,1456.0,369.0,65.21866176139649,80.7806431979753,57.66075357229807,39.52946218705832,16.65946018616139,42.29248000980759,47.04846951955249,74.73229227448844,58.35009593986279,86.08226494160155
2025-03-09 20:17:28.087667,773.0,580.0,357.0,2544.0,1456.0,373.0,65.21866176139649,80.7806431979753,57.66075357229807,39.52946218705832,16.65946018616139,42.29248000980759,47.04846951955249,74.73229227448844,58.35009593986279,86.08226494160155
2025-03-09 20:17:28.096000,755.0,571.0,355.0,2546.0,1460.0,382.0,65.38249702545691,80.90393644910142,57.99676012785479,39.65039438447356,16.70977190755735,42.44224819393296,46.84426527741896,74.79573142245597,58.45279255306961,86.34192106027797
2025-03-09 20:17:28.096000,755.0,576.0,351.0,2549.0,1458.0,385.0,65.38249702545691,80.90393644910142,57.99676012785479,39.65039438447356,16.70977190755735,42.44224819393296,46.84426527741896,74.79573142245597,58.45279255306961,86.34192106027797
2025-03-09 20:17:28.096000,753.0,570.0,351.0,2551.0,1459.0,384.0,65.38249702545691,80.90393644910142,57.99676012785479,39.65039438447356,16.70977190755735,42.44224819393296,46.84426527741896,74.79573142245597,58.45279255306961,86.34192106027797
2025-03-09 20:17:28.104333,755.0,572.0,358.0,2547.0,1458.0,383.0,65.54817982262368,81.02641910372184,58.33324092207827,39.77598404956868,16.759174748388435,42.59538377676262,46.64063632629042,74.86063654884633,58.559960382856715,86.60560559969562
2025-03-09 20:17:28.104333,752.0,571.0,358.0,2547.0,1463.0,386.0,65.54817982262368,81.02641910372184,58.33324092207827,39.77598404956868,16.759174748388435,42.59538377676262,46.64063632629042,74.86063654884633,58.559960382856715,86.60560559969562
2025-03-09 20:17:28.104333,752.0,567.0,358.0,2546.0,1462.0,387.0,65.54817982262368,81.02641910372184,58.33324092207827,39.77598404956868,16.759174748388435,42.59538377676262,46.64063632629042,74.86063654884633,58.559960382856715,86.60560559969562
2025-03-09 20:17:28.104333,751.0,566.0,349.0,2552.0,1462.0,387.0,65.54817982262368,81.02641910372184,58.33324092207827,39.77598404956868,16.759174748388435,42.59538377676262,46.64063632629042,74.86063654884633,58.559960382856715,86.60560559969562
2025-03-09 20:17:28.112667,736.0,564.0,341.0,2554.0,1469.0,399.0,65.7166040517325,81.14889999837632,58.67024537230078,39.91066481729468,16.80845867745835,42.75602596646911,46.437997932217456,74.9281408776992,58.67450308644923,86.87302802379001
2025-03-09 20:17:28.112667,733.0,561.0,346.0,2553.0,1469.0,400.0,65.7166040517325,81.14889999837632,58.67024537230078,39.91066481729468,16.80845867745835,42.75602596646911,46.437997932217456,74.9281408776992,58.67450308644923,86.87302802379001
2025-03-09 20:17:28.112667,734.0,558.0,346.0,2559.0,1469.0,400.0,65.7166040517325,81.14889999837632,58.67024537230078,39.91066481729468,16.80845867745835,42.75602596646911,46.437997932217456,74.9281408776992,58.67450308644923,86.87302802379001
2025-03-09 20:17:28.121000,735.0,565.0,344.0,2557.0,1469.0,400.0,65.88713691126472,81.27160686631417,59.00866186182988,40.04839242418201,16.860170429649965,42.91910248972043,46.23971449485162,74.9989533150238,58.79260146400653,87.14429624223813
2025-03-09 20:17:28.121000,734.0,560.0,342.0,2556.0,1467.0,400.0,65.88713691126472,81.27160686631417,59.00866186182988,40.04839242418201,16.860170429649965,42.91910248972043,46.23971449485162,74.9989533150238,58.79260146400653,87.14429624223813
2025-03-09 20:17:28.121000,726.0,559.0,342.0,2555.0,1470.0,400.0,65.88713691126472,81.27160686631417,59.00866186182988,40.04839242418201,16.860170429649965,42.91910248972043,46.23971449485162,74.9989533150238,58.79260146400653,87.14429624223813
2025-03-09 20:17:28.121000,730.0,560.0,341.0,2558.0,1471.0,400.0,65.88713691126472,81.27160686631417,59.00866186182988,40.04839242418201,16.860170429649965,42.91910248972043,46.23971449485162,74.9989533150238,58.79260146400653,87.14429624223813
2025-03-09 20:17:28.129333,732.0,559.0,340.0,2558.0,1470.0,403.0,66.0581650334322,81.3944146675135,59.350754670932595,40.177314315459355,16.91773488435653,43.07482739967486,46.04902307430763,75.07213149364144,58.906402772041886,87.41820373295973
2025-03-09 20:17:28.129333,718.0,551.0,352.0,2557.0,1475.0,414.0,66.0581650334322,81.3944146675135,59.350754670932595,40.177314315459355,16.91773488435653,43.07482739967486,46.04902307430763,75.07213149364144,58.906402772041886,87.41820373295973
2025-03-09 20:17:28.129333,718.0,550.0,336.0,2559.0,1477.0,413.0,66.0581650334322,81.3944146675135,59.350754670932595,40.177314315459355,16.91773488435653,43.07482739967486,46.04902307430763,75.07213149364144,58.906402772041886,87.41820373295973
2025-03-09 20:17:28.137667,717.0,551.0,339.0,2559.0,1475.0,416.0,66.22948132558845,81.51792907506133,59.69667612563825,40.29762794547254,16.97754958119165,43.221975914976106,45.864543217209324,75.15023581337347,59.019576498901685,87.69435276351356
2025-03-09 20:17:28.137667,711.0,550.0,350.0,2559.0,1479.0,417.0,66.22948132558845,81.51792907506133,59.69667612563825,40.29762794547254,16.97754958119165,43.221975914976106,45.864543217209324,75.15023581337347,59.019576498901685,87.69435276351356
2025-03-09 20:17:28.137667,707.0,554.0,342.0,2559.0,1475.0,419.0,66.22948132558845,81.51792907506133,59.69667612563825,40.29762794547254,16.97754958119165,43.221975914976106,45.864543217209324,75.15023581337347,59.019576498901685,87.69435276351356
2025-03-09 20:17:28.137667,710.0,552.0,347.0,2559.0,1479.0,421.0,66.22948132558845,81.51792907506133,59.69667612563825,40.29762794547254,16.97754958119165,43.221975914976106,45.864543217209324,75.15023581337347,59.019576498901685,87.69435276351356
2025-03-09 20:17:28.146000,709.0,547.0,354.0,2559.0,1479.0,421.0,66.40162378994627,81.64377807039276,60.04563349271297,40.41027759607774,17.03543355116341,43.359960670364075,45.68535311331031,75.23646035037352,59.13675401839008,87.97396208805455
2025-03-09 20:17:28.146000,702.0,543.0,351.0,2559.0,1485.0,432.0,66.40162378994627,81.64377807039276,60.04563349271297,40.41027759607774,17.03543355116341,43.359960670364075,45.68535311331031,75.23646035037352,59.13675401839008,87.97396208805455
2025-03-09 20:17:28.146000,701.0,545.0,339.0,2559.0,1486.0,432.0,66.40162378994627,81.64377807039276,60.04563349271297,40.41027759607774,17.03543355116341,43.359960670364075,45.68535311331031,75.23646035037352,59.13675401839008,87.97396208805455
2025-03-09 20:17:28.146000,704.0,541.0,341.0,2559.0,1487.0,433.0,66.40162378994627,81.64377807039276,60.04563349271297,40.41027759607774,17.03543355116341,43.359960670364075,45.68535311331031,75.23646035037352,59.13675401839008,87.97396208805455
2025-03-09 20:17:28.154333,696.0,541.0,335.0,2559.0,1486.0,434.0,66.57511444071666,81.77376135084349,60.39823367831192,40.511650237315195,17.091388662889603,43.48550482020633,45.51315996564373,75.33254735529775,59.2576193888264,88.25789715645183
2025-03-09 20:17:28.154333,699.0,546.0,339.0,2559.0,1487.0,434.0,66.57511444071666,81.77376135084349,60.39823367831192,40.511650237315195,17.091388662889603,43.48550482020633,45.51315996564373,75.33254735529775,59.2576193888264,88.25789715645183
2025-03-09 20:17:28.154333,698.0,548.0,338.0,2559.0,1483.0,439.0,66.57511444071666,81.77376135084349,60.39823367831192,40.511650237315195,17.091388662889603,43.48550482020633,45.51315996564373,75.33254735529775,59.2576193888264,88.25789715645183
2025-03-09 20:17:28.162667,697.0,535.0,336.0,2559.0,1488.0,437.0,66.75089921740864,81.90847443206641,60.75414557331001,40.604246366727025,17.146507890052813,43.60141933090964,45.348582737399575,75.43834108052326,59.38293469734002,88.54601619019428
2025-03-09 20:17:28.162667,693.0,542.0,346.0,2559.0,1488.0,435.0,66.75089921740864,81.90847443206641,60.75414557331001,40.604246366727025,17.146507890052813,43.60141933090964,45.348582737399575,75.43834108052326,59.38293469734002,88.54601619019428
2025-03-09 20:17:28.162667,684.0,538.0,336.0,2559.0,1500.0,448.0,66.75089921740864,81.90847443206641,60.75414557331001,40.604246366727025,17.146507890052813,43.60141933090964,45.348582737399575,75.43834108052326,59.38293469734002,88.54601619019428
2025-03-09 20:17:28.162667,686.0,537.0,339.0,2559.0,1502.0,448.0,66.75089921740864,81.90847443206641,60.75414557331001,40.604246366727025,17.146507890052813,43.60141933090964,45.348582737399575,75.43834108052326,59.38293469734002,88.54601619019428
2025-03-09 20:17:28.171000,681.0,541.0,339.0,2559.0,1505.0,447.0,66.92916479015118,82.04652470505027,61.11171477574298,40.6940127840969,17.20027712629928,43.71305273207416,45.1901712841836,75.55250264112863,59.514602506878006,88.83876119349458
2025-03-09 20:17:28.171000,679.0,533.0,336.0,2559.0,1505.0,448.0,66.92916479015118,82.04652470505027,61.11171477574298,40.6940127840969,17.20027712629928,43.71305273207416,45.1901712841836,75.55250264112863,59.514602506878006,88.83876119349458
2025-03-09 20:17:28.171000,679.0,534.0,346.0,2559.0,1505.0,448.0,66.92916479015118,82.04652470505027,61.11171477574298,40.6940127840969,17.20027712629928,43.71305273207416,45.1901712841836,75.55250264112863,59.514602506878006,88.83876119349458
2025-03-09 20:17:28.179333,677.0,533.0,343.0,2559.0,1505.0,449.0,67.10839428181912,82.18529570461001,61.47098289023352,40.783761080444805,17.251699933044456,43.82258723199975,45.03482678258338,75.67293437922298,59.653160632059105,89.13738549852853
2025-03-09 20:17:28.179333,674.0,532.0,342.0,2559.0,1507.0,448.0,67.10839428181912,82.18529570461001,61.47098289023352,40.783761080444805,17.251699933044456,43.82258723199975,45.03482678258338,75.67293437922298,59.653160632059105,89.13738549852853
2025-03-09 20:17:28.179333,662.0,533.0,343.0,2559.0,1522.0,459.0,67.10839428181912,82.18529570461001,61.47098289023352,40.783761080444805,17.251699933044456,43.82258723199975,45.03482678258338,75.67293437922298,59.653160632059105,89.13738549852853
2025-03-09 20:17:28.179333,662.0,528.0,340.0,2559.0,1523.0,463.0,67.10839428181912,82.18529570461001,61.47098289023352,40.783761080444805,17.251699933044456,43.82258723199975,45.03482678258338,75.67293437922298,59.653160632059105,89.13738549852853
2025-03-09 20:17:28.187667,658.0,533.0,340.0,2582.0,1526.0,459.0,67.2859786564127,82.32260420245375,61.835491039414784,40.87542944075906,17.299926355872657,43.93136283574348,44.87696745790224,75.79788950012511,59.800486339650185,89.44059475180197
2025-03-09 20:17:28.187667,661.0,529.0,342.0,2581.0,1526.0,466.0,67.2859786564127,82.32260420245375,61.835491039414784,40.87542944075906,17.299926355872657,43.93136283574348,44.87696745790224,75.79788950012511,59.800486339650185,89.44059475180197
2025-03-09 20:17:28.187667,660.0,528.0,346.0,2559.0,1527.0,464.0,67.2859786564127,82.32260420245375,61.835491039414784,40.87542944075906,17.299926355872657,43.93136283574348,44.87696745790224,75.79788950012511,59.800486339650185,89.44059475180197
2025-03-09 20:17:28.196000,658.0,528.0,346.0,2559.0,1531.0,464.0,67.45836550824686,82.45619145214432,62.208711039613775,40.97166175960512,17.34321422143218,44.040945429101946,44.710039396274766,75.92591637278501,59.959993656675955,89.7438102421517
2025-03-09 20:17:28.196000,656.0,532.0,340.0,2559.0,1530.0,464.0,67.45836550824686,82.45619145214432,62.208711039613775,40.97166175960512,17.34321422143218,44.040945429101946,44.710039396274766,75.92591637278501,59.959993656675955,89.7438102421517
2025-03-09 20:17:28.196000,656.0,529.0,339.0,2559.0,1531.0,467.0,67.45836550824686,82.45619145214432,62.208711039613775,40.97166175960512,17.34321422143218,44.040945429101946,44.710039396274766,75.92591637278501,59.959993656675955,89.7438102421517
2025-03-09 20:17:28.196000,647.0,528.0,343.0,2590.0,1535.0,478.0,67.45836550824686,82.45619145214432,62.208711039613775,40.97166175960512,17.34321422143218,44.040945429101946,44.710039396274766,75.92591637278501,59.959993656675955,89.7438102421517
2025-03-09 20:17:28.196000,645.0,528.0,345.0,2590.0,1535.0,479.0,67.45836550824686,82.45619145214432,62.208711039613775,40.97166175960512,17.34321422143218,44.040945429101946,44.710039396274766,75.92591637278501,59.959993656675955,89.7438102421517
2025-03-09 20:17:28.204333,644.0,528.0,347.0,2592.0,1535.0,481.0,67.62425507398981,82.5823732694883,62.59218677656285,41.07278154382189,17.380584726891726,44.15117619358254,44.53048422146541,76.05439101672421,60.13020096777328,90.04323287999148
2025-03-09 20:17:28.204333,640.0,528.0,338.0,2587.0,1535.0,481.0,67.62425507398981,82.5823732694883,62.59218677656285,41.07278154382189,17.380584726891726,44.15117619358254,44.53048422146541,76.05439101672421,60.13020096777328,90.04323287999148
2025-03-09 20:17:28.212667,643.0,528.0,337.0,2587.0,1535.0,481.0,67.78642819108998,82.69880671145687,62.987233054049774,41.17795624313606,17.413057808937893,44.26187097024085,44.33831900416196,76.18112902017572,60.30660841250093,90.3379864348118
2025-03-09 20:17:28.212667,643.0,528.0,341.0,2589.0,1558.0,480.0,67.78642819108998,82.69880671145687,62.987233054049774,41.17795624313606,17.413057808937893,44.26187097024085,44.33831900416196,76.18112902017572,60.30660841250093,90.3379864348118
2025-03-09 20:17:28.212667,645.0,528.0,339.0,2591.0,1561.0,485.0,67.78642819108998,82.69880671145687,62.987233054049774,41.17795624313606,17.413057808937893,44.26187097024085,44.33831900416196,76.18112902017572,60.30660841250093,90.3379864348118
2025-03-09 20:17:28.212667,635.0,523.0,338.0,2591.0,1582.0,496.0,67.78642819108998,82.69880671145687,62.987233054049774,41.17795624313606,17.413057808937893,44.26187097024085,44.33831900416196,76.18112902017572,60.30660841250093,90.3379864348118
2025-03-09 20:17:28.221000,635.0,528.0,341.0,2592.0,1584.0,496.0,67.94659375644645,82.80438401746949,63.39553210220666,41.28503330932046,17.441740784959865,44.371845540388115,44.133321191155915,76.30395860102922,60.485489329315705,90.62816457111263
2025-03-09 20:17:28.221000,634.0,511.0,336.0,2592.0,1584.0,498.0,67.94659375644645,82.80438401746949,63.39553210220666,41.28503330932046,17.441740784959865,44.371845540388115,44.133321191155915,76.30395860102922,60.485489329315705,90.62816457111263
2025-03-09 20:17:28.221000,631.0,528.0,339.0,2594.0,1586.0,497.0,67.94659375644645,82.80438401746949,63.39553210220666,41.28503330932046,17.441740784959865,44.371845540388115,44.133321191155915,76.30395860102922,60.485489329315705,90.62816457111263
2025-03-09 20:17:28.221000,636.0,511.0,337.0,2592.0,1590.0,496.0,67.94659375644645,82.80438401746949,63.39553210220666,41.28503330932046,17.441740784959865,44.371845540388115,44.133321191155915,76.30395860102922,60.485489329315705,90.62816457111263
2025-03-09 20:17:28.221000,627.0,524.0,340.0,2594.0,1586.0,500.0,67.94659375644645,82.80438401746949,63.39553210220666,41.28503330932046,17.441740784959865,44.371845540388115,44.133321191155915,76.30395860102922,60.485489329315705,90.62816457111263
2025-03-09 20:17:28.229333,628.0,527.0,339.0,2595.0,1593.0,498.0,68.10588612926568,82.89739713539804,63.816023749325694,41.39177814081809,17.468493557668285,44.48028800502719,43.91688149994262,76.4190072701211,60.66126109479538,90.91405599319992
2025-03-09 20:17:28.229333,635.0,526.0,336.0,2591.0,1590.0,501.0,68.10588612926568,82.89739713539804,63.816023749325694,41.39177814081809,17.468493557668285,44.48028800502719,43.91688149994262,76.4190072701211,60.66126109479538,90.91405599319992
2025-03-09 20:17:28.237667,624.0,528.0,336.0,2598.0,1613.0,511.0,68.26787482488389,82.97624147466748,64.23936940781549,41.49888586791565,17.497005256221996,44.58988142799755,43.69742936941076,76.52165511761093,60.82515560773242,91.1976202963431
2025-03-09 20:17:28.237667,624.0,511.0,341.0,2599.0,1611.0,511.0,68.26787482488389,82.97624147466748,64.23936940781549,41.49888586791565,17.497005256221996,44.58988142799755,43.69742936941076,76.52165511761093,60.82515560773242,91.1976202963431
2025-03-09 20:17:28.237667,624.0,523.0,338.0,2602.0,1613.0,525.0,68.26787482488389,82.97624147466748,64.23936940781549,41.49888586791565,17.497005256221996,44.58988142799755,43.69742936941076,76.52165511761093,60.82515560773242,91.1976202963431
2025-03-09 20:17:28.237667,624.0,511.0,337.0,2596.0,1612.0,524.0,68.26787482488389,82.97624147466748,64.23936940781549,41.49888586791565,17.497005256221996,44.58988142799755,43.69742936941076,76.52165511761093,60.82515560773242,91.1976202963431
2025-03-09 20:17:28.246000,622.0,511.0,339.0,2599.0,1614.0,528.0,68.43541321997013,83.04207129780119,64.65638933380471,41.60741609462843,17.529559460231088,44.70325776475909,43.48247435030216,76.60947156377273,60.97198824353203,91.48288097349007
2025-03-09 20:17:28.246000,622.0,511.0,336.0,2599.0,1614.0,528.0,68.43541321997013,83.04207129780119,64.65638933380471,41.60741609462843,17.529559460231088,44.70325776475909,43.48247435030216,76.60947156377273,60.97198824353203,91.48288097349007
2025-03-09 20:17:28.246000,624.0,511.0,337.0,2597.0,1616.0,529.0,68.43541321997013,83.04207129780119,64.65638933380471,41.60741609462843,17.529559460231088,44.70325776475909,43.48247435030216,76.60947156377273,60.97198824353203,91.48288097349007
2025-03-09 20:17:28.246000,608.0,511.0,341.0,2604.0,1634.0,544.0,68.43541321997013,83.04207129780119,64.65638933380471,41.60741609462843,17.529559460231088,44.70325776475909,43.48247435030216,76.60947156377273,60.97198824353203,91.48288097349007
2025-03-09 20:17:28.254333,608.0,511.0,337.0,2602.0,1635.0,542.0,68.60659471583999,83.09658780149388,65.0654376746366,41.7160347380523,17.565888561057697,44.819727848057845,43.27150708203116,76.68105398368142,61.10179637235245,91.77366500825781
2025-03-09 20:17:28.254333,607.0,511.0,336.0,2603.0,1639.0,543.0,68.60659471583999,83.09658780149388,65.0654376746366,41.7160347380523,17.565888561057697,44.819727848057845,43.27150708203116,76.68105398368142,61.10179637235245,91.77366500825781
2025-03-09 20:17:28.254333,606.0,525.0,343.0,2607.0,1642.0,550.0,68.60659471583999,83.09658780149388,65.0654376746366,41.7160347380523,17.565888561057697,44.819727848057845,43.27150708203116,76.68105398368142,61.10179637235245,91.77366500825781
2025-03-09 20:17:28.254333,605.0,511.0,338.0,2607.0,1639.0,550.0,68.60659471583999,83.09658780149388,65.0654376746366,41.7160347380523,17.565888561057697,44.819727848057845,43.27150708203116,76.68105398368142,61.10179637235245,91.77366500825781
2025-03-09 20:17:28.262667,599.0,511.0,335.0,2605.0,1643.0,549.0,68.77678453443467,83.13989890372021,65.46702613032814,41.82252021076526,17.604975958733732,44.936999562395386,43.0616481830634,76.73510214053213,61.21582358953042,92.07226150705297
2025-03-09 20:17:28.262667,606.0,528.0,336.0,2601.0,1645.0,549.0,68.77678453443467,83.13989890372021,65.46702613032814,41.82252021076526,17.604975958733732,44.936999562395386,43.0616481830634,76.73510214053213,61.21582358953042,92.07226150705297
2025-03-09 20:17:28.262667,598.0,511.0,346.0,2605.0,1642.0,553.0,68.77678453443467,83.13989890372021,65.46702613032814,41.82252021076526,17.604975958733732,44.936999562395386,43.0616481830634,76.73510214053213,61.21582358953042,92.07226150705297
2025-03-09 20:17:28.271000,590.0,511.0,340.0,2608.0,1657.0,569.0,68.95220610883351,83.17120047076725,65.85844720417847,41.928037775173394,17.647034620349203,45.05598608888189,42.858811291100054,76.77352652355123,61.311044691714315,92.38998510805311
2025-03-09 20:17:28.271000,591.0,511.0,339.0,2608.0,1659.0,572.0,68.95220610883351,83.17120047076725,65.85844720417847,41.928037775173394,17.647034620349203,45.05598608888189,42.858811291100054,76.77352652355123,61.311044691714315,92.38998510805311
2025-03-09 20:17:28.271000,589.0,511.0,336.0,2607.0,1663.0,568.0,68.95220610883351,83.17120047076725,65.85844720417847,41.928037775173394,17.647034620349203,45.05598608888189,42.858811291100054,76.77352652355123,61.311044691714315,92.38998510805311
2025-03-09 20:17:28.271000,586.0,511.0,336.0,2605.0,1659.0,574.0,68.95220610883351,83.17120047076725,65.85844720417847,41.928037775173394,17.647034620349203,45.05598608888189,42.858811291100054,76.77352652355123,61.311044691714315,92.38998510805311
2025-03-09 20:17:28.279333,588.0,510.0,336.0,2595.0,1659.0,575.0,69.14491093384078,83.18583154329026,66.23189074844598,42.033394417040064,17.692363890252704,45.17698205241733,42.67629912670771,76.79797235440654,61.37784542526296,92.7421489126282
2025-03-09 20:17:28.279333,587.0,509.0,339.0,2608.0,1662.0,577.0,69.14491093384078,83.18583154329026,66.23189074844598,42.033394417040064,17.692363890252704,45.17698205241733,42.67629912670771,76.79797235440654,61.37784542526296,92.7421489126282
2025-03-09 20:17:28.279333,587.0,511.0,336.0,2608.0,1663.0,576.0,69.14491093384078,83.18583154329026,66.23189074844598,42.033394417040064,17.692363890252704,45.17698205241733,42.67629912670771,76.79797235440654,61.37784542526296,92.7421489126282
2025-03-09 20:17:28.279333,576.0,507.0,338.0,2610.0,1679.0,590.0,69.14491093384078,83.18583154329026,66.23189074844598,42.033394417040064,17.692363890252704,45.17698205241733,42.67629912670771,76.79797235440654,61.37784542526296,92.7421489126282
2025-03-09 20:17:28.287667,575.0,511.0,336.0,2608.0,1680.0,591.0,69.3511417081512,83.17486565259206,66.57680558560376,42.13533816168222,17.741119843404302,45.296902441576385,42.51908969518729,76.80036467345796,61.404870078989624,93.12101785595688
2025-03-09 20:17:28.287667,571.0,508.0,339.0,2613.0,1681.0,592.0,69.3511417081512,83.17486565259206,66.57680558560376,42.13533816168222,17.741119843404302,45.296902441576385,42.51908969518729,76.80036467345796,61.404870078989624,93.12101785595688
2025-03-09 20:17:28.296000,572.0,511.0,336.0,2611.0,1685.0,593.0,69.5563167915799,83.12576123007736,66.88405663047837,42.23332011649965,17.793461108548115,45.41451231619912,42.38365875566658,76.76843750870528,61.384154948601896,93.50376591303485
2025-03-09 20:17:28.296000,573.0,511.0,336.0,2612.0,1682.0,592.0,69.5563167915799,83.12576123007736,66.88405663047837,42.23332011649965,17.793461108548115,45.41451231619912,42.38365875566658,76.76843750870528,61.384154948601896,93.50376591303485
2025-03-09 20:17:28.296000,573.0,510.0,338.0,2610.0,1687.0,594.0,69.5563167915799,83.12576123007736,66.88405663047837,42.23332011649965,17.793461108548115,45.41451231619912,42.38365875566658,76.76843750870528,61.384154948601896,93.50376591303485
2025-03-09 20:17:28.296000,569.0,507.0,336.0,2613.0,1689.0,595.0,69.5563167915799,83.12576123007736,66.88405663047837,42.23332011649965,17.793461108548115,45.41451231619912,42.38365875566658,76.76843750870528,61.384154948601896,93.50376591303485
2025-03-09 20:17:28.304333,575.0,511.0,341.0,2609.0,1691.0,597.0,69.750879720897,83.0287321865311,67.14715418492392,42.32847743932228,17.849049197519147,45.52932799952455,42.268913862868246,76.69626971756345,61.31153297085022,93.87544010068503
2025-03-09 20:17:28.304333,560.0,506.0,336.0,2614.0,1697.0,613.0,69.750879720897,83.0287321865311,67.14715418492392,42.32847743932228,17.849049197519147,45.52932799952455,42.268913862868246,76.69626971756345,61.31153297085022,93.87544010068503
2025-03-09 20:17:28.304333,559.0,511.0,341.0,2611.0,1701.0,617.0,69.750879720897,83.0287321865311,67.14715418492392,42.32847743932228,17.849049197519147,45.52932799952455,42.268913862868246,76.69626971756345,61.31153297085022,93.87544010068503
2025-03-09 20:17:28.304333,554.0,511.0,339.0,2611.0,1701.0,619.0,69.750879720897,83.0287321865311,67.14715418492392,42.32847743932228,17.849049197519147,45.52932799952455,42.268913862868246,76.69626971756345,61.31153297085022,93.87544010068503
2025-03-09 20:17:28.312667,554.0,510.0,341.0,2614.0,1702.0,620.0,69.93108182989074,82.88140158228234,67.35827705742132,42.41927202489163,17.906094099170517,45.63924615766327,42.17695659786629,76.58170995873117,61.183619215075566,94.22922675328556
2025-03-09 20:17:28.312667,554.0,506.0,338.0,2617.0,1702.0,622.0,69.93108182989074,82.88140158228234,67.35827705742132,42.41927202489163,17.906094099170517,45.63924615766327,42.17695659786629,76.58170995873117,61.183619215075566,94.22922675328556
2025-03-09 20:17:28.312667,554.0,511.0,337.0,2617.0,1705.0,624.0,69.93108182989074,82.88140158228234,67.35827705742132,42.41927202489163,17.906094099170517,45.63924615766327,42.17695659786629,76.58170995873117,61.183619215075566,94.22922675328556
2025-03-09 20:17:28.312667,551.0,510.0,334.0,2618.0,1706.0,624.0,69.93108182989074,82.88140158228234,67.35827705742132,42.41927202489163,17.906094099170517,45.63924615766327,42.17695659786629,76.58170995873117,61.183619215075566,94.22922675328556
2025-03-09 20:17:28.321000,542.0,503.0,336.0,2613.0,1715.0,643.0,70.09390913617676,82.68586949586785,67.51274372968336,42.5045251677156,17.96141637954033,45.74207786442024,42.108060270945415,76.42683230903836,61.00259236056595,94.56199091551225
2025-03-09 20:17:28.321000,542.0,511.0,336.0,2615.0,1714.0,643.0,70.09390913617676,82.68586949586785,67.51274372968336,42.5045251677156,17.96141637954033,45.74207786442024,42.108060270945415,76.42683230903836,61.00259236056595,94.56199091551225
2025-03-09 20:17:28.321000,540.0,502.0,337.0,2614.0,1718.0,642.0,70.09390913617676,82.68586949586785,67.51274372968336,42.5045251677156,17.96141637954033,45.74207786442024,42.108060270945415,76.42683230903836,61.00259236056595,94.56199091551225
2025-03-09 20:17:28.329333,537.0,507.0,339.0,2611.0,1718.0,647.0,70.24180748079964,82.4530912159644,67.6174577586305,42.58654122297456,18.018524645655848,45.84149015641735,42.06158623009588,76.23933630903976,60.77708254693781,94.87428221180055
2025-03-09 20:17:28.329333,535.0,510.0,338.0,2614.0,1719.0,650.0,70.24180748079964,82.4530912159644,67.6174577586305,42.58654122297456,18.018524645655848,45.84149015641735,42.06158623009588,76.23933630903976,60.77708254693781,94.87428221180055
2025-03-09 20:17:28.329333,534.0,509.0,336.0,2615.0,1721.0,649.0,70.24180748079964,82.4530912159644,67.6174577586305,42.58654122297456,18.018524645655848,45.84149015641735,42.06158623009588,76.23933630903976,60.77708254693781,94.87428221180055
2025-03-09 20:17:28.329333,531.0,497.0,336.0,2614.0,1718.0,655.0,70.24180748079964,82.4530912159644,67.6174577586305,42.58654122297456,18.018524645655848,45.84149015641735,42.06158623009588,76.23933630903976,60.77708254693781,94.87428221180055
2025-03-09 20:17:28.337667,537.0,511.0,338.0,2611.0,1722.0,654.0,70.37778276136892,82.19588889988565,67.6776068398411,42.66534636837905,18.079617871031395,45.93920641970728,42.03760159481279,76.0270708312332,60.51512224725505,95.1682393247421
2025-03-09 20:17:28.337667,526.0,510.0,341.0,2619.0,1731.0,675.0,70.37778276136892,82.19588889988565,67.6776068398411,42.66534636837905,18.079617871031395,45.93920641970728,42.03760159481279,76.0270708312332,60.51512224725505,95.1682393247421
2025-03-09 20:17:28.337667,525.0,506.0,336.0,2617.0,1732.0,682.0,70.37778276136892,82.19588889988565,67.6776068398411,42.66534636837905,18.079617871031395,45.93920641970728,42.03760159481279,76.0270708312332,60.51512224725505,95.1682393247421
2025-03-09 20:17:28.346000,523.0,507.0,339.0,2614.0,1730.0,678.0,70.49463186661623,81.91640301334574,67.68438410779781,42.735579304085164,18.13311319085978,46.026239278081434,42.03336312811077,75.79387914271118,60.222433708521045,95.44329646881219
2025-03-09 20:17:28.346000,524.0,503.0,336.0,2618.0,1735.0,683.0,70.49463186661623,81.91640301334574,67.68438410779781,42.735579304085164,18.13311319085978,46.026239278081434,42.03336312811077,75.79387914271118,60.222433708521045,95.44329646881219
2025-03-09 20:17:28.346000,511.0,505.0,336.0,2619.0,1739.0,687.0,70.49463186661623,81.91640301334574,67.68438410779781,42.735579304085164,18.13311319085978,46.026239278081434,42.03336312811077,75.79387914271118,60.222433708521045,95.44329646881219
2025-03-09 20:17:28.346000,511.0,505.0,336.0,2621.0,1738.0,688.0,70.49463186661623,81.91640301334574,67.68438410779781,42.735579304085164,18.13311319085978,46.026239278081434,42.03336312811077,75.79387914271118,60.222433708521045,95.44329646881219
2025-03-09 20:17:28.354333,511.0,510.0,336.0,2618.0,1739.0,688.0,70.585320903015,81.61423477128717,67.6324968777761,42.79587832710368,18.17118170376328,46.09832085980392,42.04395113313428,75.5408777987616,59.90353744927394,95.69571748798778
2025-03-09 20:17:28.354333,510.0,503.0,329.0,2619.0,1750.0,703.0,70.585320903015,81.61423477128717,67.6324968777761,42.79587832710368,18.17118170376328,46.09832085980392,42.04395113313428,75.5408777987616,59.90353744927394,95.69571748798778
2025-03-09 20:17:28.354333,510.0,508.0,336.0,2619.0,1749.0,705.0,70.585320903015,81.61423477128717,67.6324968777761,42.79587832710368,18.17118170376328,46.09832085980392,42.04395113313428,75.5408777987616,59.90353744927394,95.69571748798778
2025-03-09 20:17:28.362667,501.0,505.0,336.0,2619.0,1749.0,705.0,70.64747564916931,81.2916343986554,67.52649849244942,42.848879170272326,18.193575796932027,46.15763862808874,42.06361270994129,75.26968638924603,59.56391567878232,95.92037864185521
2025-03-09 20:17:28.362667,506.0,509.0,337.0,2615.0,1748.0,705.0,70.64747564916931,81.2916343986554,67.52649849244942,42.848879170272326,18.193575796932027,46.15763862808874,42.06361270994129,75.26968638924603,59.56391567878232,95.92037864185521
2025-03-09 20:17:28.362667,500.0,498.0,333.0,2624.0,1747.0,706.0,70.64747564916931,81.2916343986554,67.52649849244942,42.848879170272326,18.193575796932027,46.15763862808874,42.06361270994129,75.26968638924603,59.56391567878232,95.92037864185521
2025-03-09 20:17:28.362667,501.0,509.0,335.0,2623.0,1750.0,709.0,70.64747564916931,81.2916343986554,67.52649849244942,42.848879170272326,18.193575796932027,46.15763862808874,42.06361270994129,75.26968638924603,59.56391567878232,95.92037864185521
2025-03-09 20:17:28.371000,501.0,503.0,336.0,2622.0,1748.0,710.0,70.67740454245603,80.95071660564044,67.36805622307705,42.89364667633538,18.199332890549304,46.20250405341806,42.08989556892332,74.98315031078016,59.208127438179616,96.11189558656429
2025-03-09 20:17:28.371000,498.0,510.0,337.0,2618.0,1750.0,710.0,70.67740454245603,80.95071660564044,67.36805622307705,42.89364667633538,18.199332890549304,46.20250405341806,42.08989556892332,74.98315031078016,59.208127438179616,96.11189558656429
2025-03-09 20:17:28.371000,493.0,505.0,338.0,2618.0,1757.0,721.0,70.67740454245603,80.95071660564044,67.36805622307705,42.89364667633538,18.199332890549304,46.20250405341806,42.08989556892332,74.98315031078016,59.208127438179616,96.11189558656429
2025-03-09 20:17:28.371000,496.0,503.0,336.0,2619.0,1755.0,722.0,70.67740454245603,80.95071660564044,67.36805622307705,42.89364667633538,18.199332890549304,46.20250405341806,42.08989556892332,74.98315031078016,59.208127438179616,96.11189558656429
2025-03-09 20:17:28.379333,496.0,498.0,339.0,2621.0,1758.0,723.0,70.67139818711229,80.59374644123174,67.15585748444103,42.92807908277102,18.187598742077963,46.229956810572666,42.12370284753169,74.68524854081096,58.83990277907458,96.26603519013109
2025-03-09 20:17:28.379333,495.0,499.0,336.0,2621.0,1758.0,723.0,70.67139818711229,80.59374644123174,67.15585748444103,42.92807908277102,18.187598742077963,46.229956810572666,42.12370284753169,74.68524854081096,58.83990277907458,96.26603519013109
2025-03-09 20:17:28.379333,494.0,501.0,336.0,2619.0,1761.0,727.0,70.67139818711229,80.59374644123174,67.15585748444103,42.92807908277102,18.187598742077963,46.229956810572666,42.12370284753169,74.68524854081096,58.83990277907458,96.26603519013109
2025-03-09 20:17:28.387667,496.0,507.0,336.0,2620.0,1761.0,727.0,70.63278033515894,80.22784286813965,66.89950938652548,42.950665794968934,18.15905543236896,46.23795536583019,42.1658528847234,74.38633228293514,58.46892974902102,96.38472251898024
2025-03-09 20:17:28.387667,493.0,506.0,338.0,2608.0,1760.0,726.0,70.63278033515894,80.22784286813965,66.89950938652548,42.950665794968934,18.15905543236896,46.23795536583019,42.1658528847234,74.38633228293514,58.46892974902102,96.38472251898024
2025-03-09 20:17:28.387667,494.0,503.0,335.0,2622.0,1761.0,727.0,70.63278033515894,80.22784286813965,66.89950938652548,42.950665794968934,18.15905543236896,46.23795536583019,42.1658528847234,74.38633228293514,58.46892974902102,96.38472251898024
2025-03-09 20:17:28.387667,482.0,503.0,335.0,2613.0,1759.0,733.0,70.63278033515894,80.22784286813965,66.89950938652548,42.950665794968934,18.15905543236896,46.23795536583019,42.1658528847234,74.38633228293514,58.46892974902102,96.38472251898024
2025-03-09 20:17:28.396000,491.0,505.0,339.0,2614.0,1757.0,738.0,70.57231514754568,79.86514059023261,66.61953918278718,42.9613144892726,18.1146810446527,46.22605012465318,42.2153759501653,74.10228413863369,58.11124628872699,96.47621146486075
2025-03-09 20:17:28.396000,484.0,503.0,336.0,2617.0,1759.0,737.0,70.57231514754568,79.86514059023261,66.61953918278718,42.9613144892726,18.1146810446527,46.22605012465318,42.2153759501653,74.10228413863369,58.11124628872699,96.47621146486075
2025-03-09 20:17:28.396000,486.0,505.0,336.0,2619.0,1757.0,736.0,70.57231514754568,79.86514059023261,66.61953918278718,42.9613144892726,18.1146810446527,46.22605012465318,42.2153759501653,74.10228413863369,58.11124628872699,96.47621146486075
2025-03-09 20:17:28.404333,483.0,500.0,331.0,2618.0,1755.0,738.0,70.49704324443204,79.51465088750973,66.32943602846647,42.96071525657852,18.05609544978836,46.19528516418057,42.271181440214136,73.84284835847949,57.777412643859314,96.54629993756107
2025-03-09 20:17:28.404333,486.0,503.0,336.0,2615.0,1757.0,738.0,70.49704324443204,79.51465088750973,66.32943602846647,42.96071525657852,18.05609544978836,46.19528516418057,42.271181440214136,73.84284835847949,57.777412643859314,96.54629993756107
2025-03-09 20:17:28.404333,483.0,502.0,336.0,2618.0,1755.0,733.0,70.49704324443204,79.51465088750973,66.32943602846647,42.96071525657852,18.05609544978836,46.19528516418057,42.271181440214136,73.84284835847949,57.777412643859314,96.54629993756107
2025-03-09 20:17:28.404333,482.0,501.0,336.0,2618.0,1744.0,732.0,70.49704324443204,79.51465088750973,66.32943602846647,42.96071525657852,18.05609544978836,46.19528516418057,42.271181440214136,73.84284835847949,57.777412643859314,96.54629993756107
2025-03-09 20:17:28.412667,480.0,503.0,336.0,2621.0,1747.0,727.0,70.40929015332426,79.18132758063247,66.03139992692047,42.95051333623109,17.984249845713727,46.14782349792742,42.33338002562927,73.61133046300726,57.471482637589254,96.5963748679279
2025-03-09 20:17:28.412667,478.0,502.0,335.0,2613.0,1744.0,727.0,70.40929015332426,79.18132758063247,66.03139992692047,42.95051333623109,17.984249845713727,46.14782349792742,42.33338002562927,73.61133046300726,57.471482637589254,96.5963748679279
2025-03-09 20:17:28.412667,482.0,496.0,334.0,2617.0,1747.0,731.0,70.40929015332426,79.18132758063247,66.03139992692047,42.95051333623109,17.984249845713727,46.14782349792742,42.33338002562927,73.61133046300726,57.471482637589254,96.5963748679279
2025-03-09 20:17:28.421000,480.0,500.0,341.0,2621.0,1745.0,726.0,70.3130296893409,78.86889159237131,65.72520673884696,42.93413459808895,17.900065154502077,46.08793741826771,42.40255686658151,73.4086947887929,57.19470623122213,96.62834425871314
2025-03-09 20:17:28.421000,485.0,496.0,335.0,2617.0,1744.0,727.0,70.3130296893409,78.86889159237131,65.72520673884696,42.93413459808895,17.900065154502077,46.08793741826771,42.40255686658151,73.4086947887929,57.19470623122213,96.62834425871314
2025-03-09 20:17:28.421000,481.0,502.0,336.0,2618.0,1743.0,727.0,70.3130296893409,78.86889159237131,65.72520673884696,42.93413459808895,17.900065154502077,46.08793741826771,42.40255686658151,73.4086947887929,57.19470623122213,96.62834425871314
2025-03-09 20:17:28.421000,481.0,498.0,336.0,2609.0,1744.0,723.0,70.3130296893409,78.86889159237131,65.72520673884696,42.93413459808895,17.900065154502077,46.08793741826771,42.40255686658151,73.4086947887929,57.19470623122213,96.62834425871314
2025-03-09 20:17:28.429333,482.0,499.0,339.0,2621.0,1738.0,717.0,70.21326215490076,78.5801360206121,65.41477186027667,42.915636044832944,17.80710263665728,46.021773294864595,42.477322880073956,73.23319315413285,56.94639471069705,96.64527493646784
2025-03-09 20:17:28.429333,475.0,501.0,330.0,2614.0,1733.0,719.0,70.21326215490076,78.5801360206121,65.41477186027667,42.915636044832944,17.80710263665728,46.021773294864595,42.477322880073956,73.23319315413285,56.94639471069705,96.64527493646784
2025-03-09 20:17:28.429333,479.0,501.0,336.0,2621.0,1731.0,718.0,70.21326215490076,78.5801360206121,65.41477186027667,42.915636044832944,17.80710263665728,46.021773294864595,42.477322880073956,73.23319315413285,56.94639471069705,96.64527493646784
2025-03-09 20:17:28.429333,476.0,496.0,331.0,2615.0,1732.0,722.0,70.21326215490076,78.5801360206121,65.41477186027667,42.915636044832944,17.80710263665728,46.021773294864595,42.477322880073956,73.23319315413285,56.94639471069705,96.64527493646784
2025-03-09 20:17:28.437667,477.0,497.0,336.0,2615.0,1735.0,716.0,70.11459851967518,78.31624462709964,65.10724061410404,42.89872461966671,17.71120676178387,45.95602745248062,42.55473451025337,73.08055353583089,56.723851306438156,96.65015770131266
2025-03-09 20:17:28.437667,476.0,498.0,335.0,2614.0,1732.0,717.0,70.11459851967518,78.31624462709964,65.10724061410404,42.89872461966671,17.71120676178387,45.95602745248062,42.55473451025337,73.08055353583089,56.723851306438156,96.65015770131266
2025-03-09 20:17:28.437667,476.0,498.0,329.0,2616.0,1733.0,714.0,70.11459851967518,78.31624462709964,65.10724061410404,42.89872461966671,17.71120676178387,45.95602745248062,42.55473451025337,73.08055353583089,56.723851306438156,96.65015770131266
2025-03-09 20:17:28.446000,475.0,496.0,327.0,2615.0,1719.0,704.0,70.02060347425082,78.07603645693096,64.80840111213044,42.88529093806348,17.618082359684443,45.895299669601606,42.63319893606446,72.94566945538601,56.52212593110081,96.64513083872598
2025-03-09 20:17:28.446000,469.0,497.0,338.0,2618.0,1719.0,706.0,70.02060347425082,78.07603645693096,64.80840111213044,42.88529093806348,17.618082359684443,45.895299669601606,42.63319893606446,72.94566945538601,56.52212593110081,96.64513083872598
2025-03-09 20:17:28.446000,471.0,497.0,332.0,2615.0,1714.0,702.0,70.02060347425082,78.07603645693096,64.80840111213044,42.88529093806348,17.618082359684443,45.895299669601606,42.63319893606446,72.94566945538601,56.52212593110081,96.64513083872598
2025-03-09 20:17:28.446000,474.0,498.0,336.0,2617.0,1712.0,699.0,70.02060347425082,78.07603645693096,64.80840111213044,42.88529093806348,17.618082359684443,45.895299669601606,42.63319893606446,72.94566945538601,56.52212593110081,96.64513083872598
2025-03-09 20:17:28.454333,479.0,503.0,329.0,2615.0,1715.0,698.0,69.9338483602927,77.85830485129966,64.52324473893773,42.87593852050586,17.53105489892066,45.84186392648911,42.710981965160784,72.82499052997866,56.33793100908266,96.63219517380396
2025-03-09 20:17:28.454333,467.0,496.0,336.0,2619.0,1712.0,698.0,69.9338483602927,77.85830485129966,64.52324473893773,42.87593852050586,17.53105489892066,45.84186392648911,42.710981965160784,72.82499052997866,56.33793100908266,96.63219517380396
2025-03-09 20:17:28.454333,471.0,496.0,336.0,2619.0,1711.0,698.0,69.9338483602927,77.85830485129966,64.52324473893773,42.87593852050586,17.53105489892066,45.84186392648911,42.710981965160784,72.82499052997866,56.33793100908266,96.63219517380396
2025-03-09 20:17:28.462667,477.0,499.0,333.0,2621.0,1713.0,697.0,69.85729985268934,77.6619556819518,64.25741484395901,42.871392391034554,17.450969019008973,45.797072305146905,42.78520038337914,72.71654553291238,56.17027198683655,96.61455232772887
2025-03-09 20:17:28.462667,467.0,497.0,336.0,2615.0,1701.0,685.0,69.85729985268934,77.6619556819518,64.25741484395901,42.871392391034554,17.450969019008973,45.797072305146905,42.78520038337914,72.71654553291238,56.17027198683655,96.61455232772887
2025-03-09 20:17:28.462667,464.0,491.0,341.0,2614.0,1701.0,682.0,69.85729985268934,77.6619556819518,64.25741484395901,42.871392391034554,17.450969019008973,45.797072305146905,42.78520038337914,72.71654553291238,56.17027198683655,96.61455232772887
2025-03-09 20:17:28.462667,466.0,493.0,338.0,2618.0,1699.0,677.0,69.85729985268934,77.6619556819518,64.25741484395901,42.871392391034554,17.450969019008973,45.797072305146905,42.78520038337914,72.71654553291238,56.17027198683655,96.61455232772887
2025-03-09 20:17:28.471000,467.0,496.0,336.0,2615.0,1700.0,675.0,69.79403770258935,77.48521918165925,64.01659526968692,42.873611472086964,17.37909988358056,45.7635230202893,42.852617423586764,72.61777255675666,56.01781099673784,96.59595542623332
2025-03-09 20:17:28.471000,467.0,496.0,336.0,2614.0,1698.0,675.0,69.79403770258935,77.48521918165925,64.01659526968692,42.873611472086964,17.37909988358056,45.7635230202893,42.852617423586764,72.61777255675666,56.01781099673784,96.59595542623332
2025-03-09 20:17:28.471000,466.0,493.0,342.0,2615.0,1698.0,675.0,69.79403770258935,77.48521918165925,64.01659526968692,42.873611472086964,17.37909988358056,45.7635230202893,42.852617423586764,72.61777255675666,56.01781099673784,96.59595542623332
2025-03-09 20:17:28.479333,466.0,496.0,336.0,2614.0,1699.0,674.0,69.74608447012592,77.32606780175118,63.80253655610994,42.88343707358617,17.318485536429034,45.74346491815405,42.91310790501624,72.5248590950194,55.87589692070969,96.5796981477848
2025-03-09 20:17:28.479333,465.0,492.0,337.0,2617.0,1691.0,656.0,69.74608447012592,77.32606780175118,63.80253655610994,42.88343707358617,17.318485536429034,45.74346491815405,42.91310790501624,72.5248590950194,55.87589692070969,96.5796981477848
2025-03-09 20:17:28.479333,462.0,496.0,339.0,2610.0,1694.0,656.0,69.74608447012592,77.32606780175118,63.80253655610994,42.88343707358617,17.318485536429034,45.74346491815405,42.91310790501624,72.5248590950194,55.87589692070969,96.5796981477848
2025-03-09 20:17:28.479333,465.0,493.0,339.0,2615.0,1689.0,655.0,69.74608447012592,77.32606780175118,63.80253655610994,42.88343707358617,17.318485536429034,45.74346491815405,42.91310790501624,72.5248590950194,55.87589692070969,96.5796981477848
2025-03-09 20:17:28.487667,464.0,491.0,336.0,2618.0,1690.0,652.0,69.71343982312806,77.18201715783407,63.612521595792224,42.89770394652233,17.27275424965465,45.735719235978,42.96992557124836,72.43280520636453,55.73604164168517,96.56788095729098
2025-03-09 20:17:28.487667,464.0,496.0,336.0,2613.0,1687.0,653.0,69.71343982312806,77.18201715783407,63.612521595792224,42.89770394652233,17.27275424965465,45.735719235978,42.96992557124836,72.43280520636453,55.73604164168517,96.56788095729098
2025-03-09 20:17:28.487667,460.0,497.0,332.0,2615.0,1685.0,647.0,69.71343982312806,77.18201715783407,63.612521595792224,42.89770394652233,17.27275424965465,45.735719235978,42.96992557124836,72.43280520636453,55.73604164168517,96.56788095729098
2025-03-09 20:17:28.496000,464.0,494.0,336.0,2614.0,1686.0,646.0,69.69500630205295,77.05085437177617,63.43981319807049,42.914511193635285,17.243817587685534,45.739745687970036,43.02672016666048,72.3368612714198,55.59051724923628,96.56181996309671
2025-03-09 20:17:28.496000,464.0,494.0,337.0,2610.0,1685.0,649.0,69.69500630205295,77.05085437177617,63.43981319807049,42.914511193635285,17.243817587685534,45.739745687970036,43.02672016666048,72.3368612714198,55.59051724923628,96.56181996309671
2025-03-09 20:17:28.496000,464.0,493.0,339.0,2610.0,1679.0,639.0,69.69500630205295,77.05085437177617,63.43981319807049,42.914511193635285,17.243817587685534,45.739745687970036,43.02672016666048,72.3368612714198,55.59051724923628,96.56181996309671
2025-03-09 20:17:28.496000,464.0,494.0,343.0,2611.0,1675.0,631.0,69.69500630205295,77.05085437177617,63.43981319807049,42.914511193635285,17.243817587685534,45.739745687970036,43.02672016666048,72.3368612714198,55.59051724923628,96.56181996309671
2025-03-09 20:17:28.504333,464.0,492.0,336.0,2614.0,1676.0,632.0,69.6893524116219,76.93022277376203,63.277631848819055,42.933844098358556,17.23121182959499,45.75530167199739,43.086441770295906,72.23507946523475,55.43552468667821,96.56263615533913
2025-03-09 20:17:28.504333,465.0,493.0,335.0,2612.0,1674.0,633.0,69.6893524116219,76.93022277376203,63.277631848819055,42.933844098358556,17.23121182959499,45.75530167199739,43.086441770295906,72.23507946523475,55.43552468667821,96.56263615533913
2025-03-09 20:17:28.504333,463.0,492.0,333.0,2614.0,1669.0,627.0,69.6893524116219,76.93022277376203,63.277631848819055,42.933844098358556,17.23121182959499,45.75530167199739,43.086441770295906,72.23507946523475,55.43552468667821,96.56263615533913
2025-03-09 20:17:28.504333,464.0,494.0,337.0,2613.0,1673.0,625.0,69.6893524116219,76.93022277376203,63.277631848819055,42.933844098358556,17.23121182959499,45.75530167199739,43.086441770295906,72.23507946523475,55.43552468667821,96.56263615533913
2025-03-09 20:17:28.512667,464.0,495.0,336.0,2614.0,1671.0,627.0,69.69402897633671,76.81707608490603,63.12255956059312,42.954649555156806,17.23199053419852,45.77942481175316,43.15030991146996,72.12876515214106,55.27158049698583,96.57014101918402
2025-03-09 20:17:28.512667,462.0,487.0,337.0,2608.0,1669.0,623.0,69.69402897633671,76.81707608490603,63.12255956059312,42.954649555156806,17.23199053419852,45.77942481175316,43.15030991146996,72.12876515214106,55.27158049698583,96.57014101918402
2025-03-09 20:17:28.512667,457.0,483.0,342.0,2611.0,1667.0,619.0,69.69402897633671,76.81707608490603,63.12255956059312,42.954649555156806,17.23199053419852,45.77942481175316,43.15030991146996,72.12876515214106,55.27158049698583,96.57014101918402
2025-03-09 20:17:28.521000,459.0,489.0,336.0,2611.0,1666.0,618.0,69.70659866990381,76.71008218832752,62.974100158232815,42.97604501789054,17.242936552569756,45.809197740793955,43.217797367683175,72.02077938151196,55.10220535901691,96.58206066763256
2025-03-09 20:17:28.521000,461.0,486.0,331.0,2611.0,1665.0,618.0,69.70659866990381,76.71008218832752,62.974100158232815,42.97604501789054,17.242936552569756,45.809197740793955,43.217797367683175,72.02077938151196,55.10220535901691,96.58206066763256
2025-03-09 20:17:28.521000,460.0,481.0,335.0,2611.0,1668.0,614.0,69.70659866990381,76.71008218832752,62.974100158232815,42.97604501789054,17.242936552569756,45.809197740793955,43.217797367683175,72.02077938151196,55.10220535901691,96.58206066763256
2025-03-09 20:17:28.521000,459.0,496.0,336.0,2613.0,1665.0,615.0,69.70659866990381,76.71008218832752,62.974100158232815,42.97604501789054,17.242936552569756,45.809197740793955,43.217797367683175,72.02077938151196,55.10220535901691,96.58206066763256
2025-03-09 20:17:28.529333,459.0,493.0,333.0,2611.0,1665.0,613.0,69.72504389600256,76.60995187036113,62.83310197476285,42.99763895917968,17.26253371831185,45.843273018624195,43.28757611282199,71.91327496923503,54.931030764428506,96.59497239023334
2025-03-09 20:17:28.529333,460.0,492.0,336.0,2613.0,1665.0,611.0,69.72504389600256,76.60995187036113,62.83310197476285,42.99763895917968,17.26253371831185,45.843273018624195,43.28757611282199,71.91327496923503,54.931030764428506,96.59497239023334
2025-03-09 20:17:28.529333,461.0,484.0,336.0,2609.0,1662.0,608.0,69.72504389600256,76.60995187036113,62.83310197476285,42.99763895917968,17.26253371831185,45.843273018624195,43.28757611282199,71.91327496923503,54.931030764428506,96.59497239023334
2025-03-09 20:17:28.537667,459.0,485.0,336.0,2610.0,1662.0,610.0,69.7464820445478,76.51734516531748,62.700132721866815,43.01885397091857,17.29066434325756,45.881131624446006,43.35737359801788,71.80574191190077,54.759695532460164,96.60494510089003
2025-03-09 20:17:28.537667,460.0,493.0,336.0,2610.0,1660.0,609.0,69.7464820445478,76.51734516531748,62.700132721866815,43.01885397091857,17.29066434325756,45.881131624446006,43.35737359801788,71.80574191190077,54.759695532460164,96.60494510089003
2025-03-09 20:17:28.537667,461.0,489.0,343.0,2614.0,1663.0,607.0,69.7464820445478,76.51734516531748,62.700132721866815,43.01885397091857,17.29066434325756,45.881131624446006,43.35737359801788,71.80574191190077,54.759695532460164,96.60494510089003
2025-03-09 20:17:28.537667,461.0,490.0,339.0,2609.0,1661.0,611.0,69.7464820445478,76.51734516531748,62.700132721866815,43.01885397091857,17.29066434325756,45.881131624446006,43.35737359801788,71.80574191190077,54.759695532460164,96.60494510089003
2025-03-09 20:17:28.546000,458.0,487.0,340.0,2609.0,1663.0,609.0,69.76703208800278,76.4317379635144,62.57448883767456,43.03781941454578,17.326827484480816,45.920998285986585,43.424955915882514,71.69632921097347,54.58820452122464,96.60777436277127
2025-03-09 20:17:28.546000,458.0,495.0,348.0,2611.0,1658.0,606.0,69.76703208800278,76.4317379635144,62.57448883767456,43.03781941454578,17.326827484480816,45.920998285986585,43.424955915882514,71.69632921097347,54.58820452122464,96.60777436277127
2025-03-09 20:17:28.546000,459.0,485.0,343.0,2608.0,1661.0,603.0,69.76703208800278,76.4317379635144,62.57448883767456,43.03781941454578,17.326827484480816,45.920998285986585,43.424955915882514,71.69632921097347,54.58820452122464,96.60777436277127
2025-03-09 20:17:28.554333,455.0,493.0,343.0,2608.0,1661.0,603.0,69.78322543138941,76.35248708011387,62.45366595708398,43.05242735127386,17.369540888029242,45.96049460660597,43.48927156873433,71.58376152430323,54.41632112388789,96.59957628874946
2025-03-09 20:17:28.554333,454.0,489.0,339.0,2608.0,1661.0,601.0,69.78322543138941,76.35248708011387,62.45366595708398,43.05242735127386,17.369540888029242,45.96049460660597,43.48927156873433,71.58376152430323,54.41632112388789,96.59957628874946
2025-03-09 20:17:28.554333,455.0,494.0,336.0,2608.0,1662.0,605.0,69.78322543138941,76.35248708011387,62.45366595708398,43.05242735127386,17.369540888029242,45.96049460660597,43.48927156873433,71.58376152430323,54.41632112388789,96.59957628874946
2025-03-09 20:17:28.554333,454.0,490.0,341.0,2608.0,1664.0,605.0,69.78322543138941,76.35248708011387,62.45366595708398,43.05242735127386,17.369540888029242,45.96049460660597,43.48927156873433,71.58376152430323,54.41632112388789,96.59957628874946
2025-03-09 20:17:28.562667,456.0,487.0,338.0,2608.0,1662.0,605.0,69.79244496758974,76.27890818991314,62.33489539926356,43.061617257168024,17.41876346432221,45.99852839984944,43.55085744258155,71.46716620029602,54.24324877388209,96.57712611419932
2025-03-09 20:17:28.562667,457.0,495.0,337.0,2611.0,1661.0,605.0,69.79244496758974,76.27890818991314,62.33489539926356,43.061617257168024,17.41876346432221,45.99852839984944,43.55085744258155,71.46716620029602,54.24324877388209,96.57712611419932
2025-03-09 20:17:28.562667,455.0,495.0,337.0,2607.0,1662.0,603.0,69.79244496758974,76.27890818991314,62.33489539926356,43.061617257168024,17.41876346432221,45.99852839984944,43.55085744258155,71.46716620029602,54.24324877388209,96.57712611419932
2025-03-09 20:17:28.571000,449.0,494.0,333.0,2609.0,1662.0,602.0,69.79329874844382,76.21008869561226,62.21632945182396,43.06573972876762,17.47500787309638,46.03536775338759,43.610531008552044,71.3461353101773,54.068464501627375,96.53860567995719
2025-03-09 20:17:28.571000,459.0,487.0,343.0,2602.0,1659.0,603.0,69.79329874844382,76.21008869561226,62.21632945182396,43.06573972876762,17.47500787309638,46.03536775338759,43.610531008552044,71.3461353101773,54.068464501627375,96.53860567995719
2025-03-09 20:17:28.571000,451.0,490.0,336.0,2609.0,1665.0,604.0,69.79329874844382,76.21008869561226,62.21632945182396,43.06573972876762,17.47500787309638,46.03536775338759,43.610531008552044,71.3461353101773,54.068464501627375,96.53860567995719
2025-03-09 20:17:28.571000,451.0,491.0,337.0,2608.0,1666.0,603.0,69.79329874844382,76.21008869561226,62.21632945182396,43.06573972876762,17.47500787309638,46.03536775338759,43.610531008552044,71.3461353101773,54.068464501627375,96.53860567995719
2025-03-09 20:17:28.579333,455.0,487.0,338.0,2608.0,1663.0,603.0,69.7850184992987,76.1448947743781,62.09540054133086,43.06600252599642,17.53776083945238,46.071757829049986,43.66902111922749,71.22045020006037,53.89178685092149,96.48298447835866
2025-03-09 20:17:28.579333,453.0,483.0,336.0,2608.0,1663.0,603.0,69.7850184992987,76.1448947743781,62.09540054133086,43.06600252599642,17.53776083945238,46.071757829049986,43.66902111922749,71.22045020006037,53.89178685092149,96.48298447835866
2025-03-09 20:17:28.579333,454.0,493.0,333.0,2608.0,1664.0,604.0,69.7850184992987,76.1448947743781,62.09540054133086,43.06600252599642,17.53776083945238,46.071757829049986,43.66902111922749,71.22045020006037,53.89178685092149,96.48298447835866
2025-03-09 20:17:28.579333,453.0,493.0,338.0,2611.0,1668.0,607.0,69.7850184992987,76.1448947743781,62.09540054133086,43.06600252599642,17.53776083945238,46.071757829049986,43.66902111922749,71.22045020006037,53.89178685092149,96.48298447835866
2025-03-09 20:17:28.587667,453.0,490.0,336.0,2609.0,1664.0,602.0,69.76704519404429,76.082247547741,61.96972229262898,43.064071879799684,17.604320074736158,46.10788035137777,43.72634981649722,71.09147971357383,53.71530010485208,96.40905979947483
2025-03-09 20:17:28.587667,451.0,491.0,333.0,2609.0,1666.0,605.0,69.76704519404429,76.082247547741,61.96972229262898,43.064071879799684,17.604320074736158,46.10788035137777,43.72634981649722,71.09147971357383,53.71530010485208,96.40905979947483
2025-03-09 20:17:28.587667,455.0,489.0,334.0,2608.0,1666.0,605.0,69.76704519404429,76.082247547741,61.96972229262898,43.064071879799684,17.604320074736158,46.10788035137777,43.72634981649722,71.09147971357383,53.71530010485208,96.40905979947483
2025-03-09 20:17:28.596000,455.0,489.0,342.0,2613.0,1666.0,605.0,69.73998926063084,76.02204508004013,61.84075082240513,43.06209120836808,17.671203384825358,46.14387930856802,43.7808795961842,70.96258070729016,53.544130404739256,96.31634361730829
2025-03-09 20:17:28.596000,451.0,491.0,336.0,2608.0,1665.0,603.0,69.73998926063084,76.02204508004013,61.84075082240513,43.06209120836808,17.671203384825358,46.14387930856802,43.7808795961842,70.96258070729016,53.544130404739256,96.31634361730829
2025-03-09 20:17:28.596000,455.0,484.0,334.0,2610.0,1667.0,606.0,69.73998926063084,76.02204508004013,61.84075082240513,43.06209120836808,17.671203384825358,46.14387930856802,43.7808795961842,70.96258070729016,53.544130404739256,96.31634361730829
2025-03-09 20:17:28.596000,453.0,491.0,341.0,2615.0,1666.0,605.0,69.73998926063084,76.02204508004013,61.84075082240513,43.06209120836808,17.671203384825358,46.14387930856802,43.7808795961842,70.96258070729016,53.544130404739256,96.31634361730829
2025-03-09 20:17:28.604333,453.0,486.0,333.0,2608.0,1671.0,609.0,69.7051857391546,75.96535407189859,61.712690424914285,43.06264151082233,17.735133720978208,46.18052970585456,43.8293504052023,70.83745369281114,53.38485786799204,96.20468238431725
2025-03-09 20:17:28.604333,450.0,485.0,337.0,2607.0,1674.0,611.0,69.7051857391546,75.96535407189859,61.712690424914285,43.06264151082233,17.735133720978208,46.18052970585456,43.8293504052023,70.83745369281114,53.38485786799204,96.20468238431725
2025-03-09 20:17:28.604333,451.0,491.0,336.0,2609.0,1678.0,610.0,69.7051857391546,75.96535407189859,61.712690424914285,43.06264151082233,17.735133720978208,46.18052970585456,43.8293504052023,70.83745369281114,53.38485786799204,96.20468238431725
2025-03-09 20:17:28.612667,455.0,482.0,336.0,2609.0,1675.0,608.0,69.66236266521437,75.91357528051624,61.59144298274781,43.06626436427216,17.794830415312216,46.21781142301832,43.867089694899036,70.71745930627829,53.242369819089205,96.07237033597313
2025-03-09 20:17:28.612667,457.0,487.0,332.0,2608.0,1675.0,610.0,69.66236266521437,75.91357528051624,61.59144298274781,43.06626436427216,17.794830415312216,46.21781142301832,43.867089694899036,70.71745930627829,53.242369819089205,96.07237033597313
2025-03-09 20:17:28.612667,453.0,485.0,336.0,2609.0,1676.0,611.0,69.66236266521437,75.91357528051624,61.59144298274781,43.06626436427216,17.794830415312216,46.21781142301832,43.867089694899036,70.71745930627829,53.242369819089205,96.07237033597313
2025-03-09 20:17:28.612667,451.0,486.0,337.0,2608.0,1678.0,607.0,69.66236266521437,75.91357528051624,61.59144298274781,43.06626436427216,17.794830415312216,46.21781142301832,43.867089694899036,70.71745930627829,53.242369819089205,96.07237033597313
2025-03-09 20:17:28.621000,452.0,491.0,336.0,2609.0,1679.0,614.0,69.61013125801091,75.86785505671597,61.4807723695121,43.071510385484316,17.849599798744144,46.25427348956188,43.8906024436964,70.60260147343772,53.119140345507006,95.91705150838621
2025-03-09 20:17:28.621000,454.0,491.0,334.0,2608.0,1677.0,619.0,69.61013125801091,75.86785505671597,61.4807723695121,43.071510385484316,17.849599798744144,46.25427348956188,43.8906024436964,70.60260147343772,53.119140345507006,95.91705150838621
2025-03-09 20:17:28.621000,452.0,491.0,334.0,2609.0,1680.0,617.0,69.61013125801091,75.86785505671597,61.4807723695121,43.071510385484316,17.849599798744144,46.25427348956188,43.8906024436964,70.60260147343772,53.119140345507006,95.91705150838621
2025-03-09 20:17:28.621000,454.0,490.0,336.0,2612.0,1679.0,619.0,69.61013125801091,75.86785505671597,61.4807723695121,43.071510385484316,17.849599798744144,46.25427348956188,43.8906024436964,70.60260147343772,53.119140345507006,95.91705150838621
2025-03-09 20:17:28.629333,450.0,491.0,334.0,2608.0,1679.0,615.0,69.54820885889718,75.8289768971546,61.38011163964436,43.07649541247246,17.899082905373888,46.288358495846765,43.8999399241422,70.49234755850799,53.014431848877635,95.73729506571927
2025-03-09 20:17:28.629333,455.0,483.0,334.0,2608.0,1677.0,617.0,69.54820885889718,75.8289768971546,61.38011163964436,43.07649541247246,17.899082905373888,46.288358495846765,43.8999399241422,70.49234755850799,53.014431848877635,95.73729506571927
2025-03-09 20:17:28.629333,459.0,494.0,333.0,2608.0,1678.0,619.0,69.54820885889718,75.8289768971546,61.38011163964436,43.07649541247246,17.899082905373888,46.288358495846765,43.8999399241422,70.49234755850799,53.014431848877635,95.73729506571927
2025-03-09 20:17:28.637667,454.0,490.0,331.0,2605.0,1677.0,619.0,69.4745705734759,75.7951807207638,61.28385350985358,43.078513941527255,17.943132262455027,46.317720452214054,43.89759291137989,70.38408905794452,52.9237317681181,95.53137900888666
2025-03-09 20:17:28.637667,462.0,493.0,335.0,2613.0,1678.0,619.0,69.4745705734759,75.7951807207638,61.28385350985358,43.078513941527255,17.943132262455027,46.317720452214054,43.89759291137989,70.38408905794452,52.9237317681181,95.53137900888666
2025-03-09 20:17:28.637667,458.0,490.0,334.0,2608.0,1680.0,617.0,69.4745705734759,75.7951807207638,61.28385350985358,43.078513941527255,17.943132262455027,46.317720452214054,43.89759291137989,70.38408905794452,52.9237317681181,95.53137900888666
2025-03-09 20:17:28.637667,459.0,491.0,331.0,2612.0,1680.0,618.0,69.4745705734759,75.7951807207638,61.28385350985358,43.078513941527255,17.943132262455027,46.317720452214054,43.89759291137989,70.38408905794452,52.9237317681181,95.53137900888666
2025-03-09 20:17:28.646000,460.0,492.0,337.0,2610.0,1680.0,621.0,69.38613398665323,75.76339439636197,61.18504790406032,43.0742874435714,17.981771026775938,46.33948337960908,43.88644989750701,70.27408774125166,52.84104819955677,95.29736088912797
2025-03-09 20:17:28.646000,458.0,493.0,334.0,2611.0,1680.0,619.0,69.38613398665323,75.76339439636197,61.18504790406032,43.0742874435714,17.981771026775938,46.33948337960908,43.88644989750701,70.27408774125166,52.84104819955677,95.29736088912797
2025-03-09 20:17:28.646000,459.0,485.0,333.0,2610.0,1680.0,620.0,69.38613398665323,75.76339439636197,61.18504790406032,43.0742874435714,17.981771026775938,46.33948337960908,43.88644989750701,70.27408774125166,52.84104819955677,95.29736088912797
2025-03-09 20:17:28.646000,455.0,489.0,336.0,2607.0,1680.0,619.0,69.38613398665323,75.76339439636197,61.18504790406032,43.0742874435714,17.981771026775938,46.33948337960908,43.88644989750701,70.27408774125166,52.84104819955677,95.29736088912797
2025-03-09 20:17:28.654333,459.0,490.0,338.0,2609.0,1683.0,622.0,69.28229538066562,75.7318216852239,61.07754883242839,43.061949210460156,18.01482189384209,46.35171326737158,43.87107186738972,70.16157837342443,52.762383604622094,95.03524173795081
2025-03-09 20:17:28.654333,462.0,493.0,338.0,2610.0,1685.0,622.0,69.28229538066562,75.7318216852239,61.07754883242839,43.061949210460156,18.01482189384209,46.35171326737158,43.87107186738972,70.16157837342443,52.762383604622094,95.03524173795081
2025-03-09 20:17:28.654333,463.0,483.0,336.0,2610.0,1686.0,622.0,69.28229538066562,75.7318216852239,61.07754883242839,43.061949210460156,18.01482189384209,46.35171326737158,43.87107186738972,70.16157837342443,52.762383604622094,95.03524173795081
2025-03-09 20:17:28.662667,462.0,493.0,336.0,2611.0,1683.0,624.0,69.1618733855094,75.69807748833485,60.95272375259013,43.040473185646825,18.04112620526543,46.352499013259695,43.85760294398673,70.04705404617707,52.68461006364918,94.74488225057225
2025-03-09 20:17:28.662667,461.0,486.0,336.0,2609.0,1682.0,623.0,69.1618733855094,75.69807748833485,60.95272375259013,43.040473185646825,18.04112620526543,46.352499013259695,43.85760294398673,70.04705404617707,52.68461006364918,94.74488225057225
2025-03-09 20:17:28.662667,462.0,491.0,338.0,2609.0,1682.0,622.0,69.1618733855094,75.69807748833485,60.95272375259013,43.040473185646825,18.04112620526543,46.352499013259695,43.85760294398673,70.04705404617707,52.68461006364918,94.74488225057225
2025-03-09 20:17:28.671000,464.0,489.0,337.0,2609.0,1685.0,624.0,69.02441386829011,75.66126209865303,60.806963578109205,43.009398234287985,18.05871788251045,46.34022486596027,43.84872112363225,69.93226265012552,52.608203321604805,94.42621627496418
2025-03-09 20:17:28.671000,461.0,491.0,336.0,2609.0,1685.0,621.0,69.02441386829011,75.66126209865303,60.806963578109205,43.009398234287985,18.05871788251045,46.34022486596027,43.84872112363225,69.93226265012552,52.608203321604805,94.42621627496418
2025-03-09 20:17:28.671000,464.0,482.0,335.0,2609.0,1686.0,624.0,69.02441386829011,75.66126209865303,60.806963578109205,43.009398234287985,18.05871788251045,46.34022486596027,43.84872112363225,69.93226265012552,52.608203321604805,94.42621627496418
2025-03-09 20:17:28.671000,464.0,487.0,336.0,2608.0,1687.0,624.0,69.02441386829011,75.66126209865303,60.806963578109205,43.009398234287985,18.05871788251045,46.34022486596027,43.84872112363225,69.93226265012552,52.608203321604805,94.42621627496418
2025-03-09 20:17:28.671000,464.0,495.0,331.0,2612.0,1687.0,624.0,69.02441386829011,75.66126209865303,60.806963578109205,43.009398234287985,18.05871788251045,46.34022486596027,43.84872112363225,69.93226265012552,52.608203321604805,94.42621627496418
2025-03-09 20:17:28.679333,465.0,491.0,336.0,2610.0,1686.0,624.0,68.87350288218113,75.62255912926427,60.65034794995479,42.97256165104565,18.070343589068653,46.31889797286145,43.84189780408061,69.82006748738743,52.537661435023374,94.08004340023002
2025-03-09 20:17:28.679333,462.0,487.0,333.0,2608.0,1685.0,624.0,68.87350288218113,75.62255912926427,60.65034794995479,42.97256165104565,18.070343589068653,46.31889797286145,43.84189780408061,69.82006748738743,52.537661435023374,94.08004340023002
2025-03-09 20:17:28.679333,465.0,491.0,336.0,2609.0,1686.0,624.0,68.87350288218113,75.62255912926427,60.65034794995479,42.97256165104565,18.070343589068653,46.31889797286145,43.84189780408061,69.82006748738743,52.537661435023374,94.08004340023002
2025-03-09 20:17:28.687667,467.0,494.0,335.0,2609.0,1686.0,624.0,68.71283116777127,75.5823600754709,60.49624640608894,42.936807834968945,18.08326243952099,46.29692922057889,43.83362305186219,69.71113662971787,52.47618276295875,93.70565846787302
2025-03-09 20:17:28.687667,475.0,492.0,334.0,2610.0,1686.0,624.0,68.71283116777127,75.5823600754709,60.49624640608894,42.936807834968945,18.08326243952099,46.29692922057889,43.83362305186219,69.71113662971787,52.47618276295875,93.70565846787302
2025-03-09 20:17:28.687667,475.0,492.0,336.0,2610.0,1686.0,624.0,68.71283116777127,75.5823600754709,60.49624640608894,42.936807834968945,18.08326243952099,46.29692922057889,43.83362305186219,69.71113662971787,52.47618276295875,93.70565846787302
2025-03-09 20:17:28.696000,475.0,491.0,336.0,2610.0,1683.0,624.0,68.54237924531807,75.53949496889605,60.34843580874903,42.90345781806184,18.098363905414892,46.275733592976515,43.82155745660637,69.60461248185254,52.42432351196037,93.30207470401673
2025-03-09 20:17:28.696000,479.0,486.0,336.0,2609.0,1686.0,624.0,68.54237924531807,75.53949496889605,60.34843580874903,42.90345781806184,18.098363905414892,46.275733592976515,43.82155745660637,69.60461248185254,52.42432351196037,93.30207470401673
2025-03-09 20:17:28.696000,476.0,490.0,331.0,2611.0,1686.0,624.0,68.54237924531807,75.53949496889605,60.34843580874903,42.90345781806184,18.098363905414892,46.275733592976515,43.82155745660637,69.60461248185254,52.42432351196037,93.30207470401673
2025-03-09 20:17:28.696000,483.0,486.0,333.0,2610.0,1680.0,624.0,68.54237924531807,75.53949496889605,60.34843580874903,42.90345781806184,18.098363905414892,46.275733592976515,43.82155745660637,69.60461248185254,52.42432351196037,93.30207470401673
2025-03-09 20:17:28.704333,483.0,489.0,335.0,2609.0,1685.0,624.0,68.36099664497024,75.49271948887359,60.20555558741461,42.86889418820156,18.11386229945395,46.25172150167619,43.804870709167204,69.49838343255945,52.379424979593985,92.86968782807637
2025-03-09 20:17:28.704333,486.0,493.0,332.0,2611.0,1684.0,623.0,68.36099664497024,75.49271948887359,60.20555558741461,42.86889418820156,18.11386229945395,46.25172150167619,43.804870709167204,69.49838343255945,52.379424979593985,92.86968782807637
2025-03-09 20:17:28.704333,496.0,494.0,336.0,2610.0,1681.0,624.0,68.36099664497024,75.49271948887359,60.20555558741461,42.86889418820156,18.11386229945395,46.25172150167619,43.804870709167204,69.49838343255945,52.379424979593985,92.86968782807637
2025-03-09 20:17:28.704333,496.0,489.0,331.0,2609.0,1680.0,622.0,68.36099664497024,75.49271948887359,60.20555558741461,42.86889418820156,18.11386229945395,46.25172150167619,43.804870709167204,69.49838343255945,52.379424979593985,92.86968782807637
2025-03-09 20:17:28.712667,498.0,491.0,331.0,2609.0,1680.0,624.0,68.16826710547747,75.44098560891923,60.06477247182467,42.830824240229724,18.1294588123734,46.2231089881506,43.78446234756382,69.390047076443,52.33778485712261,92.40963256952584
2025-03-09 20:17:28.712667,502.0,490.0,336.0,2610.0,1680.0,624.0,68.16826710547747,75.44098560891923,60.06477247182467,42.830824240229724,18.1294588123734,46.2231089881506,43.78446234756382,69.390047076443,52.33778485712261,92.40963256952584
2025-03-09 20:17:28.712667,497.0,490.0,335.0,2607.0,1680.0,624.0,68.16826710547747,75.44098560891923,60.06477247182467,42.830824240229724,18.1294588123734,46.2231089881506,43.78446234756382,69.390047076443,52.33778485712261,92.40963256952584
2025-03-09 20:17:28.721000,498.0,489.0,327.0,2611.0,1680.0,624.0,67.96399403089661,75.38308161065397,59.9215901523087,42.787865108657975,18.145098160749615,46.18879483640979,43.763071217374936,69.27803227318651,52.29580185490125,91.92301791587947
2025-03-09 20:17:28.721000,499.0,493.0,336.0,2610.0,1680.0,622.0,67.96399403089661,75.38308161065397,59.9215901523087,42.787865108657975,18.145098160749615,46.18879483640979,43.763071217374936,69.27803227318651,52.29580185490125,91.92301791587947
2025-03-09 20:17:28.721000,499.0,493.0,333.0,2609.0,1680.0,622.0,67.96399403089661,75.38308161065397,59.9215901523087,42.787865108657975,18.145098160749615,46.18879483640979,43.763071217374936,69.27803227318651,52.29580185490125,91.92301791587947
2025-03-09 20:17:28.721000,511.0,487.0,322.0,2613.0,1678.0,622.0,67.96399403089661,75.38308161065397,59.9215901523087,42.787865108657975,18.145098160749615,46.18879483640979,43.763071217374936,69.27803227318651,52.29580185490125,91.92301791587947
2025-03-09 20:17:28.729333,511.0,492.0,326.0,2608.0,1678.0,623.0,67.7487737147167,75.31877249213873,59.77134392124438,42.73972817096002,18.160367214752746,46.1485168397596,43.74388091211934,69.16200866802998,52.2513640408232,91.41067712345787
2025-03-09 20:17:28.729333,511.0,495.0,325.0,2608.0,1678.0,621.0,67.7487737147167,75.31877249213873,59.77134392124438,42.73972817096002,18.160367214752746,46.1485168397596,43.74388091211934,69.16200866802998,52.2513640408232,91.41067712345787
2025-03-09 20:17:28.729333,511.0,490.0,327.0,2611.0,1679.0,623.0,67.7487737147167,75.31877249213873,59.77134392124438,42.73972817096002,18.160367214752746,46.1485168397596,43.74388091211934,69.16200866802998,52.2513640408232,91.41067712345787
2025-03-09 20:17:28.729333,527.0,487.0,325.0,2607.0,1677.0,622.0,67.7487737147167,75.31877249213873,59.77134392124438,42.73972817096002,18.160367214752746,46.1485168397596,43.74388091211934,69.16200866802998,52.2513640408232,91.41067712345787
2025-03-09 20:17:28.737667,524.0,494.0,325.0,2608.0,1675.0,623.0,67.52352043293169,75.24879589803972,59.61090446714626,42.68704235716793,18.173746118837567,46.10251740386752,43.72831154729618,69.04250227222508,52.20476292946249,90.87292591085948
2025-03-09 20:17:28.737667,526.0,495.0,323.0,2611.0,1675.0,622.0,67.52352043293169,75.24879589803972,59.61090446714626,42.68704235716793,18.173746118837567,46.10251740386752,43.72831154729618,69.04250227222508,52.20476292946249,90.87292591085948
2025-03-09 20:17:28.737667,538.0,494.0,320.0,2609.0,1678.0,622.0,67.52352043293169,75.24879589803972,59.61090446714626,42.68704235716793,18.173746118837567,46.10251740386752,43.72831154729618,69.04250227222508,52.20476292946249,90.87292591085948
2025-03-09 20:17:28.746000,539.0,487.0,320.0,2611.0,1679.0,619.0,67.28738836763908,75.1740560183506,59.439903891334346,42.630242487947946,18.184291497116725,46.05100010683716,43.71532434977512,68.91960195218194,52.15781605649052,90.3090558887225
2025-03-09 20:17:28.746000,537.0,492.0,326.0,2609.0,1678.0,621.0,67.28738836763908,75.1740560183506,59.439903891334346,42.630242487947946,18.184291497116725,46.05100010683716,43.71532434977512,68.91960195218194,52.15781605649052,90.3090558887225
2025-03-09 20:17:28.746000,545.0,490.0,329.0,2611.0,1679.0,619.0,67.28738836763908,75.1740560183506,59.439903891334346,42.630242487947946,18.184291497116725,46.05100010683716,43.71532434977512,68.91960195218194,52.15781605649052,90.3090558887225
2025-03-09 20:17:28.754333,543.0,489.0,329.0,2608.0,1677.0,619.0,67.03830221659645,75.09454321104661,59.25944305381748,42.57075465689654,18.19181881848174,45.99535213102267,43.70193787525863,68.79191531849763,52.11251558195456,89.7176407882606
2025-03-09 20:17:28.754333,541.0,487.0,326.0,2608.0,1677.0,619.0,67.03830221659645,75.09454321104661,59.25944305381748,42.57075465689654,18.19181881848174,45.99535213102267,43.70193787525863,68.79191531849763,52.11251558195456,89.7176407882606
2025-03-09 20:17:28.754333,545.0,493.0,325.0,2611.0,1680.0,619.0,67.03830221659645,75.09454321104661,59.25944305381748,42.57075465689654,18.19181881848174,45.99535213102267,43.70193787525863,68.79191531849763,52.11251558195456,89.7176407882606
2025-03-09 20:17:28.754333,545.0,493.0,324.0,2608.0,1678.0,619.0,67.03830221659645,75.09454321104661,59.25944305381748,42.57075465689654,18.19181881848174,45.99535213102267,43.70193787525863,68.79191531849763,52.11251558195456,89.7176407882606
2025-03-09 20:17:28.762667,564.0,496.0,330.0,2608.0,1679.0,616.0,66.77388348307349,75.00883030304821,59.06920019948348,42.511141768499,18.196945042995758,45.9384449782405,43.68534586004615,68.65594364294465,52.069001658361344,89.09637431087175
2025-03-09 20:17:28.762667,563.0,490.0,323.0,2608.0,1680.0,617.0,66.77388348307349,75.00883030304821,59.06920019948348,42.511141768499,18.196945042995758,45.9384449782405,43.68534586004615,68.65594364294465,52.069001658361344,89.09637431087175
2025-03-09 20:17:28.762667,569.0,496.0,325.0,2608.0,1680.0,615.0,66.77388348307349,75.00883030304821,59.06920019948348,42.511141768499,18.196945042995758,45.9384449782405,43.68534586004615,68.65594364294465,52.069001658361344,89.09637431087175
2025-03-09 20:17:28.762667,566.0,496.0,323.0,2609.0,1679.0,619.0,66.77388348307349,75.00883030304821,59.06920019948348,42.511141768499,18.196945042995758,45.9384449782405,43.68534586004615,68.65594364294465,52.069001658361344,89.09637431087175
2025-03-09 20:17:28.771000,571.0,496.0,320.0,2608.0,1676.0,615.0,66.4905234021584,74.91399197120775,58.86599463882274,42.4526581262855,18.199676253420833,45.88156324823333,43.66434230749155,68.50757095726861,52.02586060589875,88.44215301026603
2025-03-09 20:17:28.771000,573.0,491.0,325.0,2609.0,1678.0,617.0,66.4905234021584,74.91399197120775,58.86599463882274,42.4526581262855,18.199676253420833,45.88156324823333,43.66434230749155,68.50757095726861,52.02586060589875,88.44215301026603
2025-03-09 20:17:28.771000,575.0,496.0,319.0,2608.0,1679.0,615.0,66.4905234021584,74.91399197120775,58.86599463882274,42.4526581262855,18.199676253420833,45.88156324823333,43.66434230749155,68.50757095726861,52.02586060589875,88.44215301026603
2025-03-09 20:17:28.779333,592.0,494.0,329.0,2607.0,1679.0,610.0,66.18600768782132,74.80752787870473,58.6490060977783,42.394904731157105,18.1997468267871,45.82418973316517,43.6380051720233,68.34436509914123,51.98192205710146,87.75399254020783
2025-03-09 20:17:28.779333,597.0,496.0,325.0,2608.0,1678.0,608.0,66.18600768782132,74.80752787870473,58.6490060977783,42.394904731157105,18.1997468267871,45.82418973316517,43.6380051720233,68.34436509914123,51.98192205710146,87.75399254020783
2025-03-09 20:17:28.779333,593.0,496.0,325.0,2611.0,1679.0,607.0,66.18600768782132,74.80752787870473,58.6490060977783,42.394904731157105,18.1997468267871,45.82418973316517,43.6380051720233,68.34436509914123,51.98192205710146,87.75399254020783
2025-03-09 20:17:28.779333,601.0,493.0,326.0,2608.0,1677.0,610.0,66.18600768782132,74.80752787870473,58.6490060977783,42.394904731157105,18.1997468267871,45.82418973316517,43.6380051720233,68.34436509914123,51.98192205710146,87.75399254020783
2025-03-09 20:17:28.787667,605.0,495.0,325.0,2608.0,1679.0,607.0,65.86158048823675,74.68939853100767,58.42134776345122,42.33547236090632,18.198055017309358,45.764527433646045,43.60618287034371,68.16616534094779,51.93577365515109,87.03505928783879
2025-03-09 20:17:28.787667,601.0,496.0,326.0,2609.0,1677.0,609.0,65.86158048823675,74.68939853100767,58.42134776345122,42.33547236090632,18.198055017309358,45.764527433646045,43.60618287034371,68.16616534094779,51.93577365515109,87.03505928783879
2025-03-09 20:17:28.787667,611.0,496.0,329.0,2608.0,1676.0,606.0,65.86158048823675,74.68939853100767,58.42134776345122,42.33547236090632,18.198055017309358,45.764527433646045,43.60618287034371,68.16616534094779,51.93577365515109,87.03505928783879
2025-03-09 20:17:28.787667,603.0,498.0,326.0,2610.0,1678.0,606.0,65.86158048823675,74.68939853100767,58.42134776345122,42.33547236090632,18.198055017309358,45.764527433646045,43.60618287034371,68.16616534094779,51.93577365515109,87.03505928783879
2025-03-09 20:17:28.796000,625.0,496.0,322.0,2610.0,1675.0,603.0,65.52274157816771,74.56119246271918,58.18759021807503,42.27240804568157,18.195556957573054,45.701066831670076,43.57091092746609,67.97610086209983,51.88637999381992,86.29154507338218
2025-03-09 20:17:28.796000,630.0,496.0,324.0,2609.0,1675.0,604.0,65.52274157816771,74.56119246271918,58.18759021807503,42.27240804568157,18.195556957573054,45.701066831670076,43.57091092746609,67.97610086209983,51.88637999381992,86.29154507338218
2025-03-09 20:17:28.796000,629.0,496.0,325.0,2608.0,1675.0,603.0,65.52274157816771,74.56119246271918,58.18759021807503,42.27240804568157,18.195556957573054,45.701066831670076,43.57091092746609,67.97610086209983,51.88637999381992,86.29154507338218
2025-03-09 20:17:28.804333,638.0,496.0,322.0,2608.0,1677.0,598.0,65.17769210153068,74.4248361208485,57.94938909476981,42.206298961710054,18.19400958135065,45.63497436637331,43.53747335220655,67.77794526631726,51.83156534419052,85.52911650954778
2025-03-09 20:17:28.804333,635.0,496.0,325.0,2608.0,1678.0,598.0,65.17769210153068,74.4248361208485,57.94938909476981,42.206298961710054,18.19400958135065,45.63497436637331,43.53747335220655,67.77794526631726,51.83156534419052,85.52911650954778
2025-03-09 20:17:28.804333,634.0,496.0,320.0,2608.0,1673.0,598.0,65.17769210153068,74.4248361208485,57.94938909476981,42.206298961710054,18.19400958135065,45.63497436637331,43.53747335220655,67.77794526631726,51.83156534419052,85.52911650954778
2025-03-09 20:17:28.812667,636.0,498.0,323.0,2610.0,1674.0,601.0,64.83151743322716,74.28175059804124,57.70404219461897,42.13621352121609,18.19488196793744,45.56562840098395,43.51344432128203,67.57539340486672,51.76893311166161,84.75154021573785
2025-03-09 20:17:28.812667,656.0,501.0,320.0,2606.0,1671.0,594.0,64.83151743322716,74.28175059804124,57.70404219461897,42.13621352121609,18.19488196793744,45.56562840098395,43.51344432128203,67.57539340486672,51.76893311166161,84.75154021573785
2025-03-09 20:17:28.812667,656.0,496.0,322.0,2609.0,1675.0,595.0,64.83151743322716,74.28175059804124,57.70404219461897,42.13621352121609,18.19488196793744,45.56562840098395,43.51344432128203,67.57539340486672,51.76893311166161,84.75154021573785
2025-03-09 20:17:28.812667,656.0,500.0,326.0,2608.0,1674.0,593.0,64.83151743322716,74.28175059804124,57.70404219461897,42.13621352121609,18.19488196793744,45.56562840098395,43.51344432128203,67.57539340486672,51.76893311166161,84.75154021573785
2025-03-09 20:17:28.821000,659.0,496.0,320.0,2608.0,1673.0,592.0,64.48410718677789,74.13244025604834,57.45223416032157,42.05937123282452,18.198502263935797,45.48978728195712,43.50176990182458,67.37194721196683,51.69921967073369,83.96213751107248
2025-03-09 20:17:28.821000,663.0,496.0,326.0,2611.0,1673.0,593.0,64.48410718677789,74.13244025604834,57.45223416032157,42.05937123282452,18.198502263935797,45.48978728195712,43.50176990182458,67.37194721196683,51.69921967073369,83.96213751107248
2025-03-09 20:17:28.821000,662.0,497.0,331.0,2611.0,1677.0,593.0,64.48410718677789,74.13244025604834,57.45223416032157,42.05937123282452,18.198502263935797,45.48978728195712,43.50176990182458,67.37194721196683,51.69921967073369,83.96213751107248
2025-03-09 20:17:28.821000,659.0,499.0,321.0,2606.0,1673.0,592.0,64.48410718677789,74.13244025604834,57.45223416032157,42.05937123282452,18.198502263935797,45.48978728195712,43.50176990182458,67.37194721196683,51.69921967073369,83.96213751107248
2025-03-09 20:17:28.829333,662.0,495.0,324.0,2610.0,1674.0,592.0,64.134274549382,73.97698867396001,57.19821108668934,41.974149194401704,18.205240315311123,45.406222133950244,43.49858985043914,67.16659554605592,51.62263007031946,83.1643692572878
2025-03-09 20:17:28.829333,688.0,496.0,327.0,2608.0,1674.0,591.0,64.134274549382,73.97698867396001,57.19821108668934,41.974149194401704,18.205240315311123,45.406222133950244,43.49858985043914,67.16659554605592,51.62263007031946,83.1643692572878
2025-03-09 20:17:28.829333,693.0,503.0,320.0,2608.0,1673.0,587.0,64.134274549382,73.97698867396001,57.19821108668934,41.974149194401704,18.205240315311123,45.406222133950244,43.49858985043914,67.16659554605592,51.62263007031946,83.1643692572878
2025-03-09 20:17:28.837667,689.0,499.0,327.0,2607.0,1670.0,589.0,63.78390005140698,73.8144209278214,56.94229035438899,41.88187628899145,18.21601228029569,45.3176439056446,43.50075483705746,66.95436728723745,51.535000130275726,82.36221617925801
2025-03-09 20:17:28.837667,689.0,496.0,327.0,2608.0,1674.0,590.0,63.78390005140698,73.8144209278214,56.94229035438899,41.88187628899145,18.21601228029569,45.3176439056446,43.50075483705746,66.95436728723745,51.535000130275726,82.36221617925801
2025-03-09 20:17:28.837667,694.0,499.0,323.0,2608.0,1671.0,590.0,63.78390005140698,73.8144209278214,56.94229035438899,41.88187628899145,18.21601228029569,45.3176439056446,43.50075483705746,66.95436728723745,51.535000130275726,82.36221617925801
2025-03-09 20:17:28.837667,701.0,497.0,324.0,2609.0,1675.0,590.0,63.78390005140698,73.8144209278214,56.94229035438899,41.88187628899145,18.21601228029569,45.3176439056446,43.50075483705746,66.95436728723745,51.535000130275726,82.36221617925801
2025-03-09 20:17:28.846000,705.0,503.0,320.0,2608.0,1671.0,589.0,63.436215307121884,73.64316425762743,56.68335778267099,41.786773596468585,18.230292917737657,45.228482564442494,43.506449138237905,66.73226543033238,51.433976405283396,81.56023130030643
2025-03-09 20:17:28.846000,737.0,503.0,320.0,2607.0,1672.0,583.0,63.436215307121884,73.64316425762743,56.68335778267099,41.786773596468585,18.230292917737657,45.228482564442494,43.506449138237905,66.73226543033238,51.433976405283396,81.56023130030643
2025-03-09 20:17:28.846000,743.0,498.0,320.0,2609.0,1671.0,582.0,63.436215307121884,73.64316425762743,56.68335778267099,41.786773596468585,18.230292917737657,45.228482564442494,43.506449138237905,66.73226543033238,51.433976405283396,81.56023130030643
2025-03-09 20:17:28.846000,747.0,507.0,326.0,2609.0,1671.0,582.0,63.436215307121884,73.64316425762743,56.68335778267099,41.786773596468585,18.230292917737657,45.228482564442494,43.506449138237905,66.73226543033238,51.433976405283396,81.56023130030643
2025-03-09 20:17:28.854333,749.0,502.0,321.0,2608.0,1671.0,580.0,63.09253723512706,73.46294006449438,56.42185219320788,41.6922410136817,18.24475762471232,45.14068248769599,43.512794690570786,66.50134436315496,51.32255384013061,80.76345708517346
2025-03-09 20:17:28.854333,750.0,492.0,323.0,2608.0,1669.0,578.0,63.09253723512706,73.46294006449438,56.42185219320788,41.6922410136817,18.24475762471232,45.14068248769599,43.512794690570786,66.50134436315496,51.32255384013061,80.76345708517346
2025-03-09 20:17:28.854333,752.0,499.0,321.0,2606.0,1669.0,581.0,63.09253723512706,73.46294006449438,56.42185219320788,41.6922410136817,18.24475762471232,45.14068248769599,43.512794690570786,66.50134436315496,51.32255384013061,80.76345708517346
2025-03-09 20:17:28.862667,754.0,501.0,320.0,2607.0,1671.0,578.0,62.753233780381734,73.27402274175289,56.1574534425666,41.598819253983535,18.25742700512127,45.054063255115125,43.51866513489093,66.26250055418645,51.202129232311385,79.97434848692234
2025-03-09 20:17:28.862667,762.0,502.0,324.0,2608.0,1670.0,581.0,62.753233780381734,73.27402274175289,56.1574534425666,41.598819253983535,18.25742700512127,45.054063255115125,43.51866513489093,66.26250055418645,51.202129232311385,79.97434848692234
2025-03-09 20:17:28.862667,809.0,505.0,326.0,2609.0,1667.0,575.0,62.753233780381734,73.27402274175289,56.1574534425666,41.598819253983535,18.25742700512127,45.054063255115125,43.51866513489093,66.26250055418645,51.202129232311385,79.97434848692234
2025-03-09 20:17:28.862667,807.0,509.0,322.0,2607.0,1668.0,573.0,62.753233780381734,73.27402274175289,56.1574534425666,41.598819253983535,18.25742700512127,45.054063255115125,43.51866513489093,66.26250055418645,51.202129232311385,79.97434848692234
2025-03-09 20:17:28.871000,818.0,511.0,326.0,2606.0,1666.0,575.0,62.42028769380347,73.07647792501996,55.88842189877945,41.505624768833435,18.268992705710254,44.9681996083515,43.52646035708431,66.01594667029292,51.070134511306584,79.19184102147003
2025-03-09 20:17:28.871000,821.0,511.0,329.0,2608.0,1667.0,572.0,62.42028769380347,73.07647792501996,55.88842189877945,41.505624768833435,18.268992705710254,44.9681996083515,43.52646035708431,66.01594667029292,51.070134511306584,79.19184102147003
2025-03-09 20:17:28.871000,821.0,511.0,323.0,2602.0,1669.0,567.0,62.42028769380347,73.07647792501996,55.88842189877945,41.505624768833435,18.268992705710254,44.9681996083515,43.52646035708431,66.01594667029292,51.070134511306584,79.19184102147003
2025-03-09 20:17:28.879333,830.0,508.0,325.0,2603.0,1674.0,570.0,62.09550019626892,72.87066741462402,55.61452725937542,41.41167246319908,18.27963731024016,44.88212347045626,43.53784377515992,65.76320191548704,50.92543008385974,78.41583261252478
2025-03-09 20:17:28.879333,832.0,511.0,323.0,2605.0,1669.0,571.0,62.09550019626892,72.87066741462402,55.61452725937542,41.41167246319908,18.27963731024016,44.88212347045626,43.53784377515992,65.76320191548704,50.92543008385974,78.41583261252478
2025-03-09 20:17:28.879333,893.0,511.0,322.0,2601.0,1668.0,563.0,62.09550019626892,72.87066741462402,55.61452725937542,41.41167246319908,18.27963731024016,44.88212347045626,43.53784377515992,65.76320191548704,50.92543008385974,78.41583261252478
2025-03-09 20:17:28.879333,892.0,524.0,321.0,2599.0,1665.0,560.0,62.09550019626892,72.87066741462402,55.61452725937542,41.41167246319908,18.27963731024016,44.88212347045626,43.53784377515992,65.76320191548704,50.92543008385974,78.41583261252478
2025-03-09 20:17:28.887667,899.0,525.0,324.0,2599.0,1665.0,561.0,61.77840411882603,72.6573241328666,55.33631901859855,41.3180385571919,18.285878597593985,44.79518898275565,43.55088151633027,65.50717368585457,50.77243586692125,77.6477490971298
2025-03-09 20:17:28.887667,906.0,511.0,321.0,2599.0,1665.0,560.0,61.77840411882603,72.6573241328666,55.33631901859855,41.3180385571919,18.285878597593985,44.79518898275565,43.55088151633027,65.50717368585457,50.77243586692125,77.6477490971298
2025-03-09 20:17:28.887667,912.0,511.0,327.0,2595.0,1665.0,560.0,61.77840411882603,72.6573241328666,55.33631901859855,41.3180385571919,18.285878597593985,44.79518898275565,43.55088151633027,65.50717368585457,50.77243586692125,77.6477490971298
2025-03-09 20:17:28.896000,913.0,511.0,325.0,2597.0,1663.0,557.0,61.46755662818929,72.43616262794508,55.05300898459174,41.22570356129455,18.28531379573083,44.70753111829876,43.563097353308414,65.24751710656362,50.61315550594002,76.88817560843302
2025-03-09 20:17:28.896000,918.0,526.0,327.0,2602.0,1664.0,559.0,61.46755662818929,72.43616262794508,55.05300898459174,41.22570356129455,18.28531379573083,44.70753111829876,43.563097353308414,65.24751710656362,50.61315550594002,76.88817560843302
2025-03-09 20:17:28.896000,926.0,527.0,320.0,2598.0,1665.0,558.0,61.46755662818929,72.43616262794508,55.05300898459174,41.22570356129455,18.28531379573083,44.70753111829876,43.563097353308414,65.24751710656362,50.61315550594002,76.88817560843302
2025-03-09 20:17:28.896000,977.0,527.0,320.0,2597.0,1664.0,550.0,61.46755662818929,72.43616262794508,55.05300898459174,41.22570356129455,18.28531379573083,44.70753111829876,43.563097353308414,65.24751710656362,50.61315550594002,76.88817560843302
2025-03-09 20:17:28.904333,988.0,529.0,326.0,2601.0,1659.0,551.0,61.16248107577725,72.20640682548857,54.76422544791981,41.133111339452135,18.279894477701983,44.6189013915187,43.57402787382911,64.98127884267643,50.443842653117606,76.1423442319907
2025-03-09 20:17:28.904333,987.0,529.0,328.0,2593.0,1662.0,551.0,61.16248107577725,72.20640682548857,54.76422544791981,41.133111339452135,18.279894477701983,44.6189013915187,43.57402787382911,64.98127884267643,50.443842653117606,76.1423442319907
2025-03-09 20:17:28.904333,991.0,528.0,328.0,2601.0,1664.0,553.0,61.16248107577725,72.20640682548857,54.76422544791981,41.133111339452135,18.279894477701983,44.6189013915187,43.57402787382911,64.98127884267643,50.443842653117606,76.1423442319907
2025-03-09 20:17:28.912667,999.0,530.0,330.0,2593.0,1663.0,553.0,60.86401332486941,71.96796574582257,54.47154194023623,41.03803841737362,18.272719956716433,44.52870892663784,43.5837466174889,64.70670354567028,50.26023670542914,75.41538515441671
2025-03-09 20:17:28.912667,1006.0,528.0,324.0,2593.0,1664.0,551.0,60.86401332486941,71.96796574582257,54.47154194023623,41.03803841737362,18.272719956716433,44.52870892663784,43.5837466174889,64.70670354567028,50.26023670542914,75.41538515441671
2025-03-09 20:17:28.912667,1008.0,528.0,325.0,2593.0,1660.0,546.0,60.86401332486941,71.96796574582257,54.47154194023623,41.03803841737362,18.272719956716433,44.52870892663784,43.5837466174889,64.70670354567028,50.26023670542914,75.41538515441671
2025-03-09 20:17:28.912667,1054.0,533.0,323.0,2593.0,1660.0,542.0,60.86401332486941,71.96796574582257,54.47154194023623,41.03803841737362,18.272719956716433,44.52870892663784,43.5837466174889,64.70670354567028,50.26023670542914,75.41538515441671
2025-03-09 20:17:28.921000,1050.0,530.0,322.0,2593.0,1661.0,544.0,60.57300068024785,71.7213422098552,54.174141375947805,40.93751301371403,18.26652622083791,44.435787099164976,43.593649761970894,64.42184101357006,50.05766060878298,74.70366145840944
2025-03-09 20:17:28.921000,1056.0,538.0,324.0,2592.0,1663.0,542.0,60.57300068024785,71.7213422098552,54.174141375947805,40.93751301371403,18.26652622083791,44.435787099164976,43.593649761970894,64.42184101357006,50.05766060878298,74.70366145840944
2025-03-09 20:17:28.921000,1057.0,537.0,323.0,2591.0,1661.0,539.0,60.57300068024785,71.7213422098552,54.174141375947805,40.93751301371403,18.26652622083791,44.435787099164976,43.593649761970894,64.42184101357006,50.05766060878298,74.70366145840944
2025-03-09 20:17:28.929333,1068.0,535.0,326.0,2586.0,1658.0,538.0,60.28924833890692,71.46707284556253,53.87052734760295,40.82692093855328,18.263368923569516,44.33727867452712,43.60480967861659,64.12454356471969,49.83129888920147,74.00543662985115
2025-03-09 20:17:28.929333,1066.0,532.0,326.0,2583.0,1659.0,538.0,60.28924833890692,71.46707284556253,53.87052734760295,40.82692093855328,18.263368923569516,44.33727867452712,43.60480967861659,64.12454356471969,49.83129888920147,74.00543662985115
2025-03-09 20:17:28.929333,1067.0,535.0,320.0,2587.0,1659.0,535.0,60.28924833890692,71.46707284556253,53.87052734760295,40.82692093855328,18.263368923569516,44.33727867452712,43.60480967861659,64.12454356471969,49.83129888920147,74.00543662985115
2025-03-09 20:17:28.929333,1081.0,534.0,332.0,2589.0,1651.0,530.0,60.28924833890692,71.46707284556253,53.87052734760295,40.82692093855328,18.263368923569516,44.33727867452712,43.60480967861659,64.12454356471969,49.83129888920147,74.00543662985115
2025-03-09 20:17:28.937667,1086.0,541.0,325.0,2590.0,1651.0,528.0,60.01184737402812,71.20550767140595,53.55923181589696,40.70814612428168,18.260779331597675,44.233884329101535,43.61627416080649,63.81597024875231,49.58458683751815,73.32340714127986
2025-03-09 20:17:28.937667,1091.0,545.0,329.0,2585.0,1654.0,530.0,60.01184737402812,71.20550767140595,53.55923181589696,40.70814612428168,18.260779331597675,44.233884329101535,43.61627416080649,63.81597024875231,49.58458683751815,73.32340714127986
2025-03-09 20:17:28.937667,1091.0,538.0,323.0,2586.0,1649.0,528.0,60.01184737402812,71.20550767140595,53.55923181589696,40.70814612428168,18.260779331597675,44.233884329101535,43.61627416080649,63.81597024875231,49.58458683751815,73.32340714127986
2025-03-09 20:17:28.946000,1091.0,539.0,320.0,2591.0,1649.0,530.0,59.739606067083095,70.93656621732458,53.23725068072781,40.6136019339504,18.24660668627685,44.148090306104514,43.625921500531824,63.50721553636467,49.34982181079355,72.6589012233608
2025-03-09 20:17:28.946000,1089.0,540.0,327.0,2587.0,1650.0,528.0,59.739606067083095,70.93656621732458,53.23725068072781,40.6136019339504,18.24660668627685,44.148090306104514,43.625921500531824,63.50721553636467,49.34982181079355,72.6589012233608
2025-03-09 20:17:28.946000,1095.0,542.0,326.0,2589.0,1650.0,528.0,59.739606067083095,70.93656621732458,53.23725068072781,40.6136019339504,18.24660668627685,44.148090306104514,43.625921500531824,63.50721553636467,49.34982181079355,72.6589012233608
2025-03-09 20:17:28.946000,1101.0,544.0,327.0,2587.0,1648.0,511.0,59.739606067083095,70.93656621732458,53.23725068072781,40.6136019339504,18.24660668627685,44.148090306104514,43.625921500531824,63.50721553636467,49.34982181079355,72.6589012233608
2025-03-09 20:17:28.954333,1102.0,541.0,324.0,2585.0,1648.0,511.0,59.47240860970795,70.66115616028827,52.90175971761913,40.568457395662485,18.2154501469434,44.09769926270264,43.64035751456019,63.210765206153944,49.15273503644502,72.01271693738035
2025-03-09 20:17:28.954333,1099.0,539.0,322.0,2559.0,1648.0,525.0,59.47240860970795,70.66115616028827,52.90175971761913,40.568457395662485,18.2154501469434,44.09769926270264,43.64035751456019,63.210765206153944,49.15273503644502,72.01271693738035
2025-03-09 20:17:28.954333,1102.0,542.0,319.0,2585.0,1648.0,525.0,59.47240860970795,70.66115616028827,52.90175971761913,40.568457395662485,18.2154501469434,44.09769926270264,43.64035751456019,63.210765206153944,49.15273503644502,72.01271693738035
2025-03-09 20:17:28.962667,1104.0,547.0,320.0,2559.0,1648.0,511.0,59.210081927280804,70.3808806736568,52.55118206386902,40.543850359601485,18.180114169693674,44.06136671124618,43.67324745245463,62.92459173027356,48.96952112849051,71.38453753997948
2025-03-09 20:17:28.962667,1091.0,544.0,327.0,2559.0,1648.0,511.0,59.210081927280804,70.3808806736568,52.55118206386902,40.543850359601485,18.180114169693674,44.06136671124618,43.67324745245463,62.92459173027356,48.96952112849051,71.38453753997948
2025-03-09 20:17:28.962667,1095.0,544.0,323.0,2582.0,1648.0,511.0,59.210081927280804,70.3808806736568,52.55118206386902,40.543850359601485,18.180114169693674,44.06136671124618,43.67324745245463,62.92459173027356,48.96952112849051,71.38453753997948
2025-03-09 20:17:28.971000,1088.0,543.0,323.0,2582.0,1648.0,511.0,58.950747871049,70.09646176060326,52.18576514659102,40.51282097904104,18.150034941393795,44.01893367541506,43.73013500764137,62.64367765201854,48.77818328950772,70.77398764361905
2025-03-09 20:17:28.971000,1083.0,545.0,327.0,2559.0,1646.0,511.0,58.950747871049,70.09646176060326,52.18576514659102,40.51282097904104,18.150034941393795,44.01893367541506,43.73013500764137,62.64367765201854,48.77818328950772,70.77398764361905
2025-03-09 20:17:28.971000,1084.0,544.0,327.0,2559.0,1648.0,511.0,58.950747871049,70.09646176060326,52.18576514659102,40.51282097904104,18.150034941393795,44.01893367541506,43.73013500764137,62.64367765201854,48.77818328950772,70.77398764361905
2025-03-09 20:17:28.971000,1085.0,545.0,329.0,2559.0,1645.0,510.0,58.950747871049,70.09646176060326,52.18576514659102,40.51282097904104,18.150034941393795,44.01893367541506,43.73013500764137,62.64367765201854,48.77818328950772,70.77398764361905
2025-03-09 20:17:28.979333,1081.0,549.0,331.0,2559.0,1647.0,511.0,58.69255659171753,69.80773800865653,51.807863781837675,40.47484994293175,18.12322124388487,43.96895982877548,43.80754619002577,62.36874205748223,48.581196125416376,70.18104545847903
2025-03-09 20:17:28.979333,1076.0,550.0,324.0,2559.0,1647.0,511.0,58.69255659171753,69.80773800865653,51.807863781837675,40.47484994293175,18.12322124388487,43.96895982877548,43.80754619002577,62.36874205748223,48.581196125416376,70.18104545847903
2025-03-09 20:17:28.979333,1074.0,542.0,320.0,2559.0,1648.0,510.0,58.69255659171753,69.80773800865653,51.807863781837675,40.47484994293175,18.12322124388487,43.96895982877548,43.80754619002577,62.36874205748223,48.581196125416376,70.18104545847903
2025-03-09 20:17:28.987667,1056.0,548.0,329.0,2559.0,1639.0,507.0,58.434515797226524,69.51431261472547,51.420407827022075,40.43354775152911,18.094415510293747,43.91265636678852,43.89906710371176,62.101141047118176,48.384546080433545,69.60460203173918
2025-03-09 20:17:28.987667,1055.0,545.0,326.0,2559.0,1639.0,507.0,58.434515797226524,69.51431261472547,51.420407827022075,40.43354775152911,18.094415510293747,43.91265636678852,43.89906710371176,62.101141047118176,48.384546080433545,69.60460203173918
2025-03-09 20:17:28.987667,1050.0,542.0,320.0,2559.0,1641.0,501.0,58.434515797226524,69.51431261472547,51.420407827022075,40.43354775152911,18.094415510293747,43.91265636678852,43.89906710371176,62.101141047118176,48.384546080433545,69.60460203173918
2025-03-09 20:17:28.987667,1051.0,545.0,331.0,2559.0,1642.0,504.0,58.434515797226524,69.51431261472547,51.420407827022075,40.43354775152911,18.094415510293747,43.91265636678852,43.89906710371176,62.101141047118176,48.384546080433545,69.60460203173918
2025-03-09 20:17:28.996000,1050.0,544.0,320.0,2559.0,1643.0,505.0,58.17590116024175,69.21699390270771,51.02643709269119,40.39311850629628,18.061576096062957,43.85320627327693,44.000157039112516,61.841184099731926,48.193503565104265,69.04357700306797
2025-03-09 20:17:28.996000,1049.0,549.0,330.0,2559.0,1643.0,500.0,58.17590116024175,69.21699390270771,51.02643709269119,40.39311850629628,18.061576096062957,43.85320627327693,44.000157039112516,61.841184099731926,48.193503565104265,69.04357700306797
2025-03-09 20:17:28.996000,1047.0,544.0,330.0,2559.0,1643.0,503.0,58.17590116024175,69.21699390270771,51.02643709269119,40.39311850629628,18.061576096062957,43.85320627327693,44.000157039112516,61.841184099731926,48.193503565104265,69.04357700306797
2025-03-09 20:17:29.004333,1043.0,543.0,322.0,2559.0,1643.0,501.0,57.91617093534357,68.9179447537356,50.63020540247745,40.35434323476135,18.025587160869026,43.791706624390656,44.10827335754672,61.589582831199316,48.01105306698968,68.49873187432758
2025-03-09 20:17:29.004333,1015.0,541.0,320.0,2559.0,1646.0,496.0,57.91617093534357,68.9179447537356,50.63020540247745,40.35434323476135,18.025587160869026,43.791706624390656,44.10827335754672,61.589582831199316,48.01105306698968,68.49873187432758
2025-03-09 20:17:29.004333,1013.0,543.0,327.0,2559.0,1647.0,496.0,57.91617093534357,68.9179447537356,50.63020540247745,40.35434323476135,18.025587160869026,43.791706624390656,44.10827335754672,61.589582831199316,48.01105306698968,68.49873187432758
2025-03-09 20:17:29.004333,1015.0,543.0,327.0,2559.0,1646.0,496.0,57.91617093534357,68.9179447537356,50.63020540247745,40.35434323476135,18.025587160869026,43.791706624390656,44.10827335754672,61.589582831199316,48.01105306698968,68.49873187432758
2025-03-09 20:17:29.012667,1009.0,549.0,322.0,2559.0,1642.0,497.0,57.656420290942464,68.61867096354838,50.23663271737914,40.319026141827955,17.98729646311458,43.72983263098376,44.22150667836792,61.34829630884077,47.83959251190157,67.97167345694112
2025-03-09 20:17:29.012667,1008.0,542.0,326.0,2559.0,1637.0,495.0,57.656420290942464,68.61867096354838,50.23663271737914,40.319026141827955,17.98729646311458,43.72983263098376,44.22150667836792,61.34829630884077,47.83959251190157,67.97167345694112
2025-03-09 20:17:29.012667,1007.0,544.0,323.0,2559.0,1638.0,496.0,57.656420290942464,68.61867096354838,50.23663271737914,40.319026141827955,17.98729646311458,43.72983263098376,44.22150667836792,61.34829630884077,47.83959251190157,67.97167345694112
2025-03-09 20:17:29.021000,1006.0,548.0,320.0,2559.0,1638.0,496.0,57.39841244910833,68.31943170356047,49.85017401908456,40.28998620356896,17.94831936711834,43.670594470563415,44.337849547198275,61.11775601556438,47.67943240480598,67.46315944017671
2025-03-09 20:17:29.021000,987.0,547.0,321.0,2559.0,1639.0,487.0,57.39841244910833,68.31943170356047,49.85017401908456,40.28998620356896,17.94831936711834,43.670594470563415,44.337849547198275,61.11775601556438,47.67943240480598,67.46315944017671
2025-03-09 20:17:29.021000,988.0,553.0,327.0,2559.0,1641.0,487.0,57.39841244910833,68.31943170356047,49.85017401908456,40.28998620356896,17.94831936711834,43.670594470563415,44.337849547198275,61.11775601556438,47.67943240480598,67.46315944017671
2025-03-09 20:17:29.021000,982.0,535.0,326.0,2559.0,1644.0,487.0,57.39841244910833,68.31943170356047,49.85017401908456,40.28998620356896,17.94831936711834,43.670594470563415,44.337849547198275,61.11775601556438,47.67943240480598,67.46315944017671
2025-03-09 20:17:29.029333,980.0,556.0,325.0,2559.0,1643.0,486.0,57.140801497380394,68.02014709514732,49.47354254067081,40.26544886312672,17.907309303848216,43.612792936212394,44.45068871682847,60.894479137393965,47.52916852900292,66.97296799598216
2025-03-09 20:17:29.029333,976.0,548.0,326.0,2559.0,1641.0,486.0,57.140801497380394,68.02014709514732,49.47354254067081,40.26544886312672,17.907309303848216,43.612792936212394,44.45068871682847,60.894479137393965,47.52916852900292,66.97296799598216
2025-03-09 20:17:29.029333,979.0,549.0,325.0,2559.0,1643.0,487.0,57.140801497380394,68.02014709514732,49.47354254067081,40.26544886312672,17.907309303848216,43.612792936212394,44.45068871682847,60.894479137393965,47.52916852900292,66.97296799598216
2025-03-09 20:17:29.037667,977.0,550.0,335.0,2559.0,1641.0,482.0,56.881567887935304,67.72086618669773,49.10709605396079,40.24200079123098,17.860406721808918,43.55375093600653,44.5512423911474,60.67266253969731,47.38673206939529,66.50156779634337
2025-03-09 20:17:29.037667,962.0,549.0,329.0,2559.0,1648.0,480.0,56.881567887935304,67.72086618669773,49.10709605396079,40.24200079123098,17.860406721808918,43.55375093600653,44.5512423911474,60.67266253969731,47.38673206939529,66.50156779634337
2025-03-09 20:17:29.037667,961.0,547.0,329.0,2559.0,1648.0,479.0,56.881567887935304,67.72086618669773,49.10709605396079,40.24200079123098,17.860406721808918,43.55375093600653,44.5512423911474,60.67266253969731,47.38673206939529,66.50156779634337
2025-03-09 20:17:29.037667,955.0,557.0,328.0,2559.0,1647.0,476.0,56.881567887935304,67.72086618669773,49.10709605396079,40.24200079123098,17.860406721808918,43.55375093600653,44.5512423911474,60.67266253969731,47.38673206939529,66.50156779634337
2025-03-09 20:17:29.046000,960.0,554.0,325.0,2559.0,1649.0,477.0,56.6208379282763,67.42203863022308,48.749749397971904,40.21749542411237,17.806658414598857,43.492135216494695,44.63747426711427,60.44984748037084,47.24987042773927,66.05089167634156
2025-03-09 20:17:29.046000,958.0,550.0,330.0,2559.0,1648.0,475.0,56.6208379282763,67.42203863022308,48.749749397971904,40.21749542411237,17.806658414598857,43.492135216494695,44.63747426711427,60.44984748037084,47.24987042773927,66.05089167634156
2025-03-09 20:17:29.046000,951.0,555.0,330.0,2559.0,1648.0,474.0,56.6208379282763,67.42203863022308,48.749749397971904,40.21749542411237,17.806658414598857,43.492135216494695,44.63747426711427,60.44984748037084,47.24987042773927,66.05089167634156
2025-03-09 20:17:29.054333,953.0,558.0,320.0,2559.0,1650.0,478.0,56.35908382183487,67.12406585530185,48.40134915626523,40.19194433455707,17.74794004595039,43.42882384590444,44.710594467479346,60.22535477972642,47.11730610249405,65.62250958135064
2025-03-09 20:17:29.054333,949.0,548.0,330.0,2559.0,1653.0,475.0,56.35908382183487,67.12406585530185,48.40134915626523,40.19194433455707,17.74794004595039,43.42882384590444,44.710594467479346,60.22535477972642,47.11730610249405,65.62250958135064
2025-03-09 20:17:29.054333,938.0,556.0,331.0,2559.0,1664.0,469.0,56.35908382183487,67.12406585530185,48.40134915626523,40.19194433455707,17.74794004595039,43.42882384590444,44.710594467479346,60.22535477972642,47.11730610249405,65.62250958135064
2025-03-09 20:17:29.054333,932.0,556.0,318.0,2559.0,1662.0,466.0,56.35908382183487,67.12406585530185,48.40134915626523,40.19194433455707,17.74794004595039,43.42882384590444,44.710594467479346,60.22535477972642,47.11730610249405,65.62250958135064
2025-03-09 20:17:29.062667,935.0,557.0,328.0,2559.0,1664.0,468.0,56.0969075626498,66.82630082931082,48.06287362638873,40.16916657618845,17.685687450380023,43.36794921801347,44.770088779166564,59.99789387614646,46.98935704569095,65.2168013743763
2025-03-09 20:17:29.062667,930.0,556.0,331.0,2559.0,1664.0,469.0,56.0969075626498,66.82630082931082,48.06287362638873,40.16916657618845,17.685687450380023,43.36794921801347,44.770088779166564,59.99789387614646,46.98935704569095,65.2168013743763
2025-03-09 20:17:29.062667,928.0,558.0,333.0,2559.0,1665.0,465.0,56.0969075626498,66.82630082931082,48.06287362638873,40.16916657618845,17.685687450380023,43.36794921801347,44.770088779166564,59.99789387614646,46.98935704569095,65.2168013743763
2025-03-09 20:17:29.071000,930.0,561.0,326.0,2559.0,1664.0,467.0,55.83566081468132,66.52763425974172,47.735757008258794,40.1506143200535,17.623040476501007,43.31185904958927,44.81668912072674,59.76644412013124,46.86297379063963,64.83352325987966
2025-03-09 20:17:29.071000,923.0,556.0,326.0,2558.0,1664.0,467.0,55.83566081468132,66.52763425974172,47.735757008258794,40.1506143200535,17.623040476501007,43.31185904958927,44.81668912072674,59.76644412013124,46.86297379063963,64.83352325987966
2025-03-09 20:17:29.071000,911.0,557.0,327.0,2555.0,1670.0,464.0,55.83566081468132,66.52763425974172,47.735757008258794,40.1506143200535,17.623040476501007,43.31185904958927,44.81668912072674,59.76644412013124,46.86297379063963,64.83352325987966
2025-03-09 20:17:29.071000,912.0,559.0,327.0,2556.0,1673.0,464.0,55.83566081468132,66.52763425974172,47.735757008258794,40.1506143200535,17.623040476501007,43.31185904958927,44.81668912072674,59.76644412013124,46.86297379063963,64.83352325987966
2025-03-09 20:17:29.079333,912.0,555.0,324.0,2559.0,1676.0,464.0,55.576510246078186,66.22754450426568,47.4200142567722,40.13338351749769,17.565125517053872,43.25935713869581,44.854473719440406,59.53076227429038,46.73217949110794,64.4720031984273
2025-03-09 20:17:29.079333,907.0,554.0,325.0,2554.0,1674.0,462.0,55.576510246078186,66.22754450426568,47.4200142567722,40.13338351749769,17.565125517053872,43.25935713869581,44.854473719440406,59.53076227429038,46.73217949110794,64.4720031984273
2025-03-09 20:17:29.079333,907.0,560.0,327.0,2559.0,1671.0,462.0,55.576510246078186,66.22754450426568,47.4200142567722,40.13338351749769,17.565125517053872,43.25935713869581,44.854473719440406,59.53076227429038,46.73217949110794,64.4720031984273
2025-03-09 20:17:29.087667,904.0,558.0,326.0,2559.0,1678.0,463.0,55.31991744210681,65.9267659158746,47.11412957297104,40.115879477723965,17.513673518499328,43.209031931818814,44.88778035691952,59.292969424580896,46.5961462550023,64.13197072329991
2025-03-09 20:17:29.087667,906.0,560.0,326.0,2559.0,1679.0,462.0,55.31991744210681,65.9267659158746,47.11412957297104,40.115879477723965,17.513673518499328,43.209031931818814,44.88778035691952,59.292969424580896,46.5961462550023,64.13197072329991
2025-03-09 20:17:29.087667,903.0,558.0,326.0,2559.0,1678.0,464.0,55.31991744210681,65.9267659158746,47.11412957297104,40.115879477723965,17.513673518499328,43.209031931818814,44.88778035691952,59.292969424580896,46.5961462550023,64.13197072329991
2025-03-09 20:17:29.087667,887.0,560.0,329.0,2558.0,1686.0,453.0,55.31991744210681,65.9267659158746,47.11412957297104,40.115879477723965,17.513673518499328,43.209031931818814,44.88778035691952,59.292969424580896,46.5961462550023,64.13197072329991
2025-03-09 20:17:29.096000,883.0,566.0,322.0,2551.0,1690.0,449.0,55.06593120143308,65.62664955824592,46.81639820191396,40.100646822298025,17.466065267756594,43.161877227912996,44.91838039451714,59.05619037214142,46.46022056462626,63.81205721257465
2025-03-09 20:17:29.096000,886.0,563.0,323.0,2554.0,1690.0,453.0,55.06593120143308,65.62664955824592,46.81639820191396,40.100646822298025,17.466065267756594,43.161877227912996,44.91838039451714,59.05619037214142,46.46022056462626,63.81205721257465
2025-03-09 20:17:29.096000,884.0,560.0,330.0,2554.0,1690.0,451.0,55.06593120143308,65.62664955824592,46.81639820191396,40.100646822298025,17.466065267756594,43.161877227912996,44.91838039451714,59.05619037214142,46.46022056462626,63.81205721257465
2025-03-09 20:17:29.096000,883.0,560.0,327.0,2559.0,1688.0,453.0,55.06593120143308,65.62664955824592,46.81639820191396,40.100646822298025,17.466065267756594,43.161877227912996,44.91838039451714,59.05619037214142,46.46022056462626,63.81205721257465
2025-03-09 20:17:29.104333,881.0,560.0,323.0,2558.0,1687.0,449.0,54.81520030157353,65.33010850923485,46.526031964064764,40.08985261712105,17.41901077057243,43.11854408940448,44.94745244751923,58.824383486629976,46.33108328943683,63.51147755135509
2025-03-09 20:17:29.104333,880.0,560.0,328.0,2553.0,1687.0,450.0,54.81520030157353,65.33010850923485,46.526031964064764,40.08985261712105,17.41901077057243,43.11854408940448,44.94745244751923,58.824383486629976,46.33108328943683,63.51147755135509
2025-03-09 20:17:29.104333,867.0,563.0,335.0,2548.0,1696.0,448.0,54.81520030157353,65.33010850923485,46.526031964064764,40.08985261712105,17.41901077057243,43.11854408940448,44.94745244751923,58.824383486629976,46.33108328943683,63.51147755135509
2025-03-09 20:17:29.112667,870.0,560.0,317.0,2549.0,1696.0,447.0,54.56891274114776,65.0411738586029,46.24335072766456,40.07873724151444,17.37145219513548,43.07432717255556,44.97670826914651,58.60145473407203,46.209999434772676,63.23192593710038
2025-03-09 20:17:29.112667,868.0,566.0,330.0,2550.0,1693.0,443.0,54.56891274114776,65.0411738586029,46.24335072766456,40.07873724151444,17.37145219513548,43.07432717255556,44.97670826914651,58.60145473407203,46.209999434772676,63.23192593710038
2025-03-09 20:17:29.112667,865.0,566.0,331.0,2547.0,1696.0,445.0,54.56891274114776,65.0411738586029,46.24335072766456,40.07873724151444,17.37145219513548,43.07432717255556,44.97670826914651,58.60145473407203,46.209999434772676,63.23192593710038
2025-03-09 20:17:29.112667,867.0,564.0,324.0,2554.0,1697.0,447.0,54.56891274114776,65.0411738586029,46.24335072766456,40.07873724151444,17.37145219513548,43.07432717255556,44.97670826914651,58.60145473407203,46.209999434772676,63.23192593710038
2025-03-09 20:17:29.121000,869.0,565.0,332.0,2545.0,1698.0,442.0,54.32804849808384,64.76300843707473,45.969193847804625,40.06180999631845,17.32510559948751,43.02532358495556,45.00699434878012,58.38793096317203,46.09446570035004,62.97460927447691
2025-03-09 20:17:29.121000,869.0,562.0,331.0,2550.0,1691.0,442.0,54.32804849808384,64.76300843707473,45.969193847804625,40.06180999631845,17.32510559948751,43.02532358495556,45.00699434878012,58.38793096317203,46.09446570035004,62.97460927447691
2025-03-09 20:17:29.121000,867.0,569.0,322.0,2549.0,1696.0,441.0,54.32804849808384,64.76300843707473,45.969193847804625,40.06180999631845,17.32510559948751,43.02532358495556,45.00699434878012,58.38793096317203,46.09446570035004,62.97460927447691
2025-03-09 20:17:29.121000,863.0,566.0,323.0,2549.0,1702.0,437.0,54.32804849808384,64.76300843707473,45.969193847804625,40.06180999631845,17.32510559948751,43.02532358495556,45.00699434878012,58.38793096317203,46.09446570035004,62.97460927447691
2025-03-09 20:17:29.129333,859.0,573.0,331.0,2547.0,1699.0,442.0,54.09264964283925,64.49646450248389,45.70435712192393,40.03857544481566,17.281924121391903,42.97231177665942,45.03771569825796,58.181841745035044,45.983168488839276,62.739165839223524
2025-03-09 20:17:29.129333,858.0,567.0,325.0,2546.0,1702.0,435.0,54.09264964283925,64.49646450248389,45.70435712192393,40.03857544481566,17.281924121391903,42.97231177665942,45.03771569825796,58.181841745035044,45.983168488839276,62.739165839223524
2025-03-09 20:17:29.129333,861.0,567.0,323.0,2546.0,1701.0,435.0,54.09264964283925,64.49646450248389,45.70435712192393,40.03857544481566,17.281924121391903,42.97231177665942,45.03771569825796,58.181841745035044,45.983168488839276,62.739165839223524
2025-03-09 20:17:29.129333,862.0,569.0,333.0,2549.0,1706.0,434.0,54.09264964283925,64.49646450248389,45.70435712192393,40.03857544481566,17.281924121391903,42.97231177665942,45.03771569825796,58.181841745035044,45.983168488839276,62.739165839223524
2025-03-09 20:17:29.137667,855.0,571.0,322.0,2547.0,1703.0,433.0,53.86275778906245,64.24114137995983,45.44853177741099,40.008202477297004,17.242549483100444,42.9148219431368,45.068980338258534,57.98243641458268,45.87443484228246,62.52555708871248
2025-03-09 20:17:29.137667,859.0,561.0,326.0,2547.0,1705.0,434.0,53.86275778906245,64.24114137995983,45.44853177741099,40.008202477297004,17.242549483100444,42.9148219431368,45.068980338258534,57.98243641458268,45.87443484228246,62.52555708871248
2025-03-09 20:17:29.137667,854.0,570.0,334.0,2544.0,1709.0,432.0,53.86275778906245,64.24114137995983,45.44853177741099,40.008202477297004,17.242549483100444,42.9148219431368,45.068980338258534,57.98243641458268,45.87443484228246,62.52555708871248
2025-03-09 20:17:29.146000,855.0,581.0,322.0,2544.0,1709.0,432.0,53.63949904297693,63.99688904362009,45.20136267272374,39.96820479190135,17.206951715811137,42.850325584655984,45.10163196805567,57.790920512662076,45.76563431582469,62.3341897418031
2025-03-09 20:17:29.146000,854.0,568.0,326.0,2544.0,1711.0,432.0,53.63949904297693,63.99688904362009,45.20136267272374,39.96820479190135,17.206951715811137,42.850325584655984,45.10163196805567,57.790920512662076,45.76563431582469,62.3341897418031
2025-03-09 20:17:29.146000,852.0,570.0,320.0,2546.0,1711.0,431.0,53.63949904297693,63.99688904362009,45.20136267272374,39.96820479190135,17.206951715811137,42.850325584655984,45.10163196805567,57.790920512662076,45.76563431582469,62.3341897418031
2025-03-09 20:17:29.154333,854.0,570.0,330.0,2548.0,1712.0,432.0,53.42502144503485,63.76406875514107,44.963456171877404,39.91954577911879,17.17428178710635,42.77918321103566,45.13582073965348,57.609320949888826,45.65678381611305,62.16468101409722
2025-03-09 20:17:29.154333,851.0,570.0,335.0,2544.0,1711.0,432.0,53.42502144503485,63.76406875514107,44.963456171877404,39.91954577911879,17.17428178710635,42.77918321103566,45.13582073965348,57.609320949888826,45.65678381611305,62.16468101409722
2025-03-09 20:17:29.154333,854.0,567.0,325.0,2544.0,1712.0,432.0,53.42502144503485,63.76406875514107,44.963456171877404,39.91954577911879,17.17428178710635,42.77918321103566,45.13582073965348,57.609320949888826,45.65678381611305,62.16468101409722
2025-03-09 20:17:29.154333,852.0,571.0,334.0,2548.0,1711.0,432.0,53.42502144503485,63.76406875514107,44.963456171877404,39.91954577911879,17.17428178710635,42.77918321103566,45.13582073965348,57.609320949888826,45.65678381611305,62.16468101409722
2025-03-09 20:17:29.162667,850.0,586.0,324.0,2544.0,1715.0,426.0,53.22264198101794,63.54416122634661,44.73673332227261,39.8659843570357,17.143744773779396,42.70447868477781,45.17133711916779,57.440283879657116,45.55007814419498,62.016958882091785
2025-03-09 20:17:29.162667,852.0,577.0,331.0,2545.0,1715.0,431.0,53.22264198101794,63.54416122634661,44.73673332227261,39.8659843570357,17.143744773779396,42.70447868477781,45.17133711916779,57.440283879657116,45.55007814419498,62.016958882091785
2025-03-09 20:17:29.162667,853.0,578.0,329.0,2545.0,1713.0,429.0,53.22264198101794,63.54416122634661,44.73673332227261,39.8659843570357,17.143744773779396,42.70447868477781,45.17133711916779,57.440283879657116,45.55007814419498,62.016958882091785
2025-03-09 20:17:29.162667,854.0,578.0,326.0,2544.0,1716.0,427.0,53.22264198101794,63.54416122634661,44.73673332227261,39.8659843570357,17.143744773779396,42.70447868477781,45.17133711916779,57.440283879657116,45.55007814419498,62.016958882091785
2025-03-09 20:17:29.171000,853.0,579.0,322.0,2546.0,1714.0,430.0,53.03542826050539,63.33976875767464,44.52401556794818,39.811165846314125,17.114181553240112,42.62922340778915,45.20725693591895,57.28678571154329,45.44917259652562,61.89303788279438
2025-03-09 20:17:29.171000,857.0,576.0,324.0,2543.0,1715.0,428.0,53.03542826050539,63.33976875767464,44.52401556794818,39.811165846314125,17.114181553240112,42.62922340778915,45.20725693591895,57.28678571154329,45.44917259652562,61.89303788279438
2025-03-09 20:17:29.171000,852.0,576.0,332.0,2544.0,1713.0,425.0,53.03542826050539,63.33976875767464,44.52401556794818,39.811165846314125,17.114181553240112,42.62922340778915,45.20725693591895,57.28678571154329,45.44917259652562,61.89303788279438
2025-03-09 20:17:29.171000,862.0,592.0,326.0,2544.0,1712.0,421.0,53.03542826050539,63.33976875767464,44.52401556794818,39.811165846314125,17.114181553240112,42.62922340778915,45.20725693591895,57.28678571154329,45.44917259652562,61.89303788279438
2025-03-09 20:17:29.179333,862.0,587.0,322.0,2541.0,1712.0,422.0,52.86465075478187,63.153070984683986,44.326817777730355,39.75759266216915,17.085252980830145,42.555877683450845,45.24314789906052,57.14990898004323,45.35719932215064,61.79559736623763
2025-03-09 20:17:29.179333,866.0,587.0,326.0,2544.0,1712.0,418.0,52.86465075478187,63.153070984683986,44.326817777730355,39.75759266216915,17.085252980830145,42.555877683450845,45.24314789906052,57.14990898004323,45.35719932215064,61.79559736623763
2025-03-09 20:17:29.179333,867.0,583.0,322.0,2544.0,1711.0,419.0,52.86465075478187,63.153070984683986,44.326817777730355,39.75759266216915,17.085252980830145,42.555877683450845,45.24314789906052,57.14990898004323,45.35719932215064,61.79559736623763
2025-03-09 20:17:29.187667,864.0,587.0,331.0,2543.0,1712.0,423.0,52.710262851210295,62.98470436029504,44.14554742289342,39.70510935640148,17.057043817040277,42.484373216876484,45.27897106106039,57.029907869578516,45.2746088115048,61.725323114031134
2025-03-09 20:17:29.187667,865.0,589.0,333.0,2544.0,1712.0,418.0,52.710262851210295,62.98470436029504,44.14554742289342,39.70510935640148,17.057043817040277,42.484373216876484,45.27897106106039,57.029907869578516,45.2746088115048,61.725323114031134
2025-03-09 20:17:29.187667,869.0,592.0,324.0,2544.0,1712.0,421.0,52.710262851210295,62.98470436029504,44.14554742289342,39.70510935640148,17.057043817040277,42.484373216876484,45.27897106106039,57.029907869578516,45.2746088115048,61.725323114031134
2025-03-09 20:17:29.187667,874.0,588.0,320.0,2542.0,1711.0,419.0,52.710262851210295,62.98470436029504,44.14554742289342,39.70510935640148,17.057043817040277,42.484373216876484,45.27897106106039,57.029907869578516,45.2746088115048,61.725323114031134
2025-03-09 20:17:29.196000,886.0,595.0,334.0,2543.0,1707.0,413.0,52.572071586721925,62.834616278440826,43.981397890331664,39.65213351712615,17.030537559921378,42.41354890061934,45.31406295844804,56.92651968578251,45.1995622645984,61.68132505561491
2025-03-09 20:17:29.196000,890.0,599.0,334.0,2541.0,1709.0,416.0,52.572071586721925,62.834616278440826,43.981397890331664,39.65213351712615,17.030537559921378,42.41354890061934,45.31406295844804,56.92651968578251,45.1995622645984,61.68132505561491
2025-03-09 20:17:29.196000,892.0,593.0,325.0,2543.0,1708.0,415.0,52.572071586721925,62.834616278440826,43.981397890331664,39.65213351712615,17.030537559921378,42.41354890061934,45.31406295844804,56.92651968578251,45.1995622645984,61.68132505561491
2025-03-09 20:17:29.204333,894.0,595.0,334.0,2541.0,1707.0,414.0,52.45135476414667,62.70426729787489,43.8365615263068,39.59773476984409,17.00681851984049,42.34295511825991,45.348065767928105,56.84078604546616,45.131219967562956,61.66404491523783
2025-03-09 20:17:29.204333,894.0,599.0,331.0,2544.0,1707.0,415.0,52.45135476414667,62.70426729787489,43.8365615263068,39.59773476984409,17.00681851984049,42.34295511825991,45.348065767928105,56.84078604546616,45.131219967562956,61.66404491523783
2025-03-09 20:17:29.204333,896.0,596.0,325.0,2544.0,1705.0,418.0,52.45135476414667,62.70426729787489,43.8365615263068,39.59773476984409,17.00681851984049,42.34295511825991,45.348065767928105,56.84078604546616,45.131219967562956,61.66404491523783
2025-03-09 20:17:29.204333,898.0,597.0,326.0,2541.0,1706.0,415.0,52.45135476414667,62.70426729787489,43.8365615263068,39.59773476984409,17.00681851984049,42.34295511825991,45.348065767928105,56.84078604546616,45.131219967562956,61.66404491523783
2025-03-09 20:17:29.212667,907.0,603.0,329.0,2544.0,1698.0,408.0,52.35015139161912,62.595794950166905,43.71282306033238,39.541963821451986,16.98690595807552,42.273253551009354,45.381120709632135,56.77376449393712,45.06950562999715,61.674319223428185
2025-03-09 20:17:29.212667,910.0,599.0,335.0,2538.0,1696.0,408.0,52.35015139161912,62.595794950166905,43.71282306033238,39.541963821451986,16.98690595807552,42.273253551009354,45.381120709632135,56.77376449393712,45.06950562999715,61.674319223428185
2025-03-09 20:17:29.212667,910.0,605.0,329.0,2542.0,1695.0,407.0,52.35015139161912,62.595794950166905,43.71282306033238,39.541963821451986,16.98690595807552,42.273253551009354,45.381120709632135,56.77376449393712,45.06950562999715,61.674319223428185
2025-03-09 20:17:29.212667,912.0,602.0,327.0,2543.0,1696.0,407.0,52.35015139161912,62.595794950166905,43.71282306033238,39.541963821451986,16.98690595807552,42.273253551009354,45.381120709632135,56.77376449393712,45.06950562999715,61.674319223428185
2025-03-09 20:17:29.221000,912.0,606.0,334.0,2541.0,1694.0,407.0,52.270221581188295,62.510469468328424,43.61106480935162,39.485821631385775,16.972127233708783,42.206340950814486,45.413232016695346,56.72484115213001,45.0137316593127,61.71179608389245
2025-03-09 20:17:29.221000,913.0,607.0,329.0,2538.0,1695.0,409.0,52.270221581188295,62.510469468328424,43.61106480935162,39.485821631385775,16.972127233708783,42.206340950814486,45.413232016695346,56.72484115213001,45.0137316593127,61.71179608389245
2025-03-09 20:17:29.221000,911.0,609.0,332.0,2538.0,1691.0,403.0,52.270221581188295,62.510469468328424,43.61106480935162,39.485821631385775,16.972127233708783,42.206340950814486,45.413232016695346,56.72484115213001,45.0137316593127,61.71179608389245
2025-03-09 20:17:29.229333,913.0,610.0,323.0,2540.0,1692.0,406.0,52.212991330349546,62.44915654548444,43.53231650334156,39.43003468501706,16.96301675619095,42.14326507496025,45.44424909875222,56.69434020878773,44.96361605802577,61.77604515531354
2025-03-09 20:17:29.229333,924.0,610.0,333.0,2535.0,1682.0,400.0,52.212991330349546,62.44915654548444,43.53231650334156,39.43003468501706,16.96301675619095,42.14326507496025,45.44424909875222,56.69434020878773,44.96361605802577,61.77604515531354
2025-03-09 20:17:29.229333,925.0,614.0,332.0,2539.0,1681.0,401.0,52.212991330349546,62.44915654548444,43.53231650334156,39.43003468501706,16.96301675619095,42.14326507496025,45.44424909875222,56.69434020878773,44.96361605802577,61.77604515531354
2025-03-09 20:17:29.229333,929.0,615.0,332.0,2538.0,1681.0,400.0,52.212991330349546,62.44915654548444,43.53231650334156,39.43003468501706,16.96301675619095,42.14326507496025,45.44424909875222,56.69434020878773,44.96361605802577,61.77604515531354
2025-03-09 20:17:29.237667,928.0,614.0,336.0,2538.0,1681.0,400.0,52.179361184357916,62.41251972868757,43.47742847976738,39.375923569803504,16.9585791235158,42.08510114732031,45.473129843993185,56.68275209996068,44.92035324168135,61.86674900391352
2025-03-09 20:17:29.237667,935.0,613.0,336.0,2539.0,1683.0,400.0,52.179361184357916,62.41251972868757,43.47742847976738,39.375923569803504,16.9585791235158,42.08510114732031,45.473129843993185,56.68275209996068,44.92035324168135,61.86674900391352
2025-03-09 20:17:29.237667,937.0,613.0,332.0,2531.0,1681.0,399.0,52.179361184357916,62.41251972868757,43.47742847976738,39.375923569803504,16.9585791235158,42.08510114732031,45.473129843993185,56.68275209996068,44.92035324168135,61.86674900391352
2025-03-09 20:17:29.246000,931.0,611.0,331.0,2538.0,1680.0,399.0,52.1693265317748,62.400160614159745,43.446549314517476,39.32576064111089,16.957479990515786,42.033844115054755,45.49809867922555,56.689035657746054,44.88527259725021,61.98341711983368
2025-03-09 20:17:29.246000,953.0,624.0,333.0,2533.0,1677.0,395.0,52.1693265317748,62.400160614159745,43.446549314517476,39.32576064111089,16.957479990515786,42.033844115054755,45.49809867922555,56.689035657746054,44.88527259725021,61.98341711983368
2025-03-09 20:17:29.246000,953.0,624.0,336.0,2535.0,1678.0,395.0,52.1693265317748,62.400160614159745,43.446549314517476,39.32576064111089,16.957479990515786,42.033844115054755,45.49809867922555,56.689035657746054,44.88527259725021,61.98341711983368
2025-03-09 20:17:29.246000,959.0,623.0,331.0,2531.0,1677.0,394.0,52.1693265317748,62.400160614159745,43.446549314517476,39.32576064111089,16.957479990515786,42.033844115054755,45.49809867922555,56.689035657746054,44.88527259725021,61.98341711983368
2025-03-09 20:17:29.254333,957.0,621.0,335.0,2531.0,1676.0,396.0,52.18186302301771,62.410290297685506,43.43878187241851,39.28112142258825,16.958628611825546,41.9906097342981,45.51804141769935,56.711747701645656,44.858632412126184,62.12514594774539
2025-03-09 20:17:29.254333,961.0,624.0,330.0,2542.0,1675.0,395.0,52.18186302301771,62.410290297685506,43.43878187241851,39.28112142258825,16.958628611825546,41.9906097342981,45.51804141769935,56.711747701645656,44.858632412126184,62.12514594774539
2025-03-09 20:17:29.254333,957.0,624.0,326.0,2531.0,1675.0,395.0,52.18186302301771,62.410290297685506,43.43878187241851,39.28112142258825,16.958628611825546,41.9906097342981,45.51804141769935,56.711747701645656,44.858632412126184,62.12514594774539
2025-03-09 20:17:29.262667,960.0,623.0,331.0,2537.0,1673.0,395.0,52.215202541491664,62.43994185118532,43.452533395641225,39.24179738623793,16.96104776939484,41.954598112665536,45.532165810528326,56.749370754771746,44.838860641823565,62.290321854246976
2025-03-09 20:17:29.262667,965.0,622.0,333.0,2533.0,1673.0,395.0,52.215202541491664,62.43994185118532,43.452533395641225,39.24179738623793,16.96104776939484,41.954598112665536,45.532165810528326,56.749370754771746,44.838860641823565,62.290321854246976
2025-03-09 20:17:29.262667,981.0,619.0,336.0,2531.0,1669.0,390.0,52.215202541491664,62.43994185118532,43.452533395641225,39.24179738623793,16.96104776939484,41.954598112665536,45.532165810528326,56.749370754771746,44.838860641823565,62.290321854246976
2025-03-09 20:17:29.262667,989.0,625.0,323.0,2531.0,1665.0,389.0,52.215202541491664,62.43994185118532,43.452533395641225,39.24179738623793,16.96104776939484,41.954598112665536,45.532165810528326,56.749370754771746,44.838860641823565,62.290321854246976
2025-03-09 20:17:29.271000,979.0,624.0,334.0,2530.0,1664.0,389.0,52.267861896224844,62.4857037286198,43.4850118775153,39.20761731208096,16.964016255461114,41.925065085619536,45.540863059879285,56.80031012586687,44.82368710299807,62.476822068965454
2025-03-09 20:17:29.271000,978.0,624.0,337.0,2533.0,1665.0,390.0,52.267861896224844,62.4857037286198,43.4850118775153,39.20761731208096,16.964016255461114,41.925065085619536,45.540863059879285,56.80031012586687,44.82368710299807,62.476822068965454
2025-03-09 20:17:29.271000,983.0,626.0,326.0,2533.0,1664.0,389.0,52.267861896224844,62.4857037286198,43.4850118775153,39.20761731208096,16.964016255461114,41.925065085619536,45.540863059879285,56.80031012586687,44.82368710299807,62.476822068965454
2025-03-09 20:17:29.279333,979.0,624.0,327.0,2529.0,1662.0,386.0,52.33836880052077,62.54454114268846,43.53324503158365,39.17928371507256,16.967393500464976,41.902309462051065,45.545288131260556,56.862841462968916,44.81168914553211,62.68179239103189
2025-03-09 20:17:29.279333,981.0,626.0,330.0,2530.0,1663.0,389.0,52.33836880052077,62.54454114268846,43.53324503158365,39.17928371507256,16.967393500464976,41.902309462051065,45.545288131260556,56.862841462968916,44.81168914553211,62.68179239103189
2025-03-09 20:17:29.279333,988.0,624.0,336.0,2533.0,1651.0,385.0,52.33836880052077,62.54454114268846,43.53324503158365,39.17928371507256,16.967393500464976,41.902309462051065,45.545288131260556,56.862841462968916,44.81168914553211,62.68179239103189
2025-03-09 20:17:29.279333,991.0,624.0,329.0,2528.0,1648.0,388.0,52.33836880052077,62.54454114268846,43.53324503158365,39.17928371507256,16.967393500464976,41.902309462051065,45.545288131260556,56.862841462968916,44.81168914553211,62.68179239103189
2025-03-09 20:17:29.287667,991.0,625.0,329.0,2528.0,1649.0,386.0,52.424868312853896,62.61471131218157,43.59511054343559,39.15743017438595,16.97085493116236,41.886409084523734,45.546750037931766,56.93633594473033,44.80362635426952,62.90312280576639
2025-03-09 20:17:29.287667,986.0,626.0,333.0,2531.0,1649.0,384.0,52.424868312853896,62.61471131218157,43.59511054343559,39.15743017438595,16.97085493116236,41.886409084523734,45.546750037931766,56.93633594473033,44.80362635426952,62.90312280576639
2025-03-09 20:17:29.287667,987.0,624.0,330.0,2527.0,1648.0,384.0,52.424868312853896,62.61471131218157,43.59511054343559,39.15743017438595,16.97085493116236,41.886409084523734,45.546750037931766,56.93633594473033,44.80362635426952,62.90312280576639
2025-03-09 20:17:29.287667,988.0,624.0,336.0,2527.0,1648.0,385.0,52.424868312853896,62.61471131218157,43.59511054343559,39.15743017438595,16.97085493116236,41.886409084523734,45.546750037931766,56.93633594473033,44.80362635426952,62.90312280576639
2025-03-09 20:17:29.296000,991.0,629.0,333.0,2531.0,1648.0,385.0,52.52596270014967,62.69581674120587,43.66940118391166,39.14143134730986,16.974518369525352,41.87674699930655,45.54613924553944,57.02021440199765,44.80000719978391,63.14034496492653
2025-03-09 20:17:29.296000,987.0,624.0,333.0,2527.0,1648.0,384.0,52.52596270014967,62.69581674120587,43.66940118391166,39.14143134730986,16.974518369525352,41.87674699930655,45.54613924553944,57.02021440199765,44.80000719978391,63.14034496492653
2025-03-09 20:17:29.296000,987.0,626.0,322.0,2523.0,1636.0,379.0,52.52596270014967,62.69581674120587,43.66940118391166,39.14143134730986,16.974518369525352,41.87674699930655,45.54613924553944,57.02021440199765,44.80000719978391,63.14034496492653
2025-03-09 20:17:29.304333,981.0,627.0,336.0,2524.0,1639.0,383.0,52.64059216297262,62.787992528885354,43.754965521682166,39.129920999882515,16.978196697823403,41.87208752140437,45.54408869886658,57.11403388713816,44.80114541724105,63.39282326717331
2025-03-09 20:17:29.304333,990.0,624.0,335.0,2527.0,1634.0,383.0,52.64059216297262,62.787992528885354,43.754965521682166,39.129920999882515,16.978196697823403,41.87208752140437,45.54408869886658,57.11403388713816,44.80114541724105,63.39282326717331
2025-03-09 20:17:29.304333,979.0,624.0,326.0,2527.0,1635.0,383.0,52.64059216297262,62.787992528885354,43.754965521682166,39.129920999882515,16.978196697823403,41.87208752140437,45.54408869886658,57.11403388713816,44.80114541724105,63.39282326717331
2025-03-09 20:17:29.304333,984.0,623.0,335.0,2526.0,1635.0,379.0,52.64059216297262,62.787992528885354,43.754965521682166,39.129920999882515,16.978196697823403,41.87208752140437,45.54408869886658,57.11403388713816,44.80114541724105,63.39282326717331
2025-03-09 20:17:29.312667,986.0,625.0,333.0,2525.0,1637.0,381.0,52.7675532940112,62.89138703419733,43.85101205419106,39.12170724808673,16.982140748996045,41.871633306786535,45.540812324860624,57.21672761911687,44.807165019785415,63.658894759383244
2025-03-09 20:17:29.312667,979.0,625.0,334.0,2519.0,1631.0,379.0,52.7675532940112,62.89138703419733,43.85101205419106,39.12170724808673,16.982140748996045,41.871633306786535,45.540812324860624,57.21672761911687,44.807165019785415,63.658894759383244
2025-03-09 20:17:29.312667,976.0,621.0,332.0,2528.0,1622.0,381.0,52.7675532940112,62.89138703419733,43.85101205419106,39.12170724808673,16.982140748996045,41.871633306786535,45.540812324860624,57.21672761911687,44.807165019785415,63.658894759383244
2025-03-09 20:17:29.321000,977.0,622.0,332.0,2526.0,1622.0,380.0,52.90581477086724,63.00596971292557,43.957477484397074,39.116809633093354,16.986416262215254,41.87565686953903,45.53564797668501,57.327079559497264,44.81867520337299,63.93689058682955
2025-03-09 20:17:29.321000,976.0,621.0,333.0,2531.0,1620.0,377.0,52.90581477086724,63.00596971292557,43.957477484397074,39.116809633093354,16.986416262215254,41.87565686953903,45.53564797668501,57.327079559497264,44.81867520337299,63.93689058682955
2025-03-09 20:17:29.321000,976.0,623.0,322.0,2528.0,1620.0,378.0,52.90581477086724,63.00596971292557,43.957477484397074,39.116809633093354,16.986416262215254,41.87565686953903,45.53564797668501,57.327079559497264,44.81867520337299,63.93689058682955
2025-03-09 20:17:29.321000,974.0,619.0,327.0,2527.0,1623.0,380.0,52.90581477086724,63.00596971292557,43.957477484397074,39.116809633093354,16.986416262215254,41.87565686953903,45.53564797668501,57.327079559497264,44.81867520337299,63.93689058682955
2025-03-09 20:17:29.329333,973.0,614.0,331.0,2523.0,1622.0,379.0,53.05504759407175,63.13188407092724,44.074372200363776,39.11476086885743,16.99067193457929,41.8834351559232,45.52881884587466,57.44572956790895,44.83631746478882,64.2264718986235
2025-03-09 20:17:29.329333,974.0,624.0,327.0,2528.0,1622.0,380.0,53.05504759407175,63.13188407092724,44.074372200363776,39.11476086885743,16.99067193457929,41.8834351559232,45.52881884587466,57.44572956790895,44.83631746478882,64.2264718986235
2025-03-09 20:17:29.329333,974.0,623.0,334.0,2525.0,1622.0,379.0,53.05504759407175,63.13188407092724,44.074372200363776,39.11476086885743,16.99067193457929,41.8834351559232,45.52881884587466,57.44572956790895,44.83631746478882,64.2264718986235
2025-03-09 20:17:29.337667,965.0,617.0,330.0,2525.0,1619.0,380.0,53.21400446686044,63.26845018816248,44.19978444157546,39.11425124051252,16.993982468315078,41.89299191163579,45.521866034818366,57.57356106214313,44.86063931978615,64.52732605017945
2025-03-09 20:17:29.337667,962.0,621.0,335.0,2525.0,1616.0,379.0,53.21400446686044,63.26845018816248,44.19978444157546,39.11425124051252,16.993982468315078,41.89299191163579,45.521866034818366,57.57356106214313,44.86063931978615,64.52732605017945
2025-03-09 20:17:29.337667,959.0,615.0,336.0,2521.0,1616.0,378.0,53.21400446686044,63.26845018816248,44.19978444157546,39.11425124051252,16.993982468315078,41.89299191163579,45.521866034818366,57.57356106214313,44.86063931978615,64.52732605017945
2025-03-09 20:17:29.337667,961.0,614.0,332.0,2521.0,1616.0,384.0,53.21400446686044,63.26845018816248,44.19978444157546,39.11425124051252,16.993982468315078,41.89299191163579,45.521866034818366,57.57356106214313,44.86063931978615,64.52732605017945
2025-03-09 20:17:29.346000,956.0,608.0,327.0,2528.0,1616.0,378.0,53.380564603038835,63.41382157981125,44.33060292831499,39.11465439862255,16.996694810808467,41.90368032994284,45.5165787556924,57.708997592937436,44.89088847372663,64.8377959186365
2025-03-09 20:17:29.346000,955.0,611.0,327.0,2523.0,1617.0,379.0,53.380564603038835,63.41382157981125,44.33060292831499,39.11465439862255,16.996694810808467,41.90368032994284,45.5165787556924,57.708997592937436,44.89088847372663,64.8377959186365
2025-03-09 20:17:29.346000,956.0,618.0,333.0,2525.0,1614.0,380.0,53.380564603038835,63.41382157981125,44.33060292831499,39.11465439862255,16.996694810808467,41.90368032994284,45.5165787556924,57.708997592937436,44.89088847372663,64.8377959186365
2025-03-09 20:17:29.354333,953.0,613.0,325.0,2525.0,1615.0,378.0,53.554111329512736,63.56689298847947,44.46574684689804,39.11572774807959,17.00061652671368,41.91599662288465,45.51387359326196,57.85010505603234,44.92494186784145,65.15526061896566
2025-03-09 20:17:29.354333,944.0,608.0,336.0,2526.0,1616.0,380.0,53.554111329512736,63.56689298847947,44.46574684689804,39.11572774807959,17.00061652671368,41.91599662288465,45.51387359326196,57.85010505603234,44.92494186784145,65.15526061896566
2025-03-09 20:17:29.354333,940.0,610.0,330.0,2525.0,1613.0,379.0,53.554111329512736,63.56689298847947,44.46574684689804,39.11572774807959,17.00061652671368,41.91599662288465,45.51387359326196,57.85010505603234,44.92494186784145,65.15526061896566
2025-03-09 20:17:29.354333,944.0,605.0,327.0,2523.0,1613.0,378.0,53.554111329512736,63.56689298847947,44.46574684689804,39.11572774807959,17.00061652671368,41.91599662288465,45.51387359326196,57.85010505603234,44.92494186784145,65.15526061896566
2025-03-09 20:17:29.362667,935.0,606.0,325.0,2526.0,1614.0,378.0,53.734344320673344,63.7269862481664,44.606301651008394,39.1174051931322,17.00804052221057,41.93045743082075,45.514112479782376,57.99616290231653,44.96112389302018,65.47841029098417
2025-03-09 20:17:29.362667,931.0,605.0,336.0,2522.0,1613.0,379.0,53.734344320673344,63.7269862481664,44.606301651008394,39.1174051931322,17.00804052221057,41.93045743082075,45.514112479782376,57.99616290231653,44.96112389302018,65.47841029098417
2025-03-09 20:17:29.362667,935.0,599.0,325.0,2526.0,1611.0,381.0,53.734344320673344,63.7269862481664,44.606301651008394,39.1174051931322,17.00804052221057,41.93045743082075,45.514112479782376,57.99616290231653,44.96112389302018,65.47841029098417
2025-03-09 20:17:29.362667,933.0,599.0,331.0,2529.0,1616.0,380.0,53.734344320673344,63.7269862481664,44.606301651008394,39.1174051931322,17.00804052221057,41.93045743082075,45.514112479782376,57.99616290231653,44.96112389302018,65.47841029098417
2025-03-09 20:17:29.371000,916.0,599.0,326.0,2528.0,1607.0,378.0,53.920555493891875,63.8929250409271,44.7534259286729,39.12065335865295,17.018497389836277,41.947135552944424,45.51672559220612,58.148258619804594,45.000332737155006,65.80862162952472
2025-03-09 20:17:29.371000,912.0,598.0,326.0,2525.0,1607.0,383.0,53.920555493891875,63.8929250409271,44.7534259286729,39.12065335865295,17.018497389836277,41.947135552944424,45.51672559220612,58.148258619804594,45.000332737155006,65.80862162952472
2025-03-09 20:17:29.371000,912.0,597.0,322.0,2528.0,1606.0,379.0,53.920555493891875,63.8929250409271,44.7534259286729,39.12065335865295,17.018497389836277,41.947135552944424,45.51672559220612,58.148258619804594,45.000332737155006,65.80862162952472
2025-03-09 20:17:29.379333,912.0,594.0,332.0,2526.0,1611.0,382.0,54.11278569376008,64.0640077837091,44.90754088841442,39.12675554574383,17.028156178837243,41.965663188565465,45.51929521596536,58.3078639125639,45.04500550969674,66.14696844892504
2025-03-09 20:17:29.379333,912.0,594.0,327.0,2530.0,1610.0,381.0,54.11278569376008,64.0640077837091,44.90754088841442,39.12675554574383,17.028156178837243,41.965663188565465,45.51929521596536,58.3078639125639,45.04500550969674,66.14696844892504
2025-03-09 20:17:29.379333,906.0,600.0,329.0,2528.0,1605.0,380.0,54.11278569376008,64.0640077837091,44.90754088841442,39.12675554574383,17.028156178837243,41.965663188565465,45.51929521596536,58.3078639125639,45.04500550969674,66.14696844892504
2025-03-09 20:17:29.379333,906.0,588.0,335.0,2524.0,1606.0,379.0,54.11278569376008,64.0640077837091,44.90754088841442,39.12675554574383,17.028156178837243,41.965663188565465,45.51929521596536,58.3078639125639,45.04500550969674,66.14696844892504
2025-03-09 20:17:29.387667,904.0,594.0,333.0,2527.0,1605.0,379.0,54.31159443829397,64.24046436484497,45.06967612692833,39.136093169046944,17.03501784340005,41.98596419791762,45.519397213285025,58.47512769388782,45.09604384717435,66.49283656011976
2025-03-09 20:17:29.387667,883.0,596.0,327.0,2531.0,1599.0,378.0,54.31159443829397,64.24046436484497,45.06967612692833,39.136093169046944,17.03501784340005,41.98596419791762,45.519397213285025,58.47512769388782,45.09604384717435,66.49283656011976
2025-03-09 20:17:29.387667,885.0,592.0,330.0,2532.0,1600.0,379.0,54.31159443829397,64.24046436484497,45.06967612692833,39.136093169046944,17.03501784340005,41.98596419791762,45.519397213285025,58.47512769388782,45.09604384717435,66.49283656011976
2025-03-09 20:17:29.396000,883.0,589.0,326.0,2527.0,1600.0,379.0,54.5172945309247,64.42309739877142,45.241580502409334,39.149078638817564,17.040041529199524,42.00897918936862,45.51608788466908,58.64959408002231,45.15376359636482,66.84629915834802
2025-03-09 20:17:29.396000,883.0,592.0,333.0,2529.0,1597.0,378.0,54.5172945309247,64.42309739877142,45.241580502409334,39.149078638817564,17.040041529199524,42.00897918936862,45.51608788466908,58.64959408002231,45.15376359636482,66.84629915834802
2025-03-09 20:17:29.396000,880.0,591.0,329.0,2527.0,1595.0,380.0,54.5172945309247,64.42309739877142,45.241580502409334,39.149078638817564,17.040041529199524,42.00897918936862,45.51608788466908,58.64959408002231,45.15376359636482,66.84629915834802
2025-03-09 20:17:29.396000,875.0,591.0,326.0,2531.0,1594.0,378.0,54.5172945309247,64.42309739877142,45.241580502409334,39.149078638817564,17.040041529199524,42.00897918936862,45.51608788466908,58.64959408002231,45.15376359636482,66.84629915834802
2025-03-09 20:17:29.404333,879.0,589.0,330.0,2538.0,1598.0,379.0,54.729589867143225,64.61245490309811,45.42409089618702,39.16743917419025,17.04354625472794,42.036422112331906,45.50909150781128,58.83123879538425,45.22028749653163,67.20853814237404
2025-03-09 20:17:29.404333,863.0,589.0,325.0,2528.0,1591.0,381.0,54.729589867143225,64.61245490309811,45.42409089618702,39.16743917419025,17.04354625472794,42.036422112331906,45.50909150781128,58.83123879538425,45.22028749653163,67.20853814237404
2025-03-09 20:17:29.404333,861.0,587.0,326.0,2537.0,1589.0,381.0,54.729589867143225,64.61245490309811,45.42409089618702,39.16743917419025,17.04354625472794,42.036422112331906,45.50909150781128,58.83123879538425,45.22028749653163,67.20853814237404
2025-03-09 20:17:29.412667,857.0,589.0,325.0,2530.0,1587.0,381.0,54.948361714646055,64.80883860100258,45.617368326644055,39.192694970914005,17.045645537119228,42.069952362200006,45.4979238393034,59.01934991973254,45.296943172175986,67.5809581535749
2025-03-09 20:17:29.412667,854.0,581.0,327.0,2535.0,1587.0,383.0,54.948361714646055,64.80883860100258,45.617368326644055,39.192694970914005,17.045645537119228,42.069952362200006,45.4979238393034,59.01934991973254,45.296943172175986,67.5809581535749
2025-03-09 20:17:29.412667,853.0,582.0,325.0,2535.0,1586.0,378.0,54.948361714646055,64.80883860100258,45.617368326644055,39.192694970914005,17.045645537119228,42.069952362200006,45.4979238393034,59.01934991973254,45.296943172175986,67.5809581535749
2025-03-09 20:17:29.412667,855.0,585.0,325.0,2533.0,1586.0,378.0,54.948361714646055,64.80883860100258,45.617368326644055,39.192694970914005,17.045645537119228,42.069952362200006,45.4979238393034,59.01934991973254,45.296943172175986,67.5809581535749
2025-03-09 20:17:29.421000,857.0,581.0,323.0,2527.0,1584.0,378.0,55.17416558745222,65.01289260938455,45.821735502156585,39.22321150420378,17.046463601626876,42.10829150007351,45.48242157907143,59.21405637751592,45.38275183197433,67.96492951238348
2025-03-09 20:17:29.421000,855.0,581.0,325.0,2529.0,1584.0,379.0,55.17416558745222,65.01289260938455,45.821735502156585,39.22321150420378,17.046463601626876,42.10829150007351,45.48242157907143,59.21405637751592,45.38275183197433,67.96492951238348
2025-03-09 20:17:29.421000,843.0,576.0,321.0,2535.0,1581.0,381.0,55.17416558745222,65.01289260938455,45.821735502156585,39.22321150420378,17.046463601626876,42.10829150007351,45.48242157907143,59.21405637751592,45.38275183197433,67.96492951238348
2025-03-09 20:17:29.429333,847.0,578.0,331.0,2533.0,1580.0,381.0,55.40691342798709,65.22436841898649,46.03806592786109,39.2554486907201,17.04575335561685,42.148111781132584,45.46145687176354,59.41538365580861,45.47522983453839,68.36065091531997
2025-03-09 20:17:29.429333,845.0,576.0,322.0,2532.0,1578.0,377.0,55.40691342798709,65.22436841898649,46.03806592786109,39.2554486907201,17.04575335561685,42.148111781132584,45.46145687176354,59.41538365580861,45.47522983453839,68.36065091531997
2025-03-09 20:17:29.429333,838.0,577.0,323.0,2533.0,1578.0,381.0,55.40691342798709,65.22436841898649,46.03806592786109,39.2554486907201,17.04575335561685,42.148111781132584,45.46145687176354,59.41538365580861,45.47522983453839,68.36065091531997
2025-03-09 20:17:29.429333,842.0,576.0,330.0,2534.0,1581.0,381.0,55.40691342798709,65.22436841898649,46.03806592786109,39.2554486907201,17.04575335561685,42.148111781132584,45.46145687176354,59.41538365580861,45.47522983453839,68.36065091531997
2025-03-09 20:17:29.437667,842.0,574.0,325.0,2533.0,1575.0,379.0,55.64629159663061,65.44247065938848,46.26609050072659,39.28819857962728,17.044064952213514,42.18877408466656,45.43435347188321,59.62157868862182,45.572249597534395,68.76839294454362
2025-03-09 20:17:29.437667,838.0,577.0,323.0,2535.0,1579.0,381.0,55.64629159663061,65.44247065938848,46.26609050072659,39.28819857962728,17.044064952213514,42.18877408466656,45.43435347188321,59.62157868862182,45.572249597534395,68.76839294454362
2025-03-09 20:17:29.437667,830.0,573.0,321.0,2535.0,1571.0,379.0,55.64629159663061,65.44247065938848,46.26609050072659,39.28819857962728,17.044064952213514,42.18877408466656,45.43435347188321,59.62157868862182,45.572249597534395,68.76839294454362
2025-03-09 20:17:29.437667,832.0,576.0,327.0,2531.0,1571.0,381.0,55.64629159663061,65.44247065938848,46.26609050072659,39.28819857962728,17.044064952213514,42.18877408466656,45.43435347188321,59.62157868862182,45.572249597534395,68.76839294454362
2025-03-09 20:17:29.446000,829.0,573.0,330.0,2537.0,1570.0,382.0,55.893180693128826,65.66675789216816,46.504205085335656,39.3222597476834,17.04225638129365,42.23167689982251,45.40214549650887,59.831085596074175,45.67231041024923,69.18984251865226
2025-03-09 20:17:29.446000,830.0,574.0,331.0,2533.0,1567.0,381.0,55.893180693128826,65.66675789216816,46.504205085335656,39.3222597476834,17.04225638129365,42.23167689982251,45.40214549650887,59.831085596074175,45.67231041024923,69.18984251865226
2025-03-09 20:17:29.446000,829.0,575.0,331.0,2533.0,1569.0,381.0,55.893180693128826,65.66675789216816,46.504205085335656,39.3222597476834,17.04225638129365,42.23167689982251,45.40214549650887,59.831085596074175,45.67231041024923,69.18984251865226
2025-03-09 20:17:29.454333,822.0,573.0,325.0,2537.0,1569.0,379.0,56.14925950249734,65.89614077404609,46.75048930688335,39.35962726329687,17.041860874993347,42.279150623453845,45.367464096577336,60.04321329832503,45.773524446057266,69.62649496109434
2025-03-09 20:17:29.454333,823.0,571.0,325.0,2534.0,1569.0,382.0,56.14925950249734,65.89614077404609,46.75048930688335,39.35962726329687,17.041860874993347,42.279150623453845,45.367464096577336,60.04321329832503,45.773524446057266,69.62649496109434
2025-03-09 20:17:29.454333,829.0,566.0,327.0,2533.0,1565.0,383.0,56.14925950249734,65.89614077404609,46.75048930688335,39.35962726329687,17.041860874993347,42.279150623453845,45.367464096577336,60.04321329832503,45.773524446057266,69.62649496109434
2025-03-09 20:17:29.454333,813.0,566.0,327.0,2535.0,1558.0,383.0,56.14925950249734,65.89614077404609,46.75048930688335,39.35962726329687,17.041860874993347,42.279150623453845,45.367464096577336,60.04321329832503,45.773524446057266,69.62649496109434
2025-03-09 20:17:29.462667,813.0,567.0,324.0,2535.0,1535.0,381.0,56.41524980021973,66.13000280512661,47.00309867325307,39.402025724898024,17.043206203848005,42.33255603901122,45.33293610601517,60.25868663931433,45.87624796734401,70.07989308473688
2025-03-09 20:17:29.462667,814.0,563.0,329.0,2539.0,1535.0,382.0,56.41524980021973,66.13000280512661,47.00309867325307,39.402025724898024,17.043206203848005,42.33255603901122,45.33293610601517,60.25868663931433,45.87624796734401,70.07989308473688
2025-03-09 20:17:29.462667,811.0,565.0,326.0,2534.0,1535.0,382.0,56.41524980021973,66.13000280512661,47.00309867325307,39.402025724898024,17.043206203848005,42.33255603901122,45.33293610601517,60.25868663931433,45.87624796734401,70.07989308473688
2025-03-09 20:17:29.471000,805.0,562.0,323.0,2531.0,1535.0,381.0,56.69034858001543,66.36859945423565,47.259493406428106,39.44738422458992,17.04547340511308,42.38949707240578,45.300842258135624,60.47850519188108,45.980814804038644,70.55101656133684
2025-03-09 20:17:29.471000,805.0,570.0,325.0,2535.0,1535.0,384.0,56.69034858001543,66.36859945423565,47.259493406428106,39.44738422458992,17.04547340511308,42.38949707240578,45.300842258135624,60.47850519188108,45.980814804038644,70.55101656133684
2025-03-09 20:17:29.471000,805.0,564.0,330.0,2538.0,1535.0,379.0,56.69034858001543,66.36859945423565,47.259493406428106,39.44738422458992,17.04547340511308,42.38949707240578,45.300842258135624,60.47850519188108,45.980814804038644,70.55101656133684
2025-03-09 20:17:29.471000,790.0,559.0,333.0,2540.0,1535.0,383.0,56.69034858001543,66.36859945423565,47.259493406428106,39.44738422458992,17.04547340511308,42.38949707240578,45.300842258135624,60.47850519188108,45.980814804038644,70.55101656133684
2025-03-09 20:17:29.479333,787.0,560.0,324.0,2539.0,1535.0,384.0,56.974391905058916,66.6112098162348,47.51884036763514,39.49514698403577,17.047712654360623,42.44887815148188,45.271658899509504,60.703272565134775,46.087087734899235,71.03937466969373
2025-03-09 20:17:29.479333,787.0,561.0,326.0,2541.0,1535.0,382.0,56.974391905058916,66.6112098162348,47.51884036763514,39.49514698403577,17.047712654360623,42.44887815148188,45.271658899509504,60.703272565134775,46.087087734899235,71.03937466969373
2025-03-09 20:17:29.479333,786.0,560.0,330.0,2542.0,1535.0,383.0,56.974391905058916,66.6112098162348,47.51884036763514,39.49514698403577,17.047712654360623,42.44887815148188,45.271658899509504,60.703272565134775,46.087087734899235,71.03937466969373
2025-03-09 20:17:29.487667,785.0,560.0,323.0,2539.0,1535.0,381.0,57.26718944435678,66.85654989368437,47.783639194755224,39.54792051054389,17.049407790601283,42.512560238158855,45.24310115071047,60.93310875219818,46.196523940325875,71.54400197766978
2025-03-09 20:17:29.487667,784.0,561.0,327.0,2541.0,1535.0,383.0,57.26718944435678,66.85654989368437,47.783639194755224,39.54792051054389,17.049407790601283,42.512560238158855,45.24310115071047,60.93310875219818,46.196523940325875,71.54400197766978
2025-03-09 20:17:29.487667,784.0,563.0,332.0,2544.0,1535.0,383.0,57.26718944435678,66.85654989368437,47.783639194755224,39.54792051054389,17.049407790601283,42.512560238158855,45.24310115071047,60.93310875219818,46.196523940325875,71.54400197766978
2025-03-09 20:17:29.487667,785.0,560.0,327.0,2543.0,1535.0,382.0,57.26718944435678,66.85654989368437,47.783639194755224,39.54792051054389,17.049407790601283,42.512560238158855,45.24310115071047,60.93310875219818,46.196523940325875,71.54400197766978
2025-03-09 20:17:29.496000,769.0,558.0,327.0,2543.0,1535.0,385.0,57.56724656474805,67.10372326562927,48.056344320100095,39.60831138068996,17.049002885381626,42.582130254107035,45.21179932266479,61.167989141398685,46.312536057600376,72.06435230839332
2025-03-09 20:17:29.496000,768.0,555.0,327.0,2544.0,1535.0,384.0,57.56724656474805,67.10372326562927,48.056344320100095,39.60831138068996,17.049002885381626,42.582130254107035,45.21179932266479,61.167989141398685,46.312536057600376,72.06435230839332
2025-03-09 20:17:29.496000,768.0,551.0,326.0,2544.0,1531.0,385.0,57.56724656474805,67.10372326562927,48.056344320100095,39.60831138068996,17.049002885381626,42.582130254107035,45.21179932266479,61.167989141398685,46.312536057600376,72.06435230839332
2025-03-09 20:17:29.496000,767.0,553.0,327.0,2543.0,1531.0,384.0,57.56724656474805,67.10372326562927,48.056344320100095,39.60831138068996,17.049002885381626,42.582130254107035,45.21179932266479,61.167989141398685,46.312536057600376,72.06435230839332
2025-03-09 20:17:29.504333,764.0,547.0,320.0,2544.0,1531.0,385.0,57.8732327879637,67.35187663371654,48.3366229256441,39.67962282296026,17.045370834004725,42.66020324338552,45.176332218989785,61.407052155618985,46.43816854619946,72.60027807835644
2025-03-09 20:17:29.504333,762.0,550.0,322.0,2543.0,1534.0,384.0,57.8732327879637,67.35187663371654,48.3366229256441,39.67962282296026,17.045370834004725,42.66020324338552,45.176332218989785,61.407052155618985,46.43816854619946,72.60027807835644
2025-03-09 20:17:29.504333,761.0,549.0,325.0,2542.0,1531.0,384.0,57.8732327879637,67.35187663371654,48.3366229256441,39.67962282296026,17.045370834004725,42.66020324338552,45.176332218989785,61.407052155618985,46.43816854619946,72.60027807835644
2025-03-09 20:17:29.512667,752.0,542.0,327.0,2544.0,1522.0,387.0,58.18477388991466,67.60001971347471,48.62316900130421,39.76504095363027,17.038541305803776,42.74985216086921,45.136531971771454,61.648787029094436,46.574478663326175,73.15195029142365
2025-03-09 20:17:29.512667,751.0,546.0,326.0,2545.0,1520.0,384.0,58.18477388991466,67.60001971347471,48.62316900130421,39.76504095363027,17.038541305803776,42.74985216086921,45.136531971771454,61.648787029094436,46.574478663326175,73.15195029142365
2025-03-09 20:17:29.512667,749.0,546.0,327.0,2544.0,1520.0,389.0,58.18477388991466,67.60001971347471,48.62316900130421,39.76504095363027,17.038541305803776,42.74985216086921,45.136531971771454,61.648787029094436,46.574478663326175,73.15195029142365
2025-03-09 20:17:29.512667,747.0,546.0,324.0,2545.0,1520.0,388.0,58.18477388991466,67.60001971347471,48.62316900130421,39.76504095363027,17.038541305803776,42.74985216086921,45.136531971771454,61.648787029094436,46.574478663326175,73.15195029142365
2025-03-09 20:17:29.521000,746.0,553.0,327.0,2545.0,1520.0,388.0,58.50162855590765,67.84755255920872,48.91565840292734,39.85648400751132,17.033569799655655,42.84601992206427,45.0941390827833,61.88936052514339,46.71171351755419,73.7202809579021
2025-03-09 20:17:29.521000,745.0,545.0,328.0,2545.0,1520.0,389.0,58.50162855590765,67.84755255920872,48.91565840292734,39.85648400751132,17.033569799655655,42.84601992206427,45.0941390827833,61.88936052514339,46.71171351755419,73.7202809579021
2025-03-09 20:17:29.521000,745.0,545.0,332.0,2547.0,1520.0,388.0,58.50162855590765,67.84755255920872,48.91565840292734,39.85648400751132,17.033569799655655,42.84601992206427,45.0941390827833,61.88936052514339,46.71171351755419,73.7202809579021
2025-03-09 20:17:29.521000,747.0,545.0,319.0,2546.0,1519.0,389.0,58.50162855590765,67.84755255920872,48.91565840292734,39.85648400751132,17.033569799655655,42.84601992206427,45.0941390827833,61.88936052514339,46.71171351755419,73.7202809579021
2025-03-09 20:17:29.529333,731.0,540.0,326.0,2549.0,1516.0,389.0,58.82315732761943,68.09439411284686,49.214970563235966,39.94126151167797,17.036113294878245,42.93934236161201,45.051762572862565,62.126161316674164,46.83824400987021,74.3063869165681
2025-03-09 20:17:29.529333,733.0,542.0,325.0,2551.0,1511.0,396.0,58.82315732761943,68.09439411284686,49.214970563235966,39.94126151167797,17.036113294878245,42.93934236161201,45.051762572862565,62.126161316674164,46.83824400987021,74.3063869165681
2025-03-09 20:17:29.529333,733.0,541.0,320.0,2550.0,1513.0,392.0,58.82315732761943,68.09439411284686,49.214970563235966,39.94126151167797,17.036113294878245,42.93934236161201,45.051762572862565,62.126161316674164,46.83824400987021,74.3063869165681
2025-03-09 20:17:29.537667,724.0,533.0,328.0,2549.0,1514.0,393.0,59.148927594917645,68.34047602885342,49.52169783291527,40.022742289124544,17.04246995650121,43.03072819297907,45.00911450731797,62.36315017776905,46.96053572348465,74.91180429565186
2025-03-09 20:17:29.537667,727.0,545.0,326.0,2552.0,1513.0,394.0,59.148927594917645,68.34047602885342,49.52169783291527,40.022742289124544,17.04246995650121,43.03072819297907,45.00911450731797,62.36315017776905,46.96053572348465,74.91180429565186
2025-03-09 20:17:29.537667,728.0,541.0,325.0,2554.0,1510.0,389.0,59.148927594917645,68.34047602885342,49.52169783291527,40.022742289124544,17.04246995650121,43.03072819297907,45.00911450731797,62.36315017776905,46.96053572348465,74.91180429565186
2025-03-09 20:17:29.546000,726.0,537.0,320.0,2557.0,1507.0,390.0,59.479075632475116,68.5856022010893,49.836202077275956,40.10806853387812,17.048577306605377,43.12454520378608,44.96530342879741,62.603966749224014,47.08702684513308,75.53730134309443
2025-03-09 20:17:29.546000,718.0,539.0,327.0,2554.0,1503.0,397.0,59.479075632475116,68.5856022010893,49.836202077275956,40.10806853387812,17.048577306605377,43.12454520378608,44.96530342879741,62.603966749224014,47.08702684513308,75.53730134309443
2025-03-09 20:17:29.546000,717.0,537.0,330.0,2555.0,1502.0,397.0,59.479075632475116,68.5856022010893,49.836202077275956,40.10806853387812,17.048577306605377,43.12454520378608,44.96530342879741,62.603966749224014,47.08702684513308,75.53730134309443
2025-03-09 20:17:29.546000,719.0,537.0,331.0,2551.0,1506.0,398.0,59.479075632475116,68.5856022010893,49.836202077275956,40.10806853387812,17.048577306605377,43.12454520378608,44.96530342879741,62.603966749224014,47.08702684513308,75.53730134309443
2025-03-09 20:17:29.546000,717.0,539.0,322.0,2557.0,1503.0,399.0,59.479075632475116,68.5856022010893,49.836202077275956,40.10806853387812,17.048577306605377,43.12454520378608,44.96530342879741,62.603966749224014,47.08702684513308,75.53730134309443
2025-03-09 20:17:29.554333,714.0,529.0,329.0,2557.0,1503.0,398.0,59.81405822831221,68.8301322188818,50.16031386315224,40.19661173634328,17.055639994053198,43.22028488772184,44.92126802895266,62.85001598493243,47.21790203300932,76.18278093690739
2025-03-09 20:17:29.554333,713.0,535.0,327.0,2559.0,1501.0,400.0,59.81405822831221,68.8301322188818,50.16031386315224,40.19661173634328,17.055639994053198,43.22028488772184,44.92126802895266,62.85001598493243,47.21790203300932,76.18278093690739
2025-03-09 20:17:29.554333,713.0,533.0,326.0,2551.0,1501.0,396.0,59.81405822831221,68.8301322188818,50.16031386315224,40.19661173634328,17.055639994053198,43.22028488772184,44.92126802895266,62.85001598493243,47.21790203300932,76.18278093690739
2025-03-09 20:17:29.562667,707.0,534.0,323.0,2557.0,1502.0,400.0,60.15436144121736,69.07434793990677,50.495848093578985,40.28419432362797,17.06712471049516,43.315221008278726,44.879049516151134,63.10122947623138,47.34927267706658,76.84894096510654
2025-03-09 20:17:29.562667,695.0,527.0,328.0,2559.0,1499.0,404.0,60.15436144121736,69.07434793990677,50.495848093578985,40.28419432362797,17.06712471049516,43.315221008278726,44.879049516151134,63.10122947623138,47.34927267706658,76.84894096510654
2025-03-09 20:17:29.562667,695.0,530.0,319.0,2559.0,1501.0,406.0,60.15436144121736,69.07434793990677,50.495848093578985,40.28419432362797,17.06712471049516,43.315221008278726,44.879049516151134,63.10122947623138,47.34927267706658,76.84894096510654
2025-03-09 20:17:29.571000,691.0,531.0,323.0,2559.0,1498.0,405.0,60.49991211123218,69.31803428989407,50.84334612427116,40.36844304116194,17.08308584938317,43.407154962545995,44.83894786460162,63.35774515323194,47.48004591857275,77.5374101718549
2025-03-09 20:17:29.571000,695.0,527.0,324.0,2559.0,1501.0,406.0,60.49991211123218,69.31803428989407,50.84334612427116,40.36844304116194,17.08308584938317,43.407154962545995,44.83894786460162,63.35774515323194,47.48004591857275,77.5374101718549
2025-03-09 20:17:29.571000,691.0,528.0,323.0,2559.0,1498.0,409.0,60.49991211123218,69.31803428989407,50.84334612427116,40.36844304116194,17.08308584938317,43.407154962545995,44.83894786460162,63.35774515323194,47.48004591857275,77.5374101718549
2025-03-09 20:17:29.571000,691.0,528.0,325.0,2559.0,1494.0,411.0,60.49991211123218,69.31803428989407,50.84334612427116,40.36844304116194,17.08308584938317,43.407154962545995,44.83894786460162,63.35774515323194,47.48004591857275,77.5374101718549
2025-03-09 20:17:29.579333,690.0,531.0,326.0,2559.0,1494.0,410.0,60.84959566806621,69.55970741467593,51.20203823197353,40.450875611071716,17.100932664027486,43.496583732437166,44.7990790269766,63.618826072034906,47.612178319665105,78.24920552178575
2025-03-09 20:17:29.579333,680.0,524.0,325.0,2559.0,1497.0,418.0,60.84959566806621,69.55970741467593,51.20203823197353,40.450875611071716,17.100932664027486,43.496583732437166,44.7990790269766,63.618826072034906,47.612178319665105,78.24920552178575
2025-03-09 20:17:29.579333,678.0,530.0,326.0,2559.0,1495.0,419.0,60.84959566806621,69.55970741467593,51.20203823197353,40.450875611071716,17.100932664027486,43.496583732437166,44.7990790269766,63.618826072034906,47.612178319665105,78.24920552178575
2025-03-09 20:17:29.579333,683.0,528.0,323.0,2559.0,1495.0,419.0,60.84959566806621,69.55970741467593,51.20203823197353,40.450875611071716,17.100932664027486,43.496583732437166,44.7990790269766,63.618826072034906,47.612178319665105,78.24920552178575
2025-03-09 20:17:29.587667,683.0,524.0,325.0,2559.0,1494.0,418.0,61.20162457317185,69.79715358386407,51.5738649364279,40.53186662984382,17.1197300454414,43.58397614513857,44.75447704770777,63.88069335984274,47.74511655783112,78.9832281320839
2025-03-09 20:17:29.587667,678.0,528.0,327.0,2559.0,1496.0,419.0,61.20162457317185,69.79715358386407,51.5738649364279,40.53186662984382,17.1197300454414,43.58397614513857,44.75447704770777,63.88069335984274,47.74511655783112,78.9832281320839
2025-03-09 20:17:29.587667,678.0,526.0,321.0,2559.0,1495.0,420.0,61.20162457317185,69.79715358386407,51.5738649364279,40.53186662984382,17.1197300454414,43.58397614513857,44.75447704770777,63.88069335984274,47.74511655783112,78.9832281320839
2025-03-09 20:17:29.596000,677.0,511.0,323.0,2559.0,1493.0,421.0,61.55409423639156,70.02797270643782,51.96247139892602,40.61243002418977,17.139926540590732,43.67114989799589,44.69856671534547,64.13776151874744,47.877571957279926,79.73672154761414
2025-03-09 20:17:29.596000,671.0,528.0,323.0,2559.0,1495.0,422.0,61.55409423639156,70.02797270643782,51.96247139892602,40.61243002418977,17.139926540590732,43.67114989799589,44.69856671534547,64.13776151874744,47.877571957279926,79.73672154761414
2025-03-09 20:17:29.596000,667.0,511.0,321.0,2559.0,1498.0,422.0,61.55409423639156,70.02797270643782,51.96247139892602,40.61243002418977,17.139926540590732,43.67114989799589,44.69856671534547,64.13776151874744,47.877571957279926,79.73672154761414
2025-03-09 20:17:29.596000,663.0,527.0,333.0,2559.0,1501.0,429.0,61.55409423639156,70.02797270643782,51.96247139892602,40.61243002418977,17.139926540590732,43.67114989799589,44.69856671534547,64.13776151874744,47.877571957279926,79.73672154761414
2025-03-09 20:17:29.604333,665.0,525.0,319.0,2559.0,1501.0,427.0,61.90538360585035,70.24907008405435,52.36628672733918,40.69464061795621,17.161408588683404,43.760114570267156,44.6300669352207,64.38645043753735,48.008557850448604,80.50921660687138
2025-03-09 20:17:29.604333,665.0,511.0,336.0,2559.0,1498.0,431.0,61.90538360585035,70.24907008405435,52.36628672733918,40.69464061795621,17.161408588683404,43.760114570267156,44.6300669352207,64.38645043753735,48.008557850448604,80.50921660687138
2025-03-09 20:17:29.604333,659.0,524.0,323.0,2559.0,1497.0,430.0,61.90538360585035,70.24907008405435,52.36628672733918,40.69464061795621,17.161408588683404,43.760114570267156,44.6300669352207,64.38645043753735,48.008557850448604,80.50921660687138
2025-03-09 20:17:29.604333,656.0,511.0,331.0,2585.0,1499.0,430.0,61.90538360585035,70.24907008405435,52.36628672733918,40.69464061795621,17.161408588683404,43.760114570267156,44.6300669352207,64.38645043753735,48.008557850448604,80.50921660687138
2025-03-09 20:17:29.612667,661.0,511.0,323.0,2559.0,1498.0,431.0,62.255246895968554,70.4596969289935,52.78184854136024,40.77899639002431,17.1840241749303,43.85117314149876,44.55176898135346,64.62654201857413,48.137898880698444,81.30285153261049
2025-03-09 20:17:29.612667,644.0,511.0,324.0,2589.0,1506.0,436.0,62.255246895968554,70.4596969289935,52.78184854136024,40.77899639002431,17.1840241749303,43.85117314149876,44.55176898135346,64.62654201857413,48.137898880698444,81.30285153261049
2025-03-09 20:17:29.612667,653.0,523.0,326.0,2588.0,1507.0,439.0,62.255246895968554,70.4596969289935,52.78184854136024,40.77899639002431,17.1840241749303,43.85117314149876,44.55176898135346,64.62654201857413,48.137898880698444,81.30285153261049
2025-03-09 20:17:29.621000,650.0,511.0,326.0,2587.0,1507.0,438.0,62.60540946428062,70.66259472039151,53.20747769460542,40.86541562994996,17.20837001609358,43.94508259473257,44.46572074913589,64.8582057402472,48.26600670180746,82.11626283561066
2025-03-09 20:17:29.621000,651.0,506.0,324.0,2559.0,1507.0,442.0,62.60540946428062,70.66259472039151,53.20747769460542,40.86541562994996,17.20837001609358,43.94508259473257,44.46572074913589,64.8582057402472,48.26600670180746,82.11626283561066
2025-03-09 20:17:29.621000,647.0,509.0,328.0,2587.0,1508.0,442.0,62.60540946428062,70.66259472039151,53.20747769460542,40.86541562994996,17.20837001609358,43.94508259473257,44.46572074913589,64.8582057402472,48.26600670180746,82.11626283561066
2025-03-09 20:17:29.621000,649.0,511.0,325.0,2590.0,1509.0,447.0,62.60540946428062,70.66259472039151,53.20747769460542,40.86541562994996,17.20837001609358,43.94508259473257,44.46572074913589,64.8582057402472,48.26600670180746,82.11626283561066
2025-03-09 20:17:29.629333,649.0,511.0,326.0,2593.0,1508.0,445.0,62.95631743290906,70.8573578098354,53.64201914818338,40.955140272241245,17.23544410529813,44.04358083234608,44.37273467534262,65.0799456270703,48.39190376286318,82.94353698324218
2025-03-09 20:17:29.629333,643.0,511.0,321.0,2591.0,1515.0,445.0,62.95631743290906,70.8573578098354,53.64201914818338,40.955140272241245,17.23544410529813,44.04358083234608,44.37273467534262,65.0799456270703,48.39190376286318,82.94353698324218
2025-03-09 20:17:29.629333,636.0,509.0,330.0,2592.0,1520.0,455.0,62.95631743290906,70.8573578098354,53.64201914818338,40.955140272241245,17.23544410529813,44.04358083234608,44.37273467534262,65.0799456270703,48.39190376286318,82.94353698324218
2025-03-09 20:17:29.637667,635.0,510.0,327.0,2593.0,1520.0,459.0,63.308226910648926,71.04151009177676,54.08429060983874,41.0483494454731,17.26559891579629,44.14640567098411,44.27504849240575,65.29189688927136,48.51383405401791,83.77844106796088
2025-03-09 20:17:29.637667,631.0,511.0,320.0,2595.0,1520.0,461.0,63.308226910648926,71.04151009177676,54.08429060983874,41.0483494454731,17.26559891579629,44.14640567098411,44.27504849240575,65.29189688927136,48.51383405401791,83.77844106796088
2025-03-09 20:17:29.637667,630.0,511.0,327.0,2598.0,1521.0,460.0,63.308226910648926,71.04151009177676,54.08429060983874,41.0483494454731,17.26559891579629,44.14640567098411,44.27504849240575,65.29189688927136,48.51383405401791,83.77844106796088
2025-03-09 20:17:29.637667,631.0,508.0,326.0,2603.0,1527.0,462.0,63.308226910648926,71.04151009177676,54.08429060983874,41.0483494454731,17.26559891579629,44.14640567098411,44.27504849240575,65.29189688927136,48.51383405401791,83.77844106796088
2025-03-09 20:17:29.646000,634.0,509.0,322.0,2595.0,1525.0,461.0,63.660918229299675,71.21385200937735,54.52896142931067,41.14188814619962,17.297416830405936,44.24943674754525,44.17856575840334,65.49656382271338,48.6302320887193,84.61393855125733
2025-03-09 20:17:29.646000,629.0,505.0,323.0,2597.0,1527.0,463.0,63.660918229299675,71.21385200937735,54.52896142931067,41.14188814619962,17.297416830405936,44.24943674754525,44.17856575840334,65.49656382271338,48.6302320887193,84.61393855125733
2025-03-09 20:17:29.646000,620.0,511.0,330.0,2603.0,1535.0,475.0,63.660918229299675,71.21385200937735,54.52896142931067,41.14188814619962,17.297416830405936,44.24943674754525,44.17856575840334,65.49656382271338,48.6302320887193,84.61393855125733
2025-03-09 20:17:29.646000,623.0,497.0,323.0,2607.0,1535.0,479.0,63.660918229299675,71.21385200937735,54.52896142931067,41.14188814619962,17.297416830405936,44.24943674754525,44.17856575840334,65.49656382271338,48.6302320887193,84.61393855125733
2025-03-09 20:17:29.654333,621.0,508.0,319.0,2607.0,1535.0,478.0,64.01057780780555,71.37137146630293,54.96394863273138,41.23386551472206,17.330212127558866,44.350348509010274,44.09058281579656,65.6923200014631,48.73726929755552,85.44089361927365
2025-03-09 20:17:29.654333,621.0,501.0,321.0,2605.0,1535.0,481.0,64.01057780780555,71.37137146630293,54.96394863273138,41.23386551472206,17.330212127558866,44.350348509010274,44.09058281579656,65.6923200014631,48.73726929755552,85.44089361927365
2025-03-09 20:17:29.654333,615.0,511.0,326.0,2605.0,1535.0,481.0,64.01057780780555,71.37137146630293,54.96394863273138,41.23386551472206,17.330212127558866,44.350348509010274,44.09058281579656,65.6923200014631,48.73726929755552,85.44089361927365
2025-03-09 20:17:29.662667,618.0,508.0,323.0,2605.0,1535.0,480.0,64.35331195859452,71.51356712058912,55.381358840589755,41.32206251958328,17.36335031840248,44.44746384958241,44.01301190128502,65.87576084875867,48.8321959749695,86.25229628942039
2025-03-09 20:17:29.662667,619.0,505.0,320.0,2605.0,1535.0,483.0,64.35331195859452,71.51356712058912,55.381358840589755,41.32206251958328,17.36335031840248,44.44746384958241,44.01301190128502,65.87576084875867,48.8321959749695,86.25229628942039
2025-03-09 20:17:29.662667,614.0,502.0,324.0,2608.0,1535.0,484.0,64.35331195859452,71.51356712058912,55.381358840589755,41.32206251958328,17.36335031840248,44.44746384958241,44.01301190128502,65.87576084875867,48.8321959749695,86.25229628942039
2025-03-09 20:17:29.662667,605.0,503.0,320.0,2607.0,1565.0,499.0,64.35331195859452,71.51356712058912,55.381358840589755,41.32206251958328,17.36335031840248,44.44746384958241,44.01301190128502,65.87576084875867,48.8321959749695,86.25229628942039
2025-03-09 20:17:29.671000,598.0,504.0,320.0,2607.0,1568.0,501.0,64.68546634339259,71.64153799338322,55.77916997287956,41.404331687304996,17.394766010930255,44.53863387924832,43.943047700496805,66.04515174545398,48.91598988513394,87.04424037307314
2025-03-09 20:17:29.671000,598.0,504.0,323.0,2607.0,1569.0,499.0,64.68546634339259,71.64153799338322,55.77916997287956,41.404331687304996,17.394766010930255,44.53863387924832,43.943047700496805,66.04515174545398,48.91598988513394,87.04424037307314
2025-03-09 20:17:29.671000,597.0,511.0,322.0,2607.0,1568.0,505.0,64.68546634339259,71.64153799338322,55.77916997287956,41.404331687304996,17.394766010930255,44.53863387924832,43.943047700496805,66.04515174545398,48.91598988513394,87.04424037307314
2025-03-09 20:17:29.679333,597.0,497.0,333.0,2605.0,1573.0,503.0,65.00354021050309,71.75473027907782,56.156730557354294,41.48168522413685,17.423857381815495,44.624742442064836,43.87748612620457,66.19834001715252,48.989702511127405,87.81348940716822
2025-03-09 20:17:29.679333,598.0,501.0,320.0,2608.0,1572.0,507.0,65.00354021050309,71.75473027907782,56.156730557354294,41.48168522413685,17.423857381815495,44.624742442064836,43.87748612620457,66.19834001715252,48.989702511127405,87.81348940716822
2025-03-09 20:17:29.679333,593.0,501.0,322.0,2608.0,1570.0,508.0,65.00354021050309,71.75473027907782,56.156730557354294,41.48168522413685,17.423857381815495,44.624742442064836,43.87748612620457,66.19834001715252,48.989702511127405,87.81348940716822
2025-03-09 20:17:29.679333,592.0,505.0,322.0,2612.0,1572.0,510.0,65.00354021050309,71.75473027907782,56.156730557354294,41.48168522413685,17.423857381815495,44.624742442064836,43.87748612620457,66.19834001715252,48.989702511127405,87.81348940716822
2025-03-09 20:17:29.687667,589.0,501.0,328.0,2613.0,1584.0,531.0,65.3046889812082,71.85287874362027,56.51417409248633,41.555285975107914,17.450157524231717,44.706619514961275,43.813650416506235,66.33447475501191,49.05496459527508,88.55710502679162
2025-03-09 20:17:29.687667,583.0,507.0,327.0,2610.0,1584.0,538.0,65.3046889812082,71.85287874362027,56.51417409248633,41.555285975107914,17.450157524231717,44.706619514961275,43.813650416506235,66.33447475501191,49.05496459527508,88.55710502679162
2025-03-09 20:17:29.687667,585.0,498.0,324.0,2608.0,1586.0,540.0,65.3046889812082,71.85287874362027,56.51417409248633,41.555285975107914,17.450157524231717,44.706619514961275,43.813650416506235,66.33447475501191,49.05496459527508,88.55710502679162
2025-03-09 20:17:29.696000,582.0,501.0,330.0,2614.0,1587.0,538.0,65.5862644721132,71.9346730290861,56.852043645546004,41.626756792039906,17.473370656754867,44.785593802104216,43.74817124690692,66.45178121248783,49.11244677167498,89.27229287692535
2025-03-09 20:17:29.696000,583.0,501.0,319.0,2608.0,1586.0,537.0,65.5862644721132,71.9346730290861,56.852043645546004,41.626756792039906,17.473370656754867,44.785593802104216,43.74817124690692,66.45178121248783,49.11244677167498,89.27229287692535
2025-03-09 20:17:29.696000,583.0,502.0,323.0,2604.0,1587.0,539.0,65.5862644721132,71.9346730290861,56.852043645546004,41.626756792039906,17.473370656754867,44.785593802104216,43.74817124690692,66.45178121248783,49.11244677167498,89.27229287692535
2025-03-09 20:17:29.696000,581.0,498.0,325.0,2607.0,1588.0,542.0,65.5862644721132,71.9346730290861,56.852043645546004,41.626756792039906,17.473370656754867,44.785593802104216,43.74817124690692,66.45178121248783,49.11244677167498,89.27229287692535
2025-03-09 20:17:29.704333,575.0,498.0,322.0,2614.0,1597.0,555.0,65.84653362123639,71.99843223143105,57.16994908968747,41.698197188499186,17.494061423671063,44.86407264966051,43.678104617826364,66.54694447791222,49.16067385957607,89.95578176223235
2025-03-09 20:17:29.704333,571.0,502.0,321.0,2611.0,1599.0,559.0,65.84653362123639,71.99843223143105,57.16994908968747,41.698197188499186,17.494061423671063,44.86407264966051,43.678104617826364,66.54694447791222,49.16067385957607,89.95578176223235
2025-03-09 20:17:29.704333,572.0,498.0,319.0,2611.0,1599.0,559.0,65.84653362123639,71.99843223143105,57.16994908968747,41.698197188499186,17.494061423671063,44.86407264966051,43.678104617826364,66.54694447791222,49.16067385957607,89.95578176223235
2025-03-09 20:17:29.712667,572.0,505.0,320.0,2617.0,1600.0,560.0,66.08324794788493,72.04338084450282,57.466258211271935,41.7697860383858,17.51350305356358,44.9429667658384,43.60221265654292,66.61708192354311,49.197359635453786,90.6026750974233
2025-03-09 20:17:29.712667,575.0,502.0,321.0,2614.0,1600.0,560.0,66.08324794788493,72.04338084450282,57.466258211271935,41.7697860383858,17.51350305356358,44.9429667658384,43.60221265654292,66.61708192354311,49.197359635453786,90.6026750974233
2025-03-09 20:17:29.712667,569.0,501.0,327.0,2614.0,1600.0,560.0,66.08324794788493,72.04338084450282,57.466258211271935,41.7697860383858,17.51350305356358,44.9429667658384,43.60221265654292,66.61708192354311,49.197359635453786,90.6026750974233
2025-03-09 20:17:29.712667,570.0,499.0,323.0,2617.0,1600.0,560.0,66.08324794788493,72.04338084450282,57.466258211271935,41.7697860383858,17.51350305356358,44.9429667658384,43.60221265654292,66.61708192354311,49.197359635453786,90.6026750974233
2025-03-09 20:17:29.721000,568.0,496.0,323.0,2615.0,1605.0,560.0,66.29320239363072,72.0691646499534,57.73838771544345,41.839759426127365,17.53121374669331,45.02027624004353,43.52051204504968,66.661949957793,49.22196169681518,91.20683609159066
2025-03-09 20:17:29.721000,559.0,499.0,323.0,2618.0,1610.0,571.0,66.29320239363072,72.0691646499534,57.73838771544345,41.839759426127365,17.53121374669331,45.02027624004353,43.52051204504968,66.661949957793,49.22196169681518,91.20683609159066
2025-03-09 20:17:29.721000,558.0,494.0,326.0,2615.0,1614.0,570.0,66.29320239363072,72.0691646499534,57.73838771544345,41.839759426127365,17.53121374669331,45.02027624004353,43.52051204504968,66.661949957793,49.22196169681518,91.20683609159066
2025-03-09 20:17:29.721000,560.0,500.0,326.0,2614.0,1616.0,573.0,66.29320239363072,72.0691646499534,57.73838771544345,41.839759426127365,17.53121374669331,45.02027624004353,43.52051204504968,66.661949957793,49.22196169681518,91.20683609159066
2025-03-09 20:17:29.729333,558.0,499.0,325.0,2618.0,1616.0,572.0,66.47413456213643,72.07563249798538,57.9827914338322,41.90558793568993,17.54487050546551,45.0922386719132,43.434828275810865,66.68401282958644,49.23509368320586,91.76347789207642
2025-03-09 20:17:29.729333,554.0,501.0,323.0,2618.0,1616.0,573.0,66.47413456213643,72.07563249798538,57.9827914338322,41.90558793568993,17.54487050546551,45.0922386719132,43.434828275810865,66.68401282958644,49.23509368320586,91.76347789207642
2025-03-09 20:17:29.729333,555.0,503.0,323.0,2612.0,1616.0,572.0,66.47413456213643,72.07563249798538,57.9827914338322,41.90558793568993,17.54487050546551,45.0922386719132,43.434828275810865,66.68401282958644,49.23509368320586,91.76347789207642
2025-03-09 20:17:29.737667,554.0,496.0,325.0,2613.0,1618.0,576.0,66.62449831064454,72.06285077232124,58.19670996261907,41.96620865913527,17.55147240627364,45.156065185184374,43.346554208247184,66.68679025517017,49.23906422618639,92.27011742179683
2025-03-09 20:17:29.737667,540.0,496.0,320.0,2618.0,1626.0,585.0,66.62449831064454,72.06285077232124,58.19670996261907,41.96620865913527,17.55147240627364,45.156065185184374,43.346554208247184,66.68679025517017,49.23906422618639,92.27011742179683
2025-03-09 20:17:29.737667,538.0,496.0,325.0,2622.0,1626.0,584.0,66.62449831064454,72.06285077232124,58.19670996261907,41.96620865913527,17.55147240627364,45.156065185184374,43.346554208247184,66.68679025517017,49.23906422618639,92.27011742179683
2025-03-09 20:17:29.737667,542.0,498.0,324.0,2621.0,1627.0,585.0,66.62449831064454,72.06285077232124,58.19670996261907,41.96620865913527,17.55147240627364,45.156065185184374,43.346554208247184,66.68679025517017,49.23906422618639,92.27011742179683
2025-03-09 20:17:29.746000,538.0,496.0,325.0,2619.0,1630.0,585.0,66.74387501215854,72.03310082761047,58.3819925160024,42.02165087468818,17.550361244606503,45.21074899225709,43.25632809474705,66.67531965093849,49.238576012846835,92.72634873168366
2025-03-09 20:17:29.746000,536.0,501.0,326.0,2613.0,1629.0,586.0,66.74387501215854,72.03310082761047,58.3819925160024,42.02165087468818,17.550361244606503,45.21074899225709,43.25632809474705,66.67531965093849,49.238576012846835,92.72634873168366
2025-03-09 20:17:29.746000,534.0,496.0,325.0,2618.0,1632.0,589.0,66.74387501215854,72.03310082761047,58.3819925160024,42.02165087468818,17.550361244606503,45.21074899225709,43.25632809474705,66.67531965093849,49.238576012846835,92.72634873168366
2025-03-09 20:17:29.754333,535.0,496.0,326.0,2620.0,1627.0,589.0,66.83339975817296,71.99030226622136,58.54444495094449,42.0732773316941,17.546057142810174,45.2585874718883,43.165277929539606,66.65391238514032,49.23735987805999,93.1327765645633
2025-03-09 20:17:29.754333,532.0,498.0,323.0,2623.0,1629.0,590.0,66.83339975817296,71.99030226622136,58.54444495094449,42.0732773316941,17.546057142810174,45.2585874718883,43.165277929539606,66.65391238514032,49.23735987805999,93.1327765645633
2025-03-09 20:17:29.754333,526.0,497.0,328.0,2617.0,1634.0,594.0,66.83339975817296,71.99030226622136,58.54444495094449,42.0732773316941,17.546057142810174,45.2585874718883,43.165277929539606,66.65391238514032,49.23735987805999,93.1327765645633
2025-03-09 20:17:29.754333,526.0,496.0,335.0,2615.0,1636.0,594.0,66.83339975817296,71.99030226622136,58.54444495094449,42.0732773316941,17.546057142810174,45.2585874718883,43.165277929539606,66.65391238514032,49.23735987805999,93.1327765645633
2025-03-09 20:17:29.762667,511.0,499.0,326.0,2615.0,1634.0,596.0,66.89432284298174,71.93821889633303,58.684303204438145,42.120822417408206,17.54065165260911,45.29993669199649,43.076454696759775,66.62613910630853,49.23696765094561,93.49128563942153
2025-03-09 20:17:29.762667,511.0,496.0,323.0,2620.0,1636.0,599.0,66.89432284298174,71.93821889633303,58.684303204438145,42.120822417408206,17.54065165260911,45.29993669199649,43.076454696759775,66.62613910630853,49.23696765094561,93.49128563942153
2025-03-09 20:17:29.762667,511.0,496.0,333.0,2621.0,1636.0,601.0,66.89432284298174,71.93821889633303,58.684303204438145,42.120822417408206,17.54065165260911,45.29993669199649,43.076454696759775,66.62613910630853,49.23696765094561,93.49128563942153
2025-03-09 20:17:29.771000,511.0,496.0,332.0,2613.0,1632.0,599.0,66.92815288441216,71.88202242297339,58.79710343268574,42.15987937656844,17.527793446521244,45.32860084864668,42.99267897935056,66.59851118250032,49.241639963394704,93.80566035706794
2025-03-09 20:17:29.771000,511.0,494.0,330.0,2621.0,1634.0,602.0,66.92815288441216,71.88202242297339,58.79710343268574,42.15987937656844,17.527793446521244,45.32860084864668,42.99267897935056,66.59851118250032,49.241639963394704,93.80566035706794
2025-03-09 20:17:29.771000,503.0,494.0,323.0,2619.0,1633.0,609.0,66.92815288441216,71.88202242297339,58.79710343268574,42.15987937656844,17.527793446521244,45.32860084864668,42.99267897935056,66.59851118250032,49.241639963394704,93.80566035706794
2025-03-09 20:17:29.771000,501.0,497.0,324.0,2615.0,1631.0,607.0,66.92815288441216,71.88202242297339,58.79710343268574,42.15987937656844,17.527793446521244,45.32860084864668,42.99267897935056,66.59851118250032,49.241639963394704,93.80566035706794
2025-03-09 20:17:29.779333,500.0,493.0,325.0,2621.0,1629.0,607.0,66.93567334732545,71.8262418429656,58.88256155623532,42.18789601248896,17.503279002201488,45.34074173532272,42.914132333137616,66.5763439818471,49.25659666289146,94.07725765239606
2025-03-09 20:17:29.779333,502.0,498.0,331.0,2612.0,1632.0,604.0,66.93567334732545,71.8262418429656,58.88256155623532,42.18789601248896,17.503279002201488,45.34074173532272,42.914132333137616,66.5763439818471,49.25659666289146,94.07725765239606
2025-03-09 20:17:29.779333,496.0,495.0,326.0,2618.0,1631.0,606.0,66.93567334732545,71.8262418429656,58.88256155623532,42.18789601248896,17.503279002201488,45.34074173532272,42.914132333137616,66.5763439818471,49.25659666289146,94.07725765239606
2025-03-09 20:17:29.787667,499.0,496.0,324.0,2622.0,1631.0,608.0,66.9174520170044,71.77372723311949,58.94424845508438,42.20625958432067,17.466534912243322,45.33738081120004,42.838610107165934,66.56236274274362,49.28659508131444,94.30442584486639
2025-03-09 20:17:29.787667,497.0,498.0,322.0,2621.0,1627.0,607.0,66.9174520170044,71.77372723311949,58.94424845508438,42.20625958432067,17.466534912243322,45.33738081120004,42.838610107165934,66.56236274274362,49.28659508131444,94.30442584486639
2025-03-09 20:17:29.787667,494.0,494.0,332.0,2619.0,1629.0,605.0,66.9174520170044,71.77372723311949,58.94424845508438,42.20625958432067,17.466534912243322,45.33738081120004,42.838610107165934,66.56236274274362,49.28659508131444,94.30442584486639
2025-03-09 20:17:29.787667,489.0,496.0,336.0,2618.0,1625.0,605.0,66.9174520170044,71.77372723311949,58.94424845508438,42.20625958432067,17.466534912243322,45.33738081120004,42.838610107165934,66.56236274274362,49.28659508131444,94.30442584486639
2025-03-09 20:17:29.796000,491.0,494.0,335.0,2619.0,1624.0,603.0,66.87536427184516,71.72750865589086,58.985645742891805,42.218987370351535,17.417131254892197,45.32232197434672,42.7632587071321,66.55851177887398,49.33651354894862,94.48677721219153
2025-03-09 20:17:29.796000,491.0,497.0,333.0,2617.0,1625.0,605.0,66.87536427184516,71.72750865589086,58.985645742891805,42.218987370351535,17.417131254892197,45.32232197434672,42.7632587071321,66.55851177887398,49.33651354894862,94.48677721219153
2025-03-09 20:17:29.796000,494.0,496.0,335.0,2620.0,1629.0,605.0,66.87536427184516,71.72750865589086,58.985645742891805,42.218987370351535,17.417131254892197,45.32232197434672,42.7632587071321,66.55851177887398,49.33651354894862,94.48677721219153
2025-03-09 20:17:29.796000,491.0,501.0,336.0,2615.0,1622.0,603.0,66.87536427184516,71.72750865589086,58.985645742891805,42.218987370351535,17.417131254892197,45.32232197434672,42.7632587071321,66.55851177887398,49.33651354894862,94.48677721219153
2025-03-09 20:17:29.804333,491.0,495.0,336.0,2619.0,1622.0,603.0,66.81347620545179,71.69172157785184,59.014179565116685,42.23100429962144,17.35546915890034,45.30071415130711,42.68385521501906,66.56711903079335,49.41219472923771,94.62630893428842
2025-03-09 20:17:29.804333,486.0,496.0,336.0,2617.0,1622.0,603.0,66.81347620545179,71.69172157785184,59.014179565116685,42.23100429962144,17.35546915890034,45.30071415130711,42.68385521501906,66.56711903079335,49.41219472923771,94.62630893428842
2025-03-09 20:17:29.804333,481.0,491.0,340.0,2615.0,1618.0,603.0,66.81347620545179,71.69172157785184,59.014179565116685,42.23100429962144,17.35546915890034,45.30071415130711,42.68385521501906,66.56711903079335,49.41219472923771,94.62630893428842
2025-03-09 20:17:29.812667,480.0,495.0,336.0,2614.0,1617.0,602.0,66.73760216313164,71.6708109175703,59.039157806769516,42.24246208624955,17.28422493924046,45.273886034994106,42.59983705570429,66.59182102626596,49.51638144950887,94.72706354953169
2025-03-09 20:17:29.812667,482.0,494.0,346.0,2619.0,1617.0,599.0,66.73760216313164,71.6708109175703,59.039157806769516,42.24246208624955,17.28422493924046,45.273886034994106,42.59983705570429,66.59182102626596,49.51638144950887,94.72706354953169
2025-03-09 20:17:29.812667,480.0,496.0,336.0,2617.0,1618.0,598.0,66.73760216313164,71.6708109175703,59.039157806769516,42.24246208624955,17.28422493924046,45.273886034994106,42.59983705570429,66.59182102626596,49.51638144950887,94.72706354953169
2025-03-09 20:17:29.812667,482.0,490.0,345.0,2614.0,1616.0,602.0,66.73760216313164,71.6708109175703,59.039157806769516,42.24246208624955,17.28422493924046,45.273886034994106,42.59983705570429,66.59182102626596,49.51638144950887,94.72706354953169
2025-03-09 20:17:29.821000,479.0,490.0,341.0,2614.0,1616.0,600.0,66.65332215628773,71.66893624874342,59.06605061641419,42.25083946318795,17.206677333019353,45.24081957807199,42.51468823491682,66.6364283105912,49.64876854327012,94.79423816232067
2025-03-09 20:17:29.821000,480.0,496.0,340.0,2613.0,1615.0,597.0,66.65332215628773,71.66893624874342,59.06605061641419,42.25083946318795,17.206677333019353,45.24081957807199,42.51468823491682,66.6364283105912,49.64876854327012,94.79423816232067
2025-03-09 20:17:29.821000,479.0,498.0,339.0,2615.0,1615.0,599.0,66.65332215628773,71.66893624874342,59.06605061641419,42.25083946318795,17.206677333019353,45.24081957807199,42.51468823491682,66.6364283105912,49.64876854327012,94.79423816232067
2025-03-09 20:17:29.829333,470.0,490.0,364.0,2611.0,1602.0,594.0,66.56488161671446,71.68958413967754,59.09785466725362,42.255930398998665,17.12413525096647,45.20189894282041,42.43074221493624,66.70441970827879,49.81063046654056,94.83287218996344
2025-03-09 20:17:29.829333,470.0,493.0,354.0,2611.0,1602.0,593.0,66.56488161671446,71.68958413967754,59.09785466725362,42.255930398998665,17.12413525096647,45.20189894282041,42.43074221493624,66.70441970827879,49.81063046654056,94.83287218996344
2025-03-09 20:17:29.829333,475.0,495.0,362.0,2614.0,1600.0,593.0,66.56488161671446,71.68958413967754,59.09785466725362,42.255930398998665,17.12413525096647,45.20189894282041,42.43074221493624,66.70441970827879,49.81063046654056,94.83287218996344
2025-03-09 20:17:29.829333,473.0,487.0,368.0,2611.0,1599.0,593.0,66.56488161671446,71.68958413967754,59.09785466725362,42.255930398998665,17.12413525096647,45.20189894282041,42.43074221493624,66.70441970827879,49.81063046654056,94.83287218996344
2025-03-09 20:17:29.837667,469.0,493.0,365.0,2613.0,1600.0,592.0,66.47540195400265,71.73455247216746,59.1373909178851,42.26112662584247,17.03867270701104,45.16127795362147,42.347860289785615,66.79637175044626,50.00282920477831,94.84672885834149
2025-03-09 20:17:29.837667,475.0,493.0,368.0,2615.0,1598.0,592.0,66.47540195400265,71.73455247216746,59.1373909178851,42.26112662584247,17.03867270701104,45.16127795362147,42.347860289785615,66.79637175044626,50.00282920477831,94.84672885834149
2025-03-09 20:17:29.837667,469.0,490.0,366.0,2611.0,1598.0,592.0,66.47540195400265,71.73455247216746,59.1373909178851,42.26112662584247,17.03867270701104,45.16127795362147,42.347860289785615,66.79637175044626,50.00282920477831,94.84672885834149
2025-03-09 20:17:29.846000,465.0,490.0,353.0,2609.0,1585.0,586.0,66.38678714369239,71.80358730399915,59.186014352136155,42.27012894495715,16.954966836894254,45.12483132868171,42.26534180606415,66.90792946465342,50.22139998256336,94.83903935139607
2025-03-09 20:17:29.846000,467.0,493.0,363.0,2609.0,1587.0,585.0,66.38678714369239,71.80358730399915,59.186014352136155,42.27012894495715,16.954966836894254,45.12483132868171,42.26534180606415,66.90792946465342,50.22139998256336,94.83903935139607
2025-03-09 20:17:29.846000,471.0,487.0,367.0,2608.0,1584.0,582.0,66.38678714369239,71.80358730399915,59.186014352136155,42.27012894495715,16.954966836894254,45.12483132868171,42.26534180606415,66.90792946465342,50.22139998256336,94.83903935139607
2025-03-09 20:17:29.846000,470.0,486.0,361.0,2609.0,1584.0,581.0,66.38678714369239,71.80358730399915,59.186014352136155,42.27012894495715,16.954966836894254,45.12483132868171,42.26534180606415,66.90792946465342,50.22139998256336,94.83903935139607
2025-03-09 20:17:29.854333,466.0,486.0,357.0,2609.0,1583.0,584.0,66.30000160419843,71.894479428385,59.24389862103498,42.284730658908735,16.876705780654813,45.09649791813956,42.18177965467022,67.03252979810782,50.459847733415366,94.8129826814967
2025-03-09 20:17:29.854333,466.0,496.0,361.0,2608.0,1584.0,581.0,66.30000160419843,71.894479428385,59.24389862103498,42.284730658908735,16.876705780654813,45.09649791813956,42.18177965467022,67.03252979810782,50.459847733415366,94.8129826814967
2025-03-09 20:17:29.854333,464.0,493.0,367.0,2609.0,1583.0,581.0,66.30000160419843,71.894479428385,59.24389862103498,42.284730658908735,16.876705780654813,45.09649791813956,42.18177965467022,67.03252979810782,50.459847733415366,94.8129826814967
2025-03-09 20:17:29.862667,465.0,496.0,368.0,2610.0,1584.0,577.0,66.21512128390755,72.00448633580932,59.31032312376067,42.30660379700166,16.804680959015425,45.07875227204946,42.09513390043855,67.1651565867039,50.71397716323565,94.77091653466131
2025-03-09 20:17:29.862667,462.0,491.0,354.0,2608.0,1579.0,574.0,66.21512128390755,72.00448633580932,59.31032312376067,42.30660379700166,16.804680959015425,45.07875227204946,42.09513390043855,67.1651565867039,50.71397716323565,94.77091653466131
2025-03-09 20:17:29.862667,464.0,485.0,353.0,2610.0,1580.0,573.0,66.21512128390755,72.00448633580932,59.31032312376067,42.30660379700166,16.804680959015425,45.07875227204946,42.09513390043855,67.1651565867039,50.71397716323565,94.77091653466131
2025-03-09 20:17:29.862667,464.0,493.0,359.0,2608.0,1580.0,573.0,66.21512128390755,72.00448633580932,59.31032312376067,42.30660379700166,16.804680959015425,45.07875227204946,42.09513390043855,67.1651565867039,50.71397716323565,94.77091653466131
2025-03-09 20:17:29.871000,465.0,494.0,358.0,2609.0,1578.0,571.0,66.13275441545407,72.1324238056776,59.38852519200323,42.337154071493195,16.73904309513919,45.07317007669692,42.00226147322341,67.30394713310727,50.983507747152856,94.71438304851821
2025-03-09 20:17:29.871000,464.0,490.0,359.0,2606.0,1579.0,571.0,66.13275441545407,72.1324238056776,59.38852519200323,42.337154071493195,16.73904309513919,45.07317007669692,42.00226147322341,67.30394713310727,50.983507747152856,94.71438304851821
2025-03-09 20:17:29.871000,464.0,486.0,350.0,2609.0,1578.0,570.0,66.13275441545407,72.1324238056776,59.38852519200323,42.337154071493195,16.73904309513919,45.07317007669692,42.00226147322341,67.30394713310727,50.983507747152856,94.71438304851821
2025-03-09 20:17:29.871000,464.0,490.0,343.0,2609.0,1572.0,569.0,66.13275441545407,72.1324238056776,59.38852519200323,42.337154071493195,16.73904309513919,45.07317007669692,42.00226147322341,67.30394713310727,50.983507747152856,94.71438304851821
2025-03-09 20:17:29.879333,461.0,489.0,362.0,2610.0,1571.0,560.0,66.05286963694341,72.27704226508128,59.48414364136136,42.37729834193689,16.67929053628028,45.08019422677303,41.89886519639449,67.44866106181713,51.27040027085177,94.64369527942594
2025-03-09 20:17:29.879333,461.0,486.0,359.0,2612.0,1570.0,559.0,66.05286963694341,72.27704226508128,59.48414364136136,42.37729834193689,16.67929053628028,45.08019422677303,41.89886519639449,67.44866106181713,51.27040027085177,94.64369527942594
2025-03-09 20:17:29.879333,461.0,489.0,357.0,2606.0,1571.0,558.0,66.05286963694341,72.27704226508128,59.48414364136136,42.37729834193689,16.67929053628028,45.08019422677303,41.89886519639449,67.44866106181713,51.27040027085177,94.64369527942594
2025-03-09 20:17:29.887667,459.0,486.0,344.0,2611.0,1570.0,558.0,65.97312222930782,72.43608572491895,59.59745432360101,42.42806878531728,16.625184287956696,45.10059543216709,41.78239610924123,67.5971562640698,51.57434559273702,94.55726361620928
2025-03-09 20:17:29.887667,461.0,491.0,345.0,2608.0,1568.0,559.0,65.97312222930782,72.43608572491895,59.59745432360101,42.42806878531728,16.625184287956696,45.10059543216709,41.78239610924123,67.5971562640698,51.57434559273702,94.55726361620928
2025-03-09 20:17:29.887667,461.0,490.0,352.0,2617.0,1567.0,554.0,65.97312222930782,72.43608572491895,59.59745432360101,42.42806878531728,16.625184287956696,45.10059543216709,41.78239610924123,67.5971562640698,51.57434559273702,94.55726361620928
2025-03-09 20:17:29.887667,459.0,483.0,354.0,2608.0,1569.0,557.0,65.97312222930782,72.43608572491895,59.59745432360101,42.42806878531728,16.625184287956696,45.10059543216709,41.78239610924123,67.5971562640698,51.57434559273702,94.55726361620928
2025-03-09 20:17:29.896000,455.0,486.0,341.0,2608.0,1569.0,556.0,65.89129357032265,72.6080538718456,59.72607747691459,42.48909684613309,16.577751970924552,45.13466497317906,41.65265446791311,67.7462290994106,51.89234674585317,94.45282111548528
2025-03-09 20:17:29.896000,459.0,487.0,359.0,2608.0,1563.0,547.0,65.89129357032265,72.6080538718456,59.72607747691459,42.48909684613309,16.577751970924552,45.13466497317906,41.65265446791311,67.7462290994106,51.89234674585317,94.45282111548528
2025-03-09 20:17:29.896000,457.0,487.0,371.0,2608.0,1563.0,545.0,65.89129357032265,72.6080538718456,59.72607747691459,42.48909684613309,16.577751970924552,45.13466497317906,41.65265446791311,67.7462290994106,51.89234674585317,94.45282111548528
2025-03-09 20:17:29.904333,463.0,483.0,375.0,2608.0,1562.0,545.0,65.80644385489462,72.79252332187836,59.86863495825961,42.55817644655275,16.538447310438038,45.181158352275055,41.51068611109186,67.89371558862543,52.22095636982774,94.32911860986984
2025-03-09 20:17:29.904333,454.0,478.0,403.0,2607.0,1562.0,541.0,65.80644385489462,72.79252332187836,59.86863495825961,42.55817644655275,16.538447310438038,45.181158352275055,41.51068611109186,67.89371558862543,52.22095636982774,94.32911860986984
2025-03-09 20:17:29.904333,457.0,490.0,400.0,2604.0,1561.0,538.0,65.80644385489462,72.79252332187836,59.86863495825961,42.55817644655275,16.538447310438038,45.181158352275055,41.51068611109186,67.89371558862543,52.22095636982774,94.32911860986984
2025-03-09 20:17:29.904333,459.0,490.0,382.0,2603.0,1559.0,544.0,65.80644385489462,72.79252332187836,59.86863495825961,42.55817644655275,16.538447310438038,45.181158352275055,41.51068611109186,67.89371558862543,52.22095636982774,94.32911860986984
2025-03-09 20:17:29.912667,458.0,476.0,402.0,2608.0,1561.0,544.0,65.7173824572049,72.98881821961639,60.021018372383594,42.631544972758384,16.507554579868813,45.23687629598434,41.35953274172255,68.03811821116537,52.55600577533353,94.18600697892572
2025-03-09 20:17:29.912667,459.0,481.0,422.0,2605.0,1558.0,532.0,65.7173824572049,72.98881821961639,60.021018372383594,42.631544972758384,16.507554579868813,45.23687629598434,41.35953274172255,68.03811821116537,52.55600577533353,94.18600697892572
2025-03-09 20:17:29.912667,453.0,485.0,416.0,2608.0,1559.0,530.0,65.7173824572049,72.98881821961639,60.021018372383594,42.631544972758384,16.507554579868813,45.23687629598434,41.35953274172255,68.03811821116537,52.55600577533353,94.18600697892572
2025-03-09 20:17:29.912667,459.0,485.0,416.0,2608.0,1559.0,530.0,65.7173824572049,72.98881821961639,60.021018372383594,42.631544972758384,16.507554579868813,45.23687629598434,41.35953274172255,68.03811821116537,52.55600577533353,94.18600697892572
2025-03-09 20:17:29.921000,454.0,485.0,417.0,2608.0,1559.0,528.0,65.62275749001458,73.1963992116164,60.17697428949176,42.70352997395473,16.48398865745741,45.29613005813019,41.204403380944534,68.17957155272065,52.89347748936903,94.02423458328491
2025-03-09 20:17:29.921000,457.0,486.0,411.0,2608.0,1560.0,528.0,65.62275749001458,73.1963992116164,60.17697428949176,42.70352997395473,16.48398865745741,45.29613005813019,41.204403380944534,68.17957155272065,52.89347748936903,94.02423458328491
2025-03-09 20:17:29.921000,453.0,489.0,396.0,2608.0,1562.0,529.0,65.62275749001458,73.1963992116164,60.17697428949176,42.70352997395473,16.48398865745741,45.29613005813019,41.204403380944534,68.17957155272065,52.89347748936903,94.02423458328491
2025-03-09 20:17:29.921000,455.0,483.0,384.0,2606.0,1563.0,528.0,65.62275749001458,73.1963992116164,60.17697428949176,42.70352997395473,16.48398865745741,45.29613005813019,41.204403380944534,68.17957155272065,52.89347748936903,94.02423458328491
2025-03-09 20:17:29.929333,457.0,491.0,400.0,2608.0,1559.0,528.0,65.5225757514977,73.41501821295245,60.330962635467635,42.768659587844056,16.467652980713602,45.353561617227385,41.05198294796648,68.31913399387369,53.229201183804385,93.84546015148744
2025-03-09 20:17:29.929333,455.0,486.0,438.0,2609.0,1563.0,511.0,65.5225757514977,73.41501821295245,60.330962635467635,42.768659587844056,16.467652980713602,45.353561617227385,41.05198294796648,68.31913399387369,53.229201183804385,93.84546015148744
2025-03-09 20:17:29.937667,455.0,482.0,504.0,2608.0,1561.0,511.0,65.41713612406781,73.64425832451444,60.47923295329304,42.823675187391636,16.459316628281183,45.406043563316686,40.90781832156979,68.45769865728032,53.560119313214514,93.6516972132537
2025-03-09 20:17:29.937667,455.0,481.0,467.0,2607.0,1564.0,511.0,65.41713612406781,73.64425832451444,60.47923295329304,42.823675187391636,16.459316628281183,45.406043563316686,40.90781832156979,68.45769865728032,53.560119313214514,93.6516972132537
2025-03-09 20:17:29.937667,459.0,482.0,461.0,2608.0,1561.0,511.0,65.41713612406781,73.64425832451444,60.47923295329304,42.823675187391636,16.459316628281183,45.406043563316686,40.90781832156979,68.45769865728032,53.560119313214514,93.6516972132537
2025-03-09 20:17:29.937667,450.0,485.0,448.0,2607.0,1561.0,511.0,65.41713612406781,73.64425832451444,60.47923295329304,42.823675187391636,16.459316628281183,45.406043563316686,40.90781832156979,68.45769865728032,53.560119313214514,93.6516972132537
2025-03-09 20:17:29.946000,452.0,481.0,432.0,2608.0,1563.0,511.0,65.30533462375624,73.88268646381611,60.619919313181995,42.86604596489976,16.458080256163885,45.45056697325529,40.77368767972797,68.5953805968459,53.88499574093699,93.44468951986029
2025-03-09 20:17:29.946000,451.0,486.0,457.0,2606.0,1562.0,511.0,65.30533462375624,73.88268646381611,60.619919313181995,42.86604596489976,16.458080256163885,45.45056697325529,40.77368767972797,68.5953805968459,53.88499574093699,93.44468951986029
2025-03-09 20:17:29.946000,451.0,483.0,445.0,2608.0,1567.0,510.0,65.30533462375624,73.88268646381611,60.619919313181995,42.86604596489976,16.458080256163885,45.45056697325529,40.77368767972797,68.5953805968459,53.88499574093699,93.44468951986029
2025-03-09 20:17:29.946000,449.0,483.0,445.0,2608.0,1568.0,511.0,65.30533462375624,73.88268646381611,60.619919313181995,42.86604596489976,16.458080256163885,45.45056697325529,40.77368767972797,68.5953805968459,53.88499574093699,93.44468951986029
2025-03-09 20:17:29.946000,450.0,483.0,449.0,2607.0,1568.0,511.0,65.30533462375624,73.88268646381611,60.619919313181995,42.86604596489976,16.458080256163885,45.45056697325529,40.77368767972797,68.5953805968459,53.88499574093699,93.44468951986029
2025-03-09 20:17:29.954333,447.0,490.0,511.0,2608.0,1568.0,511.0,65.18626938873918,74.1291514865914,60.752289636654716,42.893576463260956,16.461652670984993,45.48413716486219,40.64941330617763,68.73248545929567,54.20394070022048,93.2259726704731
2025-03-09 20:17:29.954333,450.0,482.0,511.0,2607.0,1568.0,509.0,65.18626938873918,74.1291514865914,60.752289636654716,42.893576463260956,16.461652670984993,45.48413716486219,40.64941330617763,68.73248545929567,54.20394070022048,93.2259726704731
2025-03-09 20:17:29.962667,450.0,483.0,511.0,2606.0,1569.0,511.0,65.06074779733545,74.38313816932927,60.8774315175325,42.904645766588175,16.46915419502179,45.504619173682414,40.53570387861209,68.87035427564581,54.51713750723065,92.99781061557987
2025-03-09 20:17:29.962667,451.0,481.0,485.0,2608.0,1571.0,511.0,65.06074779733545,74.38313816932927,60.8774315175325,42.904645766588175,16.46915419502179,45.504619173682414,40.53570387861209,68.87035427564581,54.51713750723065,92.99781061557987
2025-03-09 20:17:29.962667,450.0,485.0,489.0,2613.0,1571.0,510.0,65.06074779733545,74.38313816932927,60.8774315175325,42.904645766588175,16.46915419502179,45.504619173682414,40.53570387861209,68.87035427564581,54.51713750723065,92.99781061557987
2025-03-09 20:17:29.962667,452.0,481.0,465.0,2608.0,1569.0,511.0,65.06074779733545,74.38313816932927,60.8774315175325,42.904645766588175,16.46915419502179,45.504619173682414,40.53570387861209,68.87035427564581,54.51713750723065,92.99781061557987
2025-03-09 20:17:29.971000,451.0,486.0,459.0,2608.0,1572.0,509.0,64.93056994354916,74.64371689574756,60.99680730961926,42.89827311523082,16.4807018849537,45.51075035990112,40.43392153536946,69.01010428390931,54.82380672849807,92.76324949267365
2025-03-09 20:17:29.971000,451.0,485.0,471.0,2607.0,1572.0,508.0,64.93056994354916,74.64371689574756,60.99680730961926,42.89827311523082,16.4807018849537,45.51075035990112,40.43392153536946,69.01010428390931,54.82380672849807,92.76324949267365
2025-03-09 20:17:29.971000,450.0,482.0,464.0,2608.0,1572.0,510.0,64.93056994354916,74.64371689574756,60.99680730961926,42.89827311523082,16.4807018849537,45.51075035990112,40.43392153536946,69.01010428390931,54.82380672849807,92.76324949267365
2025-03-09 20:17:29.971000,452.0,492.0,464.0,2613.0,1570.0,506.0,64.93056994354916,74.64371689574756,60.99680730961926,42.89827311523082,16.4807018849537,45.51075035990112,40.43392153536946,69.01010428390931,54.82380672849807,92.76324949267365
2025-03-09 20:17:29.979333,449.0,481.0,465.0,2609.0,1571.0,507.0,64.7979571768908,74.9096341130936,61.11111786499493,42.87510173156026,16.495585482407257,45.50273528951094,40.3444560313355,69.1521331276732,55.12331155688631,92.52545766359431
2025-03-09 20:17:29.979333,449.0,481.0,459.0,2605.0,1571.0,510.0,64.7979571768908,74.9096341130936,61.11111786499493,42.87510173156026,16.495585482407257,45.50273528951094,40.3444560313355,69.1521331276732,55.12331155688631,92.52545766359431
2025-03-09 20:17:29.979333,453.0,484.0,461.0,2608.0,1575.0,506.0,64.7979571768908,74.9096341130936,61.11111786499493,42.87510173156026,16.495585482407257,45.50273528951094,40.3444560313355,69.1521331276732,55.12331155688631,92.52545766359431
2025-03-09 20:17:29.979333,451.0,481.0,460.0,2608.0,1571.0,506.0,64.7979571768908,74.9096341130936,61.11111786499493,42.87510173156026,16.495585482407257,45.50273528951094,40.3444560313355,69.1521331276732,55.12331155688631,92.52545766359431
2025-03-09 20:17:29.987667,451.0,481.0,459.0,2609.0,1571.0,507.0,64.66440089095018,75.17942795542297,61.219002709351535,42.83746656077372,16.512253440191387,45.48219448661146,40.26733849551748,69.29630188013907,55.415682327205374,92.28759672493871
2025-03-09 20:17:29.987667,450.0,480.0,455.0,2606.0,1570.0,505.0,64.66440089095018,75.17942795542297,61.219002709351535,42.83746656077372,16.512253440191387,45.48219448661146,40.26733849551748,69.29630188013907,55.415682327205374,92.28759672493871
2025-03-09 20:17:29.996000,455.0,486.0,455.0,2609.0,1572.0,506.0,64.53059002986133,75.45163151230756,61.318880853131695,42.78805739111405,16.52871214263053,45.45086338485784,40.20208579573693,69.44264594301896,55.70187070494031,92.05227944108019
2025-03-09 20:17:29.996000,453.0,486.0,462.0,2608.0,1573.0,503.0,64.53059002986133,75.45163151230756,61.318880853131695,42.78805739111405,16.52871214263053,45.45086338485784,40.20208579573693,69.44264594301896,55.70187070494031,92.05227944108019
2025-03-09 20:17:29.996000,452.0,482.0,453.0,2607.0,1573.0,502.0,64.53059002986133,75.45163151230756,61.318880853131695,42.78805739111405,16.52871214263053,45.45086338485784,40.20208579573693,69.44264594301896,55.70187070494031,92.05227944108019
2025-03-09 20:17:29.996000,455.0,476.0,462.0,2609.0,1574.0,503.0,64.53059002986133,75.45163151230756,61.318880853131695,42.78805739111405,16.52871214263053,45.45086338485784,40.20208579573693,69.44264594301896,55.70187070494031,92.05227944108019
2025-03-09 20:17:29.996000,453.0,475.0,459.0,2608.0,1570.0,502.0,64.53059002986133,75.45163151230756,61.318880853131695,42.78805739111405,16.52871214263053,45.45086338485784,40.20208579573693,69.44264594301896,55.70187070494031,92.05227944108019
2025-03-09 20:17:30.004333,462.0,480.0,461.0,2606.0,1574.0,502.0,64.398154894282,75.72544354699865,61.40965281267051,42.72936726633078,16.543951869418695,45.4106007218814,40.149283024178935,69.59172512496455,55.98250331759453,91.82189486514619
2025-03-09 20:17:30.004333,462.0,483.0,463.0,2608.0,1571.0,501.0,64.398154894282,75.72544354699865,61.40965281267051,42.72936726633078,16.543951869418695,45.4106007218814,40.149283024178935,69.59172512496455,55.98250331759453,91.82189486514619
2025-03-09 20:17:30.004333,462.0,490.0,454.0,2607.0,1571.0,499.0,64.398154894282,75.72544354699865,61.40965281267051,42.72936726633078,16.543951869418695,45.4106007218814,40.149283024178935,69.59172512496455,55.98250331759453,91.82189486514619
2025-03-09 20:17:30.012667,461.0,487.0,455.0,2608.0,1571.0,501.0,64.27092066845012,76.00029703650422,61.491604588355266,42.66411584496608,16.558562410326193,45.36391771997029,40.11085267119048,69.74461448438385,56.25713429164482,91.60032658250671
2025-03-09 20:17:30.012667,459.0,487.0,454.0,2608.0,1570.0,501.0,64.27092066845012,76.00029703650422,61.491604588355266,42.66411584496608,16.558562410326193,45.36391771997029,40.11085267119048,69.74461448438385,56.25713429164482,91.60032658250671
2025-03-09 20:17:30.012667,464.0,483.0,456.0,2608.0,1570.0,501.0,64.27092066845012,76.00029703650422,61.491604588355266,42.66411584496608,16.558562410326193,45.36391771997029,40.11085267119048,69.74461448438385,56.25713429164482,91.60032658250671
2025-03-09 20:17:30.012667,462.0,486.0,458.0,2608.0,1568.0,498.0,64.27092066845012,76.00029703650422,61.491604588355266,42.66411584496608,16.558562410326193,45.36391771997029,40.11085267119048,69.74461448438385,56.25713429164482,91.60032658250671
2025-03-09 20:17:30.021000,472.0,485.0,456.0,2608.0,1566.0,498.0,64.15508404887865,76.27656117769611,61.568695109161695,42.596569126441935,16.576212249892386,45.31558571305507,40.08931327556847,69.90328174905763,56.525319669944956,91.39187933756963
2025-03-09 20:17:30.021000,474.0,481.0,458.0,2608.0,1566.0,499.0,64.15508404887865,76.27656117769611,61.568695109161695,42.596569126441935,16.576212249892386,45.31558571305507,40.08931327556847,69.90328174905763,56.525319669944956,91.39187933756963
2025-03-09 20:17:30.021000,473.0,485.0,462.0,2608.0,1566.0,496.0,64.15508404887865,76.27656117769611,61.568695109161695,42.596569126441935,16.576212249892386,45.31558571305507,40.08931327556847,69.90328174905763,56.525319669944956,91.39187933756963
2025-03-09 20:17:30.021000,472.0,490.0,454.0,2607.0,1565.0,494.0,64.15508404887865,76.27656117769611,61.568695109161695,42.596569126441935,16.576212249892386,45.31558571305507,40.08931327556847,69.90328174905763,56.525319669944956,91.39187933756963
2025-03-09 20:17:30.029333,475.0,478.0,455.0,2608.0,1563.0,496.0,64.05771465797342,76.5552137991493,61.643778884964895,42.53008880455192,16.600100529608426,45.26948351905482,40.08835557710549,70.07032571068345,56.78615621221225,91.20264612870967
2025-03-09 20:17:30.029333,479.0,478.0,452.0,2607.0,1567.0,496.0,64.05771465797342,76.5552137991493,61.643778884964895,42.53008880455192,16.600100529608426,45.26948351905482,40.08835557710549,70.07032571068345,56.78615621221225,91.20264612870967
2025-03-09 20:17:30.029333,482.0,475.0,455.0,2608.0,1566.0,496.0,64.05771465797342,76.5552137991493,61.643778884964895,42.53008880455192,16.600100529608426,45.26948351905482,40.08835557710549,70.07032571068345,56.78615621221225,91.20264612870967
2025-03-09 20:17:30.037667,496.0,490.0,445.0,2607.0,1563.0,495.0,63.98626008335449,76.83610428607705,61.712561911737325,42.46402249317805,16.62706297241709,45.22388795715272,40.11380847923779,70.24941719753006,57.03739502074359,91.04434004542043
2025-03-09 20:17:30.037667,496.0,482.0,445.0,2608.0,1561.0,494.0,63.98626008335449,76.83610428607705,61.712561911737325,42.46402249317805,16.62706297241709,45.22388795715272,40.11380847923779,70.24941719753006,57.03739502074359,91.04434004542043
2025-03-09 20:17:30.037667,497.0,489.0,439.0,2606.0,1556.0,494.0,63.98626008335449,76.83610428607705,61.712561911737325,42.46402249317805,16.62706297241709,45.22388795715272,40.11380847923779,70.24941719753006,57.03739502074359,91.04434004542043
2025-03-09 20:17:30.037667,499.0,481.0,441.0,2607.0,1559.0,496.0,63.98626008335449,76.83610428607705,61.712561911737325,42.46402249317805,16.62706297241709,45.22388795715272,40.11380847923779,70.24941719753006,57.03739502074359,91.04434004542043
2025-03-09 20:17:30.046000,502.0,489.0,443.0,2605.0,1557.0,494.0,63.95034327869197,77.12063320691487,61.77028401588079,42.39697603976025,16.65358096286752,45.17630419856418,40.17336944689047,70.44619625080378,57.27701881464389,90.9324444345544
2025-03-09 20:17:30.046000,503.0,482.0,453.0,2606.0,1559.0,494.0,63.95034327869197,77.12063320691487,61.77028401588079,42.39697603976025,16.65358096286752,45.17630419856418,40.17336944689047,70.44619625080378,57.27701881464389,90.9324444345544
2025-03-09 20:17:30.046000,507.0,486.0,447.0,2599.0,1557.0,496.0,63.95034327869197,77.12063320691487,61.77028401588079,42.39697603976025,16.65358096286752,45.17630419856418,40.17336944689047,70.44619625080378,57.27701881464389,90.9324444345544
2025-03-09 20:17:30.054333,509.0,487.0,448.0,2607.0,1558.0,496.0,63.95676637505106,77.40942507751188,61.81504496192814,42.328999457262164,16.679279374790895,45.1265237187569,40.27213520176607,70.66380581625673,57.5029129620996,90.87706654177346
2025-03-09 20:17:30.054333,534.0,487.0,464.0,2603.0,1535.0,489.0,63.95676637505106,77.40942507751188,61.81504496192814,42.328999457262164,16.679279374790895,45.1265237187569,40.27213520176607,70.66380581625673,57.5029129620996,90.87706654177346
2025-03-09 20:17:30.054333,535.0,483.0,464.0,2605.0,1535.0,491.0,63.95676637505106,77.40942507751188,61.81504496192814,42.328999457262164,16.679279374790895,45.1265237187569,40.27213520176607,70.66380581625673,57.5029129620996,90.87706654177346
2025-03-09 20:17:30.054333,535.0,486.0,467.0,2605.0,1535.0,483.0,63.95676637505106,77.40942507751188,61.81504496192814,42.328999457262164,16.679279374790895,45.1265237187569,40.27213520176607,70.66380581625673,57.5029129620996,90.87706654177346
2025-03-09 20:17:30.062667,540.0,487.0,474.0,2602.0,1535.0,487.0,63.99465812580085,77.69526706592183,61.84530707382926,42.26085295337138,16.703762498085666,45.0749795946875,40.402112600613854,70.89352793229443,57.71314079284363,90.86284467963873
2025-03-09 20:17:30.062667,539.0,493.0,482.0,2606.0,1535.0,487.0,63.99465812580085,77.69526706592183,61.84530707382926,42.26085295337138,16.703762498085666,45.0749795946875,40.402112600613854,70.89352793229443,57.71314079284363,90.86284467963873
2025-03-09 20:17:30.062667,544.0,481.0,483.0,2603.0,1535.0,487.0,63.99465812580085,77.69526706592183,61.84530707382926,42.26085295337138,16.703762498085666,45.0749795946875,40.402112600613854,70.89352793229443,57.71314079284363,90.86284467963873
2025-03-09 20:17:30.062667,543.0,486.0,489.0,2602.0,1535.0,486.0,63.99465812580085,77.69526706592183,61.84530707382926,42.26085295337138,16.703762498085666,45.0749795946875,40.402112600613854,70.89352793229443,57.71314079284363,90.86284467963873
2025-03-09 20:17:30.071000,561.0,485.0,477.0,2606.0,1535.0,481.0,64.03138641543521,77.96202290843084,61.860616462242774,42.19285363399123,16.726631000663414,45.02179876515234,40.53937997679136,71.11227341647545,57.906021095922036,90.84146662138785
2025-03-09 20:17:30.071000,569.0,485.0,476.0,2604.0,1535.0,481.0,64.03138641543521,77.96202290843084,61.860616462242774,42.19285363399123,16.726631000663414,45.02179876515234,40.53937997679136,71.11227341647545,57.906021095922036,90.84146662138785
2025-03-09 20:17:30.071000,567.0,486.0,464.0,2607.0,1535.0,482.0,64.03138641543521,77.96202290843084,61.860616462242774,42.19285363399123,16.726631000663414,45.02179876515234,40.53937997679136,71.11227341647545,57.906021095922036,90.84146662138785
2025-03-09 20:17:30.079333,569.0,486.0,473.0,2607.0,1535.0,480.0,64.03120357299672,78.19385665371507,61.861278672277045,42.12391030428325,16.747126903225166,44.96574466719573,40.658374278924775,71.29627182872981,58.081179279182784,90.75855321238888
2025-03-09 20:17:30.079333,571.0,491.0,472.0,2598.0,1535.0,480.0,64.03120357299672,78.19385665371507,61.861278672277045,42.12391030428325,16.747126903225166,44.96574466719573,40.658374278924775,71.29627182872981,58.081179279182784,90.75855321238888
2025-03-09 20:17:30.079333,576.0,489.0,476.0,2605.0,1533.0,478.0,64.03120357299672,78.19385665371507,61.861278672277045,42.12391030428325,16.747126903225166,44.96574466719573,40.658374278924775,71.29627182872981,58.081179279182784,90.75855321238888
2025-03-09 20:17:30.079333,575.0,491.0,477.0,2598.0,1533.0,479.0,64.03120357299672,78.19385665371507,61.861278672277045,42.12391030428325,16.747126903225166,44.96574466719573,40.658374278924775,71.29627182872981,58.081179279182784,90.75855321238888
2025-03-09 20:17:30.087667,577.0,493.0,486.0,2603.0,1532.0,481.0,63.98257924064912,78.38842989814628,61.850791072120735,42.052626601892925,16.76526096129075,44.90587191423056,40.74905247849675,71.4388268304649,58.240673545316426,90.59492290781242
2025-03-09 20:17:30.087667,599.0,485.0,477.0,2597.0,1530.0,475.0,63.98257924064912,78.38842989814628,61.850791072120735,42.052626601892925,16.76526096129075,44.90587191423056,40.74905247849675,71.4388268304649,58.240673545316426,90.59492290781242
2025-03-09 20:17:30.087667,601.0,486.0,470.0,2595.0,1527.0,475.0,63.98257924064912,78.38842989814628,61.850791072120735,42.052626601892925,16.76526096129075,44.90587191423056,40.74905247849675,71.4388268304649,58.240673545316426,90.59492290781242
2025-03-09 20:17:30.096000,607.0,493.0,476.0,2599.0,1528.0,470.0,63.912367288958066,78.56270296775514,61.83408627331427,41.97988982032729,16.781832330925706,44.843895983734484,40.826828055508216,71.5594106582627,58.38946718855686,90.38997929769091
2025-03-09 20:17:30.096000,607.0,490.0,459.0,2597.0,1526.0,475.0,63.912367288958066,78.56270296775514,61.83408627331427,41.97988982032729,16.781832330925706,44.843895983734484,40.826828055508216,71.5594106582627,58.38946718855686,90.38997929769091
2025-03-09 20:17:30.096000,610.0,487.0,446.0,2598.0,1529.0,475.0,63.912367288958066,78.56270296775514,61.83408627331427,41.97988982032729,16.781832330925706,44.843895983734484,40.826828055508216,71.5594106582627,58.38946718855686,90.38997929769091
2025-03-09 20:17:30.096000,611.0,489.0,479.0,2591.0,1527.0,471.0,63.912367288958066,78.56270296775514,61.83408627331427,41.97988982032729,16.781832330925706,44.843895983734484,40.826828055508216,71.5594106582627,58.38946718855686,90.38997929769091
2025-03-09 20:17:30.104333,615.0,490.0,494.0,2599.0,1525.0,471.0,63.85757798535983,78.73678611833466,61.81255679172147,41.90790346555264,16.797267203598746,44.78245814108033,40.915908922396405,71.68389106508643,58.53163856912062,90.20026060640308
2025-03-09 20:17:30.104333,636.0,495.0,441.0,2592.0,1521.0,467.0,63.85757798535983,78.73678611833466,61.81255679172147,41.90790346555264,16.797267203598746,44.78245814108033,40.915908922396405,71.68389106508643,58.53163856912062,90.20026060640308
2025-03-09 20:17:30.104333,637.0,493.0,432.0,2593.0,1522.0,467.0,63.85757798535983,78.73678611833466,61.81255679172147,41.90790346555264,16.797267203598746,44.78245814108033,40.915908922396405,71.68389106508643,58.53163856912062,90.20026060640308
2025-03-09 20:17:30.112667,634.0,495.0,430.0,2594.0,1525.0,464.0,63.82884787808772,78.9147755255673,61.78215331815913,41.83698834516846,16.811237347086742,44.72180281833334,41.02588707980662,71.81873850550451,58.665963855842755,90.04228813518468
2025-03-09 20:17:30.112667,633.0,496.0,419.0,2597.0,1523.0,464.0,63.82884787808772,78.9147755255673,61.78215331815913,41.83698834516846,16.811237347086742,44.72180281833334,41.02588707980662,71.81873850550451,58.665963855842755,90.04228813518468
2025-03-09 20:17:30.112667,640.0,489.0,420.0,2594.0,1521.0,466.0,63.82884787808772,78.9147755255673,61.78215331815913,41.83698834516846,16.811237347086742,44.72180281833334,41.02588707980662,71.81873850550451,58.665963855842755,90.04228813518468
2025-03-09 20:17:30.112667,641.0,496.0,409.0,2597.0,1523.0,464.0,63.82884787808772,78.9147755255673,61.78215331815913,41.83698834516846,16.811237347086742,44.72180281833334,41.02588707980662,71.81873850550451,58.665963855842755,90.04228813518468
2025-03-09 20:17:30.121000,645.0,484.0,429.0,2599.0,1520.0,465.0,63.821633235153364,79.09166971608626,61.73968341943157,41.768954193479075,16.823040275872902,44.663257517765075,41.15408729495691,71.95899327648192,58.7904029020721,89.9070020833333
2025-03-09 20:17:30.121000,645.0,496.0,405.0,2590.0,1520.0,464.0,63.821633235153364,79.09166971608626,61.73968341943157,41.768954193479075,16.823040275872902,44.663257517765075,41.15408729495691,71.95899327648192,58.7904029020721,89.9070020833333
2025-03-09 20:17:30.121000,670.0,497.0,415.0,2592.0,1517.0,462.0,63.821633235153364,79.09166971608626,61.73968341943157,41.768954193479075,16.823040275872902,44.663257517765075,41.15408729495691,71.95899327648192,58.7904029020721,89.9070020833333
2025-03-09 20:17:30.129333,670.0,496.0,416.0,2594.0,1516.0,460.0,63.83371484761705,79.26359965128762,61.68636815830942,41.70773820233628,16.83265747307584,44.610087435022116,41.2965279054774,72.10197569289775,58.905203338414,89.78730411325878
2025-03-09 20:17:30.129333,673.0,497.0,416.0,2593.0,1517.0,459.0,63.83371484761705,79.26359965128762,61.68636815830942,41.70773820233628,16.83265747307584,44.610087435022116,41.2965279054774,72.10197569289775,58.905203338414,89.78730411325878
2025-03-09 20:17:30.129333,671.0,506.0,408.0,2592.0,1515.0,463.0,63.83371484761705,79.26359965128762,61.68636815830942,41.70773820233628,16.83265747307584,44.610087435022116,41.2965279054774,72.10197569289775,58.905203338414,89.78730411325878
2025-03-09 20:17:30.129333,676.0,496.0,423.0,2591.0,1511.0,462.0,63.83371484761705,79.26359965128762,61.68636815830942,41.70773820233628,16.83265747307584,44.610087435022116,41.2965279054774,72.10197569289775,58.905203338414,89.78730411325878
2025-03-09 20:17:30.137667,678.0,499.0,424.0,2593.0,1514.0,460.0,63.86251680114274,79.42893060845887,61.62548755865537,41.65288023104039,16.83982633668226,44.561100047929514,41.45042031317076,72.24825945782891,59.01183122197938,89.67915262085957
2025-03-09 20:17:30.137667,677.0,497.0,417.0,2592.0,1511.0,458.0,63.86251680114274,79.42893060845887,61.62548755865537,41.65288023104039,16.83982633668226,44.561100047929514,41.45042031317076,72.24825945782891,59.01183122197938,89.67915262085957
2025-03-09 20:17:30.137667,701.0,496.0,400.0,2589.0,1507.0,453.0,63.86251680114274,79.42893060845887,61.62548755865537,41.65288023104039,16.83982633668226,44.561100047929514,41.45042031317076,72.24825945782891,59.01183122197938,89.67915262085957
2025-03-09 20:17:30.137667,704.0,497.0,405.0,2589.0,1504.0,454.0,63.86251680114274,79.42893060845887,61.62548755865537,41.65288023104039,16.83982633668226,44.561100047929514,41.45042031317076,72.24825945782891,59.01183122197938,89.67915262085957
2025-03-09 20:17:30.146000,708.0,494.0,401.0,2592.0,1506.0,453.0,63.90465490628464,79.58856387130797,61.559903243198846,41.60018821526993,16.84423549021755,44.51180252890265,41.61454877525186,72.39984218210567,59.11214712002105,89.58113093497236
2025-03-09 20:17:30.146000,713.0,497.0,402.0,2591.0,1507.0,454.0,63.90465490628464,79.58856387130797,61.559903243198846,41.60018821526993,16.84423549021755,44.51180252890265,41.61454877525186,72.39984218210567,59.11214712002105,89.58113093497236
2025-03-09 20:17:30.146000,711.0,506.0,411.0,2587.0,1506.0,448.0,63.90465490628464,79.58856387130797,61.559903243198846,41.60018821526993,16.84423549021755,44.51180252890265,41.61454877525186,72.39984218210567,59.11214712002105,89.58113093497236
2025-03-09 20:17:30.154333,714.0,496.0,400.0,2592.0,1506.0,451.0,63.95871222883203,79.74483886119891,61.49210764040283,41.547359122889574,16.846631025503747,44.46053458697742,41.78743406449048,72.55722609040089,59.2072426925364,89.49364466906363
2025-03-09 20:17:30.154333,716.0,500.0,398.0,2590.0,1507.0,451.0,63.95871222883203,79.74483886119891,61.49210764040283,41.547359122889574,16.846631025503747,44.46053458697742,41.78743406449048,72.55722609040089,59.2072426925364,89.49364466906363
2025-03-09 20:17:30.154333,720.0,499.0,391.0,2589.0,1507.0,453.0,63.95871222883203,79.74483886119891,61.49210764040283,41.547359122889574,16.846631025503747,44.46053458697742,41.78743406449048,72.55722609040089,59.2072426925364,89.49364466906363
2025-03-09 20:17:30.154333,737.0,496.0,382.0,2559.0,1502.0,447.0,63.95871222883203,79.74483886119891,61.49210764040283,41.547359122889574,16.846631025503747,44.46053458697742,41.78743406449048,72.55722609040089,59.2072426925364,89.49364466906363
2025-03-09 20:17:30.162667,741.0,505.0,384.0,2582.0,1503.0,447.0,64.02516588956145,79.89806303106768,61.42047204169214,41.49481272092854,16.84868127861679,44.40879925733643,41.969770620508726,72.71800432035269,59.29472005570817,89.4182013814096
2025-03-09 20:17:30.162667,747.0,496.0,385.0,2587.0,1504.0,445.0,64.02516588956145,79.89806303106768,61.42047204169214,41.49481272092854,16.84868127861679,44.40879925733643,41.969770620508726,72.71800432035269,59.29472005570817,89.4182013814096
2025-03-09 20:17:30.162667,746.0,499.0,377.0,2559.0,1504.0,447.0,64.02516588956145,79.89806303106768,61.42047204169214,41.49481272092854,16.84868127861679,44.40879925733643,41.969770620508726,72.71800432035269,59.29472005570817,89.4182013814096
2025-03-09 20:17:30.171000,750.0,502.0,378.0,2559.0,1502.0,443.0,64.10146752572285,80.04628021535981,61.34236728317655,41.44078086354722,16.85114499575347,44.35562966722686,42.16122475996112,72.87799826917723,59.37081817805694,89.35516969438127
2025-03-09 20:17:30.171000,746.0,496.0,373.0,2559.0,1502.0,446.0,64.10146752572285,80.04628021535981,61.34236728317655,41.44078086354722,16.85114499575347,44.35562966722686,42.16122475996112,72.87799826917723,59.37081817805694,89.35516969438127
2025-03-09 20:17:30.171000,750.0,497.0,374.0,2585.0,1501.0,445.0,64.10146752572285,80.04628021535981,61.34236728317655,41.44078086354722,16.85114499575347,44.35562966722686,42.16122475996112,72.87799826917723,59.37081817805694,89.35516969438127
2025-03-09 20:17:30.171000,767.0,496.0,379.0,2559.0,1500.0,443.0,64.10146752572285,80.04628021535981,61.34236728317655,41.44078086354722,16.85114499575347,44.35562966722686,42.16122475996112,72.87799826917723,59.37081817805694,89.35516969438127
2025-03-09 20:17:30.179333,764.0,505.0,375.0,2559.0,1505.0,439.0,64.18402105870646,80.18902809040965,61.25792660751696,41.38256498565596,16.8531381356994,44.298472707019,42.35922138204486,73.0353470098238,59.43520889579285,89.30439346845317
2025-03-09 20:17:30.179333,768.0,507.0,374.0,2583.0,1502.0,439.0,64.18402105870646,80.18902809040965,61.25792660751696,41.38256498565596,16.8531381356994,44.298472707019,42.35922138204486,73.0353470098238,59.43520889579285,89.30439346845317
2025-03-09 20:17:30.179333,769.0,503.0,368.0,2559.0,1503.0,438.0,64.18402105870646,80.18902809040965,61.25792660751696,41.38256498565596,16.8531381356994,44.298472707019,42.35922138204486,73.0353470098238,59.43520889579285,89.30439346845317
2025-03-09 20:17:30.187667,770.0,501.0,382.0,2559.0,1503.0,437.0,64.27307013746693,80.32699328504182,61.168549945369485,41.321523203469326,16.854611765929704,44.23880417404474,42.56182997600607,73.18980293020927,59.488927421856786,89.26658083826528
2025-03-09 20:17:30.187667,767.0,509.0,381.0,2559.0,1504.0,432.0,64.27307013746693,80.32699328504182,61.168549945369485,41.321523203469326,16.854611765929704,44.23880417404474,42.56182997600607,73.18980293020927,59.488927421856786,89.26658083826528
2025-03-09 20:17:30.187667,771.0,509.0,377.0,2559.0,1503.0,435.0,64.27307013746693,80.32699328504182,61.168549945369485,41.321523203469326,16.854611765929704,44.23880417404474,42.56182997600607,73.18980293020927,59.488927421856786,89.26658083826528
2025-03-09 20:17:30.187667,769.0,505.0,375.0,2559.0,1502.0,432.0,64.27307013746693,80.32699328504182,61.168549945369485,41.321523203469326,16.854611765929704,44.23880417404474,42.56182997600607,73.18980293020927,59.488927421856786,89.26658083826528
2025-03-09 20:17:30.196000,790.0,509.0,379.0,2559.0,1497.0,431.0,64.36971647688661,80.45824040654304,61.07435546725105,41.26078759654102,16.854991713816208,44.179063856442546,42.768145142392605,73.34120994853667,59.53209333896326,89.24100196330643
2025-03-09 20:17:30.196000,791.0,511.0,374.0,2559.0,1497.0,432.0,64.36971647688661,80.45824040654304,61.07435546725105,41.26078759654102,16.854991713816208,44.179063856442546,42.768145142392605,73.34120994853667,59.53209333896326,89.24100196330643
2025-03-09 20:17:30.196000,790.0,511.0,373.0,2559.0,1499.0,431.0,64.36971647688661,80.45824040654304,61.07435546725105,41.26078759654102,16.854991713816208,44.179063856442546,42.768145142392605,73.34120994853667,59.53209333896326,89.24100196330643
2025-03-09 20:17:30.204333,791.0,511.0,368.0,2559.0,1499.0,431.0,64.4743465363793,80.58095304448359,60.97387173175158,41.20212927766602,16.854098169984102,44.12064408215601,42.97864249098082,73.48887494215542,59.563799011826376,89.22558513305285
2025-03-09 20:17:30.204333,794.0,509.0,368.0,2559.0,1495.0,429.0,64.4743465363793,80.58095304448359,60.97387173175158,41.20212927766602,16.854098169984102,44.12064408215601,42.97864249098082,73.48887494215542,59.563799011826376,89.22558513305285
2025-03-09 20:17:30.204333,791.0,511.0,368.0,2559.0,1495.0,428.0,64.4743465363793,80.58095304448359,60.97387173175158,41.20212927766602,16.854098169984102,44.12064408215601,42.97864249098082,73.48887494215542,59.563799011826376,89.22558513305285
2025-03-09 20:17:30.204333,794.0,507.0,373.0,2559.0,1494.0,427.0,64.4743465363793,80.58095304448359,60.97387173175158,41.20212927766602,16.854098169984102,44.12064408215601,42.97864249098082,73.48887494215542,59.563799011826376,89.22558513305285
2025-03-09 20:17:30.212667,813.0,511.0,372.0,2559.0,1491.0,420.0,64.58696672238146,80.69562372718885,60.86514836051495,41.14388949225886,16.853108416970308,44.06262453815012,43.19558561447166,73.63200236572862,59.581953879870255,89.21827163612612
2025-03-09 20:17:30.212667,816.0,507.0,378.0,2559.0,1493.0,421.0,64.58696672238146,80.69562372718885,60.86514836051495,41.14388949225886,16.853108416970308,44.06262453815012,43.19558561447166,73.63200236572862,59.581953879870255,89.21827163612612
2025-03-09 20:17:30.212667,816.0,511.0,374.0,2559.0,1490.0,421.0,64.58696672238146,80.69562372718885,60.86514836051495,41.14388949225886,16.853108416970308,44.06262453815012,43.19558561447166,73.63200236572862,59.581953879870255,89.21827163612612
2025-03-09 20:17:30.212667,816.0,511.0,369.0,2559.0,1491.0,421.0,64.58696672238146,80.69562372718885,60.86514836051495,41.14388949225886,16.853108416970308,44.06262453815012,43.19558561447166,73.63200236572862,59.581953879870255,89.21827163612612
2025-03-09 20:17:30.221000,817.0,509.0,373.0,2559.0,1491.0,421.0,64.70645717417668,80.80230998064164,60.74686188153978,41.081332952573,16.854228041108858,44.00129069451353,43.42245580332002,73.76998129863802,59.582915221419704,89.21668151530062
2025-03-09 20:17:30.221000,819.0,511.0,369.0,2559.0,1491.0,419.0,64.70645717417668,80.80230998064164,60.74686188153978,41.081332952573,16.854228041108858,44.00129069451353,43.42245580332002,73.76998129863802,59.582915221419704,89.21668151530062
2025-03-09 20:17:30.221000,823.0,510.0,376.0,2559.0,1489.0,421.0,64.70645717417668,80.80230998064164,60.74686188153978,41.081332952573,16.854228041108858,44.00129069451353,43.42245580332002,73.76998129863802,59.582915221419704,89.21668151530062
2025-03-09 20:17:30.229333,827.0,511.0,368.0,2559.0,1488.0,422.0,64.8316873029171,80.90037775880648,60.618983844214036,41.01308431797103,16.85784777873406,43.9351065858735,43.66028558379725,73.90338763620514,59.56624180970101,89.2186879219509
2025-03-09 20:17:30.229333,831.0,526.0,378.0,2559.0,1489.0,416.0,64.8316873029171,80.90037775880648,60.618983844214036,41.01308431797103,16.85784777873406,43.9351065858735,43.66028558379725,73.90338763620514,59.56624180970101,89.2186879219509
2025-03-09 20:17:30.229333,832.0,525.0,370.0,2559.0,1487.0,415.0,64.8316873029171,80.90037775880648,60.618983844214036,41.01308431797103,16.85784777873406,43.9351065858735,43.66028558379725,73.90338763620514,59.56624180970101,89.2186879219509
2025-03-09 20:17:30.229333,832.0,527.0,374.0,2559.0,1488.0,412.0,64.8316873029171,80.90037775880648,60.618983844214036,41.01308431797103,16.85784777873406,43.9351065858735,43.66028558379725,73.90338763620514,59.56624180970101,89.2186879219509
2025-03-09 20:17:30.237667,833.0,526.0,374.0,2559.0,1488.0,415.0,64.96291795339603,80.98928176934953,60.480736481085344,40.94043208373851,16.862489329945046,43.86439123881756,43.90941727732918,74.03378627920704,59.53337319115147,89.22318959090826
2025-03-09 20:17:30.237667,832.0,511.0,371.0,2559.0,1488.0,411.0,64.96291795339603,80.98928176934953,60.480736481085344,40.94043208373851,16.862489329945046,43.86439123881756,43.90941727732918,74.03378627920704,59.53337319115147,89.22318959090826
2025-03-09 20:17:30.237667,835.0,511.0,373.0,2559.0,1488.0,413.0,64.96291795339603,80.98928176934953,60.480736481085344,40.94043208373851,16.862489329945046,43.86439123881756,43.90941727732918,74.03378627920704,59.53337319115147,89.22318959090826
2025-03-09 20:17:30.246000,836.0,511.0,372.0,2559.0,1488.0,414.0,65.1017751926225,81.0698260569752,60.33112932901553,40.86487331013097,16.867442662514044,43.79016664927876,44.17118631838176,74.16298984000804,59.48551766696529,89.23027375873663
2025-03-09 20:17:30.246000,835.0,528.0,365.0,2559.0,1487.0,410.0,65.1017751926225,81.0698260569752,60.33112932901553,40.86487331013097,16.867442662514044,43.79016664927876,44.17118631838176,74.16298984000804,59.48551766696529,89.23027375873663
2025-03-09 20:17:30.246000,835.0,511.0,378.0,2559.0,1487.0,410.0,65.1017751926225,81.0698260569752,60.33112932901553,40.86487331013097,16.867442662514044,43.79016664927876,44.17118631838176,74.16298984000804,59.48551766696529,89.23027375873663
2025-03-09 20:17:30.246000,837.0,526.0,381.0,2559.0,1487.0,410.0,65.1017751926225,81.0698260569752,60.33112932901553,40.86487331013097,16.867442662514044,43.79016664927876,44.17118631838176,74.16298984000804,59.48551766696529,89.23027375873663
2025-03-09 20:17:30.254333,839.0,511.0,373.0,2558.0,1486.0,410.0,65.24876637377393,81.1433310820507,60.16844607016165,40.787966740323014,16.872422457507213,43.71391903045872,44.44663211543405,74.29169626136188,59.42404335509529,89.23871047730682
2025-03-09 20:17:30.254333,839.0,528.0,380.0,2559.0,1488.0,403.0,65.24876637377393,81.1433310820507,60.16844607016165,40.787966740323014,16.872422457507213,43.71391903045872,44.44663211543405,74.29169626136188,59.42404335509529,89.23871047730682
2025-03-09 20:17:30.254333,835.0,525.0,371.0,2559.0,1488.0,410.0,65.24876637377393,81.1433310820507,60.16844607016165,40.787966740323014,16.872422457507213,43.71391903045872,44.44663211543405,74.29169626136188,59.42404335509529,89.23871047730682
2025-03-09 20:17:30.262667,836.0,530.0,381.0,2559.0,1486.0,410.0,65.4017443228633,81.21016427106262,59.9893807137983,40.70921348436621,16.876413898434176,43.63514306558922,44.73613446657668,74.41877447361757,59.34932686892065,89.24561490715952
2025-03-09 20:17:30.262667,838.0,527.0,373.0,2559.0,1483.0,409.0,65.4017443228633,81.21016427106262,59.9893807137983,40.70921348436621,16.876413898434176,43.63514306558922,44.73613446657668,74.41877447361757,59.34932686892065,89.24561490715952
2025-03-09 20:17:30.262667,843.0,528.0,373.0,2559.0,1485.0,402.0,65.4017443228633,81.21016427106262,59.9893807137983,40.70921348436621,16.876413898434176,43.63514306558922,44.73613446657668,74.41877447361757,59.34932686892065,89.24561490715952
2025-03-09 20:17:30.262667,841.0,523.0,370.0,2557.0,1486.0,402.0,65.4017443228633,81.21016427106262,59.9893807137983,40.70921348436621,16.876413898434176,43.63514306558922,44.73613446657668,74.41877447361757,59.34932686892065,89.24561490715952
2025-03-09 20:17:30.271000,843.0,528.0,375.0,2559.0,1484.0,400.0,65.55825187818782,81.26989798447298,59.79202653613659,40.62720473853047,16.878214127593843,43.552377061064426,45.03878902335359,74.54270459702603,59.26106581844756,89.2489914107953
2025-03-09 20:17:30.271000,844.0,527.0,383.0,2559.0,1487.0,400.0,65.55825187818782,81.26989798447298,59.79202653613659,40.62720473853047,16.878214127593843,43.552377061064426,45.03878902335359,74.54270459702603,59.26106581844756,89.2489914107953
2025-03-09 20:17:30.271000,846.0,511.0,379.0,2559.0,1486.0,403.0,65.55825187818782,81.26989798447298,59.79202653613659,40.62720473853047,16.878214127593843,43.552377061064426,45.03878902335359,74.54270459702603,59.26106581844756,89.2489914107953
2025-03-09 20:17:30.279333,841.0,528.0,375.0,2557.0,1486.0,401.0,65.71794215133245,81.32207146159112,59.57732850093908,40.542903928105716,16.87803846674799,43.466825953198885,45.35254079828171,74.66202934583886,59.15893192213348,89.24673679886507
2025-03-09 20:17:30.279333,846.0,528.0,375.0,2559.0,1486.0,400.0,65.71794215133245,81.32207146159112,59.57732850093908,40.542903928105716,16.87803846674799,43.466825953198885,45.35254079828171,74.66202934583886,59.15893192213348,89.24673679886507
2025-03-09 20:17:30.279333,848.0,527.0,378.0,2559.0,1487.0,400.0,65.71794215133245,81.32207146159112,59.57732850093908,40.542903928105716,16.87803846674799,43.466825953198885,45.35254079828171,74.66202934583886,59.15893192213348,89.24673679886507
2025-03-09 20:17:30.279333,848.0,528.0,378.0,2555.0,1486.0,401.0,65.71794215133245,81.32207146159112,59.57732850093908,40.542903928105716,16.87803846674799,43.466825953198885,45.35254079828171,74.66202934583886,59.15893192213348,89.24673679886507
2025-03-09 20:17:30.287667,849.0,530.0,382.0,2557.0,1485.0,400.0,65.88070660332052,81.36586060278245,59.346456942757236,40.45899262105717,16.876320218660055,43.38105438283719,45.67561461736068,74.7760028240448,59.04362548578063,89.23467465097221
2025-03-09 20:17:30.287667,848.0,529.0,368.0,2557.0,1487.0,400.0,65.88070660332052,81.36586060278245,59.346456942757236,40.45899262105717,16.876320218660055,43.38105438283719,45.67561461736068,74.7760028240448,59.04362548578063,89.23467465097221
2025-03-09 20:17:30.287667,848.0,528.0,374.0,2555.0,1485.0,400.0,65.88070660332052,81.36586060278245,59.346456942757236,40.45899262105717,16.876320218660055,43.38105438283719,45.67561461736068,74.7760028240448,59.04362548578063,89.23467465097221
2025-03-09 20:17:30.287667,849.0,531.0,375.0,2557.0,1487.0,400.0,65.88070660332052,81.36586060278245,59.346456942757236,40.45899262105717,16.876320218660055,43.38105438283719,45.67561461736068,74.7760028240448,59.04362548578063,89.23467465097221
2025-03-09 20:17:30.296000,854.0,530.0,375.0,2551.0,1485.0,398.0,66.04417182942028,81.40032064013567,59.10132485502806,40.37718698894082,16.873631655582255,43.296689559686435,46.00519218492198,74.8834166095812,58.91658767406221,89.20840892186592
2025-03-09 20:17:30.296000,850.0,528.0,379.0,2555.0,1485.0,400.0,66.04417182942028,81.40032064013567,59.10132485502806,40.37718698894082,16.873631655582255,43.296689559686435,46.00519218492198,74.8834166095812,58.91658767406221,89.20840892186592
2025-03-09 20:17:30.296000,848.0,529.0,380.0,2546.0,1485.0,400.0,66.04417182942028,81.40032064013567,59.10132485502806,40.37718698894082,16.873631655582255,43.296689559686435,46.00519218492198,74.8834166095812,58.91658767406221,89.20840892186592
2025-03-09 20:17:30.304333,849.0,530.0,373.0,2553.0,1486.0,401.0,66.20399365834601,81.4247287035191,58.84670802855263,40.29848129819542,16.869388110760244,43.21426865654364,46.33501234013282,74.98326425580417,58.78146724973047,89.16398242271333
2025-03-09 20:17:30.304333,852.0,531.0,372.0,2554.0,1483.0,396.0,66.20399365834601,81.4247287035191,58.84670802855263,40.29848129819542,16.869388110760244,43.21426865654364,46.33501234013282,74.98326425580417,58.78146724973047,89.16398242271333
2025-03-09 20:17:30.304333,851.0,531.0,373.0,2551.0,1487.0,396.0,66.20399365834601,81.4247287035191,58.84670802855263,40.29848129819542,16.869388110760244,43.21426865654364,46.33501234013282,74.98326425580417,58.78146724973047,89.16398242271333
2025-03-09 20:17:30.304333,849.0,540.0,371.0,2548.0,1483.0,395.0,66.20399365834601,81.4247287035191,58.84670802855263,40.29848129819542,16.869388110760244,43.21426865654364,46.33501234013282,74.98326425580417,58.78146724973047,89.16398242271333
2025-03-09 20:17:30.312667,850.0,531.0,371.0,2551.0,1485.0,398.0,66.35648144122926,81.4387605442299,58.58784916190134,40.224433912096515,16.86290553610055,43.134958969898356,46.65831364785554,75.07454553489264,58.64229127286755,89.09795708521575
2025-03-09 20:17:30.312667,850.0,531.0,378.0,2553.0,1484.0,399.0,66.35648144122926,81.4387605442299,58.58784916190134,40.224433912096515,16.86290553610055,43.134958969898356,46.65831364785554,75.07454553489264,58.64229127286755,89.09795708521575
2025-03-09 20:17:30.312667,848.0,543.0,383.0,2551.0,1486.0,391.0,66.35648144122926,81.4387605442299,58.58784916190134,40.224433912096515,16.86290553610055,43.134958969898356,46.65831364785554,75.07454553489264,58.64229127286755,89.09795708521575
2025-03-09 20:17:30.312667,850.0,540.0,380.0,2551.0,1485.0,393.0,66.35648144122926,81.4387605442299,58.58784916190134,40.224433912096515,16.86290553610055,43.134958969898356,46.65831364785554,75.07454553489264,58.64229127286755,89.09795708521575
2025-03-09 20:17:30.321000,857.0,541.0,374.0,2547.0,1483.0,394.0,66.50080430225648,81.44286317221346,58.32827796959052,40.15790629590326,16.854318665268885,43.06156061354659,46.971023102147136,75.15680878535946,58.50212671741259,89.00932627642737
2025-03-09 20:17:30.321000,849.0,545.0,378.0,2551.0,1485.0,391.0,66.50080430225648,81.44286317221346,58.32827796959052,40.15790629590326,16.854318665268885,43.06156061354659,46.971023102147136,75.15680878535946,58.50212671741259,89.00932627642737
2025-03-09 20:17:30.321000,848.0,540.0,380.0,2557.0,1484.0,390.0,66.50080430225648,81.44286317221346,58.32827796959052,40.15790629590326,16.854318665268885,43.06156061354659,46.971023102147136,75.15680878535946,58.50212671741259,89.00932627642737
2025-03-09 20:17:30.329333,848.0,540.0,379.0,2551.0,1484.0,390.0,66.63792937443145,81.43782613275455,58.06941223761606,40.099569767002784,16.843504280894674,42.99480873866165,47.27211604535288,75.2304771923162,58.361838418497726,88.89940098770992
2025-03-09 20:17:30.329333,847.0,538.0,375.0,2547.0,1487.0,390.0,66.63792937443145,81.43782613275455,58.06941223761606,40.099569767002784,16.843504280894674,42.99480873866165,47.27211604535288,75.2304771923162,58.361838418497726,88.89940098770992
2025-03-09 20:17:30.329333,847.0,533.0,383.0,2548.0,1488.0,389.0,66.63792937443145,81.43782613275455,58.06941223761606,40.099569767002784,16.843504280894674,42.99480873866165,47.27211604535288,75.2304771923162,58.361838418497726,88.89940098770992
2025-03-09 20:17:30.337667,838.0,541.0,382.0,2545.0,1483.0,386.0,66.76902097285654,81.42422774255733,57.81036385069229,40.04747305425454,16.83077051364852,42.933036754048345,47.5637959232591,75.29627137229237,58.21990224854363,88.76909753507478
2025-03-09 20:17:30.337667,841.0,537.0,373.0,2545.0,1486.0,389.0,66.76902097285654,81.42422774255733,57.81036385069229,40.04747305425454,16.83077051364852,42.933036754048345,47.5637959232591,75.29627137229237,58.21990224854363,88.76909753507478
2025-03-09 20:17:30.337667,843.0,537.0,385.0,2547.0,1483.0,387.0,66.76902097285654,81.42422774255733,57.81036385069229,40.04747305425454,16.83077051364852,42.933036754048345,47.5637959232591,75.29627137229237,58.21990224854363,88.76909753507478
2025-03-09 20:17:30.337667,839.0,542.0,374.0,2548.0,1485.0,385.0,66.76902097285654,81.42422774255733,57.81036385069229,40.04747305425454,16.83077051364852,42.933036754048345,47.5637959232591,75.29627137229237,58.21990224854363,88.76909753507478
2025-03-09 20:17:30.346000,838.0,542.0,384.0,2549.0,1485.0,387.0,66.8948540083728,81.40181483754927,57.5479819167968,40.00039932424141,16.815988713706222,42.87484303356623,47.849755465613086,75.35511911008334,58.07485743247474,88.61712479534506
2025-03-09 20:17:30.346000,837.0,533.0,379.0,2547.0,1486.0,386.0,66.8948540083728,81.40181483754927,57.5479819167968,40.00039932424141,16.815988713706222,42.87484303356623,47.849755465613086,75.35511911008334,58.07485743247474,88.61712479534506
2025-03-09 20:17:30.346000,839.0,541.0,374.0,2545.0,1486.0,386.0,66.8948540083728,81.40181483754927,57.5479819167968,40.00039932424141,16.815988713706222,42.87484303356623,47.849755465613086,75.35511911008334,58.07485743247474,88.61712479534506
2025-03-09 20:17:30.354333,825.0,544.0,383.0,2547.0,1487.0,384.0,67.01497443178336,81.3710465640243,57.28049278662748,39.957822592530036,16.798883710511834,42.81940230221884,48.13204055205931,75.40817572529112,57.92742905619159,88.44421610995471
2025-03-09 20:17:30.354333,823.0,540.0,382.0,2544.0,1487.0,383.0,67.01497443178336,81.3710465640243,57.28049278662748,39.957822592530036,16.798883710511834,42.81940230221884,48.13204055205931,75.40817572529112,57.92742905619159,88.44421610995471
2025-03-09 20:17:30.354333,822.0,530.0,376.0,2549.0,1487.0,383.0,67.01497443178336,81.3710465640243,57.28049278662748,39.957822592530036,16.798883710511834,42.81940230221884,48.13204055205931,75.40817572529112,57.92742905619159,88.44421610995471
2025-03-09 20:17:30.354333,822.0,541.0,372.0,2544.0,1487.0,384.0,67.01497443178336,81.3710465640243,57.28049278662748,39.957822592530036,16.798883710511834,42.81940230221884,48.13204055205931,75.40817572529112,57.92742905619159,88.44421610995471
2025-03-09 20:17:30.362667,823.0,534.0,373.0,2547.0,1488.0,383.0,67.12764995394764,81.3334517116764,57.00767378237513,39.919206502615346,16.778908550885458,42.76585403952603,48.41097155871001,75.45688832357227,57.78052864354358,88.2549859921624
2025-03-09 20:17:30.362667,818.0,537.0,373.0,2543.0,1488.0,383.0,67.12764995394764,81.3334517116764,57.00767378237513,39.919206502615346,16.778908550885458,42.76585403952603,48.41097155871001,75.45688832357227,57.78052864354358,88.2549859921624
2025-03-09 20:17:30.362667,816.0,534.0,372.0,2547.0,1488.0,382.0,67.12764995394764,81.3334517116764,57.00767378237513,39.919206502615346,16.778908550885458,42.76585403952603,48.41097155871001,75.45688832357227,57.78052864354358,88.2549859921624
2025-03-09 20:17:30.362667,816.0,531.0,373.0,2545.0,1488.0,382.0,67.12764995394764,81.3334517116764,57.00767378237513,39.919206502615346,16.778908550885458,42.76585403952603,48.41097155871001,75.45688832357227,57.78052864354358,88.2549859921624
2025-03-09 20:17:30.371000,802.0,534.0,368.0,2543.0,1490.0,380.0,67.23101906473002,81.29008409311633,56.730305813318004,39.88386489792183,16.755354031876518,42.713182751625574,48.68568239987769,75.50223632369703,57.6368143713172,88.0519142606881
2025-03-09 20:17:30.371000,799.0,535.0,366.0,2547.0,1490.0,378.0,67.23101906473002,81.29008409311633,56.730305813318004,39.88386489792183,16.755354031876518,42.713182751625574,48.68568239987769,75.50223632369703,57.6368143713172,88.0519142606881
2025-03-09 20:17:30.371000,796.0,535.0,368.0,2543.0,1491.0,381.0,67.23101906473002,81.29008409311633,56.730305813318004,39.88386489792183,16.755354031876518,42.713182751625574,48.68568239987769,75.50223632369703,57.6368143713172,88.0519142606881
2025-03-09 20:17:30.371000,795.0,543.0,367.0,2544.0,1491.0,381.0,67.23101906473002,81.29008409311633,56.730305813318004,39.88386489792183,16.755354031876518,42.713182751625574,48.68568239987769,75.50223632369703,57.6368143713172,88.0519142606881
2025-03-09 20:17:30.379333,795.0,539.0,368.0,2544.0,1491.0,379.0,67.32322312936363,81.24067536348647,56.44958862968026,39.85013053558701,16.727970836257136,42.65968777236601,48.954845138994486,75.54385334678048,57.496657315304184,87.8342610773504
2025-03-09 20:17:30.379333,793.0,533.0,368.0,2545.0,1492.0,379.0,67.32322312936363,81.24067536348647,56.44958862968026,39.85013053558701,16.727970836257136,42.65968777236601,48.954845138994486,75.54385334678048,57.496657315304184,87.8342610773504
2025-03-09 20:17:30.379333,793.0,538.0,366.0,2544.0,1493.0,378.0,67.32322312936363,81.24067536348647,56.44958862968026,39.85013053558701,16.727970836257136,42.65968777236601,48.954845138994486,75.54385334678048,57.496657315304184,87.8342610773504
2025-03-09 20:17:30.387667,786.0,531.0,362.0,2544.0,1493.0,378.0,67.40274959529351,81.18510853292564,56.1669992576609,39.81681814498367,16.697237180860345,42.60451979508724,49.21699299764536,75.58076235046732,57.36004086116781,87.60175774404792
2025-03-09 20:17:30.387667,773.0,538.0,369.0,2544.0,1491.0,379.0,67.40274959529351,81.18510853292564,56.1669992576609,39.81681814498367,16.697237180860345,42.60451979508724,49.21699299764536,75.58076235046732,57.36004086116781,87.60175774404792
2025-03-09 20:17:30.387667,778.0,543.0,365.0,2544.0,1493.0,379.0,67.40274959529351,81.18510853292564,56.1669992576609,39.81681814498367,16.697237180860345,42.60451979508724,49.21699299764536,75.58076235046732,57.36004086116781,87.60175774404792
2025-03-09 20:17:30.396000,775.0,535.0,368.0,2544.0,1494.0,378.0,67.46970258145205,81.12383790920632,55.88365061834177,39.78465356578398,16.66421678184349,42.549192960831434,49.470635220553554,75.61125531194567,57.22671994635263,87.35430826733626
2025-03-09 20:17:30.396000,771.0,538.0,363.0,2544.0,1494.0,379.0,67.46970258145205,81.12383790920632,55.88365061834177,39.78465356578398,16.66421678184349,42.549192960831434,49.470635220553554,75.61125531194567,57.22671994635263,87.35430826733626
2025-03-09 20:17:30.396000,770.0,534.0,368.0,2544.0,1497.0,377.0,67.46970258145205,81.12383790920632,55.88365061834177,39.78465356578398,16.66421678184349,42.549192960831434,49.470635220553554,75.61125531194567,57.22671994635263,87.35430826733626
2025-03-09 20:17:30.396000,771.0,541.0,362.0,2543.0,1495.0,377.0,67.46970258145205,81.12383790920632,55.88365061834177,39.78465356578398,16.66421678184349,42.549192960831434,49.470635220553554,75.61125531194567,57.22671994635263,87.35430826733626
2025-03-09 20:17:30.404333,768.0,535.0,365.0,2544.0,1494.0,378.0,67.52542843831637,81.05705920927946,55.60062437176229,39.75363069685299,16.629633880587946,42.49433134664904,49.71508885711815,75.63438880753108,57.095369324746045,87.09182514715151
2025-03-09 20:17:30.404333,761.0,538.0,365.0,2543.0,1499.0,375.0,67.52542843831637,81.05705920927946,55.60062437176229,39.75363069685299,16.629633880587946,42.49433134664904,49.71508885711815,75.63438880753108,57.095369324746045,87.09182514715151
2025-03-09 20:17:30.404333,757.0,543.0,368.0,2542.0,1499.0,374.0,67.52542843831637,81.05705920927946,55.60062437176229,39.75363069685299,16.629633880587946,42.49433134664904,49.71508885711815,75.63438880753108,57.095369324746045,87.09182514715151
2025-03-09 20:17:30.404333,755.0,535.0,361.0,2544.0,1500.0,373.0,67.52542843831637,81.05705920927946,55.60062437176229,39.75363069685299,16.629633880587946,42.49433134664904,49.71508885711815,75.63438880753108,57.095369324746045,87.09182514715151
2025-03-09 20:17:30.412667,758.0,534.0,363.0,2541.0,1501.0,373.0,67.57191781612372,80.98447829885471,55.318285996968754,39.724011584836866,16.594016477445262,42.4404121379721,49.9510080837381,75.65024672803926,56.96444406620337,86.81454178742167
2025-03-09 20:17:30.412667,752.0,543.0,365.0,2545.0,1499.0,375.0,67.57191781612372,80.98447829885471,55.318285996968754,39.724011584836866,16.594016477445262,42.4404121379721,49.9510080837381,75.65024672803926,56.96444406620337,86.81454178742167
2025-03-09 20:17:30.412667,752.0,543.0,368.0,2546.0,1503.0,374.0,67.57191781612372,80.98447829885471,55.318285996968754,39.724011584836866,16.594016477445262,42.4404121379721,49.9510080837381,75.65024672803926,56.96444406620337,86.81454178742167
2025-03-09 20:17:30.421000,752.0,543.0,366.0,2544.0,1503.0,373.0,67.61142948744744,80.90642506083354,55.03659583310165,39.695595346302426,16.55830403706631,42.38748313346479,50.180452999815174,75.65982992182994,56.832474314079406,86.52443892311871
2025-03-09 20:17:30.421000,752.0,538.0,368.0,2544.0,1501.0,371.0,67.61142948744744,80.90642506083354,55.03659583310165,39.695595346302426,16.55830403706631,42.38748313346479,50.180452999815174,75.65982992182994,56.832474314079406,86.52443892311871
2025-03-09 20:17:30.421000,743.0,533.0,363.0,2544.0,1504.0,370.0,67.61142948744744,80.90642506083354,55.03659583310165,39.695595346302426,16.55830403706631,42.38748313346479,50.180452999815174,75.65982992182994,56.832474314079406,86.52443892311871
2025-03-09 20:17:30.421000,742.0,535.0,368.0,2543.0,1503.0,368.0,67.61142948744744,80.90642506083354,55.03659583310165,39.695595346302426,16.55830403706631,42.38748313346479,50.180452999815174,75.65982992182994,56.832474314079406,86.52443892311871
2025-03-09 20:17:30.429333,743.0,539.0,368.0,2544.0,1505.0,369.0,67.64496985139597,80.82378280009797,54.756030341346204,39.66467888367469,16.52279027123512,42.33195427594295,50.40579662296653,75.66519686579008,56.697825136463315,86.22426940593877
2025-03-09 20:17:30.429333,744.0,541.0,365.0,2543.0,1507.0,369.0,67.64496985139597,80.82378280009797,54.756030341346204,39.66467888367469,16.52279027123512,42.33195427594295,50.40579662296653,75.66519686579008,56.697825136463315,86.22426940593877
2025-03-09 20:17:30.429333,747.0,539.0,371.0,2541.0,1505.0,368.0,67.64496985139597,80.82378280009797,54.756030341346204,39.66467888367469,16.52279027123512,42.33195427594295,50.40579662296653,75.66519686579008,56.697825136463315,86.22426940593877
2025-03-09 20:17:30.429333,736.0,544.0,366.0,2541.0,1503.0,368.0,67.64496985139597,80.82378280009797,54.756030341346204,39.66467888367469,16.52279027123512,42.33195427594295,50.40579662296653,75.66519686579008,56.697825136463315,86.22426940593877
2025-03-09 20:17:30.437667,741.0,539.0,367.0,2544.0,1505.0,369.0,67.67196313631054,80.73701874261388,54.47857965778763,39.630247514511964,16.487168187557398,42.27279669816568,50.62548336630064,75.66668274513714,56.56123151042075,85.91669532550162
2025-03-09 20:17:30.437667,731.0,542.0,366.0,2539.0,1506.0,368.0,67.67196313631054,80.73701874261388,54.47857965778763,39.630247514511964,16.487168187557398,42.27279669816568,50.62548336630064,75.66668274513714,56.56123151042075,85.91669532550162
2025-03-09 20:17:30.437667,733.0,542.0,370.0,2543.0,1511.0,368.0,67.67196313631054,80.73701874261388,54.47857965778763,39.630247514511964,16.487168187557398,42.27279669816568,50.62548336630064,75.66668274513714,56.56123151042075,85.91669532550162
2025-03-09 20:17:30.446000,727.0,544.0,369.0,2541.0,1508.0,367.0,67.69162401913479,80.64637366329657,54.20626526114015,39.595473628188486,16.45098031882492,42.21309446293392,50.835760478424675,75.66320485842412,56.42566609279193,85.6054880079642
2025-03-09 20:17:30.446000,730.0,546.0,365.0,2541.0,1510.0,363.0,67.69162401913479,80.64637366329657,54.20626526114015,39.595473628188486,16.45098031882492,42.21309446293392,50.835760478424675,75.66320485842412,56.42566609279193,85.6054880079642
2025-03-09 20:17:30.446000,733.0,546.0,368.0,2543.0,1511.0,367.0,67.69162401913479,80.64637366329657,54.20626526114015,39.595473628188486,16.45098031882492,42.21309446293392,50.835760478424675,75.66320485842412,56.42566609279193,85.6054880079642
2025-03-09 20:17:30.446000,725.0,549.0,366.0,2535.0,1511.0,367.0,67.69162401913479,80.64637366329657,54.20626526114015,39.595473628188486,16.45098031882492,42.21309446293392,50.835760478424675,75.66320485842412,56.42566609279193,85.6054880079642
2025-03-09 20:17:30.454333,725.0,548.0,363.0,2541.0,1514.0,363.0,67.70517122824874,80.55325022127553,53.93906533013442,39.56130794481745,16.414194549299122,42.15384378361193,51.03718552304027,75.65577187400542,56.29238892963972,85.29428928150176
2025-03-09 20:17:30.454333,725.0,541.0,369.0,2539.0,1510.0,366.0,67.70517122824874,80.55325022127553,53.93906533013442,39.56130794481745,16.414194549299122,42.15384378361193,51.03718552304027,75.65577187400542,56.29238892963972,85.29428928150176
2025-03-09 20:17:30.454333,720.0,551.0,368.0,2539.0,1520.0,361.0,67.70517122824874,80.55325022127553,53.93906533013442,39.56130794481745,16.414194549299122,42.15384378361193,51.03718552304027,75.65577187400542,56.29238892963972,85.29428928150176
2025-03-09 20:17:30.454333,723.0,542.0,371.0,2539.0,1518.0,363.0,67.70517122824874,80.55325022127553,53.93906533013442,39.56130794481745,16.414194549299122,42.15384378361193,51.03718552304027,75.65577187400542,56.29238892963972,85.29428928150176
2025-03-09 20:17:30.462667,720.0,550.0,369.0,2537.0,1519.0,360.0,67.71452742459866,80.45897230579934,53.67675254059356,39.52692639326712,16.377125936339084,42.0944846177218,51.23152418667064,75.64565878508992,56.16076066588956,84.98524541683629
2025-03-09 20:17:30.462667,720.0,551.0,368.0,2535.0,1520.0,363.0,67.71452742459866,80.45897230579934,53.67675254059356,39.52692639326712,16.377125936339084,42.0944846177218,51.23152418667064,75.64565878508992,56.16076066588956,84.98524541683629
2025-03-09 20:17:30.462667,722.0,543.0,372.0,2535.0,1520.0,364.0,67.71452742459866,80.45897230579934,53.67675254059356,39.52692639326712,16.377125936339084,42.0944846177218,51.23152418667064,75.64565878508992,56.16076066588956,84.98524541683629
2025-03-09 20:17:30.471000,718.0,548.0,368.0,2540.0,1522.0,361.0,67.72054845916152,80.36430540106927,53.42142949046803,39.49239450492788,16.339925195860936,42.03527742166359,51.417563173393695,75.63326221190276,56.031187442312856,84.681277155343
2025-03-09 20:17:30.471000,718.0,548.0,372.0,2537.0,1520.0,362.0,67.72054845916152,80.36430540106927,53.42142949046803,39.49239450492788,16.339925195860936,42.03527742166359,51.417563173393695,75.63326221190276,56.031187442312856,84.681277155343
2025-03-09 20:17:30.471000,715.0,549.0,370.0,2531.0,1524.0,359.0,67.72054845916152,80.36430540106927,53.42142949046803,39.49239450492788,16.339925195860936,42.03527742166359,51.417563173393695,75.63326221190276,56.031187442312856,84.681277155343
2025-03-09 20:17:30.471000,710.0,551.0,374.0,2537.0,1525.0,359.0,67.72054845916152,80.36430540106927,53.42142949046803,39.49239450492788,16.339925195860936,42.03527742166359,51.417563173393695,75.63326221190276,56.031187442312856,84.681277155343
2025-03-09 20:17:30.479333,711.0,547.0,371.0,2539.0,1525.0,356.0,67.72303889137315,80.26924594114085,53.1749834160222,39.45867851675077,16.302376672852567,41.9771512127913,51.593140809558335,75.61825739583072,55.90474732964028,84.38529543982946
2025-03-09 20:17:30.479333,711.0,553.0,374.0,2534.0,1526.0,359.0,67.72303889137315,80.26924594114085,53.1749834160222,39.45867851675077,16.302376672852567,41.9771512127913,51.593140809558335,75.61825739583072,55.90474732964028,84.38529543982946
2025-03-09 20:17:30.479333,713.0,547.0,372.0,2539.0,1528.0,357.0,67.72303889137315,80.26924594114085,53.1749834160222,39.45867851675077,16.302376672852567,41.9771512127913,51.593140809558335,75.61825739583072,55.90474732964028,84.38529543982946
2025-03-09 20:17:30.479333,710.0,551.0,370.0,2538.0,1523.0,353.0,67.72303889137315,80.26924594114085,53.1749834160222,39.45867851675077,16.302376672852567,41.9771512127913,51.593140809558335,75.61825739583072,55.90474732964028,84.38529543982946
2025-03-09 20:17:30.487667,707.0,552.0,372.0,2539.0,1523.0,356.0,67.72124379015784,80.17309997106007,52.93705027284991,39.427260813043404,16.264657296568977,41.92175298531412,51.75714480262872,75.5990104003297,55.78168697654355,84.09878728634968
2025-03-09 20:17:30.487667,706.0,553.0,377.0,2538.0,1527.0,357.0,67.72124379015784,80.17309997106007,52.93705027284991,39.427260813043404,16.264657296568977,41.92175298531412,51.75714480262872,75.5990104003297,55.78168697654355,84.09878728634968
2025-03-09 20:17:30.487667,702.0,551.0,369.0,2535.0,1530.0,353.0,67.72124379015784,80.17309997106007,52.93705027284991,39.427260813043404,16.264657296568977,41.92175298531412,51.75714480262872,75.5990104003297,55.78168697654355,84.09878728634968
2025-03-09 20:17:30.496000,704.0,549.0,368.0,2533.0,1529.0,354.0,67.714591988247,80.07556717551658,52.707110710013154,39.3976871764093,16.227207016113123,41.86897983807834,51.909617920707554,75.57441071814576,55.6611900183357,83.82339628183779
2025-03-09 20:17:30.496000,702.0,551.0,370.0,2533.0,1529.0,353.0,67.714591988247,80.07556717551658,52.707110710013154,39.3976871764093,16.227207016113123,41.86897983807834,51.909617920707554,75.57441071814576,55.6611900183357,83.82339628183779
2025-03-09 20:17:30.496000,702.0,549.0,369.0,2532.0,1531.0,353.0,67.714591988247,80.07556717551658,52.707110710013154,39.3976871764093,16.227207016113123,41.86897983807834,51.909617920707554,75.57441071814576,55.6611900183357,83.82339628183779
2025-03-09 20:17:30.504333,702.0,550.0,370.0,2532.0,1529.0,352.0,67.70262137028223,79.97615380250329,52.485248078570166,39.367259986961066,16.191137613351888,41.81690384138801,52.05098779275125,75.54304562943861,55.54029035486015,83.56137257663661
2025-03-09 20:17:30.504333,698.0,553.0,369.0,2534.0,1531.0,351.0,67.70262137028223,79.97615380250329,52.485248078570166,39.367259986961066,16.191137613351888,41.81690384138801,52.05098779275125,75.54304562943861,55.54029035486015,83.56137257663661
2025-03-09 20:17:30.504333,702.0,553.0,368.0,2531.0,1529.0,353.0,67.70262137028223,79.97615380250329,52.485248078570166,39.367259986961066,16.191137613351888,41.81690384138801,52.05098779275125,75.54304562943861,55.54029035486015,83.56137257663661
2025-03-09 20:17:30.504333,690.0,551.0,368.0,2530.0,1531.0,349.0,67.70262137028223,79.97615380250329,52.485248078570166,39.367259986961066,16.191137613351888,41.81690384138801,52.05098779275125,75.54304562943861,55.54029035486015,83.56137257663661
2025-03-09 20:17:30.512667,695.0,551.0,368.0,2537.0,1532.0,347.0,67.68449497825871,79.87345184271159,52.271313719516854,39.3342460730923,16.15693833622176,41.76415758807903,52.18098812711517,75.50325950423841,55.416398238362696,83.3143965906315
2025-03-09 20:17:30.512667,688.0,556.0,371.0,2534.0,1534.0,349.0,67.68449497825871,79.87345184271159,52.271313719516854,39.3342460730923,16.15693833622176,41.76415758807903,52.18098812711517,75.50325950423841,55.416398238362696,83.3143965906315
2025-03-09 20:17:30.512667,691.0,555.0,368.0,2534.0,1531.0,351.0,67.68449497825871,79.87345184271159,52.271313719516854,39.3342460730923,16.15693833622176,41.76415758807903,52.18098812711517,75.50325950423841,55.416398238362696,83.3143965906315
2025-03-09 20:17:30.512667,693.0,547.0,368.0,2534.0,1533.0,345.0,67.68449497825871,79.87345184271159,52.271313719516854,39.3342460730923,16.15693833622176,41.76415758807903,52.18098812711517,75.50325950423841,55.416398238362696,83.3143965906315
2025-03-09 20:17:30.521000,692.0,560.0,369.0,2539.0,1533.0,346.0,67.65939227651616,79.7667274547948,52.06479233468467,39.298807038989786,16.12420285657169,41.710709857570706,52.299214179908496,75.4545034372247,55.2896137147158,83.08435233923915
2025-03-09 20:17:30.521000,690.0,556.0,363.0,2537.0,1535.0,349.0,67.65939227651616,79.7667274547948,52.06479233468467,39.298807038989786,16.12420285657169,41.710709857570706,52.299214179908496,75.4545034372247,55.2896137147158,83.08435233923915
2025-03-09 20:17:30.521000,688.0,555.0,368.0,2527.0,1533.0,348.0,67.65939227651616,79.7667274547948,52.06479233468467,39.298807038989786,16.12420285657169,41.710709857570706,52.299214179908496,75.4545034372247,55.2896137147158,83.08435233923915
2025-03-09 20:17:30.529333,687.0,549.0,374.0,2533.0,1534.0,343.0,67.62730269876445,79.6560894876008,51.8648193277166,39.26238690380982,16.092199609769946,41.65758200985494,52.405796200035454,75.39726571756582,55.16150121464444,82.87234958972206
2025-03-09 20:17:30.529333,687.0,549.0,368.0,2534.0,1533.0,343.0,67.62730269876445,79.6560894876008,51.8648193277166,39.26238690380982,16.092199609769946,41.65758200985494,52.405796200035454,75.39726571756582,55.16150121464444,82.87234958972206
2025-03-09 20:17:30.529333,685.0,547.0,368.0,2533.0,1533.0,341.0,67.62730269876445,79.6560894876008,51.8648193277166,39.26238690380982,16.092199609769946,41.65758200985494,52.405796200035454,75.39726571756582,55.16150121464444,82.87234958972206
2025-03-09 20:17:30.529333,682.0,551.0,368.0,2531.0,1530.0,341.0,67.62730269876445,79.6560894876008,51.8648193277166,39.26238690380982,16.092199609769946,41.65758200985494,52.405796200035454,75.39726571756582,55.16150121464444,82.87234958972206
2025-03-09 20:17:30.537667,683.0,551.0,371.0,2534.0,1534.0,342.0,67.58908923332243,79.54168682326355,51.67025244709889,39.22588568030433,16.060920930609576,41.60554837525776,52.50198028704726,75.33207626659686,55.03220003311332,82.67805356330793
2025-03-09 20:17:30.537667,681.0,553.0,367.0,2527.0,1534.0,342.0,67.58908923332243,79.54168682326355,51.67025244709889,39.22588568030433,16.060920930609576,41.60554837525776,52.50198028704726,75.33207626659686,55.03220003311332,82.67805356330793
2025-03-09 20:17:30.537667,682.0,555.0,369.0,2533.0,1531.0,341.0,67.58908923332243,79.54168682326355,51.67025244709889,39.22588568030433,16.060920930609576,41.60554837525776,52.50198028704726,75.33207626659686,55.03220003311332,82.67805356330793
2025-03-09 20:17:30.546000,677.0,558.0,368.0,2531.0,1531.0,336.0,67.54529096621089,79.42445181480225,51.48300705083299,39.18915046242349,16.03013305540243,41.554386704049946,52.586841781363546,75.25999156046949,54.9027817715504,82.50195637293609
2025-03-09 20:17:30.546000,672.0,553.0,373.0,2533.0,1531.0,336.0,67.54529096621089,79.42445181480225,51.48300705083299,39.18915046242349,16.03013305540243,41.554386704049946,52.586841781363546,75.25999156046949,54.9027817715504,82.50195637293609
2025-03-09 20:17:30.546000,674.0,557.0,367.0,2528.0,1531.0,337.0,67.54529096621089,79.42445181480225,51.48300705083299,39.18915046242349,16.03013305540243,41.554386704049946,52.586841781363546,75.25999156046949,54.9027817715504,82.50195637293609
2025-03-09 20:17:30.546000,676.0,556.0,369.0,2531.0,1530.0,336.0,67.54529096621089,79.42445181480225,51.48300705083299,39.18915046242349,16.03013305540243,41.554386704049946,52.586841781363546,75.25999156046949,54.9027817715504,82.50195637293609
2025-03-09 20:17:30.554333,672.0,558.0,370.0,2526.0,1531.0,336.0,67.49615007455432,79.30602266705986,51.30744137292205,39.15210018717608,15.999661603247867,41.50399338245965,52.65767473733355,75.18242205912671,54.77567343045633,82.3457204554188
2025-03-09 20:17:30.554333,675.0,554.0,374.0,2529.0,1531.0,336.0,67.49615007455432,79.30602266705986,51.30744137292205,39.15210018717608,15.999661603247867,41.50399338245965,52.65767473733355,75.18242205912671,54.77567343045633,82.3457204554188
2025-03-09 20:17:30.554333,671.0,555.0,369.0,2529.0,1529.0,336.0,67.49615007455432,79.30602266705986,51.30744137292205,39.15210018717608,15.999661603247867,41.50399338245965,52.65767473733355,75.18242205912671,54.77567343045633,82.3457204554188
2025-03-09 20:17:30.562667,670.0,560.0,368.0,2531.0,1530.0,336.0,67.44303148145043,79.18720734666894,51.14616394551706,39.11537877000761,15.970011342564193,41.45506023517284,52.713690346279044,75.10054072009586,54.65151114906011,82.20932485620787
2025-03-09 20:17:30.562667,665.0,551.0,371.0,2527.0,1526.0,334.0,67.44303148145043,79.18720734666894,51.14616394551706,39.11537877000761,15.970011342564193,41.45506023517284,52.713690346279044,75.10054072009586,54.65151114906011,82.20932485620787
2025-03-09 20:17:30.562667,667.0,563.0,379.0,2532.0,1533.0,336.0,67.44303148145043,79.18720734666894,51.14616394551706,39.11537877000761,15.970011342564193,41.45506023517284,52.713690346279044,75.10054072009586,54.65151114906011,82.20932485620787
2025-03-09 20:17:30.562667,664.0,560.0,369.0,2528.0,1525.0,335.0,67.44303148145043,79.18720734666894,51.14616394551706,39.11537877000761,15.970011342564193,41.45506023517284,52.713690346279044,75.10054072009586,54.65151114906011,82.20932485620787
2025-03-09 20:17:30.571000,668.0,555.0,373.0,2526.0,1530.0,334.0,67.38864212855437,79.06892687951428,51.00040071380182,39.08000385846034,15.942224146279969,41.40884455851599,52.75589080793083,75.01567958534216,54.52974109727833,82.09061702116665
2025-03-09 20:17:30.571000,661.0,552.0,368.0,2529.0,1526.0,334.0,67.38864212855437,79.06892687951428,51.00040071380182,39.08000385846034,15.942224146279969,41.40884455851599,52.75589080793083,75.01567958534216,54.52974109727833,82.09061702116665
2025-03-09 20:17:30.571000,666.0,559.0,375.0,2529.0,1526.0,334.0,67.38864212855437,79.06892687951428,51.00040071380182,39.08000385846034,15.942224146279969,41.40884455851599,52.75589080793083,75.01567958534216,54.52974109727833,82.09061702116665
2025-03-09 20:17:30.571000,665.0,560.0,368.0,2527.0,1526.0,336.0,67.38864212855437,79.06892687951428,51.00040071380182,39.08000385846034,15.942224146279969,41.40884455851599,52.75589080793083,75.01567958534216,54.52974109727833,82.09061702116665
2025-03-09 20:17:30.579333,657.0,560.0,369.0,2531.0,1521.0,327.0,67.3355054077244,78.95221522326115,50.870326609997726,39.047321356321014,15.916359039031745,41.36662633644063,52.78533496595858,74.92935713668257,54.41063787012097,81.98774928000354
2025-03-09 20:17:30.579333,658.0,565.0,370.0,2526.0,1520.0,329.0,67.3355054077244,78.95221522326115,50.870326609997726,39.047321356321014,15.916359039031745,41.36662633644063,52.78533496595858,74.92935713668257,54.41063787012097,81.98774928000354
2025-03-09 20:17:30.579333,659.0,560.0,368.0,2522.0,1520.0,330.0,67.3355054077244,78.95221522326115,50.870326609997726,39.047321356321014,15.916359039031745,41.36662633644063,52.78533496595858,74.92935713668257,54.41063787012097,81.98774928000354
2025-03-09 20:17:30.587667,660.0,560.0,369.0,2522.0,1520.0,329.0,67.28552930975354,78.83726666161346,50.75495723087614,39.01705876753477,15.892558130278177,41.328156522586646,52.8039337288005,74.84245386052343,54.29267859057466,81.90003802703986
2025-03-09 20:17:30.587667,657.0,559.0,368.0,2525.0,1519.0,327.0,67.28552930975354,78.83726666161346,50.75495723087614,39.01705876753477,15.892558130278177,41.328156522586646,52.8039337288005,74.84245386052343,54.29267859057466,81.90003802703986
2025-03-09 20:17:30.587667,660.0,553.0,373.0,2526.0,1519.0,329.0,67.28552930975354,78.83726666161346,50.75495723087614,39.01705876753477,15.892558130278177,41.328156522586646,52.8039337288005,74.84245386052343,54.29267859057466,81.90003802703986
2025-03-09 20:17:30.587667,659.0,560.0,371.0,2529.0,1520.0,330.0,67.28552930975354,78.83726666161346,50.75495723087614,39.01705876753477,15.892558130278177,41.328156522586646,52.8039337288005,74.84245386052343,54.29267859057466,81.90003802703986
2025-03-09 20:17:30.596000,661.0,560.0,370.0,2527.0,1517.0,329.0,67.24128900046658,78.72482883243646,50.65325677580315,38.98765501193857,15.870877736999368,41.291987677693875,52.814356292119335,74.75650803831026,54.173614369764266,81.82806343496785
2025-03-09 20:17:30.596000,657.0,560.0,374.0,2527.0,1519.0,326.0,67.24128900046658,78.72482883243646,50.65325677580315,38.98765501193857,15.870877736999368,41.291987677693875,52.814356292119335,74.75650803831026,54.173614369764266,81.82806343496785
2025-03-09 20:17:30.596000,656.0,559.0,370.0,2525.0,1513.0,323.0,67.24128900046658,78.72482883243646,50.65325677580315,38.98765501193857,15.870877736999368,41.291987677693875,52.814356292119335,74.75650803831026,54.173614369764266,81.82806343496785
2025-03-09 20:17:30.604333,656.0,560.0,375.0,2525.0,1511.0,327.0,67.20536994556274,78.61685668712923,50.56540382882614,38.95882860547608,15.851050680470864,41.25761705594787,52.81871067505716,74.6744638138745,54.05406620836272,81.7732691371859
2025-03-09 20:17:30.604333,656.0,557.0,370.0,2527.0,1508.0,322.0,67.20536994556274,78.61685668712923,50.56540382882614,38.95882860547608,15.851050680470864,41.25761705594787,52.81871067505716,74.6744638138745,54.05406620836272,81.7732691371859
2025-03-09 20:17:30.604333,656.0,563.0,374.0,2528.0,1507.0,326.0,67.20536994556274,78.61685668712923,50.56540382882614,38.95882860547608,15.851050680470864,41.25761705594787,52.81871067505716,74.6744638138745,54.05406620836272,81.7732691371859
2025-03-09 20:17:30.604333,656.0,560.0,374.0,2530.0,1509.0,323.0,67.20536994556274,78.61685668712923,50.56540382882614,38.95882860547608,15.851050680470864,41.25761705594787,52.81871067505716,74.6744638138745,54.05406620836272,81.7732691371859
2025-03-09 20:17:30.612667,656.0,561.0,373.0,2522.0,1508.0,324.0,67.17959990113154,78.51524430169574,50.49158713454848,38.932720365806496,15.83259703060811,41.22673970354413,52.81804148523364,74.5988280492748,53.936922551676105,81.73750784773976
2025-03-09 20:17:30.612667,654.0,560.0,378.0,2522.0,1499.0,321.0,67.17959990113154,78.51524430169574,50.49158713454848,38.932720365806496,15.83259703060811,41.22673970354413,52.81804148523364,74.5988280492748,53.936922551676105,81.73750784773976
2025-03-09 20:17:30.612667,654.0,560.0,371.0,2528.0,1497.0,320.0,67.17959990113154,78.51524430169574,50.49158713454848,38.932720365806496,15.83259703060811,41.22673970354413,52.81804148523364,74.5988280492748,53.936922551676105,81.73750784773976
2025-03-09 20:17:30.621000,654.0,560.0,378.0,2524.0,1498.0,320.0,67.16568153002,78.42081452739745,50.430384735981896,38.91169019507317,15.816202320453044,41.20185503806081,52.81423076476675,74.53009300472091,53.822809394831104,81.72265270455942
2025-03-09 20:17:30.621000,651.0,560.0,375.0,2525.0,1498.0,322.0,67.16568153002,78.42081452739745,50.430384735981896,38.91169019507317,15.816202320453044,41.20185503806081,52.81423076476675,74.53009300472091,53.822809394831104,81.72265270455942
2025-03-09 20:17:30.621000,653.0,555.0,370.0,2526.0,1495.0,320.0,67.16568153002,78.42081452739745,50.430384735981896,38.91169019507317,15.816202320453044,41.20185503806081,52.81423076476675,74.53009300472091,53.822809394831104,81.72265270455942
2025-03-09 20:17:30.621000,650.0,557.0,375.0,2523.0,1495.0,322.0,67.16568153002,78.42081452739745,50.430384735981896,38.91169019507317,15.816202320453044,41.20185503806081,52.81423076476675,74.53009300472091,53.822809394831104,81.72265270455942
2025-03-09 20:17:30.629333,649.0,560.0,376.0,2523.0,1494.0,322.0,67.16472235166127,78.33348051775668,50.38022783211546,38.898697346963516,15.802373589751888,41.185934586086425,52.8084620062984,74.46798879854671,53.712265209573204,81.72907243912705
2025-03-09 20:17:30.629333,651.0,559.0,377.0,2526.0,1492.0,321.0,67.16472235166127,78.33348051775668,50.38022783211546,38.898697346963516,15.802373589751888,41.185934586086425,52.8084620062984,74.46798879854671,53.712265209573204,81.72907243912705
2025-03-09 20:17:30.629333,650.0,560.0,375.0,2525.0,1490.0,320.0,67.16472235166127,78.33348051775668,50.38022783211546,38.898697346963516,15.802373589751888,41.185934586086425,52.8084620062984,74.46798879854671,53.712265209573204,81.72907243912705
2025-03-09 20:17:30.629333,643.0,558.0,375.0,2522.0,1489.0,320.0,67.16472235166127,78.33348051775668,50.38022783211546,38.898697346963516,15.802373589751888,41.185934586086425,52.8084620062984,74.46798879854671,53.712265209573204,81.72907243912705
2025-03-09 20:17:30.637667,642.0,560.0,375.0,2519.0,1488.0,320.0,67.17689478286768,78.25335987384362,50.34031743510916,38.897376906875934,15.789997761005049,41.182021695330654,52.80000933886207,74.41271152750832,53.60833588043763,81.7562705043112
2025-03-09 20:17:30.637667,642.0,558.0,369.0,2526.0,1488.0,318.0,67.17689478286768,78.25335987384362,50.34031743510916,38.897376906875934,15.789997761005049,41.182021695330654,52.80000933886207,74.41271152750832,53.60833588043763,81.7562705043112
2025-03-09 20:17:30.637667,640.0,558.0,370.0,2522.0,1487.0,318.0,67.17689478286768,78.25335987384362,50.34031743510916,38.897376906875934,15.789997761005049,41.182021695330654,52.80000933886207,74.41271152750832,53.60833588043763,81.7562705043112
2025-03-09 20:17:30.646000,637.0,554.0,370.0,2523.0,1488.0,320.0,67.2018587040935,78.18064573261941,50.31094187000626,38.90679002016188,15.778470750216995,41.18925650278955,52.78806898276722,74.36385207188482,53.51098128933719,81.80364782436038
2025-03-09 20:17:30.646000,640.0,560.0,370.0,2523.0,1487.0,318.0,67.2018587040935,78.18064573261941,50.31094187000626,38.90679002016188,15.778470750216995,41.18925650278955,52.78806898276722,74.36385207188482,53.51098128933719,81.80364782436038
2025-03-09 20:17:30.646000,636.0,555.0,371.0,2519.0,1478.0,317.0,67.2018587040935,78.18064573261941,50.31094187000626,38.90679002016188,15.778470750216995,41.18925650278955,52.78806898276722,74.36385207188482,53.51098128933719,81.80364782436038
2025-03-09 20:17:30.646000,638.0,554.0,373.0,2517.0,1477.0,317.0,67.2018587040935,78.18064573261941,50.31094187000626,38.90679002016188,15.778470750216995,41.18925650278955,52.78806898276722,74.36385207188482,53.51098128933719,81.80364782436038
2025-03-09 20:17:30.654333,630.0,558.0,374.0,2521.0,1478.0,313.0,67.23804948532565,78.11446821619398,50.292167364331775,38.92178171110106,15.768029955628954,41.20326128935081,52.7722069024594,74.31930344847227,53.416199324567074,81.8699969747527
2025-03-09 20:17:30.654333,629.0,551.0,379.0,2523.0,1473.0,317.0,67.23804948532565,78.11446821619398,50.292167364331775,38.92178171110106,15.768029955628954,41.20326128935081,52.7722069024594,74.31930344847227,53.416199324567074,81.8699969747527
2025-03-09 20:17:30.654333,635.0,560.0,375.0,2515.0,1474.0,317.0,67.23804948532565,78.11446821619398,50.292167364331775,38.92178171110106,15.768029955628954,41.20326128935081,52.7722069024594,74.31930344847227,53.416199324567074,81.8699969747527
2025-03-09 20:17:30.662667,627.0,553.0,371.0,2523.0,1477.0,314.0,67.28272675114503,78.0531143119565,50.28423784546107,38.94096011406862,15.758114598646014,41.22282026375756,52.74980066379655,74.27621612687959,53.32307292411087,81.95416337222079
2025-03-09 20:17:30.662667,630.0,554.0,380.0,2522.0,1472.0,315.0,67.28272675114503,78.0531143119565,50.28423784546107,38.94096011406862,15.758114598646014,41.22282026375756,52.74980066379655,74.27621612687959,53.32307292411087,81.95416337222079
2025-03-09 20:17:30.662667,627.0,555.0,368.0,2521.0,1475.0,318.0,67.28272675114503,78.0531143119565,50.28423784546107,38.94096011406862,15.758114598646014,41.22282026375756,52.74980066379655,74.27621612687959,53.32307292411087,81.95416337222079
2025-03-09 20:17:30.662667,619.0,549.0,372.0,2519.0,1466.0,317.0,67.28272675114503,78.0531143119565,50.28423784546107,38.94096011406862,15.758114598646014,41.22282026375756,52.74980066379655,74.27621612687959,53.32307292411087,81.95416337222079
2025-03-09 20:17:30.671000,623.0,545.0,373.0,2517.0,1468.0,316.0,67.33338349730461,77.99463345065894,50.285068496710636,38.96474590092844,15.74737925518721,41.24788281224102,52.7197369709702,74.23260336409561,53.23196064210767,82.05512029352109
2025-03-09 20:17:30.671000,622.0,546.0,368.0,2518.0,1467.0,315.0,67.33338349730461,77.99463345065894,50.285068496710636,38.96474590092844,15.74737925518721,41.24788281224102,52.7197369709702,74.23260336409561,53.23196064210767,82.05512029352109
2025-03-09 20:17:30.671000,615.0,545.0,373.0,2522.0,1465.0,316.0,67.33338349730461,77.99463345065894,50.285068496710636,38.96474590092844,15.74737925518721,41.24788281224102,52.7197369709702,74.23260336409561,53.23196064210767,82.05512029352109
2025-03-09 20:17:30.679333,620.0,547.0,379.0,2519.0,1469.0,317.0,67.38815767677478,77.93714002483394,50.2905448117004,38.991257690949574,15.736764370932066,41.276752345011275,52.68518121755833,74.186863051415,53.13989760648326,82.17181436614796
2025-03-09 20:17:30.679333,614.0,549.0,372.0,2521.0,1466.0,313.0,67.38815767677478,77.93714002483394,50.2905448117004,38.991257690949574,15.736764370932066,41.276752345011275,52.68518121755833,74.186863051415,53.13989760648326,82.17181436614796
2025-03-09 20:17:30.679333,615.0,545.0,373.0,2519.0,1467.0,316.0,67.38815767677478,77.93714002483394,50.2905448117004,38.991257690949574,15.736764370932066,41.276752345011275,52.68518121755833,74.186863051415,53.13989760648326,82.17181436614796
2025-03-09 20:17:30.679333,607.0,550.0,369.0,2519.0,1467.0,315.0,67.38815767677478,77.93714002483394,50.2905448117004,38.991257690949574,15.736764370932066,41.276752345011275,52.68518121755833,74.186863051415,53.13989760648326,82.17181436614796
2025-03-09 20:17:30.687667,607.0,542.0,378.0,2523.0,1465.0,315.0,67.44580863564042,77.88019348800532,50.298352748277736,39.01843169829855,15.727524078336586,41.30749189883208,52.64941952651579,74.13921203049317,53.045376572581134,82.30402145243342
2025-03-09 20:17:30.687667,605.0,543.0,374.0,2522.0,1462.0,317.0,67.44580863564042,77.88019348800532,50.298352748277736,39.01843169829855,15.727524078336586,41.30749189883208,52.64941952651579,74.13921203049317,53.045376572581134,82.30402145243342
2025-03-09 20:17:30.687667,605.0,544.0,378.0,2524.0,1462.0,313.0,67.44580863564042,77.88019348800532,50.298352748277736,39.01843169829855,15.727524078336586,41.30749189883208,52.64941952651579,74.13921203049317,53.045376572581134,82.30402145243342
2025-03-09 20:17:30.696000,599.0,544.0,373.0,2517.0,1468.0,315.0,67.50577061128331,77.82468223169494,50.3084401044479,39.044450870294135,15.719722620806772,41.33797546314594,52.61420641215856,74.09166402450363,52.949263924224894,82.45170526959822
2025-03-09 20:17:30.696000,597.0,545.0,379.0,2523.0,1462.0,315.0,67.50577061128331,77.82468223169494,50.3084401044479,39.044450870294135,15.719722620806772,41.33797546314594,52.61420641215856,74.09166402450363,52.949263924224894,82.45170526959822
2025-03-09 20:17:30.696000,598.0,544.0,373.0,2519.0,1462.0,314.0,67.50577061128331,77.82468223169494,50.3084401044479,39.044450870294135,15.719722620806772,41.33797546314594,52.61420641215856,74.09166402450363,52.949263924224894,82.45170526959822
2025-03-09 20:17:30.696000,602.0,535.0,368.0,2519.0,1465.0,318.0,67.50577061128331,77.82468223169494,50.3084401044479,39.044450870294135,15.719722620806772,41.33797546314594,52.61420641215856,74.09166402450363,52.949263924224894,82.45170526959822
2025-03-09 20:17:30.704333,590.0,543.0,368.0,2519.0,1465.0,320.0,67.56889088425068,77.7719651134281,50.32138293321027,39.06845969924556,15.71347803919369,41.36711264775032,52.58115563295477,74.04663478045607,52.85251650760673,82.61465324514971
2025-03-09 20:17:30.704333,591.0,537.0,372.0,2522.0,1463.0,318.0,67.56889088425068,77.7719651134281,50.32138293321027,39.06845969924556,15.71347803919369,41.36711264775032,52.58115563295477,74.04663478045607,52.85251650760673,82.61465324514971
2025-03-09 20:17:30.704333,589.0,539.0,371.0,2524.0,1462.0,320.0,67.56889088425068,77.7719651134281,50.32138293321027,39.06845969924556,15.71347803919369,41.36711264775032,52.58115563295477,74.04663478045607,52.85251650760673,82.61465324514971
2025-03-09 20:17:30.704333,592.0,541.0,369.0,2517.0,1461.0,319.0,67.56889088425068,77.7719651134281,50.32138293321027,39.06845969924556,15.71347803919369,41.36711264775032,52.58115563295477,74.04663478045607,52.85251650760673,82.61465324514971
2025-03-09 20:17:30.712667,592.0,541.0,368.0,2523.0,1460.0,316.0,67.63570183057298,77.7224904584616,50.337175092037114,39.09258541799263,15.707986762298527,41.396391529147834,52.55030669703726,74.00555743324895,52.75758475234923,82.7920762407265
2025-03-09 20:17:30.712667,589.0,531.0,369.0,2525.0,1462.0,318.0,67.63570183057298,77.7224904584616,50.337175092037114,39.09258541799263,15.707986762298527,41.396391529147834,52.55030669703726,74.00555743324895,52.75758475234923,82.7920762407265
2025-03-09 20:17:30.712667,588.0,539.0,363.0,2523.0,1462.0,320.0,67.63570183057298,77.7224904584616,50.337175092037114,39.09258541799263,15.707986762298527,41.396391529147834,52.55030669703726,74.00555743324895,52.75758475234923,82.7920762407265
2025-03-09 20:17:30.721000,587.0,539.0,369.0,2525.0,1463.0,316.0,67.7049239980058,77.67578318479595,50.35596338844015,39.11987710296158,15.701433469166778,41.42810432951353,52.51888152490805,73.96791597228007,52.66795861798308,82.98231211911735
2025-03-09 20:17:30.721000,576.0,533.0,370.0,2529.0,1461.0,321.0,67.7049239980058,77.67578318479595,50.35596338844015,39.11987710296158,15.701433469166778,41.42810432951353,52.51888152490805,73.96791597228007,52.66795861798308,82.98231211911735
2025-03-09 20:17:30.721000,576.0,530.0,368.0,2527.0,1460.0,321.0,67.7049239980058,77.67578318479595,50.35596338844015,39.11987710296158,15.701433469166778,41.42810432951353,52.51888152490805,73.96791597228007,52.66795861798308,82.98231211911735
2025-03-09 20:17:30.721000,576.0,531.0,371.0,2525.0,1459.0,320.0,67.7049239980058,77.67578318479595,50.35596338844015,39.11987710296158,15.701433469166778,41.42810432951353,52.51888152490805,73.96791597228007,52.66795861798308,82.98231211911735
2025-03-09 20:17:30.729333,576.0,533.0,373.0,2529.0,1459.0,322.0,67.7750395859729,77.63133994382136,50.37813621776635,39.151121883468505,15.693274955285645,41.463030046521844,52.48461286752649,73.93219218945916,52.58471997259129,83.18418852653608
2025-03-09 20:17:30.729333,576.0,536.0,368.0,2527.0,1461.0,323.0,67.7750395859729,77.63133994382136,50.37813621776635,39.151121883468505,15.693274955285645,41.463030046521844,52.48461286752649,73.93219218945916,52.58471997259129,83.18418852653608
2025-03-09 20:17:30.729333,576.0,535.0,371.0,2527.0,1461.0,321.0,67.7750395859729,77.63133994382136,50.37813621776635,39.151121883468505,15.693274955285645,41.463030046521844,52.48461286752649,73.93219218945916,52.58471997259129,83.18418852653608
2025-03-09 20:17:30.737667,575.0,535.0,368.0,2524.0,1459.0,323.0,67.84571568725741,77.58948683988953,50.40491381933839,39.18623437626127,15.68426887297192,41.50141722050073,52.446783825506394,73.89799800694378,52.508078259591876,83.3984362917693
2025-03-09 20:17:30.737667,566.0,531.0,370.0,2531.0,1458.0,321.0,67.84571568725741,77.58948683988953,50.40491381933839,39.18623437626127,15.68426887297192,41.50141722050073,52.446783825506394,73.89799800694378,52.508078259591876,83.3984362917693
2025-03-09 20:17:30.737667,569.0,531.0,367.0,2529.0,1458.0,323.0,67.84571568725741,77.58948683988953,50.40491381933839,39.18623437626127,15.68426887297192,41.50141722050073,52.446783825506394,73.89799800694378,52.508078259591876,83.3984362917693
2025-03-09 20:17:30.737667,565.0,528.0,368.0,2523.0,1456.0,325.0,67.84571568725741,77.58948683988953,50.40491381933839,39.18623437626127,15.68426887297192,41.50141722050073,52.446783825506394,73.89799800694378,52.508078259591876,83.3984362917693
2025-03-09 20:17:30.746000,563.0,535.0,368.0,2531.0,1456.0,325.0,67.91825640072804,77.55151276913334,50.43715265615079,39.22480305910549,15.675685442501875,41.54320328957972,52.40691280309107,73.86666920781482,52.43788013234398,83.625854922386
2025-03-09 20:17:30.746000,561.0,534.0,369.0,2527.0,1458.0,326.0,67.91825640072804,77.55151276913334,50.43715265615079,39.22480305910549,15.675685442501875,41.54320328957972,52.40691280309107,73.86666920781482,52.43788013234398,83.625854922386
2025-03-09 20:17:30.746000,563.0,529.0,369.0,2528.0,1458.0,325.0,67.91825640072804,77.55151276913334,50.43715265615079,39.22480305910549,15.675685442501875,41.54320328957972,52.40691280309107,73.86666920781482,52.43788013234398,83.625854922386
2025-03-09 20:17:30.754333,565.0,530.0,374.0,2531.0,1458.0,326.0,67.99380754963437,77.51753453439744,50.47555800194824,39.26544616131171,15.668872795918352,41.587169164106534,52.367131266092656,73.83960511947248,52.37250271873563,83.8646235836361
2025-03-09 20:17:30.754333,560.0,528.0,368.0,2531.0,1459.0,320.0,67.99380754963437,77.51753453439744,50.47555800194824,39.26544616131171,15.668872795918352,41.587169164106534,52.367131266092656,73.83960511947248,52.37250271873563,83.8646235836361
2025-03-09 20:17:30.754333,555.0,528.0,368.0,2529.0,1456.0,328.0,67.99380754963437,77.51753453439744,50.47555800194824,39.26544616131171,15.668872795918352,41.587169164106534,52.367131266092656,73.83960511947248,52.37250271873563,83.8646235836361
2025-03-09 20:17:30.754333,556.0,528.0,373.0,2531.0,1455.0,333.0,67.99380754963437,77.51753453439744,50.47555800194824,39.26544616131171,15.668872795918352,41.587169164106534,52.367131266092656,73.83960511947248,52.37250271873563,83.8646235836361
2025-03-09 20:17:30.762667,558.0,523.0,368.0,2533.0,1454.0,329.0,68.0714198395417,77.48712771905011,50.52222301635302,39.30727485175673,15.664321907189493,41.63247073627667,52.32624975503153,73.81669603016532,52.31202491204799,84.11316555753419
2025-03-09 20:17:30.762667,558.0,528.0,369.0,2534.0,1454.0,330.0,68.0714198395417,77.48712771905011,50.52222301635302,39.30727485175673,15.664321907189493,41.63247073627667,52.32624975503153,73.81669603016532,52.31202491204799,84.11316555753419
2025-03-09 20:17:30.762667,555.0,529.0,368.0,2530.0,1456.0,327.0,68.0714198395417,77.48712771905011,50.52222301635302,39.30727485175673,15.664321907189493,41.63247073627667,52.32624975503153,73.81669603016532,52.31202491204799,84.11316555753419
2025-03-09 20:17:30.762667,553.0,528.0,368.0,2533.0,1455.0,331.0,68.0714198395417,77.48712771905011,50.52222301635302,39.30727485175673,15.664321907189493,41.63247073627667,52.32624975503153,73.81669603016532,52.31202491204799,84.11316555753419
2025-03-09 20:17:30.771000,551.0,525.0,369.0,2529.0,1453.0,329.0,68.14987296504452,77.46188546722438,50.579269067151245,39.350142914501895,15.6606993226798,41.67895621475559,52.280933017863426,73.797752292094,52.25963719506075,84.37198642900476
2025-03-09 20:17:30.771000,544.0,525.0,363.0,2538.0,1451.0,329.0,68.14987296504452,77.46188546722438,50.579269067151245,39.350142914501895,15.6606993226798,41.67895621475559,52.280933017863426,73.797752292094,52.25963719506075,84.37198642900476
2025-03-09 20:17:30.771000,543.0,511.0,354.0,2537.0,1452.0,331.0,68.14987296504452,77.46188546722438,50.579269067151245,39.350142914501895,15.6606993226798,41.67895621475559,52.280933017863426,73.797752292094,52.25963719506075,84.37198642900476
2025-03-09 20:17:30.779333,545.0,528.0,362.0,2531.0,1450.0,328.0,68.22918083046955,77.44368843247604,50.64810002998979,39.39520110852413,15.656331568218661,41.727506612847066,52.2286769748635,73.78344617378164,52.21900678848115,84.64051401643177
2025-03-09 20:17:30.779333,549.0,525.0,367.0,2531.0,1452.0,330.0,68.22918083046955,77.44368843247604,50.64810002998979,39.39520110852413,15.656331568218661,41.727506612847066,52.2286769748635,73.78344617378164,52.21900678848115,84.64051401643177
2025-03-09 20:17:30.779333,544.0,532.0,365.0,2534.0,1451.0,329.0,68.22918083046955,77.44368843247604,50.64810002998979,39.39520110852413,15.656331568218661,41.727506612847066,52.2286769748635,73.78344617378164,52.21900678848115,84.64051401643177
2025-03-09 20:17:30.779333,540.0,511.0,366.0,2535.0,1452.0,331.0,68.22918083046955,77.44368843247604,50.64810002998979,39.39520110852413,15.656331568218661,41.727506612847066,52.2286769748635,73.78344617378164,52.21900678848115,84.64051401643177
2025-03-09 20:17:30.787667,542.0,525.0,365.0,2534.0,1449.0,331.0,68.30976233976102,77.43323421262886,50.72866293299293,39.443970074533006,15.65115262965041,41.779571536562806,52.16935789823317,73.7741674877423,52.19161917109676,84.91690292335423
2025-03-09 20:17:30.787667,539.0,531.0,366.0,2539.0,1446.0,332.0,68.30976233976102,77.43323421262886,50.72866293299293,39.443970074533006,15.65115262965041,41.779571536562806,52.16935789823317,73.7741674877423,52.19161917109676,84.91690292335423
2025-03-09 20:17:30.787667,537.0,527.0,362.0,2537.0,1443.0,333.0,68.30976233976102,77.43323421262886,50.72866293299293,39.443970074533006,15.65115262965041,41.779571536562806,52.16935789823317,73.7741674877423,52.19161917109676,84.91690292335423
2025-03-09 20:17:30.796000,533.0,511.0,360.0,2534.0,1444.0,331.0,68.3921602940135,77.43116338909681,50.82064964217071,39.494874987812764,15.646536997274755,41.8341592142105,52.10477651728512,73.77011981671997,52.17586478163799,85.20046546796142
2025-03-09 20:17:30.796000,537.0,511.0,365.0,2532.0,1445.0,334.0,68.3921602940135,77.43116338909681,50.82064964217071,39.494874987812764,15.646536997274755,41.8341592142105,52.10477651728512,73.77011981671997,52.17586478163799,85.20046546796142
2025-03-09 20:17:30.796000,530.0,527.0,365.0,2534.0,1446.0,329.0,68.3921602940135,77.43116338909681,50.82064964217071,39.494874987812764,15.646536997274755,41.8341592142105,52.10477651728512,73.77011981671997,52.17586478163799,85.20046546796142
2025-03-09 20:17:30.796000,535.0,511.0,359.0,2537.0,1445.0,333.0,68.3921602940135,77.43116338909681,50.82064964217071,39.494874987812764,15.646536997274755,41.8341592142105,52.10477651728512,73.77011981671997,52.17586478163799,85.20046546796142
2025-03-09 20:17:30.804333,535.0,511.0,361.0,2538.0,1443.0,334.0,68.47722739428205,77.43688396195765,50.92305286000551,39.54525755140503,15.64453533622089,41.88969049976941,52.03712505240684,73.76982538839145,52.16691876026148,85.49122814815452
2025-03-09 20:17:30.804333,532.0,511.0,362.0,2538.0,1442.0,335.0,68.47722739428205,77.43688396195765,50.92305286000551,39.54525755140503,15.64453533622089,41.88969049976941,52.03712505240684,73.76982538839145,52.16691876026148,85.49122814815452
2025-03-09 20:17:30.804333,528.0,509.0,361.0,2538.0,1438.0,335.0,68.47722739428205,77.43688396195765,50.92305286000551,39.54525755140503,15.64453533622089,41.88969049976941,52.03712505240684,73.76982538839145,52.16691876026148,85.49122814815452
2025-03-09 20:17:30.812667,528.0,511.0,356.0,2539.0,1439.0,334.0,68.5652134845521,77.44884789384263,51.0353164756955,39.593870718444585,15.645990040989298,41.94526292578097,51.967224198007166,73.77203639355052,52.161494935020606,85.78930255591798
2025-03-09 20:17:30.812667,526.0,510.0,363.0,2539.0,1441.0,335.0,68.5652134845521,77.44884789384263,51.0353164756955,39.593870718444585,15.645990040989298,41.94526292578097,51.967224198007166,73.77203639355052,52.161494935020606,85.78930255591798
2025-03-09 20:17:30.812667,528.0,511.0,359.0,2534.0,1437.0,333.0,68.5652134845521,77.44884789384263,51.0353164756955,39.593870718444585,15.645990040989298,41.94526292578097,51.967224198007166,73.77203639355052,52.161494935020606,85.78930255591798
2025-03-09 20:17:30.812667,526.0,511.0,357.0,2539.0,1440.0,335.0,68.5652134845521,77.44884789384263,51.0353164756955,39.593870718444585,15.645990040989298,41.94526292578097,51.967224198007166,73.77203639355052,52.161494935020606,85.78930255591798
2025-03-09 20:17:30.821000,526.0,511.0,361.0,2535.0,1437.0,336.0,68.65498224253587,77.46606316126675,51.157839364251494,39.64029018355752,15.650623658937697,42.000296447010555,51.89405452052174,73.77604637620733,52.159461448343556,86.09460777159772
2025-03-09 20:17:30.821000,528.0,511.0,356.0,2538.0,1439.0,336.0,68.65498224253587,77.46606316126675,51.157839364251494,39.64029018355752,15.650623658937697,42.000296447010555,51.89405452052174,73.77604637620733,52.159461448343556,86.09460777159772
2025-03-09 20:17:30.821000,528.0,511.0,363.0,2541.0,1439.0,336.0,68.65498224253587,77.46606316126675,51.157839364251494,39.64029018355752,15.650623658937697,42.000296447010555,51.89405452052174,73.77604637620733,52.159461448343556,86.09460777159772
2025-03-09 20:17:30.821000,511.0,507.0,363.0,2540.0,1436.0,336.0,68.65498224253587,77.46606316126675,51.157839364251494,39.64029018355752,15.650623658937697,42.000296447010555,51.89405452052174,73.77604637620733,52.159461448343556,86.09460777159772
2025-03-09 20:17:30.829333,511.0,511.0,368.0,2542.0,1437.0,337.0,68.74432844032007,77.48899905520369,51.292669763861646,39.685532480150215,15.658261039362424,42.055898908973305,51.81416268713461,73.78067890475255,52.16374419801642,86.4065872219286
2025-03-09 20:17:30.829333,511.0,504.0,365.0,2541.0,1435.0,336.0,68.74432844032007,77.48899905520369,51.292669763861646,39.685532480150215,15.658261039362424,42.055898908973305,51.81416268713461,73.78067890475255,52.16374419801642,86.4065872219286
2025-03-09 20:17:30.829333,511.0,511.0,368.0,2544.0,1438.0,336.0,68.74432844032007,77.48899905520369,51.292669763861646,39.685532480150215,15.658261039362424,42.055898908973305,51.81416268713461,73.78067890475255,52.16374419801642,86.4065872219286
2025-03-09 20:17:30.837667,511.0,511.0,359.0,2537.0,1433.0,336.0,68.83115928840287,77.51793749932568,51.44199001937274,39.73164596617056,15.66880129255516,42.113924892789136,51.724324335077796,73.7854143696341,52.178024293784645,86.72148656711224
2025-03-09 20:17:30.837667,511.0,505.0,364.0,2539.0,1434.0,335.0,68.83115928840287,77.51793749932568,51.44199001937274,39.73164596617056,15.66880129255516,42.113924892789136,51.724324335077796,73.7854143696341,52.178024293784645,86.72148656711224
2025-03-09 20:17:30.837667,511.0,511.0,361.0,2537.0,1434.0,337.0,68.83115928840287,77.51793749932568,51.44199001937274,39.73164596617056,15.66880129255516,42.113924892789136,51.724324335077796,73.7854143696341,52.178024293784645,86.72148656711224
2025-03-09 20:17:30.837667,511.0,509.0,368.0,2544.0,1430.0,336.0,68.83115928840287,77.51793749932568,51.44199001937274,39.73164596617056,15.66880129255516,42.113924892789136,51.724324335077796,73.7854143696341,52.178024293784645,86.72148656711224
2025-03-09 20:17:30.846000,511.0,511.0,368.0,2544.0,1431.0,337.0,68.91409375418785,77.55092804411227,51.60442237213476,39.78017946644797,15.682119001477055,42.17538634090408,51.6245972725357,73.78963316520422,52.202490370082046,87.03673950084891
2025-03-09 20:17:30.846000,509.0,506.0,368.0,2545.0,1435.0,337.0,68.91409375418785,77.55092804411227,51.60442237213476,39.78017946644797,15.682119001477055,42.17538634090408,51.6245972725357,73.78963316520422,52.202490370082046,87.03673950084891
2025-03-09 20:17:30.846000,508.0,509.0,366.0,2544.0,1436.0,338.0,68.91409375418785,77.55092804411227,51.60442237213476,39.78017946644797,15.682119001477055,42.17538634090408,51.6245972725357,73.78963316520422,52.202490370082046,87.03673950084891
2025-03-09 20:17:30.846000,511.0,509.0,371.0,2544.0,1435.0,340.0,68.91409375418785,77.55092804411227,51.60442237213476,39.78017946644797,15.682119001477055,42.17538634090408,51.6245972725357,73.78963316520422,52.202490370082046,87.03673950084891
2025-03-09 20:17:30.854333,507.0,511.0,369.0,2545.0,1436.0,338.0,68.992434050732,77.58688649823912,51.776949319630326,39.83203432511786,15.698307288408218,42.24083563089173,51.51699018543293,73.79333458501773,52.23671474150687,87.35802744735406
2025-03-09 20:17:30.854333,510.0,511.0,368.0,2545.0,1433.0,338.0,68.992434050732,77.58688649823912,51.776949319630326,39.83203432511786,15.698307288408218,42.24083563089173,51.51699018543293,73.79333458501773,52.23671474150687,87.35802744735406
2025-03-09 20:17:30.854333,507.0,503.0,368.0,2544.0,1437.0,339.0,68.992434050732,77.58688649823912,51.776949319630326,39.83203432511786,15.698307288408218,42.24083563089173,51.51699018543293,73.79333458501773,52.23671474150687,87.35802744735406
2025-03-09 20:17:30.854333,502.0,506.0,365.0,2544.0,1434.0,343.0,68.992434050732,77.58688649823912,51.776949319630326,39.83203432511786,15.698307288408218,42.24083563089173,51.51699018543293,73.79333458501773,52.23671474150687,87.35802744735406
2025-03-09 20:17:30.862667,501.0,508.0,357.0,2549.0,1435.0,342.0,69.06472045947739,77.62675674859557,51.96142928653503,39.88758769294397,15.71401032152031,42.30953094264942,51.39759720203188,73.79777738818348,52.285401769873175,87.68476285651843
2025-03-09 20:17:30.862667,502.0,501.0,363.0,2549.0,1431.0,343.0,69.06472045947739,77.62675674859557,51.96142928653503,39.88758769294397,15.71401032152031,42.30953094264942,51.39759720203188,73.79777738818348,52.285401769873175,87.68476285651843
2025-03-09 20:17:30.871000,505.0,502.0,365.0,2545.0,1439.0,341.0,69.13102712547905,77.67138112288656,52.15963328726795,39.947173784238956,15.724342224624552,42.380381471260726,51.26198171960795,73.80441519975899,52.35268811681044,88.00729089836312
2025-03-09 20:17:30.871000,499.0,501.0,359.0,2544.0,1435.0,341.0,69.13102712547905,77.67138112288656,52.15963328726795,39.947173784238956,15.724342224624552,42.380381471260726,51.26198171960795,73.80441519975899,52.35268811681044,88.00729089836312
2025-03-09 20:17:30.871000,498.0,505.0,361.0,2547.0,1435.0,344.0,69.13102712547905,77.67138112288656,52.15963328726795,39.947173784238956,15.724342224624552,42.380381471260726,51.26198171960795,73.80441519975899,52.35268811681044,88.00729089836312
2025-03-09 20:17:30.871000,506.0,502.0,360.0,2544.0,1434.0,343.0,69.13102712547905,77.67138112288656,52.15963328726795,39.947173784238956,15.724342224624552,42.380381471260726,51.26198171960795,73.80441519975899,52.35268811681044,88.00729089836312
2025-03-09 20:17:30.871000,497.0,505.0,367.0,2552.0,1427.0,347.0,69.13102712547905,77.67138112288656,52.15963328726795,39.947173784238956,15.724342224624552,42.380381471260726,51.26198171960795,73.80441519975899,52.35268811681044,88.00729089836312
2025-03-09 20:17:30.879333,502.0,507.0,369.0,2555.0,1425.0,348.0,69.19328079611165,77.71887939440727,52.37118821572398,40.007307451120056,15.731767613736052,42.451371054368764,51.11201457265754,73.81032441604734,52.43065895153448,88.32046906512004
2025-03-09 20:17:30.879333,498.0,506.0,366.0,2553.0,1424.0,349.0,69.19328079611165,77.71887939440727,52.37118821572398,40.007307451120056,15.731767613736052,42.451371054368764,51.11201457265754,73.81032441604734,52.43065895153448,88.32046906512004
2025-03-09 20:17:30.879333,496.0,503.0,366.0,2550.0,1425.0,349.0,69.19328079611165,77.71887939440727,52.37118821572398,40.007307451120056,15.731767613736052,42.451371054368764,51.11201457265754,73.81032441604734,52.43065895153448,88.32046906512004
2025-03-09 20:17:30.887667,497.0,503.0,368.0,2547.0,1425.0,350.0,69.25210732882697,77.76753802213112,52.59736491678551,40.06511451121896,15.741929501665949,42.52227106703,50.94887721323127,73.81056049957914,52.510980638846675,88.62389143231164
2025-03-09 20:17:30.887667,496.0,503.0,366.0,2554.0,1424.0,349.0,69.25210732882697,77.76753802213112,52.59736491678551,40.06511451121896,15.741929501665949,42.52227106703,50.94887721323127,73.81056049957914,52.510980638846675,88.62389143231164
2025-03-09 20:17:30.887667,496.0,498.0,365.0,2551.0,1426.0,350.0,69.25210732882697,77.76753802213112,52.59736491678551,40.06511451121896,15.741929501665949,42.52227106703,50.94887721323127,73.81056049957914,52.510980638846675,88.62389143231164
2025-03-09 20:17:30.887667,496.0,509.0,366.0,2554.0,1425.0,354.0,69.25210732882697,77.76753802213112,52.59736491678551,40.06511451121896,15.741929501665949,42.52227106703,50.94887721323127,73.81056049957914,52.510980638846675,88.62389143231164
2025-03-09 20:17:30.896000,501.0,501.0,365.0,2555.0,1423.0,351.0,69.30541817002926,77.8172790056226,52.83939505276813,40.12627357211505,15.753211793936922,42.597823101523794,50.76783516744035,73.80452106667748,52.599765697623695,88.91664817055633
2025-03-09 20:17:30.896000,495.0,499.0,367.0,2557.0,1423.0,353.0,69.30541817002926,77.8172790056226,52.83939505276813,40.12627357211505,15.753211793936922,42.597823101523794,50.76783516744035,73.80452106667748,52.599765697623695,88.91664817055633
2025-03-09 20:17:30.896000,496.0,507.0,368.0,2558.0,1423.0,352.0,69.30541817002926,77.8172790056226,52.83939505276813,40.12627357211505,15.753211793936922,42.597823101523794,50.76783516744035,73.80452106667748,52.599765697623695,88.91664817055633
2025-03-09 20:17:30.904333,496.0,499.0,357.0,2555.0,1423.0,353.0,69.35084269298257,77.86894007534512,53.09852233966113,40.195721261845094,15.76265466522993,42.68110690357007,50.56513506390641,73.79466026636553,52.70553239108186,89.19799756072301
2025-03-09 20:17:30.904333,490.0,502.0,367.0,2555.0,1421.0,351.0,69.35084269298257,77.86894007534512,53.09852233966113,40.195721261845094,15.76265466522993,42.68110690357007,50.56513506390641,73.79466026636553,52.70553239108186,89.19799756072301
2025-03-09 20:17:30.904333,495.0,496.0,363.0,2555.0,1423.0,354.0,69.35084269298257,77.86894007534512,53.09852233966113,40.195721261845094,15.76265466522993,42.68110690357007,50.56513506390641,73.79466026636553,52.70553239108186,89.19799756072301
2025-03-09 20:17:30.904333,495.0,497.0,366.0,2549.0,1422.0,353.0,69.35084269298257,77.86894007534512,53.09852233966113,40.195721261845094,15.76265466522993,42.68110690357007,50.56513506390641,73.79466026636553,52.70553239108186,89.19799756072301
2025-03-09 20:17:30.912667,494.0,499.0,360.0,2559.0,1418.0,357.0,69.38649263616172,77.92253692278395,53.37788051593046,40.2709462941231,15.773874096599469,42.77004467012987,50.34273923013433,73.78287021817887,52.82809682642644,89.46748182661719
2025-03-09 20:17:30.912667,495.0,506.0,368.0,2559.0,1422.0,357.0,69.38649263616172,77.92253692278395,53.37788051593046,40.2709462941231,15.773874096599469,42.77004467012987,50.34273923013433,73.78287021817887,52.82809682642644,89.46748182661719
2025-03-09 20:17:30.912667,495.0,501.0,361.0,2559.0,1418.0,359.0,69.38649263616172,77.92253692278395,53.37788051593046,40.2709462941231,15.773874096599469,42.77004467012987,50.34273923013433,73.78287021817887,52.82809682642644,89.46748182661719
2025-03-09 20:17:30.912667,491.0,496.0,365.0,2559.0,1419.0,362.0,69.38649263616172,77.92253692278395,53.37788051593046,40.2709462941231,15.773874096599469,42.77004467012987,50.34273923013433,73.78287021817887,52.82809682642644,89.46748182661719
2025-03-09 20:17:30.921000,493.0,498.0,361.0,2559.0,1420.0,362.0,69.41138525243596,77.9783257063596,53.68014470714528,40.34721388998994,15.793981582493632,42.8617039069263,50.106112934730255,73.77044525547214,52.96324671710975,89.72541724414621
2025-03-09 20:17:30.921000,492.0,496.0,368.0,2559.0,1421.0,366.0,69.41138525243596,77.9783257063596,53.68014470714528,40.34721388998994,15.793981582493632,42.8617039069263,50.106112934730255,73.77044525547214,52.96324671710975,89.72541724414621
2025-03-09 20:17:30.921000,491.0,498.0,364.0,2559.0,1419.0,361.0,69.41138525243596,77.9783257063596,53.68014470714528,40.34721388998994,15.793981582493632,42.8617039069263,50.106112934730255,73.77044525547214,52.96324671710975,89.72541724414621
2025-03-09 20:17:30.929333,487.0,498.0,368.0,2559.0,1421.0,362.0,69.42673423282936,78.03877700977756,54.00611856573875,40.42573454760329,15.821096442050646,42.95666173085762,49.85450379549983,73.76009470604806,53.114789943531214,89.97258939070417
2025-03-09 20:17:30.929333,487.0,498.0,355.0,2559.0,1423.0,368.0,69.42673423282936,78.03877700977756,54.00611856573875,40.42573454760329,15.821096442050646,42.95666173085762,49.85450379549983,73.76009470604806,53.114789943531214,89.97258939070417
2025-03-09 20:17:30.929333,485.0,496.0,362.0,2559.0,1422.0,369.0,69.42673423282936,78.03877700977756,54.00611856573875,40.42573454760329,15.821096442050646,42.95666173085762,49.85450379549983,73.76009470604806,53.114789943531214,89.97258939070417
2025-03-09 20:17:30.929333,485.0,496.0,361.0,2559.0,1419.0,369.0,69.42673423282936,78.03877700977756,54.00611856573875,40.42573454760329,15.821096442050646,42.95666173085762,49.85450379549983,73.76009470604806,53.114789943531214,89.97258939070417
2025-03-09 20:17:30.937667,486.0,501.0,359.0,2559.0,1419.0,368.0,69.43499471782425,78.10712114076132,54.356891507152966,40.509693807640254,15.848746753337648,43.05612298013176,49.58377387480256,73.75566579646652,53.290117924818624,90.20817144920862
2025-03-09 20:17:30.937667,490.0,498.0,354.0,2559.0,1421.0,369.0,69.43499471782425,78.10712114076132,54.356891507152966,40.509693807640254,15.848746753337648,43.05612298013176,49.58377387480256,73.75566579646652,53.290117924818624,90.20817144920862
2025-03-09 20:17:30.937667,483.0,499.0,361.0,2559.0,1419.0,368.0,69.43499471782425,78.10712114076132,54.356891507152966,40.509693807640254,15.848746753337648,43.05612298013176,49.58377387480256,73.75566579646652,53.290117924818624,90.20817144920862
2025-03-09 20:17:30.946000,489.0,498.0,368.0,2559.0,1418.0,369.0,69.4380842644811,78.18467595103647,54.7350797935145,40.59550057043391,15.878459470866757,43.15739075766077,49.29508197213049,73.75808835282692,53.48668284853789,90.42889882628211
2025-03-09 20:17:30.946000,481.0,496.0,367.0,2559.0,1413.0,379.0,69.4380842644811,78.18467595103647,54.7350797935145,40.59550057043391,15.878459470866757,43.15739075766077,49.29508197213049,73.75808835282692,53.48668284853789,90.42889882628211
2025-03-09 20:17:30.946000,481.0,496.0,354.0,2559.0,1414.0,375.0,69.4380842644811,78.18467595103647,54.7350797935145,40.59550057043391,15.878459470866757,43.15739075766077,49.29508197213049,73.75808835282692,53.48668284853789,90.42889882628211
2025-03-09 20:17:30.946000,483.0,496.0,359.0,2559.0,1415.0,374.0,69.4380842644811,78.18467595103647,54.7350797935145,40.59550057043391,15.878459470866757,43.15739075766077,49.29508197213049,73.75808835282692,53.48668284853789,90.42889882628211
2025-03-09 20:17:30.954333,482.0,496.0,362.0,2559.0,1413.0,380.0,69.43771228933032,78.2715145407523,55.143049012630314,40.67922949158092,15.912725978162085,43.25755471259823,48.99065156528207,73.76782216022788,53.700440276407974,90.6346812179814
2025-03-09 20:17:30.954333,484.0,497.0,364.0,2559.0,1413.0,377.0,69.43771228933032,78.2715145407523,55.143049012630314,40.67922949158092,15.912725978162085,43.25755471259823,48.99065156528207,73.76782216022788,53.700440276407974,90.6346812179814
2025-03-09 20:17:30.954333,486.0,497.0,363.0,2586.0,1416.0,379.0,69.43771228933032,78.2715145407523,55.143049012630314,40.67922949158092,15.912725978162085,43.25755471259823,48.99065156528207,73.76782216022788,53.700440276407974,90.6346812179814
2025-03-09 20:17:30.962667,481.0,496.0,357.0,2559.0,1414.0,379.0,69.43595837136333,78.36733187367209,55.57771126207098,40.7579040750601,15.950847697284221,43.353333014395766,48.675292634467155,73.78689263369924,53.92831678998044,90.8322778814372
2025-03-09 20:17:30.962667,482.0,496.0,364.0,2559.0,1415.0,379.0,69.43595837136333,78.36733187367209,55.57771126207098,40.7579040750601,15.950847697284221,43.353333014395766,48.675292634467155,73.78689263369924,53.92831678998044,90.8322778814372
2025-03-09 20:17:30.962667,483.0,496.0,363.0,2559.0,1415.0,383.0,69.43595837136333,78.36733187367209,55.57771126207098,40.7579040750601,15.950847697284221,43.353333014395766,48.675292634467155,73.78689263369924,53.92831678998044,90.8322778814372
2025-03-09 20:17:30.962667,481.0,498.0,363.0,2559.0,1415.0,384.0,69.43595837136333,78.36733187367209,55.57771126207098,40.7579040750601,15.950847697284221,43.353333014395766,48.675292634467155,73.78689263369924,53.92831678998044,90.8322778814372
2025-03-09 20:17:30.971000,484.0,495.0,361.0,2559.0,1417.0,384.0,69.43518810942777,78.4708702417698,56.03378031756779,40.82908248575468,15.993104121814415,43.442227417134575,48.355853522514074,73.81648822449048,54.16538969408175,91.02771354344534
2025-03-09 20:17:30.971000,480.0,496.0,359.0,2559.0,1414.0,383.0,69.43518810942777,78.4708702417698,56.03378031756779,40.82908248575468,15.993104121814415,43.442227417134575,48.355853522514074,73.81648822449048,54.16538969408175,91.02771354344534
2025-03-09 20:17:30.971000,482.0,497.0,368.0,2582.0,1415.0,385.0,69.43518810942777,78.4708702417698,56.03378031756779,40.82908248575468,15.993104121814415,43.442227417134575,48.355853522514074,73.81648822449048,54.16538969408175,91.02771354344534
2025-03-09 20:17:30.979333,481.0,496.0,365.0,2583.0,1415.0,384.0,69.43828818368962,78.58052393083092,56.50897503813518,40.89382572484805,16.04106782216944,43.52578370574366,48.03582604971247,73.85567078200363,54.40761404163459,91.2193729806826
2025-03-09 20:17:30.979333,480.0,496.0,363.0,2583.0,1415.0,385.0,69.43828818368962,78.58052393083092,56.50897503813518,40.89382572484805,16.04106782216944,43.52578370574366,48.03582604971247,73.85567078200363,54.40761404163459,91.2193729806826
2025-03-09 20:17:30.979333,482.0,496.0,365.0,2589.0,1423.0,395.0,69.43828818368962,78.58052393083092,56.50897503813518,40.89382572484805,16.04106782216944,43.52578370574366,48.03582604971247,73.85567078200363,54.40761404163459,91.2193729806826
2025-03-09 20:17:30.979333,483.0,497.0,358.0,2559.0,1424.0,393.0,69.43828818368962,78.58052393083092,56.50897503813518,40.89382572484805,16.04106782216944,43.52578370574366,48.03582604971247,73.85567078200363,54.40761404163459,91.2193729806826
2025-03-09 20:17:30.987667,481.0,495.0,364.0,2559.0,1424.0,397.0,69.44743895916362,78.69352871050148,57.002418452616595,40.9564154677516,16.094494288583235,43.60844785084897,47.71332564178674,73.90070784698828,54.65262939904502,91.40536075739784
2025-03-09 20:17:30.987667,480.0,499.0,362.0,2589.0,1424.0,393.0,69.44743895916362,78.69352871050148,57.002418452616595,40.9564154677516,16.094494288583235,43.60844785084897,47.71332564178674,73.90070784698828,54.65262939904502,91.40536075739784
2025-03-09 20:17:30.987667,480.0,496.0,365.0,2559.0,1424.0,397.0,69.44743895916362,78.69352871050148,57.002418452616595,40.9564154677516,16.094494288583235,43.60844785084897,47.71332564178674,73.90070784698828,54.65262939904502,91.40536075739784
2025-03-09 20:17:30.987667,486.0,497.0,361.0,2592.0,1425.0,400.0,69.44743895916362,78.69352871050148,57.002418452616595,40.9564154677516,16.094494288583235,43.60844785084897,47.71332564178674,73.90070784698828,54.65262939904502,91.40536075739784
2025-03-09 20:17:30.996000,481.0,499.0,358.0,2587.0,1426.0,400.0,69.46510867172793,78.80751696597102,57.511213314259436,41.02216548930086,16.151435763756442,43.6953554450221,47.38592158343431,73.94751829021311,54.898784217376885,91.58998146353015
2025-03-09 20:17:30.996000,486.0,497.0,364.0,2589.0,1425.0,399.0,69.46510867172793,78.80751696597102,57.511213314259436,41.02216548930086,16.151435763756442,43.6953554450221,47.38592158343431,73.94751829021311,54.898784217376885,91.58998146353015
2025-03-09 20:17:30.996000,481.0,496.0,357.0,2594.0,1437.0,410.0,69.46510867172793,78.80751696597102,57.511213314259436,41.02216548930086,16.151435763756442,43.6953554450221,47.38592158343431,73.94751829021311,54.898784217376885,91.58998146353015
2025-03-09 20:17:31.004333,485.0,496.0,355.0,2592.0,1438.0,411.0,69.49696342472737,78.92123742676482,58.030124608801316,41.09345078852103,16.212417605392957,43.78916535455223,47.05918356548121,73.9954832541637,55.14114731744601,91.77848940891124
2025-03-09 20:17:31.004333,483.0,493.0,366.0,2598.0,1438.0,413.0,69.49696342472737,78.92123742676482,58.030124608801316,41.09345078852103,16.212417605392957,43.78916535455223,47.05918356548121,73.9954832541637,55.14114731744601,91.77848940891124
2025-03-09 20:17:31.004333,482.0,495.0,362.0,2595.0,1440.0,414.0,69.49696342472737,78.92123742676482,58.030124608801316,41.09345078852103,16.212417605392957,43.78916535455223,47.05918356548121,73.9954832541637,55.14114731744601,91.77848940891124
2025-03-09 20:17:31.004333,479.0,493.0,363.0,2593.0,1441.0,411.0,69.49696342472737,78.92123742676482,58.030124608801316,41.09345078852103,16.212417605392957,43.78916535455223,47.05918356548121,73.9954832541637,55.14114731744601,91.77848940891124
2025-03-09 20:17:31.012667,481.0,496.0,358.0,2593.0,1442.0,414.0,69.55271244260453,79.03387497928433,58.55428368948265,41.17067544872507,16.27991890712365,43.891114731427514,46.74367775602042,74.0460307097933,55.37167221934263,91.97735528419939
2025-03-09 20:17:31.012667,483.0,496.0,363.0,2595.0,1443.0,411.0,69.55271244260453,79.03387497928433,58.55428368948265,41.17067544872507,16.27991890712365,43.891114731427514,46.74367775602042,74.0460307097933,55.37167221934263,91.97735528419939
2025-03-09 20:17:31.012667,483.0,490.0,365.0,2602.0,1456.0,429.0,69.55271244260453,79.03387497928433,58.55428368948265,41.17067544872507,16.27991890712365,43.891114731427514,46.74367775602042,74.0460307097933,55.37167221934263,91.97735528419939
2025-03-09 20:17:31.021000,490.0,496.0,354.0,2600.0,1458.0,430.0,69.64175628077757,79.14571114582435,59.07833672516257,41.252086740697074,16.35399817739503,43.99982661990305,46.44954480984068,74.10149061636416,55.583704599861136,92.19779854752566
2025-03-09 20:17:31.021000,484.0,495.0,361.0,2605.0,1459.0,431.0,69.64175628077757,79.14571114582435,59.07833672516257,41.252086740697074,16.35399817739503,43.99982661990305,46.44954480984068,74.10149061636416,55.583704599861136,92.19779854752566
2025-03-09 20:17:31.021000,485.0,496.0,357.0,2607.0,1462.0,431.0,69.64175628077757,79.14571114582435,59.07833672516257,41.252086740697074,16.35399817739503,43.99982661990305,46.44954480984068,74.10149061636416,55.583704599861136,92.19779854752566
2025-03-09 20:17:31.021000,483.0,493.0,357.0,2603.0,1461.0,432.0,69.64175628077757,79.14571114582435,59.07833672516257,41.252086740697074,16.35399817739503,43.99982661990305,46.44954480984068,74.10149061636416,55.583704599861136,92.19779854752566
2025-03-09 20:17:31.029333,477.0,492.0,359.0,2608.0,1462.0,432.0,69.77178620201667,79.25962786826562,59.59590150716728,41.33266632542935,16.43182543476547,44.109591736802685,46.18822651660724,74.16821163036951,55.77474528995627,92.45645237972172
2025-03-09 20:17:31.029333,485.0,489.0,355.0,2605.0,1469.0,435.0,69.77178620201667,79.25962786826562,59.59590150716728,41.33266632542935,16.43182543476547,44.109591736802685,46.18822651660724,74.16821163036951,55.77474528995627,92.45645237972172
2025-03-09 20:17:31.029333,483.0,494.0,360.0,2607.0,1467.0,435.0,69.77178620201667,79.25962786826562,59.59590150716728,41.33266632542935,16.43182543476547,44.109591736802685,46.18822651660724,74.16821163036951,55.77474528995627,92.45645237972172
2025-03-09 20:17:31.037667,481.0,496.0,357.0,2607.0,1485.0,454.0,69.9415055577897,79.3730173106915,60.10187731347791,41.41084457432762,16.50903585014624,44.21704184712527,45.962167448198194,74.24693665907203,55.94533870587302,92.75494147365475
2025-03-09 20:17:31.037667,484.0,495.0,363.0,2608.0,1486.0,449.0,69.9415055577897,79.3730173106915,60.10187731347791,41.41084457432762,16.50903585014624,44.21704184712527,45.962167448198194,74.24693665907203,55.94533870587302,92.75494147365475
2025-03-09 20:17:31.037667,486.0,490.0,357.0,2609.0,1488.0,455.0,69.9415055577897,79.3730173106915,60.10187731347791,41.41084457432762,16.50903585014624,44.21704184712527,45.962167448198194,74.24693665907203,55.94533870587302,92.75494147365475
2025-03-09 20:17:31.037667,483.0,495.0,357.0,2609.0,1488.0,458.0,69.9415055577897,79.3730173106915,60.10187731347791,41.41084457432762,16.50903585014624,44.21704184712527,45.962167448198194,74.24693665907203,55.94533870587302,92.75494147365475
2025-03-09 20:17:31.046000,477.0,491.0,359.0,2608.0,1488.0,458.0,70.13439796610184,79.47318912565865,60.59079137277293,41.48912878169842,16.581845985891956,44.322415232245085,45.76131745363418,74.32641060474137,56.095498294373414,93.07056907450516
2025-03-09 20:17:31.046000,485.0,484.0,359.0,2608.0,1493.0,458.0,70.13439796610184,79.47318912565865,60.59079137277293,41.48912878169842,16.581845985891956,44.322415232245085,45.76131745363418,74.32641060474137,56.095498294373414,93.07056907450516
2025-03-09 20:17:31.046000,482.0,494.0,363.0,2609.0,1489.0,463.0,70.13439796610184,79.47318912565865,60.59079137277293,41.48912878169842,16.581845985891956,44.322415232245085,45.76131745363418,74.32641060474137,56.095498294373414,93.07056907450516
2025-03-09 20:17:31.054333,484.0,491.0,358.0,2608.0,1493.0,463.0,70.33452941402903,79.55089111658627,61.05826095363161,41.56864179000218,16.64872516979497,44.42556788618836,45.57705292063249,74.39705418242495,56.22551306933792,93.38484106148486
2025-03-09 20:17:31.054333,481.0,490.0,359.0,2614.0,1511.0,486.0,70.33452941402903,79.55089111658627,61.05826095363161,41.56864179000218,16.64872516979497,44.42556788618836,45.57705292063249,74.39705418242495,56.22551306933792,93.38484106148486
2025-03-09 20:17:31.054333,484.0,494.0,360.0,2608.0,1514.0,486.0,70.33452941402903,79.55089111658627,61.05826095363161,41.56864179000218,16.64872516979497,44.42556788618836,45.57705292063249,74.39705418242495,56.22551306933792,93.38484106148486
2025-03-09 20:17:31.054333,481.0,496.0,353.0,2608.0,1514.0,487.0,70.33452941402903,79.55089111658627,61.05826095363161,41.56864179000218,16.64872516979497,44.42556788618836,45.57705292063249,74.39705418242495,56.22551306933792,93.38484106148486
2025-03-09 20:17:31.062667,481.0,495.0,365.0,2609.0,1520.0,487.0,70.5334437795469,79.60271692231426,61.49950240098078,41.64968776200353,16.709499317633952,44.52685511674742,45.405699360310194,74.45281068433512,56.33418112146261,93.69066947551148
2025-03-09 20:17:31.062667,480.0,496.0,362.0,2613.0,1521.0,493.0,70.5334437795469,79.60271692231426,61.49950240098078,41.64968776200353,16.709499317633952,44.52685511674742,45.405699360310194,74.45281068433512,56.33418112146261,93.69066947551148
2025-03-09 20:17:31.062667,481.0,490.0,358.0,2613.0,1521.0,495.0,70.5334437795469,79.60271692231426,61.49950240098078,41.64968776200353,16.709499317633952,44.52685511674742,45.405699360310194,74.45281068433512,56.33418112146261,93.69066947551148
2025-03-09 20:17:31.062667,479.0,495.0,361.0,2613.0,1525.0,496.0,70.5334437795469,79.60271692231426,61.49950240098078,41.64968776200353,16.709499317633952,44.52685511674742,45.405699360310194,74.45281068433512,56.33418112146261,93.69066947551148
2025-03-09 20:17:31.071000,481.0,493.0,359.0,2615.0,1534.0,511.0,70.72527881161635,79.62545681418591,61.907865376877204,41.7339508986245,16.764002109222506,44.62841152527452,45.24426613768531,74.48654139052657,56.4178805537919,93.98250825911906
2025-03-09 20:17:31.071000,481.0,496.0,358.0,2615.0,1535.0,526.0,70.72527881161635,79.62545681418591,61.907865376877204,41.7339508986245,16.764002109222506,44.62841152527452,45.24426613768531,74.48654139052657,56.4178805537919,93.98250825911906
2025-03-09 20:17:31.071000,479.0,493.0,354.0,2618.0,1535.0,523.0,70.72527881161635,79.62545681418591,61.907865376877204,41.7339508986245,16.764002109222506,44.62841152527452,45.24426613768531,74.48654139052657,56.4178805537919,93.98250825911906
2025-03-09 20:17:31.079333,479.0,495.0,358.0,2617.0,1535.0,527.0,70.90543314494602,79.61767028827292,62.27918266148348,41.82308400666936,16.812110219430377,44.73229605861862,45.08933756031584,74.4931775927419,56.474729890910005,94.25520968494844
2025-03-09 20:17:31.079333,476.0,488.0,365.0,2613.0,1535.0,528.0,70.90543314494602,79.61767028827292,62.27918266148348,41.82308400666936,16.812110219430377,44.73229605861862,45.08933756031584,74.4931775927419,56.474729890910005,94.25520968494844
2025-03-09 20:17:31.079333,475.0,490.0,361.0,2614.0,1535.0,527.0,70.90543314494602,79.61767028827292,62.27918266148348,41.82308400666936,16.812110219430377,44.73229605861862,45.08933756031584,74.4931775927419,56.474729890910005,94.25520968494844
2025-03-09 20:17:31.079333,477.0,487.0,361.0,2618.0,1535.0,529.0,70.90543314494602,79.61767028827292,62.27918266148348,41.82308400666936,16.812110219430377,44.73229605861862,45.08933756031584,74.4931775927419,56.474729890910005,94.25520968494844
2025-03-09 20:17:31.087667,479.0,488.0,359.0,2614.0,1535.0,530.0,71.06875733046108,79.57865230593414,62.61202387035722,41.915774250500405,16.85260129570036,44.83693063115975,44.937525281838866,74.47064225988936,56.50498943064479,94.50266538182908
2025-03-09 20:17:31.087667,475.0,490.0,361.0,2617.0,1570.0,548.0,71.06875733046108,79.57865230593414,62.61202387035722,41.915774250500405,16.85260129570036,44.83693063115975,44.937525281838866,74.47064225988936,56.50498943064479,94.50266538182908
2025-03-09 20:17:31.087667,478.0,490.0,358.0,2621.0,1569.0,551.0,71.06875733046108,79.57865230593414,62.61202387035722,41.915774250500405,16.85260129570036,44.83693063115975,44.937525281838866,74.47064225988936,56.50498943064479,94.50266538182908
2025-03-09 20:17:31.096000,475.0,496.0,358.0,2618.0,1569.0,551.0,71.21016680715361,79.507470435193,62.905740318579234,42.009132519488844,16.884539080350095,44.93880894531256,44.78738046742014,74.41898979852326,56.50926888500185,94.71801185940254
2025-03-09 20:17:31.096000,477.0,495.0,350.0,2621.0,1573.0,553.0,71.21016680715361,79.507470435193,62.905740318579234,42.009132519488844,16.884539080350095,44.93880894531256,44.78738046742014,74.41898979852326,56.50926888500185,94.71801185940254
2025-03-09 20:17:31.096000,476.0,491.0,359.0,2622.0,1575.0,557.0,71.21016680715361,79.507470435193,62.905740318579234,42.009132519488844,16.884539080350095,44.93880894531256,44.78738046742014,74.41898979852326,56.50926888500185,94.71801185940254
2025-03-09 20:17:31.096000,477.0,496.0,363.0,2621.0,1578.0,554.0,71.21016680715361,79.507470435193,62.905740318579234,42.009132519488844,16.884539080350095,44.93880894531256,44.78738046742014,74.41898979852326,56.50926888500185,94.71801185940254
2025-03-09 20:17:31.104333,477.0,487.0,361.0,2615.0,1578.0,557.0,71.32593255128872,79.40413594821035,63.15914511447874,42.10306975196351,16.90627011852511,45.03650235489023,44.638081942928174,74.3406830696894,56.49078304351322,94.89564835214297
2025-03-09 20:17:31.104333,475.0,490.0,354.0,2619.0,1584.0,567.0,71.32593255128872,79.40413594821035,63.15914511447874,42.10306975196351,16.90627011852511,45.03650235489023,44.638081942928174,74.3406830696894,56.49078304351322,94.89564835214297
2025-03-09 20:17:31.104333,471.0,493.0,358.0,2617.0,1584.0,572.0,71.32593255128872,79.40413594821035,63.15914511447874,42.10306975196351,16.90627011852511,45.03650235489023,44.638081942928174,74.3406830696894,56.49078304351322,94.89564835214297
2025-03-09 20:17:31.112667,473.0,495.0,357.0,2624.0,1584.0,575.0,71.4131985703502,79.27007890490702,63.369261754090665,42.198330134836745,16.913374037856084,45.1282849174056,44.48935254652617,74.24099771468514,56.45559923609206,95.03227546102814
2025-03-09 20:17:31.112667,471.0,491.0,355.0,2622.0,1586.0,577.0,71.4131985703502,79.27007890490702,63.369261754090665,42.198330134836745,16.913374037856084,45.1282849174056,44.48935254652617,74.24099771468514,56.45559923609206,95.03227546102814
2025-03-09 20:17:31.112667,471.0,490.0,360.0,2621.0,1590.0,575.0,71.4131985703502,79.27007890490702,63.369261754090665,42.198330134836745,16.913374037856084,45.1282849174056,44.48935254652617,74.24099771468514,56.45559923609206,95.03227546102814
2025-03-09 20:17:31.112667,470.0,484.0,359.0,2623.0,1591.0,576.0,71.4131985703502,79.27007890490702,63.369261754090665,42.198330134836745,16.913374037856084,45.1282849174056,44.48935254652617,74.24099771468514,56.45559923609206,95.03227546102814
2025-03-09 20:17:31.121000,471.0,491.0,363.0,2624.0,1594.0,576.0,71.47073451954185,79.10861875375413,63.53289870173364,42.29630515544859,16.899264597886628,45.2122641490421,44.34123243301566,74.12811445207079,56.412714142153646,95.12757553197186
2025-03-09 20:17:31.121000,472.0,487.0,353.0,2622.0,1599.0,579.0,71.47073451954185,79.10861875375413,63.53289870173364,42.29630515544859,16.899264597886628,45.2122641490421,44.34123243301566,74.12811445207079,56.412714142153646,95.12757553197186
2025-03-09 20:17:31.121000,469.0,496.0,365.0,2623.0,1602.0,592.0,71.47073451954185,79.10861875375413,63.53289870173364,42.29630515544859,16.899264597886628,45.2122641490421,44.34123243301566,74.12811445207079,56.412714142153646,95.12757553197186
2025-03-09 20:17:31.129333,464.0,491.0,351.0,2622.0,1605.0,595.0,71.49915521827951,78.92353810683096,63.648137553032456,42.402655353696595,16.860560169643595,45.292232874796404,44.19234020491946,74.00762229617398,56.36980168455046,95.18301188655767
2025-03-09 20:17:31.129333,464.0,494.0,356.0,2621.0,1602.0,595.0,71.49915521827951,78.92353810683096,63.648137553032456,42.402655353696595,16.860560169643595,45.292232874796404,44.19234020491946,74.00762229617398,56.36980168455046,95.18301188655767
2025-03-09 20:17:31.129333,467.0,493.0,353.0,2624.0,1605.0,595.0,71.49915521827951,78.92353810683096,63.648137553032456,42.402655353696595,16.860560169643595,45.292232874796404,44.19234020491946,74.00762229617398,56.36980168455046,95.18301188655767
2025-03-09 20:17:31.129333,470.0,491.0,361.0,2624.0,1606.0,602.0,71.49915521827951,78.92353810683096,63.648137553032456,42.402655353696595,16.860560169643595,45.292232874796404,44.19234020491946,74.00762229617398,56.36980168455046,95.18301188655767
2025-03-09 20:17:31.137667,468.0,483.0,355.0,2624.0,1606.0,602.0,71.49943641019941,78.7180685055771,63.714269625994895,42.528207030920576,16.793933670833248,45.377194913606054,44.03733207626464,73.88317176243426,56.33598100901883,95.20037006589715
2025-03-09 20:17:31.137667,466.0,489.0,353.0,2624.0,1606.0,602.0,71.49943641019941,78.7180685055771,63.714269625994895,42.528207030920576,16.793933670833248,45.377194913606054,44.03733207626464,73.88317176243426,56.33598100901883,95.20037006589715
2025-03-09 20:17:31.137667,467.0,490.0,361.0,2626.0,1613.0,615.0,71.49943641019941,78.7180685055771,63.714269625994895,42.528207030920576,16.793933670833248,45.377194913606054,44.03733207626464,73.88317176243426,56.33598100901883,95.20037006589715
2025-03-09 20:17:31.137667,464.0,491.0,350.0,2623.0,1615.0,617.0,71.49943641019941,78.7180685055771,63.714269625994895,42.528207030920576,16.793933670833248,45.377194913606054,44.03733207626464,73.88317176243426,56.33598100901883,95.20037006589715
2025-03-09 20:17:31.146000,464.0,493.0,355.0,2624.0,1616.0,618.0,71.47333688709115,78.4960931635834,63.735247243406924,42.68584411205726,16.692751852198626,45.47656503200411,43.867356604856596,73.76214920589287,56.32705947886569,95.18345920868775
2025-03-09 20:17:31.146000,462.0,487.0,355.0,2624.0,1615.0,618.0,71.47333688709115,78.4960931635834,63.735247243406924,42.68584411205726,16.692751852198626,45.47656503200411,43.867356604856596,73.76214920589287,56.32705947886569,95.18345920868775
2025-03-09 20:17:31.146000,464.0,498.0,352.0,2624.0,1614.0,619.0,71.47333688709115,78.4960931635834,63.735247243406924,42.68584411205726,16.692751852198626,45.47656503200411,43.867356604856596,73.76214920589287,56.32705947886569,95.18345920868775
2025-03-09 20:17:31.154333,468.0,491.0,343.0,2624.0,1614.0,621.0,71.4225435612688,78.26171558877867,63.71811682142749,42.890924035414,16.547089449765192,45.60032205788173,43.671244976464656,73.65660612817314,56.3660441288618,95.13739787966809
2025-03-09 20:17:31.154333,466.0,489.0,342.0,2621.0,1616.0,617.0,71.4225435612688,78.26171558877867,63.71811682142749,42.890924035414,16.547089449765192,45.60032205788173,43.671244976464656,73.65660612817314,56.3660441288618,95.13739787966809
2025-03-09 20:17:31.154333,464.0,489.0,343.0,2625.0,1616.0,622.0,71.4225435612688,78.26171558877867,63.71811682142749,42.890924035414,16.547089449765192,45.60032205788173,43.671244976464656,73.65660612817314,56.3660441288618,95.13739787966809
2025-03-09 20:17:31.154333,464.0,491.0,368.0,2623.0,1615.0,624.0,71.4225435612688,78.26171558877867,63.71811682142749,42.890924035414,16.547089449765192,45.60032205788173,43.671244976464656,73.65660612817314,56.3660441288618,95.13739787966809
2025-03-09 20:17:31.162667,465.0,489.0,367.0,2623.0,1613.0,624.0,71.3485298618105,78.0186547388189,63.671060742494994,43.103418301360996,16.383166753327135,45.72330152371324,43.470093035543556,73.55320645998269,56.41611279140999,95.06741006201244
2025-03-09 20:17:31.162667,461.0,491.0,359.0,2623.0,1615.0,624.0,71.3485298618105,78.0186547388189,63.671060742494994,43.103418301360996,16.383166753327135,45.72330152371324,43.470093035543556,73.55320645998269,56.41611279140999,95.06741006201244
2025-03-09 20:17:31.162667,464.0,493.0,356.0,2626.0,1615.0,627.0,71.3485298618105,78.0186547388189,63.671060742494994,43.103418301360996,16.383166753327135,45.72330152371324,43.470093035543556,73.55320645998269,56.41611279140999,95.06741006201244
2025-03-09 20:17:31.171000,464.0,482.0,370.0,2625.0,1615.0,624.0,71.25356774399357,77.77124891230385,63.60345914142965,43.22330115742998,16.265366699218387,45.780870898927766,43.31985833743024,73.41094601068045,56.37585148955682,94.97938099817428
2025-03-09 20:17:31.171000,463.0,489.0,368.0,2624.0,1613.0,626.0,71.25356774399357,77.77124891230385,63.60345914142965,43.22330115742998,16.265366699218387,45.780870898927766,43.31985833743024,73.41094601068045,56.37585148955682,94.97938099817428
2025-03-09 20:17:31.171000,464.0,494.0,375.0,2625.0,1614.0,626.0,71.25356774399357,77.77124891230385,63.60345914142965,43.22330115742998,16.265366699218387,45.780870898927766,43.31985833743024,73.41094601068045,56.37585148955682,94.97938099817428
2025-03-09 20:17:31.171000,462.0,486.0,353.0,2624.0,1606.0,631.0,71.25356774399357,77.77124891230385,63.60345914142965,43.22330115742998,16.265366699218387,45.780870898927766,43.31985833743024,73.41094601068045,56.37585148955682,94.97938099817428
2025-03-09 20:17:31.179333,462.0,490.0,339.0,2625.0,1603.0,630.0,71.14121234602406,77.52535265144856,63.526334003600056,43.20226805665873,16.22498685652167,45.74097072748348,43.24601562526639,73.21352378978953,56.20121016638977,94.87880945609666
2025-03-09 20:17:31.179333,458.0,493.0,335.0,2619.0,1600.0,626.0,71.14121234602406,77.52535265144856,63.526334003600056,43.20226805665873,16.22498685652167,45.74097072748348,43.24601562526639,73.21352378978953,56.20121016638977,94.87880945609666
2025-03-09 20:17:31.179333,459.0,496.0,325.0,2624.0,1601.0,624.0,71.14121234602406,77.52535265144856,63.526334003600056,43.20226805665873,16.22498685652167,45.74097072748348,43.24601562526639,73.21352378978953,56.20121016638977,94.87880945609666
2025-03-09 20:17:31.187667,455.0,489.0,328.0,2623.0,1600.0,625.0,71.01631096266526,77.28780444904355,63.44774537556445,43.09968158277863,16.22679396818179,45.64256456469563,43.21471499629525,72.99473062159583,55.96263286089614,94.76918742249015
2025-03-09 20:17:31.187667,462.0,486.0,338.0,2624.0,1598.0,625.0,71.01631096266526,77.28780444904355,63.44774537556445,43.09968158277863,16.22679396818179,45.64256456469563,43.21471499629525,72.99473062159583,55.96263286089614,94.76918742249015
2025-03-09 20:17:31.187667,462.0,491.0,346.0,2625.0,1600.0,624.0,71.01631096266526,77.28780444904355,63.44774537556445,43.09968158277863,16.22679396818179,45.64256456469563,43.21471499629525,72.99473062159583,55.96263286089614,94.76918742249015
2025-03-09 20:17:31.187667,462.0,483.0,351.0,2625.0,1597.0,626.0,71.01631096266526,77.28780444904355,63.44774537556445,43.09968158277863,16.22679396818179,45.64256456469563,43.21471499629525,72.99473062159583,55.96263286089614,94.76918742249015
2025-03-09 20:17:31.196000,461.0,489.0,384.0,2621.0,1585.0,624.0,70.88326124146951,77.06402934148137,63.37188344994776,43.02647268227389,16.203091762120177,45.5585832226778,43.16388391331433,72.81014735027188,55.78309387398394,94.65223995032633
2025-03-09 20:17:31.196000,462.0,484.0,377.0,2619.0,1586.0,619.0,70.88326124146951,77.06402934148137,63.37188344994776,43.02647268227389,16.203091762120177,45.5585832226778,43.16388391331433,72.81014735027188,55.78309387398394,94.65223995032633
2025-03-09 20:17:31.196000,459.0,489.0,383.0,2619.0,1584.0,624.0,70.88326124146951,77.06402934148137,63.37188344994776,43.02647268227389,16.203091762120177,45.5585832226778,43.16388391331433,72.81014735027188,55.78309387398394,94.65223995032633
2025-03-09 20:17:31.204333,462.0,485.0,379.0,2621.0,1584.0,622.0,70.74665331758072,76.85756705675954,63.302827290671075,42.980585684468814,16.161708949203934,45.491065280091874,43.0960772420441,72.65594926166118,55.65582068159923,94.5299913441393
2025-03-09 20:17:31.204333,461.0,489.0,388.0,2621.0,1586.0,621.0,70.74665331758072,76.85756705675954,63.302827290671075,42.980585684468814,16.161708949203934,45.491065280091874,43.0960772420441,72.65594926166118,55.65582068159923,94.5299913441393
2025-03-09 20:17:31.204333,463.0,485.0,385.0,2620.0,1584.0,615.0,70.74665331758072,76.85756705675954,63.302827290671075,42.980585684468814,16.161708949203934,45.491065280091874,43.0960772420441,72.65594926166118,55.65582068159923,94.5299913441393
2025-03-09 20:17:31.204333,461.0,487.0,384.0,2619.0,1584.0,619.0,70.74665331758072,76.85756705675954,63.302827290671075,42.980585684468814,16.161708949203934,45.491065280091874,43.0960772420441,72.65594926166118,55.65582068159923,94.5299913441393
2025-03-09 20:17:31.212667,463.0,486.0,388.0,2622.0,1578.0,609.0,70.61070322559834,76.66984988318096,63.243921276003896,42.90152819534452,16.148496977451625,45.40491625482696,43.04696364526286,72.49767520866493,55.507081192568876,94.40558583343442
2025-03-09 20:17:31.212667,463.0,494.0,416.0,2621.0,1572.0,609.0,70.61070322559834,76.66984988318096,63.243921276003896,42.90152819534452,16.148496977451625,45.40491625482696,43.04696364526286,72.49767520866493,55.507081192568876,94.40558583343442
2025-03-09 20:17:31.212667,455.0,493.0,412.0,2620.0,1575.0,610.0,70.61070322559834,76.66984988318096,63.243921276003896,42.90152819534452,16.148496977451625,45.40491625482696,43.04696364526286,72.49767520866493,55.507081192568876,94.40558583343442
2025-03-09 20:17:31.212667,459.0,487.0,415.0,2619.0,1570.0,610.0,70.61070322559834,76.66984988318096,63.243921276003896,42.90152819534452,16.148496977451625,45.40491625482696,43.04696364526286,72.49767520866493,55.507081192568876,94.40558583343442
2025-03-09 20:17:31.221000,461.0,483.0,406.0,2621.0,1567.0,607.0,70.47748003023497,76.50094045195493,63.19417444325653,42.832826314795234,16.136057703763843,45.32874638057255,42.992744642163906,72.3547242338821,55.38191832725941,94.28306710599246
2025-03-09 20:17:31.221000,459.0,487.0,417.0,2614.0,1568.0,610.0,70.47748003023497,76.50094045195493,63.19417444325653,42.832826314795234,16.136057703763843,45.32874638057255,42.992744642163906,72.3547242338821,55.38191832725941,94.28306710599246
2025-03-09 20:17:31.221000,456.0,484.0,426.0,2618.0,1567.0,607.0,70.47748003023497,76.50094045195493,63.19417444325653,42.832826314795234,16.136057703763843,45.32874638057255,42.992744642163906,72.3547242338821,55.38191832725941,94.28306710599246
2025-03-09 20:17:31.221000,461.0,486.0,415.0,2621.0,1567.0,606.0,70.47748003023497,76.50094045195493,63.19417444325653,42.832826314795234,16.136057703763843,45.32874638057255,42.992744642163906,72.3547242338821,55.38191832725941,94.28306710599246
2025-03-09 20:17:31.229333,457.0,490.0,506.0,2617.0,1560.0,599.0,70.3493052470289,76.35146191693296,63.15126390485914,42.816854943464584,16.09535437492604,45.28922697765876,42.91142425781426,72.24889416342131,55.32661992024328,94.16720578539082
2025-03-09 20:17:31.229333,459.0,487.0,501.0,2618.0,1563.0,598.0,70.3493052470289,76.35146191693296,63.15126390485914,42.816854943464584,16.09535437492604,45.28922697765876,42.91142425781426,72.24889416342131,55.32661992024328,94.16720578539082
2025-03-09 20:17:31.229333,461.0,485.0,503.0,2623.0,1562.0,596.0,70.3493052470289,76.35146191693296,63.15126390485914,42.816854943464584,16.09535437492604,45.28922697765876,42.91142425781426,72.24889416342131,55.32661992024328,94.16720578539082
2025-03-09 20:17:31.237667,455.0,486.0,501.0,2619.0,1557.0,596.0,70.23042274315442,76.22321640901568,63.112552809888015,42.84824349845233,16.031043776947914,45.283772403616425,42.81109318258235,72.17871702510269,55.332499118403476,94.06224086923916
2025-03-09 20:17:31.237667,455.0,490.0,498.0,2619.0,1557.0,597.0,70.23042274315442,76.22321640901568,63.112552809888015,42.84824349845233,16.031043776947914,45.283772403616425,42.81109318258235,72.17871702510269,55.332499118403476,94.06224086923916
2025-03-09 20:17:31.237667,460.0,488.0,530.0,2618.0,1555.0,594.0,70.23042274315442,76.22321640901568,63.112552809888015,42.84824349845233,16.031043776947914,45.283772403616425,42.81109318258235,72.17871702510269,55.332499118403476,94.06224086923916
2025-03-09 20:17:31.237667,457.0,485.0,550.0,2623.0,1557.0,597.0,70.23042274315442,76.22321640901568,63.112552809888015,42.84824349845233,16.031043776947914,45.283772403616425,42.81109318258235,72.17871702510269,55.332499118403476,94.06224086923916
2025-03-09 20:17:31.246000,451.0,483.0,598.0,2617.0,1535.0,587.0,70.12512035206545,76.11749013950391,63.07479706226141,42.929698680255655,15.944958872498857,45.31612119897803,42.69606186096301,72.14443677123543,55.39672961487529,93.9712295297086
2025-03-09 20:17:31.246000,455.0,485.0,528.0,2614.0,1535.0,590.0,70.12512035206545,76.11749013950391,63.07479706226141,42.929698680255655,15.944958872498857,45.31612119897803,42.69606186096301,72.14443677123543,55.39672961487529,93.9712295297086
2025-03-09 20:17:31.246000,459.0,480.0,491.0,2615.0,1535.0,587.0,70.12512035206545,76.11749013950391,63.07479706226141,42.929698680255655,15.944958872498857,45.31612119897803,42.69606186096301,72.14443677123543,55.39672961487529,93.9712295297086
2025-03-09 20:17:31.246000,451.0,490.0,533.0,2614.0,1535.0,588.0,70.12512035206545,76.11749013950391,63.07479706226141,42.929698680255655,15.944958872498857,45.31612119897803,42.69606186096301,72.14443677123543,55.39672961487529,93.9712295297086
2025-03-09 20:17:31.254333,454.0,487.0,683.0,2621.0,1535.0,587.0,70.03509535717757,76.03385728919824,63.03334189839711,43.02032593010259,15.866708230383749,45.36211473291127,42.59339349627973,72.12188744119341,55.46679852379117,93.89500278284538
2025-03-09 20:17:31.254333,455.0,485.0,528.0,2612.0,1535.0,589.0,70.03509535717757,76.03385728919824,63.03334189839711,43.02032593010259,15.866708230383749,45.36211473291127,42.59339349627973,72.12188744119341,55.46679852379117,93.89500278284538
2025-03-09 20:17:31.262667,455.0,484.0,481.0,2615.0,1535.0,587.0,69.9592190789881,75.96994984547477,62.98376962038223,43.02856357566243,15.857544410777223,45.36424253017976,42.555780930223335,72.05944007075954,55.43394382059427,93.83188442227603
2025-03-09 20:17:31.262667,456.0,487.0,473.0,2613.0,1535.0,583.0,69.9592190789881,75.96994984547477,62.98376962038223,43.02856357566243,15.857544410777223,45.36424253017976,42.555780930223335,72.05944007075954,55.43394382059427,93.83188442227603
2025-03-09 20:17:31.262667,454.0,489.0,464.0,2615.0,1535.0,579.0,69.9592190789881,75.96994984547477,62.98376962038223,43.02856357566243,15.857544410777223,45.36424253017976,42.555780930223335,72.05944007075954,55.43394382059427,93.83188442227603
2025-03-09 20:17:31.262667,450.0,484.0,487.0,2611.0,1535.0,578.0,69.9592190789881,75.96994984547477,62.98376962038223,43.02856357566243,15.857544410777223,45.36424253017976,42.555780930223335,72.05944007075954,55.43394382059427,93.83188442227603
2025-03-09 20:17:31.271000,449.0,482.0,432.0,2611.0,1535.0,577.0,69.89574001471615,75.92315628922982,62.925898894520564,42.950991682346135,15.918242669836053,45.31970223145164,42.58265265572415,71.95334489234814,55.29375548231905,93.77909705531908
2025-03-09 20:17:31.271000,454.0,489.0,449.0,2615.0,1535.0,576.0,69.89574001471615,75.92315628922982,62.925898894520564,42.950991682346135,15.918242669836053,45.31970223145164,42.58265265572415,71.95334489234814,55.29375548231905,93.77909705531908
2025-03-09 20:17:31.271000,453.0,480.0,435.0,2614.0,1535.0,578.0,69.89574001471615,75.92315628922982,62.925898894520564,42.950991682346135,15.918242669836053,45.31970223145164,42.58265265572415,71.95334489234814,55.29375548231905,93.77909705531908
2025-03-09 20:17:31.271000,452.0,482.0,487.0,2612.0,1535.0,577.0,69.89574001471615,75.92315628922982,62.925898894520564,42.950991682346135,15.918242669836053,45.31970223145164,42.58265265572415,71.95334489234814,55.29375548231905,93.77909705531908
2025-03-09 20:17:31.279333,450.0,483.0,554.0,2612.0,1535.0,578.0,69.843008553328,75.89122702780737,62.861865202681955,42.87388408906146,15.988846126655687,45.281932579976676,42.62171262153961,71.84857719204528,55.146657090924634,93.73339688043119
2025-03-09 20:17:31.279333,449.0,477.0,407.0,2617.0,1535.0,573.0,69.843008553328,75.89122702780737,62.861865202681955,42.87388408906146,15.988846126655687,45.281932579976676,42.62171262153961,71.84857719204528,55.146657090924634,93.73339688043119
2025-03-09 20:17:31.279333,453.0,485.0,406.0,2611.0,1535.0,574.0,69.843008553328,75.89122702780737,62.861865202681955,42.87388408906146,15.988846126655687,45.281932579976676,42.62171262153961,71.84857719204528,55.146657090924634,93.73339688043119
2025-03-09 20:17:31.279333,454.0,491.0,400.0,2608.0,1535.0,572.0,69.843008553328,75.89122702780737,62.861865202681955,42.87388408906146,15.988846126655687,45.281932579976676,42.62171262153961,71.84857719204528,55.146657090924634,93.73339688043119
2025-03-09 20:17:31.287667,450.0,490.0,405.0,2613.0,1535.0,571.0,69.79944641790489,75.87254302530607,62.794195076998086,42.83357488637166,16.043486140458317,45.27276010594877,42.64975477841875,71.7643481833541,55.03640338570066,93.69123638426683
2025-03-09 20:17:31.287667,449.0,482.0,400.0,2611.0,1535.0,573.0,69.79944641790489,75.87254302530607,62.794195076998086,42.83357488637166,16.043486140458317,45.27276010594877,42.64975477841875,71.7643481833541,55.03640338570066,93.69123638426683
2025-03-09 20:17:31.287667,450.0,485.0,391.0,2613.0,1535.0,573.0,69.79944641790489,75.87254302530607,62.794195076998086,42.83357488637166,16.043486140458317,45.27276010594877,42.64975477841875,71.7643481833541,55.03640338570066,93.69123638426683
2025-03-09 20:17:31.296000,451.0,485.0,389.0,2613.0,1535.0,569.0,69.76331326947675,75.86583072021875,62.72429144260931,42.818999028721215,16.08875118442966,45.28441356082886,42.6714494655964,71.69522280380943,54.95219226040122,93.64947380566497
2025-03-09 20:17:31.296000,448.0,484.0,368.0,2612.0,1535.0,563.0,69.76331326947675,75.86583072021875,62.72429144260931,42.818999028721215,16.08875118442966,45.28441356082886,42.6714494655964,71.69522280380943,54.95219226040122,93.64947380566497
2025-03-09 20:17:31.296000,448.0,486.0,368.0,2614.0,1535.0,562.0,69.76331326947675,75.86583072021875,62.72429144260931,42.818999028721215,16.08875118442966,45.28441356082886,42.6714494655964,71.69522280380943,54.95219226040122,93.64947380566497
2025-03-09 20:17:31.296000,452.0,480.0,361.0,2610.0,1535.0,561.0,69.76331326947675,75.86583072021875,62.72429144260931,42.818999028721215,16.08875118442966,45.28441356082886,42.6714494655964,71.69522280380943,54.95219226040122,93.64947380566497
2025-03-09 20:17:31.304333,448.0,481.0,363.0,2611.0,1535.0,564.0,69.73177577840463,75.86911826312678,62.65085224147774,42.820757796372064,16.129168350491437,45.30978814782929,42.691217003588854,71.63668255824321,54.884846333762795,93.60539499753602
2025-03-09 20:17:31.304333,443.0,481.0,359.0,2610.0,1535.0,561.0,69.73177577840463,75.86911826312678,62.65085224147774,42.820757796372064,16.129168350491437,45.30978814782929,42.691217003588854,71.63668255824321,54.884846333762795,93.60539499753602
2025-03-09 20:17:31.304333,447.0,486.0,350.0,2614.0,1535.0,560.0,69.73177577840463,75.86911826312678,62.65085224147774,42.820757796372064,16.129168350491437,45.30978814782929,42.691217003588854,71.63668255824321,54.884846333762795,93.60539499753602
2025-03-09 20:17:31.304333,448.0,480.0,359.0,2610.0,1535.0,561.0,69.73177577840463,75.86911826312678,62.65085224147774,42.820757796372064,16.129168350491437,45.30978814782929,42.691217003588854,71.63668255824321,54.884846333762795,93.60539499753602
2025-03-09 20:17:31.312667,450.0,479.0,354.0,2610.0,1535.0,563.0,69.7021945441803,75.88013040441578,62.57258772185025,42.83124219655217,16.168236797888472,45.34297228190288,42.71263044255251,71.58496742046836,54.82681187524231,93.5572299735863
2025-03-09 20:17:31.312667,450.0,485.0,374.0,2609.0,1556.0,561.0,69.7021945441803,75.88013040441578,62.57258772185025,42.83124219655217,16.168236797888472,45.34297228190288,42.71263044255251,71.58496742046836,54.82681187524231,93.5572299735863
2025-03-09 20:17:31.312667,445.0,484.0,385.0,2614.0,1562.0,560.0,69.7021945441803,75.88013040441578,62.57258772185025,42.83124219655217,16.168236797888472,45.34297228190288,42.71263044255251,71.58496742046836,54.82681187524231,93.5572299735863
2025-03-09 20:17:31.321000,448.0,483.0,397.0,2615.0,1558.0,560.0,69.67252608897049,75.89807521666866,62.488254310537776,42.844081867705796,16.208690280161917,45.37900938977383,42.73892738002906,71.53783518993923,54.77271261679003,93.50382175123546
2025-03-09 20:17:31.321000,451.0,481.0,410.0,2617.0,1561.0,560.0,69.67252608897049,75.89807521666866,62.488254310537776,42.844081867705796,16.208690280161917,45.37900938977383,42.73892738002906,71.53783518993923,54.77271261679003,93.50382175123546
2025-03-09 20:17:31.321000,446.0,480.0,409.0,2613.0,1562.0,560.0,69.67252608897049,75.89807521666866,62.488254310537776,42.844081867705796,16.208690280161917,45.37900938977383,42.73892738002906,71.53783518993923,54.77271261679003,93.50382175123546
2025-03-09 20:17:31.321000,448.0,481.0,400.0,2613.0,1563.0,560.0,69.67252608897049,75.89807521666866,62.488254310537776,42.844081867705796,16.208690280161917,45.37900938977383,42.73892738002906,71.53783518993923,54.77271261679003,93.50382175123546
2025-03-09 20:17:31.329333,449.0,482.0,405.0,2613.0,1565.0,560.0,69.64030505921961,75.92300765574872,62.396230305559584,42.85523849814496,16.25160342425519,45.41448103613516,42.771854000862845,71.49448117510283,54.72044870943833,93.44358105312074
2025-03-09 20:17:31.329333,448.0,482.0,423.0,2617.0,1563.0,560.0,69.64030505921961,75.92300765574872,62.396230305559584,42.85523849814496,16.25160342425519,45.41448103613516,42.771854000862845,71.49448117510283,54.72044870943833,93.44358105312074
2025-03-09 20:17:31.329333,447.0,480.0,432.0,2610.0,1572.0,560.0,69.64030505921961,75.92300765574872,62.396230305559584,42.85523849814496,16.25160342425519,45.41448103613516,42.771854000862845,71.49448117510283,54.72044870943833,93.44358105312074
2025-03-09 20:17:31.329333,447.0,481.0,423.0,2612.0,1571.0,560.0,69.64030505921961,75.92300765574872,62.396230305559584,42.85523849814496,16.25160342425519,45.41448103613516,42.771854000862845,71.49448117510283,54.72044870943833,93.44358105312074
2025-03-09 20:17:31.337667,448.0,484.0,423.0,2619.0,1572.0,562.0,69.60284075624035,75.95552851034526,62.295918560783974,42.86340356688314,16.29697663587545,45.44808367770855,42.81089845335735,71.45499255165585,54.671127477318024,93.37407390679222
2025-03-09 20:17:31.337667,447.0,479.0,425.0,2611.0,1575.0,560.0,69.60284075624035,75.95552851034526,62.295918560783974,42.86340356688314,16.29697663587545,45.44808367770855,42.81089845335735,71.45499255165585,54.671127477318024,93.37407390679222
2025-03-09 20:17:31.337667,443.0,482.0,435.0,2613.0,1573.0,560.0,69.60284075624035,75.95552851034526,62.295918560783974,42.86340356688314,16.29697663587545,45.44808367770855,42.81089845335735,71.45499255165585,54.671127477318024,93.37407390679222
2025-03-09 20:17:31.346000,447.0,482.0,448.0,2611.0,1577.0,560.0,69.55870732963233,75.99762264070257,62.192281167440974,42.86697840432093,16.345172009255435,45.47851343415197,42.85287908810218,71.42012747751978,54.62806388871709,93.29294948088207
2025-03-09 20:17:31.346000,447.0,474.0,464.0,2609.0,1574.0,561.0,69.55870732963233,75.99762264070257,62.192281167440974,42.86697840432093,16.345172009255435,45.47851343415197,42.85287908810218,71.42012747751978,54.62806388871709,93.29294948088207
2025-03-09 20:17:31.346000,445.0,480.0,467.0,2608.0,1583.0,561.0,69.55870732963233,75.99762264070257,62.192281167440974,42.86697840432093,16.345172009255435,45.47851343415197,42.85287908810218,71.42012747751978,54.62806388871709,93.29294948088207
2025-03-09 20:17:31.354333,442.0,482.0,470.0,2607.0,1575.0,560.0,69.508048615602,76.05159481208668,62.09139100571287,42.8642580063427,16.397110560317525,45.504662988587754,42.89507300698634,71.39075551509,54.593947378619966,93.19930201432946
2025-03-09 20:17:31.354333,448.0,483.0,482.0,2617.0,1581.0,560.0,69.508048615602,76.05159481208668,62.09139100571287,42.8642580063427,16.397110560317525,45.504662988587754,42.89507300698634,71.39075551509,54.593947378619966,93.19930201432946
2025-03-09 20:17:31.354333,445.0,483.0,486.0,2609.0,1583.0,560.0,69.508048615602,76.05159481208668,62.09139100571287,42.8642580063427,16.397110560317525,45.504662988587754,42.89507300698634,71.39075551509,54.593947378619966,93.19930201432946
2025-03-09 20:17:31.354333,446.0,478.0,486.0,2613.0,1581.0,560.0,69.508048615602,76.05159481208668,62.09139100571287,42.8642580063427,16.397110560317525,45.504662988587754,42.89507300698634,71.39075551509,54.593947378619966,93.19930201432946
2025-03-09 20:17:31.362667,447.0,478.0,496.0,2609.0,1581.0,560.0,69.45171253253697,76.11899003462224,61.995921283423264,42.85511173694734,16.45282236931415,45.526645935097626,42.93612169697229,71.36745854044982,54.570393626365835,93.09334928078597
2025-03-09 20:17:31.362667,438.0,479.0,491.0,2612.0,1581.0,562.0,69.45171253253697,76.11899003462224,61.995921283423264,42.85511173694734,16.45282236931415,45.526645935097626,42.93612169697229,71.36745854044982,54.570393626365835,93.09334928078597
2025-03-09 20:17:31.362667,448.0,479.0,489.0,2611.0,1583.0,560.0,69.45171253253697,76.11899003462224,61.995921283423264,42.85511173694734,16.45282236931415,45.526645935097626,42.93612169697229,71.36745854044982,54.570393626365835,93.09334928078597
2025-03-09 20:17:31.362667,448.0,476.0,481.0,2609.0,1579.0,560.0,69.45171253253697,76.11899003462224,61.995921283423264,42.85511173694734,16.45282236931415,45.526645935097626,42.93612169697229,71.36745854044982,54.570393626365835,93.09334928078597
2025-03-09 20:17:31.371000,439.0,482.0,480.0,2611.0,1580.0,560.0,69.39059587574717,76.20035381605892,61.90397228536294,42.84060724586616,16.512139707944247,45.545535025847514,42.97727196338732,71.35049578910831,54.557254166326096,92.9760016351053
2025-03-09 20:17:31.371000,435.0,474.0,481.0,2609.0,1583.0,559.0,69.39059587574717,76.20035381605892,61.90397228536294,42.84060724586616,16.512139707944247,45.545535025847514,42.97727196338732,71.35049578910831,54.557254166326096,92.9760016351053
2025-03-09 20:17:31.371000,441.0,480.0,483.0,2608.0,1581.0,560.0,69.39059587574717,76.20035381605892,61.90397228536294,42.84060724586616,16.512139707944247,45.545535025847514,42.97727196338732,71.35049578910831,54.557254166326096,92.9760016351053
2025-03-09 20:17:31.379333,443.0,482.0,479.0,2613.0,1583.0,560.0,69.32574695087197,76.29529332685846,61.813511825185806,42.8228612424636,16.573367906805412,45.562572748503456,43.0193610144657,71.34099339267247,54.55568281578083,92.84794305485181
2025-03-09 20:17:31.379333,437.0,481.0,481.0,2613.0,1582.0,560.0,69.32574695087197,76.29529332685846,61.813511825185806,42.8228612424636,16.573367906805412,45.562572748503456,43.0193610144657,71.34099339267247,54.55568281578083,92.84794305485181
2025-03-09 20:17:31.379333,441.0,477.0,484.0,2620.0,1582.0,560.0,69.32574695087197,76.29529332685846,61.813511825185806,42.8228612424636,16.573367906805412,45.562572748503456,43.0193610144657,71.34099339267247,54.55568281578083,92.84794305485181
2025-03-09 20:17:31.379333,445.0,481.0,484.0,2608.0,1577.0,558.0,69.32574695087197,76.29529332685846,61.813511825185806,42.8228612424636,16.573367906805412,45.562572748503456,43.0193610144657,71.34099339267247,54.55568281578083,92.84794305485181
2025-03-09 20:17:31.387667,441.0,481.0,481.0,2614.0,1582.0,560.0,69.257627437341,76.40267424080038,61.72397378518584,42.803096197055524,16.633625490428802,45.577476617770536,43.06221784984122,71.34081059075463,54.56800159565206,92.70920229038802
2025-03-09 20:17:31.387667,439.0,473.0,474.0,2608.0,1581.0,559.0,69.257627437341,76.40267424080038,61.72397378518584,42.803096197055524,16.633625490428802,45.577476617770536,43.06221784984122,71.34081059075463,54.56800159565206,92.70920229038802
2025-03-09 20:17:31.387667,439.0,474.0,477.0,2608.0,1581.0,559.0,69.257627437341,76.40267424080038,61.72397378518584,42.803096197055524,16.633625490428802,45.577476617770536,43.06221784984122,71.34081059075463,54.56800159565206,92.70920229038802
2025-03-09 20:17:31.396000,441.0,483.0,483.0,2613.0,1581.0,560.0,69.18610903208614,76.52085371109938,61.634327672554384,42.78018494613831,16.692376517312162,45.58879487374363,43.10702430059217,71.34964900075595,54.592813888015044,92.55963477911999
2025-03-09 20:17:31.396000,439.0,479.0,479.0,2614.0,1579.0,560.0,69.18610903208614,76.52085371109938,61.634327672554384,42.78018494613831,16.692376517312162,45.58879487374363,43.10702430059217,71.34964900075595,54.592813888015044,92.55963477911999
2025-03-09 20:17:31.396000,444.0,479.0,490.0,2612.0,1583.0,560.0,69.18610903208614,76.52085371109938,61.634327672554384,42.78018494613831,16.692376517312162,45.58879487374363,43.10702430059217,71.34964900075595,54.592813888015044,92.55963477911999
2025-03-09 20:17:31.396000,446.0,479.0,482.0,2611.0,1583.0,559.0,69.18610903208614,76.52085371109938,61.634327672554384,42.78018494613831,16.692376517312162,45.58879487374363,43.10702430059217,71.34964900075595,54.592813888015044,92.55963477911999
2025-03-09 20:17:31.404333,443.0,479.0,477.0,2618.0,1584.0,560.0,69.1115402158048,76.64849957169243,61.544088504930166,42.752062196920136,16.751593063744483,45.59534369806079,43.15586279633649,71.36568807763031,54.62614888262052,92.39945439119892
2025-03-09 20:17:31.404333,444.0,481.0,483.0,2618.0,1584.0,560.0,69.1115402158048,76.64849957169243,61.544088504930166,42.752062196920136,16.751593063744483,45.59534369806079,43.15586279633649,71.36568807763031,54.62614888262052,92.39945439119892
2025-03-09 20:17:31.404333,447.0,479.0,479.0,2612.0,1585.0,560.0,69.1115402158048,76.64849957169243,61.544088504930166,42.752062196920136,16.751593063744483,45.59534369806079,43.15586279633649,71.36568807763031,54.62614888262052,92.39945439119892
2025-03-09 20:17:31.412667,446.0,477.0,478.0,2612.0,1581.0,560.0,69.03434039536359,76.78512242478213,61.45499010952854,42.71626581318636,16.81293092017248,45.59532664599247,43.2099295282161,71.3885189429914,54.66593686000528,92.22949865763952
2025-03-09 20:17:31.412667,443.0,482.0,480.0,2617.0,1583.0,559.0,69.03434039536359,76.78512242478213,61.45499010952854,42.71626581318636,16.81293092017248,45.59532664599247,43.2099295282161,71.3885189429914,54.66593686000528,92.22949865763952
2025-03-09 20:17:31.412667,446.0,479.0,486.0,2614.0,1583.0,558.0,69.03434039536359,76.78512242478213,61.45499010952854,42.71626581318636,16.81293092017248,45.59532664599247,43.2099295282161,71.3885189429914,54.66593686000528,92.22949865763952
2025-03-09 20:17:31.412667,445.0,471.0,484.0,2613.0,1583.0,560.0,69.03434039536359,76.78512242478213,61.45499010952854,42.71626581318636,16.81293092017248,45.59532664599247,43.2099295282161,71.3885189429914,54.66593686000528,92.22949865763952
2025-03-09 20:17:31.421000,448.0,481.0,478.0,2613.0,1583.0,560.0,68.95439258078734,76.93003921495259,61.369690230520085,42.67277086548384,16.876487160409322,45.58861820740971,43.26773018965769,71.41806667356335,54.71282182617627,92.05110924514968
2025-03-09 20:17:31.421000,448.0,481.0,474.0,2608.0,1582.0,559.0,68.95439258078734,76.93003921495259,61.369690230520085,42.67277086548384,16.876487160409322,45.58861820740971,43.26773018965769,71.41806667356335,54.71282182617627,92.05110924514968
2025-03-09 20:17:31.421000,453.0,481.0,469.0,2614.0,1582.0,559.0,68.95439258078734,76.93003921495259,61.369690230520085,42.67277086548384,16.876487160409322,45.58861820740971,43.26773018965769,71.41806667356335,54.71282182617627,92.05110924514968
2025-03-09 20:17:31.421000,449.0,483.0,474.0,2613.0,1583.0,560.0,68.95439258078734,76.93003921495259,61.369690230520085,42.67277086548384,16.876487160409322,45.58861820740971,43.26773018965769,71.41806667356335,54.71282182617627,92.05110924514968
2025-03-09 20:17:31.429333,451.0,480.0,468.0,2613.0,1578.0,559.0,68.8719713920998,77.08231860225054,61.29040234841355,42.62673081629357,16.939760859084146,45.578778691076685,43.32553860917693,71.45569443824564,54.77166828614579,91.86651626211733
2025-03-09 20:17:31.429333,447.0,482.0,472.0,2611.0,1580.0,558.0,68.8719713920998,77.08231860225054,61.29040234841355,42.62673081629357,16.939760859084146,45.578778691076685,43.32553860917693,71.45569443824564,54.77166828614579,91.86651626211733
2025-03-09 20:17:31.429333,452.0,482.0,465.0,2619.0,1582.0,560.0,68.8719713920998,77.08231860225054,61.29040234841355,42.62673081629357,16.939760859084146,45.578778691076685,43.32553860917693,71.45569443824564,54.77166828614579,91.86651626211733
2025-03-09 20:17:31.437667,448.0,478.0,466.0,2613.0,1581.0,559.0,68.78908020032084,77.24262760075338,61.2199504985514,42.583435573159406,16.999896850520525,45.56932714565881,43.38065234521063,71.50484358934958,54.84866045696121,91.67894377183583
2025-03-09 20:17:31.437667,449.0,477.0,458.0,2611.0,1582.0,557.0,68.78908020032084,77.24262760075338,61.2199504985514,42.583435573159406,16.999896850520525,45.56932714565881,43.38065234521063,71.50484358934958,54.84866045696121,91.67894377183583
2025-03-09 20:17:31.437667,451.0,477.0,451.0,2610.0,1583.0,559.0,68.78908020032084,77.24262760075338,61.2199504985514,42.583435573159406,16.999896850520525,45.56932714565881,43.38065234521063,71.50484358934958,54.84866045696121,91.67894377183583
2025-03-09 20:17:31.437667,454.0,480.0,450.0,2612.0,1580.0,558.0,68.78908020032084,77.24262760075338,61.2199504985514,42.583435573159406,16.999896850520525,45.56932714565881,43.38065234521063,71.50484358934958,54.84866045696121,91.67894377183583
2025-03-09 20:17:31.446000,459.0,485.0,447.0,2609.0,1581.0,557.0,68.70862617382954,77.41339455998181,61.162831996370414,42.54332400174155,17.056321508302005,45.56028339253671,43.43267035454882,71.56927003937362,54.94728916432552,91.49218838157428
2025-03-09 20:17:31.446000,462.0,477.0,438.0,2608.0,1578.0,557.0,68.70862617382954,77.41339455998181,61.162831996370414,42.54332400174155,17.056321508302005,45.56028339253671,43.43267035454882,71.56927003937362,54.94728916432552,91.49218838157428
2025-03-09 20:17:31.446000,460.0,476.0,432.0,2609.0,1578.0,557.0,68.70862617382954,77.41339455998181,61.162831996370414,42.54332400174155,17.056321508302005,45.56028339253671,43.43267035454882,71.56927003937362,54.94728916432552,91.49218838157428
2025-03-09 20:17:31.454333,458.0,485.0,423.0,2606.0,1575.0,554.0,68.63142812372837,77.59571588865491,61.12253179268507,42.502952863090016,17.110560063471883,45.5490520957135,43.48195817376865,71.6494991602865,55.066293872224485,91.30857705176335
2025-03-09 20:17:31.454333,461.0,479.0,423.0,2608.0,1575.0,558.0,68.63142812372837,77.59571588865491,61.12253179268507,42.502952863090016,17.110560063471883,45.5490520957135,43.48195817376865,71.6494991602865,55.066293872224485,91.30857705176335
2025-03-09 20:17:31.454333,464.0,479.0,348.0,2613.0,1571.0,555.0,68.63142812372837,77.59571588865491,61.12253179268507,42.502952863090016,17.110560063471883,45.5490520957135,43.48195817376865,71.6494991602865,55.066293872224485,91.30857705176335
2025-03-09 20:17:31.454333,464.0,482.0,361.0,2614.0,1573.0,558.0,68.63142812372837,77.59571588865491,61.12253179268507,42.502952863090016,17.110560063471883,45.5490520957135,43.48195817376865,71.6494991602865,55.066293872224485,91.30857705176335
2025-03-09 20:17:31.462667,467.0,481.0,357.0,2612.0,1577.0,556.0,68.55583785143381,77.78833240308639,61.09895213260232,42.45853421637068,17.164660795605492,45.53320917700956,43.52858860121099,71.74202467012712,55.20078001507733,91.12862132644935
2025-03-09 20:17:31.462667,465.0,477.0,350.0,2609.0,1575.0,557.0,68.55583785143381,77.78833240308639,61.09895213260232,42.45853421637068,17.164660795605492,45.53320917700956,43.52858860121099,71.74202467012712,55.20078001507733,91.12862132644935
2025-03-09 20:17:31.462667,466.0,479.0,356.0,2613.0,1574.0,556.0,68.55583785143381,77.78833240308639,61.09895213260232,42.45853421637068,17.164660795605492,45.53320917700956,43.52858860121099,71.74202467012712,55.20078001507733,91.12862132644935
2025-03-09 20:17:31.471000,468.0,481.0,352.0,2610.0,1574.0,557.0,68.47947850786824,77.98914720446845,61.089937779086156,42.40900885996857,17.21902802376558,45.51219671384024,43.571748009856236,71.84323590340087,55.34741504020548,90.95181472963004
2025-03-09 20:17:31.471000,467.0,481.0,359.0,2611.0,1572.0,555.0,68.47947850786824,77.98914720446845,61.089937779086156,42.40900885996857,17.21902802376558,45.51219671384024,43.571748009856236,71.84323590340087,55.34741504020548,90.95181472963004
2025-03-09 20:17:31.471000,481.0,487.0,435.0,2609.0,1571.0,555.0,68.47947850786824,77.98914720446845,61.089937779086156,42.40900885996857,17.21902802376558,45.51219671384024,43.571748009856236,71.84323590340087,55.34741504020548,90.95181472963004
2025-03-09 20:17:31.471000,479.0,484.0,554.0,2612.0,1571.0,551.0,68.47947850786824,77.98914720446845,61.089937779086156,42.40900885996857,17.21902802376558,45.51219671384024,43.571748009856236,71.84323590340087,55.34741504020548,90.95181472963004
2025-03-09 20:17:31.479333,483.0,483.0,453.0,2608.0,1571.0,557.0,68.3997653243691,78.19560223284284,61.09383715445585,42.356564241411235,17.27224247635656,45.48745984444207,43.60896619760067,71.95098647561632,55.50641372961039,90.77734154917442
2025-03-09 20:17:31.479333,480.0,479.0,490.0,2610.0,1573.0,554.0,68.3997653243691,78.19560223284284,61.09383715445585,42.356564241411235,17.27224247635656,45.48745984444207,43.60896619760067,71.95098647561632,55.50641372961039,90.77734154917442
2025-03-09 20:17:31.479333,486.0,482.0,496.0,2611.0,1571.0,554.0,68.3997653243691,78.19560223284284,61.09383715445585,42.356564241411235,17.27224247635656,45.48745984444207,43.60896619760067,71.95098647561632,55.50641372961039,90.77734154917442
2025-03-09 20:17:31.479333,485.0,481.0,432.0,2608.0,1570.0,556.0,68.3997653243691,78.19560223284284,61.09383715445585,42.356564241411235,17.27224247635656,45.48745984444207,43.60896619760067,71.95098647561632,55.50641372961039,90.77734154917442
2025-03-09 20:17:31.487667,487.0,486.0,463.0,2609.0,1568.0,554.0,68.31392230017242,78.40378178614372,61.10878729964291,42.30322890885138,17.32260360564386,45.46010144342304,43.63764633476146,72.0624209030277,55.67704717296459,90.60398732409813
2025-03-09 20:17:31.487667,489.0,485.0,461.0,2610.0,1569.0,555.0,68.31392230017242,78.40378178614372,61.10878729964291,42.30322890885138,17.32260360564386,45.46010144342304,43.63764633476146,72.0624209030277,55.67704717296459,90.60398732409813
2025-03-09 20:17:31.487667,504.0,485.0,497.0,2608.0,1569.0,551.0,68.31392230017242,78.40378178614372,61.10878729964291,42.30322890885138,17.32260360564386,45.46010144342304,43.63764633476146,72.0624209030277,55.67704717296459,90.60398732409813
2025-03-09 20:17:31.496000,502.0,483.0,469.0,2607.0,1565.0,551.0,68.21927028593635,78.60906911059584,61.13186911706771,42.24773740568347,17.370704646230156,45.42929471757024,43.657316193290505,72.17227433848639,55.85365674203499,90.42922524402996
2025-03-09 20:17:31.496000,503.0,478.0,464.0,2608.0,1569.0,549.0,68.21927028593635,78.60906911059584,61.13186911706771,42.24773740568347,17.370704646230156,45.42929471757024,43.657316193290505,72.17227433848639,55.85365674203499,90.42922524402996
2025-03-09 20:17:31.496000,505.0,486.0,474.0,2605.0,1565.0,551.0,68.21927028593635,78.60906911059584,61.13186911706771,42.24773740568347,17.370704646230156,45.42929471757024,43.657316193290505,72.17227433848639,55.85365674203499,90.42922524402996
2025-03-09 20:17:31.496000,508.0,487.0,469.0,2607.0,1569.0,549.0,68.21927028593635,78.60906911059584,61.13186911706771,42.24773740568347,17.370704646230156,45.42929471757024,43.657316193290505,72.17227433848639,55.85365674203499,90.42922524402996
2025-03-09 20:17:31.504333,506.0,482.0,471.0,2608.0,1568.0,551.0,68.11350963453076,78.80660222672964,61.15830096629919,42.186721752056705,17.418235354889102,45.392848128469524,43.669791955985666,72.27420119152725,56.02744853835711,90.24967933578986
2025-03-09 20:17:31.504333,506.0,490.0,477.0,2609.0,1569.0,549.0,68.11350963453076,78.80660222672964,61.15830096629919,42.186721752056705,17.418235354889102,45.392848128469524,43.669791955985666,72.27420119152725,56.02744853835711,90.24967933578986
2025-03-09 20:17:31.504333,534.0,485.0,447.0,2608.0,1567.0,551.0,68.11350963453076,78.80660222672964,61.15830096629919,42.186721752056705,17.418235354889102,45.392848128469524,43.669791955985666,72.27420119152725,56.02744853835711,90.24967933578986
2025-03-09 20:17:31.512667,528.0,482.0,443.0,2606.0,1567.0,549.0,68.00769663070317,78.9996155980399,61.18454848229955,42.11768675062711,17.46497039930065,45.34847030246366,43.68590298498119,72.37429833507785,56.19429032375183,90.08091549869783
2025-03-09 20:17:31.512667,533.0,490.0,481.0,2606.0,1573.0,549.0,68.00769663070317,78.9996155980399,61.18454848229955,42.11768675062711,17.46497039930065,45.34847030246366,43.68590298498119,72.37429833507785,56.19429032375183,90.08091549869783
2025-03-09 20:17:31.512667,537.0,484.0,459.0,2608.0,1567.0,551.0,68.00769663070317,78.9996155980399,61.18454848229955,42.11768675062711,17.46497039930065,45.34847030246366,43.68590298498119,72.37429833507785,56.19429032375183,90.08091549869783
2025-03-09 20:17:31.512667,538.0,482.0,449.0,2609.0,1569.0,547.0,68.00769663070317,78.9996155980399,61.18454848229955,42.11768675062711,17.46497039930065,45.34847030246366,43.68590298498119,72.37429833507785,56.19429032375183,90.08091549869783
2025-03-09 20:17:31.521000,541.0,484.0,432.0,2608.0,1567.0,549.0,67.92435323908272,79.19880840712722,61.20928830628962,42.041539937927396,17.50877136450346,45.29607026573035,43.722405338154054,72.4899296507101,56.35650713029129,89.95482588168505
2025-03-09 20:17:31.521000,541.0,490.0,424.0,2608.0,1569.0,551.0,67.92435323908272,79.19880840712722,61.20928830628962,42.041539937927396,17.50877136450346,45.29607026573035,43.722405338154054,72.4899296507101,56.35650713029129,89.95482588168505
2025-03-09 20:17:31.521000,544.0,485.0,417.0,2605.0,1568.0,549.0,67.92435323908272,79.19880840712722,61.20928830628962,42.041539937927396,17.50877136450346,45.29607026573035,43.722405338154054,72.4899296507101,56.35650713029129,89.95482588168505
2025-03-09 20:17:31.529333,563.0,486.0,406.0,2602.0,1566.0,545.0,67.871385301723,79.40633315450881,61.23098178577061,41.9624095657439,17.548631849740396,45.23900180724163,43.783765602012515,72.62587881299702,56.51522650165533,89.8799825909846
2025-03-09 20:17:31.529333,562.0,485.0,405.0,2608.0,1565.0,544.0,67.871385301723,79.40633315450881,61.23098178577061,41.9624095657439,17.548631849740396,45.23900180724163,43.783765602012515,72.62587881299702,56.51522650165533,89.8799825909846
2025-03-09 20:17:31.529333,564.0,487.0,398.0,2606.0,1563.0,543.0,67.871385301723,79.40633315450881,61.23098178577061,41.9624095657439,17.548631849740396,45.23900180724163,43.783765602012515,72.62587881299702,56.51522650165533,89.8799825909846
2025-03-09 20:17:31.529333,563.0,485.0,400.0,2607.0,1568.0,546.0,67.871385301723,79.40633315450881,61.23098178577061,41.9624095657439,17.548631849740396,45.23900180724163,43.783765602012515,72.62587881299702,56.51522650165533,89.8799825909846
2025-03-09 20:17:31.537667,570.0,490.0,406.0,2608.0,1570.0,544.0,67.84341287322663,79.61790644168147,61.24837408362799,41.88568428252393,17.585341683115637,45.182575259645155,43.864318318037355,72.77604037930276,56.670398749632504,89.84487712868172
2025-03-09 20:17:31.537667,567.0,495.0,418.0,2607.0,1563.0,545.0,67.84341287322663,79.61790644168147,61.24837408362799,41.88568428252393,17.585341683115637,45.182575259645155,43.864318318037355,72.77604037930276,56.670398749632504,89.84487712868172
2025-03-09 20:17:31.537667,570.0,487.0,403.0,2605.0,1567.0,544.0,67.84341287322663,79.61790644168147,61.24837408362799,41.88568428252393,17.585341683115637,45.182575259645155,43.864318318037355,72.77604037930276,56.670398749632504,89.84487712868172
2025-03-09 20:17:31.546000,592.0,496.0,411.0,2606.0,1566.0,543.0,67.83379084962631,79.83058921333735,61.25938937556052,41.81602539202525,17.618197512251427,45.130839526128895,43.95833026956422,72.9357408545366,56.82435862906797,89.84035374281001
2025-03-09 20:17:31.546000,593.0,493.0,398.0,2605.0,1562.0,542.0,67.83379084962631,79.83058921333735,61.25938937556052,41.81602539202525,17.618197512251427,45.130839526128895,43.95833026956422,72.9357408545366,56.82435862906797,89.84035374281001
2025-03-09 20:17:31.546000,592.0,487.0,403.0,2607.0,1565.0,543.0,67.83379084962631,79.83058921333735,61.25938937556052,41.81602539202525,17.618197512251427,45.130839526128895,43.95833026956422,72.9357408545366,56.82435862906797,89.84035374281001
2025-03-09 20:17:31.546000,599.0,491.0,419.0,2608.0,1564.0,541.0,67.83379084962631,79.83058921333735,61.25938937556052,41.81602539202525,17.618197512251427,45.130839526128895,43.95833026956422,72.9357408545366,56.82435862906797,89.84035374281001
2025-03-09 20:17:31.554333,602.0,486.0,418.0,2605.0,1562.0,545.0,67.83696709676857,80.04045246309262,61.26062244586336,41.7588072928551,17.645131464696764,45.087945924435815,44.06062347635957,73.10049188096929,56.97909124467737,89.8589308531701
2025-03-09 20:17:31.554333,602.0,489.0,416.0,2603.0,1561.0,539.0,67.83696709676857,80.04045246309262,61.26062244586336,41.7588072928551,17.645131464696764,45.087945924435815,44.06062347635957,73.10049188096929,56.97909124467737,89.8589308531701
2025-03-09 20:17:31.554333,604.0,490.0,412.0,2607.0,1564.0,539.0,67.83696709676857,80.04045246309262,61.26062244586336,41.7588072928551,17.645131464696764,45.087945924435815,44.06062347635957,73.10049188096929,56.97909124467737,89.8589308531701
2025-03-09 20:17:31.554333,607.0,490.0,416.0,2603.0,1564.0,543.0,67.83696709676857,80.04045246309262,61.26062244586336,41.7588072928551,17.645131464696764,45.087945924435815,44.06062347635957,73.10049188096929,56.97909124467737,89.8589308531701
2025-03-09 20:17:31.562667,626.0,496.0,381.0,2603.0,1558.0,539.0,67.85068614039187,80.24494008694587,61.2503131191691,41.71385370239358,17.667192789383062,45.05437679519072,44.16994050409324,73.2659135381863,57.13128700703736,89.89528937259384
2025-03-09 20:17:31.562667,631.0,489.0,388.0,2605.0,1562.0,540.0,67.85068614039187,80.24494008694587,61.2503131191691,41.71385370239358,17.667192789383062,45.05437679519072,44.16994050409324,73.2659135381863,57.13128700703736,89.89528937259384
2025-03-09 20:17:31.562667,630.0,491.0,374.0,2603.0,1565.0,538.0,67.85068614039187,80.24494008694587,61.2503131191691,41.71385370239358,17.667192789383062,45.05437679519072,44.16994050409324,73.2659135381863,57.13128700703736,89.89528937259384
2025-03-09 20:17:31.571000,635.0,490.0,386.0,2598.0,1563.0,538.0,67.87237132415542,80.44171234366922,61.22594223325218,41.67198862503915,17.6881431391756,45.023593970241905,44.28933894080837,73.42619565478405,57.27064261626022,89.94329594273958
2025-03-09 20:17:31.571000,640.0,495.0,369.0,2599.0,1563.0,539.0,67.87237132415542,80.44171234366922,61.22594223325218,41.67198862503915,17.6881431391756,45.023593970241905,44.28933894080837,73.42619565478405,57.27064261626022,89.94329594273958
2025-03-09 20:17:31.571000,640.0,494.0,357.0,2601.0,1563.0,533.0,67.87237132415542,80.44171234366922,61.22594223325218,41.67198862503915,17.6881431391756,45.023593970241905,44.28933894080837,73.42619565478405,57.27064261626022,89.94329594273958
2025-03-09 20:17:31.571000,639.0,495.0,343.0,2597.0,1562.0,537.0,67.87237132415542,80.44171234366922,61.22594223325218,41.67198862503915,17.6881431391756,45.023593970241905,44.28933894080837,73.42619565478405,57.27064261626022,89.94329594273958
2025-03-09 20:17:31.579333,657.0,495.0,358.0,2594.0,1562.0,531.0,67.89815237858883,80.62762076774368,61.18909353784732,41.62718826071632,17.709796121357048,44.99103699259992,44.41641037125958,73.57594163763513,57.39115176369082,89.99271357253087
2025-03-09 20:17:31.579333,659.0,496.0,355.0,2597.0,1561.0,532.0,67.89815237858883,80.62762076774368,61.18909353784732,41.62718826071632,17.709796121357048,44.99103699259992,44.41641037125958,73.57594163763513,57.39115176369082,89.99271357253087
2025-03-09 20:17:31.579333,662.0,493.0,358.0,2595.0,1557.0,529.0,67.89815237858883,80.62762076774368,61.18909353784732,41.62718826071632,17.709796121357048,44.99103699259992,44.41641037125958,73.57594163763513,57.39115176369082,89.99271357253087
2025-03-09 20:17:31.587667,666.0,489.0,357.0,2602.0,1559.0,531.0,67.92572384375285,80.80127318342393,61.14376533265955,41.58182329943129,17.730432631955626,44.958010583078995,44.5453811806575,73.71482294727981,57.49648060620595,90.03563862790496
2025-03-09 20:17:31.587667,667.0,492.0,358.0,2592.0,1559.0,529.0,67.92572384375285,80.80127318342393,61.14376533265955,41.58182329943129,17.730432631955626,44.958010583078995,44.5453811806575,73.71482294727981,57.49648060620595,90.03563862790496
2025-03-09 20:17:31.587667,670.0,495.0,353.0,2599.0,1560.0,529.0,67.92572384375285,80.80127318342393,61.14376533265955,41.58182329943129,17.730432631955626,44.958010583078995,44.5453811806575,73.71482294727981,57.49648060620595,90.03563862790496
2025-03-09 20:17:31.587667,669.0,496.0,355.0,2595.0,1558.0,531.0,67.92572384375285,80.80127318342393,61.14376533265955,41.58182329943129,17.730432631955626,44.958010583078995,44.5453811806575,73.71482294727981,57.49648060620595,90.03563862790496
2025-03-09 20:17:31.596000,672.0,496.0,358.0,2595.0,1561.0,528.0,67.95241678725948,80.96156447135004,61.08958630733001,41.537877263382946,17.74827400929081,44.92516019901211,44.67462355804057,73.84376579003755,57.59003669953167,90.07049116930285
2025-03-09 20:17:31.596000,686.0,496.0,398.0,2593.0,1556.0,528.0,67.95241678725948,80.96156447135004,61.08958630733001,41.537877263382946,17.74827400929081,44.92516019901211,44.67462355804057,73.84376579003755,57.59003669953167,90.07049116930285
2025-03-09 20:17:31.596000,694.0,496.0,384.0,2597.0,1535.0,523.0,67.95241678725948,80.96156447135004,61.08958630733001,41.537877263382946,17.74827400929081,44.92516019901211,44.67462355804057,73.84376579003755,57.59003669953167,90.07049116930285
2025-03-09 20:17:31.604333,700.0,495.0,368.0,2595.0,1555.0,523.0,67.97584366115026,81.10910631872285,61.02900050492314,41.49266762566479,17.76343185996605,44.889664388326715,44.80345297577179,73.96425351998101,57.67344855217309,90.0975619747804
2025-03-09 20:17:31.604333,694.0,497.0,373.0,2594.0,1535.0,511.0,67.97584366115026,81.10910631872285,61.02900050492314,41.49266762566479,17.76343185996605,44.889664388326715,44.80345297577179,73.96425351998101,57.67344855217309,90.0975619747804
2025-03-09 20:17:31.604333,698.0,496.0,380.0,2590.0,1535.0,526.0,67.97584366115026,81.10910631872285,61.02900050492314,41.49266762566479,17.76343185996605,44.889664388326715,44.80345297577179,73.96425351998101,57.67344855217309,90.0975619747804
2025-03-09 20:17:31.604333,694.0,505.0,375.0,2594.0,1535.0,511.0,67.97584366115026,81.10910631872285,61.02900050492314,41.49266762566479,17.76343185996605,44.889664388326715,44.80345297577179,73.96425351998101,57.67344855217309,90.0975619747804
2025-03-09 20:17:31.612667,701.0,497.0,389.0,2592.0,1535.0,523.0,67.99654789249414,81.24717298424396,60.96832648815682,41.442624713131174,17.777559867521855,44.84869873958018,44.9312311659,74.07941416108066,57.748541996839236,90.11505702786897
2025-03-09 20:17:31.612667,720.0,500.0,382.0,2587.0,1535.0,511.0,67.99654789249414,81.24717298424396,60.96832648815682,41.442624713131174,17.777559867521855,44.84869873958018,44.9312311659,74.07941416108066,57.748541996839236,90.11505702786897
2025-03-09 20:17:31.612667,720.0,499.0,381.0,2588.0,1535.0,511.0,67.99654789249414,81.24717298424396,60.96832648815682,41.442624713131174,17.777559867521855,44.84869873958018,44.9312311659,74.07941416108066,57.748541996839236,90.11505702786897
2025-03-09 20:17:31.612667,722.0,493.0,386.0,2587.0,1535.0,511.0,67.99654789249414,81.24717298424396,60.96832648815682,41.442624713131174,17.777559867521855,44.84869873958018,44.9312311659,74.07941416108066,57.748541996839236,90.11505702786897
2025-03-09 20:17:31.621000,723.0,496.0,387.0,2589.0,1535.0,511.0,68.0157105906232,81.37730201352498,60.90739805518029,41.38596483551892,17.792197928094453,44.80129549510464,45.06036233810627,74.19001422481043,57.813972838214,90.12074783252685
2025-03-09 20:17:31.621000,723.0,496.0,387.0,2589.0,1535.0,511.0,68.0157105906232,81.37730201352498,60.90739805518029,41.38596483551892,17.792197928094453,44.80129549510464,45.06036233810627,74.19001422481043,57.813972838214,90.12074783252685
2025-03-09 20:17:31.621000,732.0,496.0,398.0,2587.0,1535.0,510.0,68.0157105906232,81.37730201352498,60.90739805518029,41.38596483551892,17.792197928094453,44.80129549510464,45.06036233810627,74.19001422481043,57.813972838214,90.12074783252685
2025-03-09 20:17:31.629333,727.0,496.0,396.0,2583.0,1535.0,510.0,68.03267096355093,81.49861797583523,60.84088540605307,41.322440189459904,17.806939022433387,44.74719235696229,45.193589001389284,74.29479179966401,57.867677620502775,90.1167248044613
2025-03-09 20:17:31.629333,732.0,496.0,400.0,2590.0,1535.0,511.0,68.03267096355093,81.49861797583523,60.84088540605307,41.322440189459904,17.806939022433387,44.74719235696229,45.193589001389284,74.29479179966401,57.867677620502775,90.1167248044613
2025-03-09 20:17:31.629333,747.0,499.0,384.0,2559.0,1535.0,504.0,68.03267096355093,81.49861797583523,60.84088540605307,41.322440189459904,17.806939022433387,44.74719235696229,45.193589001389284,74.29479179966401,57.867677620502775,90.1167248044613
2025-03-09 20:17:31.629333,747.0,503.0,380.0,2559.0,1535.0,505.0,68.03267096355093,81.49861797583523,60.84088540605307,41.322440189459904,17.806939022433387,44.74719235696229,45.193589001389284,74.29479179966401,57.867677620502775,90.1167248044613
2025-03-09 20:17:31.637667,749.0,500.0,386.0,2582.0,1535.0,502.0,68.0467043128364,81.61120661847772,60.765772077481365,41.250897517460196,17.821293970906506,44.685187098805876,45.332763358726865,74.39365760330526,57.908898503094264,90.10495359056316
2025-03-09 20:17:31.637667,752.0,502.0,384.0,2583.0,1535.0,499.0,68.0467043128364,81.61120661847772,60.765772077481365,41.250897517460196,17.821293970906506,44.685187098805876,45.332763358726865,74.39365760330526,57.908898503094264,90.10495359056316
2025-03-09 20:17:31.637667,753.0,497.0,390.0,2583.0,1535.0,503.0,68.0467043128364,81.61120661847772,60.765772077481365,41.250897517460196,17.821293970906506,44.685187098805876,45.332763358726865,74.39365760330526,57.908898503094264,90.10495359056316
2025-03-09 20:17:31.646000,752.0,496.0,387.0,2559.0,1535.0,499.0,68.05811577231718,81.7142747702774,60.679104592748374,41.17161480759323,17.834659990975144,44.615117547411465,45.480173795814146,74.48703672019337,57.93692901967934,90.07865776237188
2025-03-09 20:17:31.646000,752.0,503.0,384.0,2559.0,1535.0,501.0,68.05811577231718,81.7142747702774,60.679104592748374,41.17161480759323,17.834659990975144,44.615117547411465,45.480173795814146,74.48703672019337,57.93692901967934,90.07865776237188
2025-03-09 20:17:31.646000,764.0,501.0,384.0,2559.0,1535.0,497.0,68.05811577231718,81.7142747702774,60.679104592748374,41.17161480759323,17.834659990975144,44.615117547411465,45.480173795814146,74.48703672019337,57.93692901967934,90.07865776237188
2025-03-09 20:17:31.646000,771.0,506.0,383.0,2559.0,1535.0,497.0,68.05811577231718,81.7142747702774,60.679104592748374,41.17161480759323,17.834659990975144,44.615117547411465,45.480173795814146,74.48703672019337,57.93692901967934,90.07865776237188
2025-03-09 20:17:31.654333,769.0,503.0,386.0,2559.0,1534.0,497.0,68.0673527997209,81.80620538633659,60.5780418943284,41.089725572009336,17.84427669820696,44.54021653831919,45.635775294628836,74.57625758906089,57.954851873304015,90.03358577773652
2025-03-09 20:17:31.654333,763.0,508.0,383.0,2559.0,1535.0,497.0,68.0673527997209,81.80620538633659,60.5780418943284,41.089725572009336,17.84427669820696,44.54021653831919,45.635775294628836,74.57625758906089,57.954851873304015,90.03358577773652
2025-03-09 20:17:31.654333,770.0,499.0,379.0,2559.0,1535.0,496.0,68.0673527997209,81.80620538633659,60.5780418943284,41.089725572009336,17.84427669820696,44.54021653831919,45.635775294628836,74.57625758906089,57.954851873304015,90.03358577773652
2025-03-09 20:17:31.662667,768.0,507.0,382.0,2559.0,1535.0,496.0,68.07585192900157,81.88648189906672,60.46158003706085,41.00887528385779,17.84839293737773,44.46294772196254,45.79937006176146,74.66264697754892,57.964845954960964,89.9721548400346
2025-03-09 20:17:31.662667,767.0,506.0,374.0,2559.0,1535.0,497.0,68.07585192900157,81.88648189906672,60.46158003706085,41.00887528385779,17.84839293737773,44.46294772196254,45.79937006176146,74.66264697754892,57.964845954960964,89.9721548400346
2025-03-09 20:17:31.662667,772.0,507.0,385.0,2559.0,1535.0,494.0,68.07585192900157,81.88648189906672,60.46158003706085,41.00887528385779,17.84839293737773,44.46294772196254,45.79937006176146,74.66264697754892,57.964845954960964,89.9721548400346
2025-03-09 20:17:31.662667,779.0,506.0,379.0,2559.0,1535.0,496.0,68.07585192900157,81.88648189906672,60.46158003706085,41.00887528385779,17.84839293737773,44.46294772196254,45.79937006176146,74.66264697754892,57.964845954960964,89.9721548400346
2025-03-09 20:17:31.671000,783.0,503.0,379.0,2559.0,1535.0,492.0,68.08553566186123,81.95554158654338,60.329151695639304,40.92622450389509,17.849180800688593,44.381853327478694,45.97355417640013,74.74512079906204,57.96254025391579,89.89525192982866
2025-03-09 20:17:31.671000,782.0,498.0,377.0,2559.0,1533.0,493.0,68.08553566186123,81.95554158654338,60.329151695639304,40.92622450389509,17.849180800688593,44.381853327478694,45.97355417640013,74.74512079906204,57.96254025391579,89.89525192982866
2025-03-09 20:17:31.671000,784.0,507.0,377.0,2559.0,1533.0,486.0,68.08553566186123,81.95554158654338,60.329151695639304,40.92622450389509,17.849180800688593,44.381853327478694,45.97355417640013,74.74512079906204,57.96254025391579,89.89525192982866
2025-03-09 20:17:31.671000,787.0,501.0,369.0,2559.0,1534.0,491.0,68.08553566186123,81.95554158654338,60.329151695639304,40.92622450389509,17.849180800688593,44.381853327478694,45.97355417640013,74.74512079906204,57.96254025391579,89.89525192982866
2025-03-09 20:17:31.679333,784.0,507.0,375.0,2559.0,1533.0,491.0,68.09651762461789,82.01298534154749,60.17903228797509,40.83885050137571,17.84860863302855,44.29527944923443,46.160583796290474,74.82161217348765,57.94349640357623,89.80119355205412
2025-03-09 20:17:31.679333,785.0,507.0,372.0,2559.0,1533.0,489.0,68.09651762461789,82.01298534154749,60.17903228797509,40.83885050137571,17.84860863302855,44.29527944923443,46.160583796290474,74.82161217348765,57.94349640357623,89.80119355205412
2025-03-09 20:17:31.679333,800.0,510.0,367.0,2559.0,1529.0,485.0,68.09651762461789,82.01298534154749,60.17903228797509,40.83885050137571,17.84860863302855,44.29527944923443,46.160583796290474,74.82161217348765,57.94349640357623,89.80119355205412
2025-03-09 20:17:31.687667,806.0,510.0,371.0,2559.0,1529.0,483.0,68.10812859510919,82.05817840219751,60.00985969894319,40.746207583861256,17.84613435489586,44.2023763014038,46.36116645738493,74.89217844797977,57.90736410533427,89.68822553572664
2025-03-09 20:17:31.687667,806.0,507.0,375.0,2559.0,1527.0,481.0,68.10812859510919,82.05817840219751,60.00985969894319,40.746207583861256,17.84613435489586,44.2023763014038,46.36116645738493,74.89217844797977,57.90736410533427,89.68822553572664
2025-03-09 20:17:31.687667,810.0,503.0,371.0,2559.0,1528.0,479.0,68.10812859510919,82.05817840219751,60.00985969894319,40.746207583861256,17.84613435489586,44.2023763014038,46.36116645738493,74.89217844797977,57.90736410533427,89.68822553572664
2025-03-09 20:17:31.687667,806.0,511.0,375.0,2559.0,1525.0,482.0,68.10812859510919,82.05817840219751,60.00985969894319,40.746207583861256,17.84613435489586,44.2023763014038,46.36116645738493,74.89217844797977,57.90736410533427,89.68822553572664
2025-03-09 20:17:31.696000,813.0,509.0,375.0,2559.0,1526.0,481.0,68.12096571821033,82.09267497570582,59.82647766998063,40.64835881859909,17.84100158627342,44.10268130944482,46.572775323683764,74.95955827968474,57.857438869380985,89.55616005393263
2025-03-09 20:17:31.696000,810.0,511.0,375.0,2559.0,1530.0,480.0,68.12096571821033,82.09267497570582,59.82647766998063,40.64835881859909,17.84100158627342,44.10268130944482,46.572775323683764,74.95955827968474,57.857438869380985,89.55616005393263
2025-03-09 20:17:31.696000,814.0,507.0,379.0,2559.0,1525.0,479.0,68.12096571821033,82.09267497570582,59.82647766998063,40.64835881859909,17.84100158627342,44.10268130944482,46.572775323683764,74.95955827968474,57.857438869380985,89.55616005393263
2025-03-09 20:17:31.696000,827.0,510.0,382.0,2559.0,1523.0,470.0,68.12096571821033,82.09267497570582,59.82647766998063,40.64835881859909,17.84100158627342,44.10268130944482,46.572775323683764,74.95955827968474,57.857438869380985,89.55616005393263
2025-03-09 20:17:31.704333,827.0,511.0,370.0,2559.0,1522.0,470.0,68.1343968394757,82.11970577706825,59.64009680969433,40.5471022141352,17.831665003551684,43.9970669171149,46.786904580467855,75.02755780055823,57.80211846774934,89.40496515710089
2025-03-09 20:17:31.704333,829.0,511.0,373.0,2559.0,1521.0,472.0,68.1343968394757,82.11970577706825,59.64009680969433,40.5471022141352,17.831665003551684,43.9970669171149,46.786904580467855,75.02755780055823,57.80211846774934,89.40496515710089
2025-03-09 20:17:31.704333,832.0,511.0,367.0,2559.0,1520.0,470.0,68.1343968394757,82.11970577706825,59.64009680969433,40.5471022141352,17.831665003551684,43.9970669171149,46.786904580467855,75.02755780055823,57.80211846774934,89.40496515710089
2025-03-09 20:17:31.704333,832.0,511.0,371.0,2559.0,1519.0,467.0,68.1343968394757,82.11970577706825,59.64009680969433,40.5471022141352,17.831665003551684,43.9970669171149,46.786904580467855,75.02755780055823,57.80211846774934,89.40496515710089
2025-03-09 20:17:31.712667,833.0,511.0,362.0,2559.0,1520.0,471.0,68.14634027574344,82.14094764141886,59.456155180652736,40.44501844570503,17.817043636867606,43.887505188730785,46.99737559585435,75.09706143022174,57.747371125926065,89.23316877840792
2025-03-09 20:17:31.712667,830.0,511.0,368.0,2558.0,1520.0,471.0,68.14634027574344,82.14094764141886,59.456155180652736,40.44501844570503,17.817043636867606,43.887505188730785,46.99737559585435,75.09706143022174,57.747371125926065,89.23316877840792
2025-03-09 20:17:31.712667,833.0,511.0,371.0,2554.0,1520.0,471.0,68.14634027574344,82.14094764141886,59.456155180652736,40.44501844570503,17.817043636867606,43.887505188730785,46.99737559585435,75.09706143022174,57.747371125926065,89.23316877840792
2025-03-09 20:17:31.721000,842.0,526.0,359.0,2558.0,1518.0,465.0,68.15547345977886,82.15761831145058,59.27401039761795,40.342457570820066,17.797825329311852,43.77480891388125,47.20383549066691,75.16729905010241,57.694150392295505,89.04365869223399
2025-03-09 20:17:31.721000,845.0,511.0,363.0,2558.0,1514.0,464.0,68.15547345977886,82.15761831145058,59.27401039761795,40.342457570820066,17.797825329311852,43.77480891388125,47.20383549066691,75.16729905010241,57.694150392295505,89.04365869223399
2025-03-09 20:17:31.721000,845.0,525.0,360.0,2559.0,1514.0,464.0,68.15547345977886,82.15761831145058,59.27401039761795,40.342457570820066,17.797825329311852,43.77480891388125,47.20383549066691,75.16729905010241,57.694150392295505,89.04365869223399
2025-03-09 20:17:31.721000,845.0,526.0,357.0,2559.0,1513.0,463.0,68.15547345977886,82.15761831145058,59.27401039761795,40.342457570820066,17.797825329311852,43.77480891388125,47.20383549066691,75.16729905010241,57.694150392295505,89.04365869223399
2025-03-09 20:17:31.729333,848.0,525.0,358.0,2557.0,1511.0,464.0,68.15906054080163,82.16909571570045,59.090950420450454,40.239700648342094,17.776176082636695,43.660522912396296,47.406216365976086,75.23405742752524,57.640435568889245,88.83828378059901
2025-03-09 20:17:31.729333,848.0,524.0,362.0,2557.0,1509.0,461.0,68.15906054080163,82.16909571570045,59.090950420450454,40.239700648342094,17.776176082636695,43.660522912396296,47.406216365976086,75.23405742752524,57.640435568889245,88.83828378059901
2025-03-09 20:17:31.729333,849.0,527.0,363.0,2557.0,1510.0,461.0,68.15906054080163,82.16909571570045,59.090950420450454,40.239700648342094,17.776176082636695,43.660522912396296,47.406216365976086,75.23405742752524,57.640435568889245,88.83828378059901
2025-03-09 20:17:31.737667,857.0,525.0,365.0,2555.0,1509.0,455.0,68.15179462039639,82.17216896059132,58.90295908680765,40.1389972349197,17.75425263352741,43.54807363285454,47.6023248636402,75.28978975349857,57.58373368216598,88.60942054562052
2025-03-09 20:17:31.737667,857.0,523.0,364.0,2555.0,1507.0,453.0,68.15179462039639,82.17216896059132,58.90295908680765,40.1389972349197,17.75425263352741,43.54807363285454,47.6023248636402,75.28978975349857,57.58373368216598,88.60942054562052
2025-03-09 20:17:31.737667,859.0,529.0,363.0,2559.0,1508.0,454.0,68.15179462039639,82.17216896059132,58.90295908680765,40.1389972349197,17.75425263352741,43.54807363285454,47.6023248636402,75.28978975349857,57.58373368216598,88.60942054562052
2025-03-09 20:17:31.746000,858.0,528.0,359.0,2558.0,1505.0,454.0,68.12889117818432,82.16397065027591,58.710900543457,40.04149514435097,17.733425266990306,43.439360523425506,47.78743995930923,75.32880154831935,57.52312904761811,88.35013334151282
2025-03-09 20:17:31.746000,863.0,528.0,367.0,2559.0,1511.0,454.0,68.12889117818432,82.16397065027591,58.710900543457,40.04149514435097,17.733425266990306,43.439360523425506,47.78743995930923,75.32880154831935,57.52312904761811,88.35013334151282
2025-03-09 20:17:31.746000,863.0,527.0,365.0,2559.0,1509.0,454.0,68.12889117818432,82.16397065027591,58.710900543457,40.04149514435097,17.733425266990306,43.439360523425506,47.78743995930923,75.32880154831935,57.52312904761811,88.35013334151282
2025-03-09 20:17:31.746000,862.0,528.0,366.0,2558.0,1508.0,453.0,68.12889117818432,82.16397065027591,58.710900543457,40.04149514435097,17.733425266990306,43.439360523425506,47.78743995930923,75.32880154831935,57.52312904761811,88.35013334151282
2025-03-09 20:17:31.754333,870.0,529.0,368.0,2558.0,1507.0,451.0,68.08733234469886,82.1426140689166,58.51867792066201,39.946186717293685,17.71365276170474,43.333385363105435,47.95703661848603,75.34906280351827,57.45887632049017,88.05891833059381
2025-03-09 20:17:31.754333,876.0,528.0,370.0,2555.0,1502.0,448.0,68.08733234469886,82.1426140689166,58.51867792066201,39.946186717293685,17.71365276170474,43.333385363105435,47.95703661848603,75.34906280351827,57.45887632049017,88.05891833059381
2025-03-09 20:17:31.754333,878.0,526.0,371.0,2550.0,1500.0,446.0,68.08733234469886,82.1426140689166,58.51867792066201,39.946186717293685,17.71365276170474,43.333385363105435,47.95703661848603,75.34906280351827,57.45887632049017,88.05891833059381
2025-03-09 20:17:31.754333,875.0,533.0,379.0,2558.0,1499.0,447.0,68.08733234469886,82.1426140689166,58.51867792066201,39.946186717293685,17.71365276170474,43.333385363105435,47.95703661848603,75.34906280351827,57.45887632049017,88.05891833059381
2025-03-09 20:17:31.762667,882.0,529.0,377.0,2554.0,1501.0,443.0,68.02560063333921,82.1076197307005,58.328433110732306,39.850701286284234,17.694084194176355,43.22735622415188,48.10991180674511,75.3514079671423,57.39162901741096,87.73631900678407
2025-03-09 20:17:31.762667,883.0,529.0,382.0,2553.0,1499.0,445.0,68.02560063333921,82.1076197307005,58.328433110732306,39.850701286284234,17.694084194176355,43.22735622415188,48.10991180674511,75.3514079671423,57.39162901741096,87.73631900678407
2025-03-09 20:17:31.762667,883.0,531.0,383.0,2549.0,1499.0,448.0,68.02560063333921,82.1076197307005,58.328433110732306,39.850701286284234,17.694084194176355,43.22735622415188,48.10991180674511,75.3514079671423,57.39162901741096,87.73631900678407
2025-03-09 20:17:31.762667,885.0,530.0,375.0,2555.0,1499.0,445.0,68.02560063333921,82.1076197307005,58.328433110732306,39.850701286284234,17.694084194176355,43.22735622415188,48.10991180674511,75.3514079671423,57.39162901741096,87.73631900678407
2025-03-09 20:17:31.771000,900.0,535.0,379.0,2550.0,1493.0,436.0,67.94401502147065,82.05981989482164,58.14006684342425,39.751273217121444,17.673544725035814,43.11693523576863,48.24862684558626,75.33899282561808,57.32151732827743,87.3865974680984
2025-03-09 20:17:31.771000,899.0,534.0,369.0,2555.0,1494.0,439.0,67.94401502147065,82.05981989482164,58.14006684342425,39.751273217121444,17.673544725035814,43.11693523576863,48.24862684558626,75.33899282561808,57.32151732827743,87.3865974680984
2025-03-09 20:17:31.771000,896.0,535.0,362.0,2558.0,1491.0,432.0,67.94401502147065,82.05981989482164,58.14006684342425,39.751273217121444,17.673544725035814,43.11693523576863,48.24862684558626,75.33899282561808,57.32151732827743,87.3865974680984
2025-03-09 20:17:31.779333,897.0,535.0,369.0,2558.0,1493.0,432.0,67.84451566890321,82.00069844938908,57.952291333344114,39.64520221200821,17.65194091220008,42.999456494991804,48.376999616462705,75.31439093738528,57.247577070728234,87.01729394856937
2025-03-09 20:17:31.779333,903.0,539.0,367.0,2552.0,1491.0,433.0,67.84451566890321,82.00069844938908,57.952291333344114,39.64520221200821,17.65194091220008,42.999456494991804,48.376999616462705,75.31439093738528,57.247577070728234,87.01729394856937
2025-03-09 20:17:31.779333,907.0,536.0,368.0,2553.0,1489.0,434.0,67.84451566890321,82.00069844938908,57.952291333344114,39.64520221200821,17.65194091220008,42.999456494991804,48.376999616462705,75.31439093738528,57.247577070728234,87.01729394856937
2025-03-09 20:17:31.779333,902.0,538.0,377.0,2555.0,1491.0,433.0,67.84451566890321,82.00069844938908,57.952291333344114,39.64520221200821,17.65194091220008,42.999456494991804,48.376999616462705,75.31439093738528,57.247577070728234,87.01729394856937
2025-03-09 20:17:31.787667,906.0,538.0,368.0,2554.0,1494.0,435.0,67.73001175092044,81.93238117465856,57.76283871242066,39.53315847494894,17.62980678790362,42.87590689574167,48.49854886990254,75.27925360283024,57.16979130134513,86.63501720907821
2025-03-09 20:17:31.787667,919.0,539.0,371.0,2549.0,1488.0,431.0,67.73001175092044,81.93238117465856,57.76283871242066,39.53315847494894,17.62980678790362,42.87590689574167,48.49854886990254,75.27925360283024,57.16979130134513,86.63501720907821
2025-03-09 20:17:31.787667,915.0,545.0,369.0,2551.0,1488.0,426.0,67.73001175092044,81.93238117465856,57.76283871242066,39.53315847494894,17.62980678790362,42.87590689574167,48.49854886990254,75.27925360283024,57.16979130134513,86.63501720907821
2025-03-09 20:17:31.796000,922.0,542.0,363.0,2551.0,1488.0,425.0,67.60401728371406,81.85750144406597,57.56863542373379,39.41783357087474,17.606893566004654,42.74888583839948,48.61668367964444,75.23576160640975,57.089826007343866,86.24538507089449
2025-03-09 20:17:31.796000,922.0,545.0,363.0,2546.0,1488.0,431.0,67.60401728371406,81.85750144406597,57.56863542373379,39.41783357087474,17.606893566004654,42.74888583839948,48.61668367964444,75.23576160640975,57.089826007343866,86.24538507089449
2025-03-09 20:17:31.796000,919.0,541.0,363.0,2545.0,1488.0,426.0,67.60401728371406,81.85750144406597,57.56863542373379,39.41783357087474,17.606893566004654,42.74888583839948,48.61668367964444,75.23576160640975,57.089826007343866,86.24538507089449
2025-03-09 20:17:31.796000,927.0,543.0,352.0,2548.0,1486.0,425.0,67.60401728371406,81.85750144406597,57.56863542373379,39.41783357087474,17.606893566004654,42.74888583839948,48.61668367964444,75.23576160640975,57.089826007343866,86.24538507089449
2025-03-09 20:17:31.804333,927.0,537.0,352.0,2549.0,1487.0,427.0,67.47024757545746,81.7784577024186,57.36851010563785,39.30259221560276,17.58134156656762,42.62084922236849,48.73280467653641,75.1871985605977,57.01111423935489,85.85449613621684
2025-03-09 20:17:31.804333,944.0,541.0,351.0,2549.0,1488.0,420.0,67.47024757545746,81.7784577024186,57.36851010563785,39.30259221560276,17.58134156656762,42.62084922236849,48.73280467653641,75.1871985605977,57.01111423935489,85.85449613621684
2025-03-09 20:17:31.804333,943.0,542.0,350.0,2547.0,1485.0,418.0,67.47024757545746,81.7784577024186,57.36851010563785,39.30259221560276,17.58134156656762,42.62084922236849,48.73280467653641,75.1871985605977,57.01111423935489,85.85449613621684
2025-03-09 20:17:31.812667,945.0,544.0,358.0,2548.0,1487.0,419.0,67.33261558587516,81.69827737750454,57.16513534655345,39.189390080737724,17.551650578918153,42.49310406276261,48.8463915380339,75.13747644509469,56.93729310036943,85.46918451515093
2025-03-09 20:17:31.812667,945.0,545.0,357.0,2547.0,1485.0,418.0,67.33261558587516,81.69827737750454,57.16513534655345,39.189390080737724,17.551650578918153,42.49310406276261,48.8463915380339,75.13747644509469,56.93729310036943,85.46918451515093
2025-03-09 20:17:31.812667,945.0,544.0,351.0,2546.0,1485.0,421.0,67.33261558587516,81.69827737750454,57.16513534655345,39.189390080737724,17.551650578918153,42.49310406276261,48.8463915380339,75.13747644509469,56.93729310036943,85.46918451515093
2025-03-09 20:17:31.812667,949.0,547.0,352.0,2551.0,1488.0,418.0,67.33261558587516,81.69827737750454,57.16513534655345,39.189390080737724,17.551650578918153,42.49310406276261,48.8463915380339,75.13747644509469,56.93729310036943,85.46918451515093
2025-03-09 20:17:31.821000,949.0,545.0,352.0,2547.0,1484.0,418.0,67.1938125888341,81.61807726960123,56.96236515284374,39.07947779785617,17.517826071545368,42.366742167209885,48.95611506660812,75.08863294394075,56.869715600765026,85.0955021949668
2025-03-09 20:17:31.821000,951.0,541.0,342.0,2545.0,1484.0,417.0,67.1938125888341,81.61807726960123,56.96236515284374,39.07947779785617,17.517826071545368,42.366742167209885,48.95611506660812,75.08863294394075,56.869715600765026,85.0955021949668
2025-03-09 20:17:31.821000,976.0,550.0,346.0,2544.0,1479.0,411.0,67.1938125888341,81.61807726960123,56.96236515284374,39.07947779785617,17.517826071545368,42.366742167209885,48.95611506660812,75.08863294394075,56.869715600765026,85.0955021949668
2025-03-09 20:17:31.821000,977.0,547.0,349.0,2544.0,1481.0,411.0,67.1938125888341,81.61807726960123,56.96236515284374,39.07947779785617,17.517826071545368,42.366742167209885,48.95611506660812,75.08863294394075,56.869715600765026,85.0955021949668
2025-03-09 20:17:31.829333,979.0,547.0,346.0,2545.0,1478.0,410.0,67.05478892553124,81.53640920037857,56.76206377810041,38.976375897260674,17.480974443949407,42.245421117741195,49.059968412107374,75.03922924109075,56.808158003044475,84.7379028905431
2025-03-09 20:17:31.829333,980.0,554.0,349.0,2544.0,1480.0,410.0,67.05478892553124,81.53640920037857,56.76206377810041,38.976375897260674,17.480974443949407,42.245421117741195,49.059968412107374,75.03922924109075,56.808158003044475,84.7379028905431
2025-03-09 20:17:31.829333,984.0,553.0,345.0,2546.0,1481.0,410.0,67.05478892553124,81.53640920037857,56.76206377810041,38.976375897260674,17.480974443949407,42.245421117741195,49.059968412107374,75.03922924109075,56.808158003044475,84.7379028905431
2025-03-09 20:17:31.837667,982.0,555.0,350.0,2545.0,1477.0,407.0,66.91464187733358,81.45243494715503,56.56515258773079,38.884312824501,17.44207267387829,42.13382202624256,49.154553165089844,74.98612632601517,56.753716442856515,84.3998159966657
2025-03-09 20:17:31.837667,985.0,553.0,353.0,2546.0,1479.0,411.0,66.91464187733358,81.45243494715503,56.56515258773079,38.884312824501,17.44207267387829,42.13382202624256,49.154553165089844,74.98612632601517,56.753716442856515,84.3998159966657
2025-03-09 20:17:31.837667,1005.0,558.0,349.0,2536.0,1474.0,403.0,66.91464187733358,81.45243494715503,56.56515258773079,38.884312824501,17.44207267387829,42.13382202624256,49.154553165089844,74.98612632601517,56.753716442856515,84.3998159966657
2025-03-09 20:17:31.837667,1009.0,560.0,358.0,2544.0,1472.0,401.0,66.91464187733358,81.45243494715503,56.56515258773079,38.884312824501,17.44207267387829,42.13382202624256,49.154553165089844,74.98612632601517,56.753716442856515,84.3998159966657
2025-03-09 20:17:31.846000,1008.0,560.0,348.0,2546.0,1472.0,400.0,66.77317561081522,81.36762349392525,56.37140349283382,38.80277073082449,17.401811561926586,42.03211971026122,49.24011714524062,74.92881568415714,56.70670391692251,84.0848074008198
2025-03-09 20:17:31.846000,1014.0,560.0,350.0,2543.0,1473.0,403.0,66.77317561081522,81.36762349392525,56.37140349283382,38.80277073082449,17.401811561926586,42.03211971026122,49.24011714524062,74.92881568415714,56.70670391692251,84.0848074008198
2025-03-09 20:17:31.846000,1013.0,563.0,354.0,2544.0,1472.0,400.0,66.77317561081522,81.36762349392525,56.37140349283382,38.80277073082449,17.401811561926586,42.03211971026122,49.24011714524062,74.92881568415714,56.70670391692251,84.0848074008198
2025-03-09 20:17:31.854333,1014.0,560.0,356.0,2544.0,1471.0,400.0,66.63071798994498,81.28278264183353,56.18085238958795,38.72704055082285,17.36141714911328,41.9364180556622,49.31944659536855,74.86809510787329,56.66426509371328,83.79585101664675
2025-03-09 20:17:31.854333,1014.0,566.0,350.0,2544.0,1470.0,400.0,66.63071798994498,81.28278264183353,56.18085238958795,38.72704055082285,17.36141714911328,41.9364180556622,49.31944659536855,74.86809510787329,56.66426509371328,83.79585101664675
2025-03-09 20:17:31.854333,1039.0,567.0,351.0,2544.0,1467.0,394.0,66.63071798994498,81.28278264183353,56.18085238958795,38.72704055082285,17.36141714911328,41.9364180556622,49.31944659536855,74.86809510787329,56.66426509371328,83.79585101664675
2025-03-09 20:17:31.862667,1039.0,570.0,349.0,2541.0,1465.0,392.0,66.48553433732843,81.19612922328872,55.99403928560428,38.65413975027157,17.3208768725436,41.84357931724539,49.392680044706935,74.80370074280053,56.624469313897606,83.53480719976828
2025-03-09 20:17:31.862667,1041.0,566.0,350.0,2542.0,1470.0,389.0,66.48553433732843,81.19612922328872,55.99403928560428,38.65413975027157,17.3208768725436,41.84357931724539,49.392680044706935,74.80370074280053,56.624469313897606,83.53480719976828
2025-03-09 20:17:31.862667,1041.0,573.0,347.0,2544.0,1465.0,392.0,66.48553433732843,81.19612922328872,55.99403928560428,38.65413975027157,17.3208768725436,41.84357931724539,49.392680044706935,74.80370074280053,56.624469313897606,83.53480719976828
2025-03-09 20:17:31.862667,1042.0,570.0,355.0,2544.0,1469.0,389.0,66.48553433732843,81.19612922328872,55.99403928560428,38.65413975027157,17.3208768725436,41.84357931724539,49.392680044706935,74.80370074280053,56.624469313897606,83.53480719976828
2025-03-09 20:17:31.871000,1041.0,572.0,346.0,2541.0,1467.0,391.0,66.33683989062436,81.10711622760239,55.81312945949636,38.58306638945261,17.279968484542724,41.75237504491601,49.458397267826896,74.73601694372114,56.58743999966798,83.30406056851551
2025-03-09 20:17:31.871000,1042.0,570.0,348.0,2542.0,1471.0,390.0,66.33683989062436,81.10711622760239,55.81312945949636,38.58306638945261,17.279968484542724,41.75237504491601,49.458397267826896,74.73601694372114,56.58743999966798,83.30406056851551
2025-03-09 20:17:31.871000,1055.0,576.0,343.0,2533.0,1457.0,383.0,66.33683989062436,81.10711622760239,55.81312945949636,38.58306638945261,17.279968484542724,41.75237504491601,49.458397267826896,74.73601694372114,56.58743999966798,83.30406056851551
2025-03-09 20:17:31.879333,1053.0,576.0,347.0,2534.0,1457.0,384.0,66.18575604128422,81.0167119578053,55.639108679889056,38.513256901717455,17.238544851839638,41.66229876351184,49.516639494506876,74.66611495154551,56.55329350781646,83.10597520421315
2025-03-09 20:17:31.879333,1055.0,581.0,350.0,2537.0,1459.0,381.0,66.18575604128422,81.0167119578053,55.639108679889056,38.513256901717455,17.238544851839638,41.66229876351184,49.516639494506876,74.66611495154551,56.55329350781646,83.10597520421315
2025-03-09 20:17:31.879333,1053.0,580.0,343.0,2536.0,1459.0,384.0,66.18575604128422,81.0167119578053,55.639108679889056,38.513256901717455,17.238544851839638,41.66229876351184,49.516639494506876,74.66611495154551,56.55329350781646,83.10597520421315
2025-03-09 20:17:31.879333,1058.0,578.0,348.0,2539.0,1459.0,379.0,66.18575604128422,81.0167119578053,55.639108679889056,38.513256901717455,17.238544851839638,41.66229876351184,49.516639494506876,74.66611495154551,56.55329350781646,83.10597520421315
2025-03-09 20:17:31.887667,1058.0,590.0,346.0,2538.0,1459.0,382.0,66.0319511569732,80.92483718609151,55.47033967275662,38.443857852556185,17.196700695928822,41.57290324017263,49.56796732050637,74.592777835471,56.520759405480796,82.94171568562655
2025-03-09 20:17:31.887667,1059.0,578.0,342.0,2542.0,1459.0,379.0,66.0319511569732,80.92483718609151,55.47033967275662,38.443857852556185,17.196700695928822,41.57290324017263,49.56796732050637,74.592777835471,56.520759405480796,82.94171568562655
2025-03-09 20:17:31.887667,1067.0,584.0,345.0,2534.0,1454.0,376.0,66.0319511569732,80.92483718609151,55.47033967275662,38.443857852556185,17.196700695928822,41.57290324017263,49.56796732050637,74.592777835471,56.520759405480796,82.94171568562655
2025-03-09 20:17:31.896000,1066.0,583.0,342.0,2539.0,1455.0,370.0,65.87461023687626,80.83059909803323,55.30520974228073,38.37454306021388,17.15412607013722,41.48400990718759,49.61219401524118,74.51436825348375,56.48870968167277,82.81143693800753
2025-03-09 20:17:31.896000,1068.0,590.0,338.0,2533.0,1453.0,368.0,65.87461023687626,80.83059909803323,55.30520974228073,38.37454306021388,17.15412607013722,41.48400990718759,49.61219401524118,74.51436825348375,56.48870968167277,82.81143693800753
2025-03-09 20:17:31.896000,1072.0,585.0,350.0,2532.0,1455.0,368.0,65.87461023687626,80.83059909803323,55.30520974228073,38.37454306021388,17.15412607013722,41.48400990718759,49.61219401524118,74.51436825348375,56.48870968167277,82.81143693800753
2025-03-09 20:17:31.896000,1068.0,592.0,346.0,2535.0,1452.0,369.0,65.87461023687626,80.83059909803323,55.30520974228073,38.37454306021388,17.15412607013722,41.48400990718759,49.61219401524118,74.51436825348375,56.48870968167277,82.81143693800753
2025-03-09 20:17:31.904333,1068.0,587.0,347.0,2534.0,1454.0,368.0,65.71351055838298,80.73263293074828,55.143785772207615,38.30594600515542,17.11034405436131,41.39629758816101,49.64739039547,74.42906621947267,56.456037530803414,82.71388858828807
2025-03-09 20:17:31.904333,1071.0,589.0,349.0,2534.0,1454.0,368.0,65.71351055838298,80.73263293074828,55.143785772207615,38.30594600515542,17.11034405436131,41.39629758816101,49.64739039547,74.42906621947267,56.456037530803414,82.71388858828807
2025-03-09 20:17:31.904333,1081.0,597.0,352.0,2534.0,1451.0,362.0,65.71351055838298,80.73263293074828,55.143785772207615,38.30594600515542,17.11034405436131,41.39629758816101,49.64739039547,74.42906621947267,56.456037530803414,82.71388858828807
2025-03-09 20:17:31.912667,1085.0,592.0,351.0,2529.0,1450.0,363.0,65.54919490993363,80.63051878283437,54.987394708750855,38.23841185605586,17.065280197253685,41.310010560729204,49.672527483303824,74.337038527701,56.42243859687654,82.64703206527224
2025-03-09 20:17:31.912667,1087.0,601.0,355.0,2530.0,1451.0,363.0,65.54919490993363,80.63051878283437,54.987394708750855,38.23841185605586,17.065280197253685,41.310010560729204,49.672527483303824,74.337038527701,56.42243859687654,82.64703206527224
2025-03-09 20:17:31.912667,1088.0,594.0,361.0,2528.0,1450.0,359.0,65.54919490993363,80.63051878283437,54.987394708750855,38.23841185605586,17.065280197253685,41.310010560729204,49.672527483303824,74.337038527701,56.42243859687654,82.64703206527224
2025-03-09 20:17:31.921000,1090.0,603.0,361.0,2530.0,1450.0,362.0,65.38300541804233,80.52556307382159,54.83918984225196,38.17239368867653,17.019369047451175,41.22541987054413,49.687160362025026,74.24075816901308,56.389384984853876,82.6095912503346
2025-03-09 20:17:31.921000,1089.0,602.0,354.0,2531.0,1447.0,359.0,65.38300541804233,80.52556307382159,54.83918984225196,38.17239368867653,17.019369047451175,41.22541987054413,49.687160362025026,74.24075816901308,56.389384984853876,82.6095912503346
2025-03-09 20:17:31.921000,1093.0,598.0,355.0,2527.0,1445.0,357.0,65.38300541804233,80.52556307382159,54.83918984225196,38.17239368867653,17.019369047451175,41.22541987054413,49.687160362025026,74.24075816901308,56.389384984853876,82.6095912503346
2025-03-09 20:17:31.921000,1094.0,599.0,361.0,2529.0,1444.0,359.0,65.38300541804233,80.52556307382159,54.83918984225196,38.17239368867653,17.019369047451175,41.22541987054413,49.687160362025026,74.24075816901308,56.389384984853876,82.6095912503346
2025-03-09 20:17:31.929333,1114.0,606.0,353.0,2527.0,1438.0,347.0,65.21633591726035,80.41934219878372,54.70119167199478,38.1084167687885,16.973652703934945,41.143161158416305,49.691964475106985,74.14233673567203,56.35796611030341,82.59999311104895
2025-03-09 20:17:31.929333,1115.0,606.0,363.0,2523.0,1434.0,352.0,65.21633591726035,80.41934219878372,54.70119167199478,38.1084167687885,16.973652703934945,41.143161158416305,49.691964475106985,74.14233673567203,56.35796611030341,82.59999311104895
2025-03-09 20:17:31.929333,1115.0,607.0,361.0,2529.0,1437.0,349.0,65.21633591726035,80.41934219878372,54.70119167199478,38.1084167687885,16.973652703934945,41.143161158416305,49.691964475106985,74.14233673567203,56.35796611030341,82.59999311104895
2025-03-09 20:17:31.937667,1117.0,609.0,366.0,2526.0,1435.0,349.0,65.05083545783246,80.31331401787054,54.57463569052042,38.04704351694511,16.929950962745643,41.064628055503306,49.687482212319054,74.0420304906826,56.327688565889375,82.61572866527067
2025-03-09 20:17:31.937667,1120.0,608.0,358.0,2527.0,1434.0,348.0,65.05083545783246,80.31331401787054,54.57463569052042,38.04704351694511,16.929950962745643,41.064628055503306,49.687482212319054,74.0420304906826,56.327688565889375,82.61572866527067
2025-03-09 20:17:31.937667,1123.0,610.0,361.0,2522.0,1437.0,347.0,65.05083545783246,80.31331401787054,54.57463569052042,38.04704351694511,16.929950962745643,41.064628055503306,49.687482212319054,74.0420304906826,56.327688565889375,82.61572866527067
2025-03-09 20:17:31.937667,1122.0,609.0,358.0,2527.0,1437.0,343.0,65.05083545783246,80.31331401787054,54.57463569052042,38.04704351694511,16.929950962745643,41.064628055503306,49.687482212319054,74.0420304906826,56.327688565889375,82.61572866527067
2025-03-09 20:17:31.946000,1137.0,618.0,355.0,2521.0,1425.0,337.0,64.88867662347589,80.20962059057585,54.46126753957065,37.988779632405326,16.889909284156413,40.99118083745536,49.67404918473937,73.9405921152809,56.29846524865318,82.65513895929442
2025-03-09 20:17:31.946000,1142.0,619.0,359.0,2528.0,1424.0,336.0,64.88867662347589,80.20962059057585,54.46126753957065,37.988779632405326,16.889909284156413,40.99118083745536,49.67404918473937,73.9405921152809,56.29846524865318,82.65513895929442
2025-03-09 20:17:31.946000,1143.0,624.0,357.0,2525.0,1424.0,339.0,64.88867662347589,80.20962059057585,54.46126753957065,37.988779632405326,16.889909284156413,40.99118083745536,49.67404918473937,73.9405921152809,56.29846524865318,82.65513895929442
2025-03-09 20:17:31.954333,1149.0,622.0,364.0,2525.0,1424.0,336.0,64.73189021151069,80.11080449739991,54.362334760794305,37.93324368965406,16.854708360492197,40.92293703686034,49.65320355311156,73.84009924519715,56.27079905949926,82.71657531002624
2025-03-09 20:17:31.954333,1149.0,620.0,355.0,2521.0,1423.0,336.0,64.73189021151069,80.11080449739991,54.362334760794305,37.93324368965406,16.854708360492197,40.92293703686034,49.65320355311156,73.84009924519715,56.27079905949926,82.71657531002624
2025-03-09 20:17:31.954333,1149.0,624.0,362.0,2520.0,1423.0,336.0,64.73189021151069,80.11080449739991,54.362334760794305,37.93324368965406,16.854708360492197,40.92293703686034,49.65320355311156,73.84009924519715,56.27079905949926,82.71657531002624
2025-03-09 20:17:31.954333,1151.0,623.0,362.0,2522.0,1421.0,336.0,64.73189021151069,80.11080449739991,54.362334760794305,37.93324368965406,16.854708360492197,40.92293703686034,49.65320355311156,73.84009924519715,56.27079905949926,82.71657531002624
2025-03-09 20:17:31.962667,1163.0,629.0,355.0,2514.0,1413.0,333.0,64.58205441034713,80.01889458580337,54.27851804750218,37.88034054867384,16.82486909029501,40.860025884776036,49.626112109269975,73.74233615956209,56.245446240754156,82.79786917059818
2025-03-09 20:17:31.962667,1163.0,626.0,358.0,2519.0,1411.0,335.0,64.58205441034713,80.01889458580337,54.27851804750218,37.88034054867384,16.82486909029501,40.860025884776036,49.626112109269975,73.74233615956209,56.245446240754156,82.79786917059818
2025-03-09 20:17:31.962667,1161.0,631.0,361.0,2522.0,1411.0,331.0,64.58205441034713,80.01889458580337,54.27851804750218,37.88034054867384,16.82486909029501,40.860025884776036,49.626112109269975,73.74233615956209,56.245446240754156,82.79786917059818
2025-03-09 20:17:31.971000,1159.0,627.0,346.0,2519.0,1411.0,333.0,64.4405093741999,79.93507172347526,54.21064386878444,37.830793335921726,16.800129659062275,40.803128787860594,49.592449786685194,73.6483661418977,56.22324477053446,82.896640103289
2025-03-09 20:17:31.971000,1159.0,634.0,353.0,2515.0,1409.0,331.0,64.4405093741999,79.93507172347526,54.21064386878444,37.830793335921726,16.800129659062275,40.803128787860594,49.592449786685194,73.6483661418977,56.22324477053446,82.896640103289
2025-03-09 20:17:31.971000,1164.0,631.0,355.0,2519.0,1411.0,331.0,64.4405093741999,79.93507172347526,54.21064386878444,37.830793335921726,16.800129659062275,40.803128787860594,49.592449786685194,73.6483661418977,56.22324477053446,82.896640103289
2025-03-09 20:17:31.979333,1164.0,637.0,357.0,2514.0,1408.0,327.0,64.30820971174582,79.859547132458,54.158677431829894,37.78565472239055,16.78011588250508,40.753058730760884,49.55218737707129,73.55882200418846,56.20459062402257,83.00979761433834
2025-03-09 20:17:31.979333,1168.0,642.0,356.0,2518.0,1394.0,323.0,64.30820971174582,79.859547132458,54.158677431829894,37.78565472239055,16.78011588250508,40.753058730760884,49.55218737707129,73.55882200418846,56.20459062402257,83.00979761433834
2025-03-09 20:17:31.979333,1169.0,641.0,354.0,2520.0,1392.0,322.0,64.30820971174582,79.859547132458,54.158677431829894,37.78565472239055,16.78011588250508,40.753058730760884,49.55218737707129,73.55882200418846,56.20459062402257,83.00979761433834
2025-03-09 20:17:31.979333,1172.0,637.0,356.0,2519.0,1392.0,325.0,64.30820971174582,79.859547132458,54.158677431829894,37.78565472239055,16.78011588250508,40.753058730760884,49.55218737707129,73.55882200418846,56.20459062402257,83.00979761433834
2025-03-09 20:17:31.987667,1171.0,640.0,354.0,2519.0,1392.0,321.0,64.18601693905906,79.7927682414568,54.12205280251781,37.745705589766764,16.76418689476869,40.7101677864474,49.50606032140129,73.47496412522334,56.190340804873316,83.13481757255971
2025-03-09 20:17:31.987667,1177.0,642.0,354.0,2523.0,1392.0,322.0,64.18601693905906,79.7927682414568,54.12205280251781,37.745705589766764,16.76418689476869,40.7101677864474,49.50606032140129,73.47496412522334,56.190340804873316,83.13481757255971
2025-03-09 20:17:31.987667,1175.0,645.0,354.0,2518.0,1391.0,321.0,64.18601693905906,79.7927682414568,54.12205280251781,37.745705589766764,16.76418689476869,40.7101677864474,49.50606032140129,73.47496412522334,56.190340804873316,83.13481757255971
2025-03-09 20:17:31.996000,1178.0,645.0,353.0,2517.0,1390.0,322.0,64.07443879225944,79.73469179951718,54.10010528769483,37.71131257102287,16.752016832736405,40.674500106739195,49.45490598329341,73.39759790197061,56.18063872927582,83.26942355659533
2025-03-09 20:17:31.996000,1202.0,655.0,354.0,2514.0,1379.0,320.0,64.07443879225944,79.73469179951718,54.10010528769483,37.71131257102287,16.752016832736405,40.674500106739195,49.45490598329341,73.39759790197061,56.18063872927582,83.26942355659533
2025-03-09 20:17:31.996000,1200.0,655.0,353.0,2514.0,1377.0,320.0,64.07443879225944,79.73469179951718,54.10010528769483,37.71131257102287,16.752016832736405,40.674500106739195,49.45490598329341,73.39759790197061,56.18063872927582,83.26942355659533
2025-03-09 20:17:31.996000,1201.0,655.0,357.0,2514.0,1379.0,320.0,64.07443879225944,79.73469179951718,54.10010528769483,37.71131257102287,16.752016832736405,40.674500106739195,49.45490598329341,73.39759790197061,56.18063872927582,83.26942355659533
2025-03-09 20:17:32.004333,1206.0,659.0,348.0,2512.0,1376.0,320.0,63.973882124691656,79.6848397560859,54.09218421219676,37.68277783962264,16.743152719768105,40.64588443661683,49.39954281152322,73.327597588339,56.17542134163337,83.41087487867838
2025-03-09 20:17:32.004333,1203.0,659.0,358.0,2514.0,1374.0,315.0,63.973882124691656,79.6848397560859,54.09218421219676,37.68277783962264,16.743152719768105,40.64588443661683,49.39954281152322,73.327597588339,56.17542134163337,83.41087487867838
2025-03-09 20:17:32.004333,1207.0,656.0,359.0,2512.0,1375.0,315.0,63.973882124691656,79.6848397560859,54.09218421219676,37.68277783962264,16.743152719768105,40.64588443661683,49.39954281152322,73.327597588339,56.17542134163337,83.41087487867838
2025-03-09 20:17:32.012667,1215.0,657.0,353.0,2515.0,1372.0,314.0,63.88529424953315,79.64248151419642,54.09725604652398,37.6603836838292,16.737286997018384,40.62440093021745,49.34066515835742,73.26504339794519,56.17351175688973,83.55500460613108
2025-03-09 20:17:32.012667,1229.0,662.0,355.0,2512.0,1366.0,314.0,63.88529424953315,79.64248151419642,54.09725604652398,37.6603836838292,16.737286997018384,40.62440093021745,49.34066515835742,73.26504339794519,56.17351175688973,83.55500460613108
2025-03-09 20:17:32.012667,1230.0,667.0,352.0,2512.0,1366.0,315.0,63.88529424953315,79.64248151419642,54.09725604652398,37.6603836838292,16.737286997018384,40.62440093021745,49.34066515835742,73.26504339794519,56.17351175688973,83.55500460613108
2025-03-09 20:17:32.012667,1231.0,663.0,350.0,2512.0,1365.0,315.0,63.88529424953315,79.64248151419642,54.09725604652398,37.6603836838292,16.737286997018384,40.62440093021745,49.34066515835742,73.26504339794519,56.17351175688973,83.55500460613108
2025-03-09 20:17:32.021000,1227.0,667.0,354.0,2512.0,1363.0,315.0,63.80971764789521,79.6067522731132,54.11373244187619,37.64396565194061,16.73461134549476,40.610038718675575,49.27940180783795,73.2092813323169,56.17267859720745,83.69746374231268
2025-03-09 20:17:32.021000,1231.0,665.0,355.0,2512.0,1363.0,315.0,63.80971764789521,79.6067522731132,54.11373244187619,37.64396565194061,16.73461134549476,40.610038718675575,49.27940180783795,73.2092813323169,56.17267859720745,83.69746374231268
2025-03-09 20:17:32.021000,1237.0,658.0,346.0,2512.0,1367.0,313.0,63.80971764789521,79.6067522731132,54.11373244187619,37.64396565194061,16.73461134549476,40.610038718675575,49.27940180783795,73.2092813323169,56.17267859720745,83.69746374231268
2025-03-09 20:17:32.029333,1232.0,661.0,357.0,2512.0,1362.0,314.0,63.74765017830883,79.576565106459,54.139834269062085,37.63343716303685,16.735885902867224,40.603093399114385,49.216966908365244,73.15894426383662,56.17047885579101,83.83504408397754
2025-03-09 20:17:32.029333,1245.0,674.0,365.0,2507.0,1349.0,311.0,63.74765017830883,79.576565106459,54.139834269062085,37.63343716303685,16.735885902867224,40.603093399114385,49.216966908365244,73.15894426383662,56.17047885579101,83.83504408397754
2025-03-09 20:17:32.029333,1244.0,670.0,361.0,2511.0,1355.0,310.0,63.74765017830883,79.576565106459,54.139834269062085,37.63343716303685,16.735885902867224,40.603093399114385,49.216966908365244,73.15894426383662,56.17047885579101,83.83504408397754
2025-03-09 20:17:32.037667,1251.0,669.0,361.0,2509.0,1354.0,310.0,63.69940131989112,79.55093667130804,54.17448978289853,37.62918347602463,16.741706166802977,40.60416443311164,49.153984462873346,73.11297506295233,56.1653225535251,83.96526132517045
2025-03-09 20:17:32.037667,1251.0,670.0,355.0,2507.0,1351.0,313.0,63.69940131989112,79.55093667130804,54.17448978289853,37.62918347602463,16.741706166802977,40.60416443311164,49.153984462873346,73.11297506295233,56.1653225535251,83.96526132517045
2025-03-09 20:17:32.037667,1252.0,672.0,363.0,2512.0,1351.0,310.0,63.69940131989112,79.55093667130804,54.17448978289853,37.62918347602463,16.741706166802977,40.60416443311164,49.153984462873346,73.11297506295233,56.1653225535251,83.96526132517045
2025-03-09 20:17:32.037667,1249.0,669.0,359.0,2512.0,1351.0,313.0,63.69940131989112,79.55093667130804,54.17448978289853,37.62918347602463,16.741706166802977,40.60416443311164,49.153984462873346,73.11297506295233,56.1653225535251,83.96526132517045
2025-03-09 20:17:32.046000,1254.0,678.0,365.0,2511.0,1351.0,310.0,63.6649200092931,79.52940900346468,54.21758608296877,37.630570708706486,16.75203856699039,40.61266436484177,49.09039898786804,73.07103602973787,56.15631950777772,84.08628193554615
2025-03-09 20:17:32.046000,1263.0,677.0,359.0,2511.0,1342.0,306.0,63.6649200092931,79.52940900346468,54.21758608296877,37.630570708706486,16.75203856699039,40.61266436484177,49.09039898786804,73.07103602973787,56.15631950777772,84.08628193554615
2025-03-09 20:17:32.046000,1261.0,681.0,358.0,2510.0,1339.0,310.0,63.6649200092931,79.52940900346468,54.21758608296877,37.630570708706486,16.75203856699039,40.61266436484177,49.09039898786804,73.07103602973787,56.15631950777772,84.08628193554615
2025-03-09 20:17:32.054333,1262.0,679.0,359.0,2512.0,1342.0,304.0,63.64352390453217,79.51162371257188,54.269022947590905,37.636178542291674,16.765895215314615,40.62691971833657,49.025699225437705,73.03315277171978,56.14323243519981,84.1968654301334
2025-03-09 20:17:32.054333,1264.0,678.0,353.0,2506.0,1342.0,306.0,63.64352390453217,79.51162371257188,54.269022947590905,37.636178542291674,16.765895215314615,40.62691971833657,49.025699225437705,73.03315277171978,56.14323243519981,84.1968654301334
2025-03-09 20:17:32.054333,1262.0,681.0,351.0,2510.0,1341.0,307.0,63.64352390453217,79.51162371257188,54.269022947590905,37.636178542291674,16.765895215314615,40.62691971833657,49.025699225437705,73.03315277171978,56.14323243519981,84.1968654301334
2025-03-09 20:17:32.054333,1264.0,681.0,358.0,2512.0,1343.0,311.0,63.64352390453217,79.51162371257188,54.269022947590905,37.636178542291674,16.765895215314615,40.62691971833657,49.025699225437705,73.03315277171978,56.14323243519981,84.1968654301334
2025-03-09 20:17:32.062667,1259.0,678.0,353.0,2510.0,1339.0,307.0,63.63444554313205,79.49660392689614,54.32831415790693,37.64534473852477,16.782365984519902,40.6459024026514,48.959451943508476,72.99901899734259,56.1257365672244,84.29559622766813
2025-03-09 20:17:32.062667,1249.0,679.0,350.0,2505.0,1332.0,306.0,63.63444554313205,79.49660392689614,54.32831415790693,37.64534473852477,16.782365984519902,40.6459024026514,48.959451943508476,72.99901899734259,56.1257365672244,84.29559622766813
2025-03-09 20:17:32.062667,1249.0,672.0,344.0,2505.0,1334.0,304.0,63.63444554313205,79.49660392689614,54.32831415790693,37.64534473852477,16.782365984519902,40.6459024026514,48.959451943508476,72.99901899734259,56.1257365672244,84.29559622766813
2025-03-09 20:17:32.071000,1251.0,673.0,346.0,2509.0,1335.0,307.0,63.63747386054215,79.48422526457705,54.39451520235055,37.657757312883355,16.801248739662025,40.66912199277067,48.89270604213985,72.96894438032506,56.10397245304273,84.38265668388034
2025-03-09 20:17:32.071000,1249.0,673.0,353.0,2509.0,1330.0,308.0,63.63747386054215,79.48422526457705,54.39451520235055,37.657757312883355,16.801248739662025,40.66912199277067,48.89270604213985,72.96894438032506,56.10397245304273,84.38265668388034
2025-03-09 20:17:32.071000,1251.0,672.0,352.0,2509.0,1331.0,307.0,63.63747386054215,79.48422526457705,54.39451520235055,37.657757312883355,16.801248739662025,40.66912199277067,48.89270604213985,72.96894438032506,56.10397245304273,84.38265668388034
2025-03-09 20:17:32.071000,1248.0,670.0,354.0,2511.0,1334.0,304.0,63.63747386054215,79.48422526457705,54.39451520235055,37.657757312883355,16.801248739662025,40.66912199277067,48.89270604213985,72.96894438032506,56.10397245304273,84.38265668388034
2025-03-09 20:17:32.079333,1247.0,677.0,340.0,2511.0,1331.0,306.0,63.65283924240739,79.4752829093666,54.46626095826963,37.67532385097092,16.819965366399142,40.697957066144745,48.82373378658501,72.94253998969769,56.08057805919112,84.45976025937989
2025-03-09 20:17:32.079333,1233.0,667.0,349.0,2509.0,1328.0,307.0,63.65283924240739,79.4752829093666,54.46626095826963,37.67532385097092,16.819965366399142,40.697957066144745,48.82373378658501,72.94253998969769,56.08057805919112,84.45976025937989
2025-03-09 20:17:32.079333,1229.0,674.0,350.0,2512.0,1328.0,306.0,63.65283924240739,79.4752829093666,54.46626095826963,37.67532385097092,16.819965366399142,40.697957066144745,48.82373378658501,72.94253998969769,56.08057805919112,84.45976025937989
2025-03-09 20:17:32.087667,1229.0,669.0,350.0,2512.0,1328.0,306.0,63.67999742835083,79.46931650194821,54.541991894502,37.700396664499145,16.835068280226643,40.73382102603611,48.749558426467495,72.91867903963744,56.0581145242458,84.52725673202293
2025-03-09 20:17:32.087667,1231.0,671.0,350.0,2510.0,1328.0,306.0,63.67999742835083,79.46931650194821,54.541991894502,37.700396664499145,16.835068280226643,40.73382102603611,48.749558426467495,72.91867903963744,56.0581145242458,84.52725673202293
2025-03-09 20:17:32.087667,1229.0,668.0,343.0,2508.0,1328.0,307.0,63.67999742835083,79.46931650194821,54.541991894502,37.700396664499145,16.835068280226643,40.73382102603611,48.749558426467495,72.91867903963744,56.0581145242458,84.52725673202293
2025-03-09 20:17:32.087667,1227.0,666.0,341.0,2511.0,1328.0,305.0,63.67999742835083,79.46931650194821,54.541991894502,37.700396664499145,16.835068280226643,40.73382102603611,48.749558426467495,72.91867903963744,56.0581145242458,84.52725673202293
2025-03-09 20:17:32.096000,1227.0,662.0,345.0,2511.0,1328.0,306.0,63.71728125759121,79.46541551316562,54.621727496355334,37.73046365474643,16.848434348477358,40.77443544584024,48.67260208976299,72.89762909719637,56.03500078912773,84.5852392461306
2025-03-09 20:17:32.096000,1203.0,660.0,354.0,2509.0,1328.0,308.0,63.71728125759121,79.46541551316562,54.621727496355334,37.73046365474643,16.848434348477358,40.77443544584024,48.67260208976299,72.89762909719637,56.03500078912773,84.5852392461306
2025-03-09 20:17:32.096000,1200.0,656.0,339.0,2512.0,1328.0,309.0,63.71728125759121,79.46541551316562,54.621727496355334,37.73046365474643,16.848434348477358,40.77443544584024,48.67260208976299,72.89762909719637,56.03500078912773,84.5852392461306
2025-03-09 20:17:32.096000,1200.0,656.0,343.0,2511.0,1327.0,310.0,63.71728125759121,79.46541551316562,54.621727496355334,37.73046365474643,16.848434348477358,40.77443544584024,48.67260208976299,72.89762909719637,56.03500078912773,84.5852392461306
2025-03-09 20:17:32.104333,1200.0,656.0,349.0,2512.0,1327.0,313.0,63.763110715318135,79.46328407971892,54.70561616118986,37.7629804556688,16.862072727588536,40.81753621533123,48.59566997778183,72.88015709220667,56.010248844094114,84.6351940971035
2025-03-09 20:17:32.104333,1195.0,659.0,352.0,2512.0,1327.0,314.0,63.763110715318135,79.46328407971892,54.70561616118986,37.7629804556688,16.862072727588536,40.81753621533123,48.59566997778183,72.88015709220667,56.010248844094114,84.6351940971035
2025-03-09 20:17:32.112667,1195.0,659.0,350.0,2511.0,1327.0,309.0,63.816712764492884,79.46315714993793,54.792892585982706,37.79788350975272,16.87561135516222,40.862997039250224,48.518935045457695,72.8660251762389,55.98472149321094,84.67791683041006
2025-03-09 20:17:32.112667,1194.0,657.0,340.0,2509.0,1327.0,310.0,63.816712764492884,79.46315714993793,54.792892585982706,37.79788350975272,16.87561135516222,40.862997039250224,48.518935045457695,72.8660251762389,55.98472149321094,84.67791683041006
2025-03-09 20:17:32.112667,1168.0,651.0,341.0,2507.0,1327.0,310.0,63.816712764492884,79.46315714993793,54.792892585982706,37.79788350975272,16.87561135516222,40.862997039250224,48.518935045457695,72.8660251762389,55.98472149321094,84.67791683041006
2025-03-09 20:17:32.112667,1168.0,652.0,350.0,2510.0,1327.0,311.0,63.816712764492884,79.46315714993793,54.792892585982706,37.79788350975272,16.87561135516222,40.862997039250224,48.518935045457695,72.8660251762389,55.98472149321094,84.67791683041006
2025-03-09 20:17:32.121000,1161.0,655.0,345.0,2512.0,1323.0,313.0,63.87720553653818,79.46533174106654,54.883601798561216,37.83452278069847,16.888745093561308,40.910187344059075,48.44202167316053,72.85502234927571,55.959049060276264,84.71405630810193
2025-03-09 20:17:32.121000,1159.0,644.0,342.0,2512.0,1326.0,311.0,63.87720553653818,79.46533174106654,54.883601798561216,37.83452278069847,16.888745093561308,40.910187344059075,48.44202167316053,72.85502234927571,55.959049060276264,84.71405630810193
2025-03-09 20:17:32.121000,1165.0,644.0,352.0,2510.0,1325.0,312.0,63.87720553653818,79.46533174106654,54.883601798561216,37.83452278069847,16.888745093561308,40.910187344059075,48.44202167316053,72.85502234927571,55.959049060276264,84.71405630810193
2025-03-09 20:17:32.121000,1157.0,641.0,349.0,2511.0,1323.0,312.0,63.87720553653818,79.46533174106654,54.883601798561216,37.83452278069847,16.888745093561308,40.910187344059075,48.44202167316053,72.85502234927571,55.959049060276264,84.71405630810193
2025-03-09 20:17:32.129333,1154.0,645.0,346.0,2513.0,1325.0,314.0,63.94289032832596,79.46950160082267,54.97835744495506,37.873022473546584,16.90054532316249,40.95935384538731,48.361783156374315,72.84505888830272,55.93396624342013,84.74472535681357
2025-03-09 20:17:32.129333,1127.0,639.0,346.0,2513.0,1325.0,315.0,63.94289032832596,79.46950160082267,54.97835744495506,37.873022473546584,16.90054532316249,40.95935384538731,48.361783156374315,72.84505888830272,55.93396624342013,84.74472535681357
2025-03-09 20:17:32.129333,1122.0,637.0,347.0,2513.0,1325.0,314.0,63.94289032832596,79.46950160082267,54.97835744495506,37.873022473546584,16.90054532316249,40.95935384538731,48.361783156374315,72.84505888830272,55.93396624342013,84.74472535681357
2025-03-09 20:17:32.137667,1119.0,628.0,344.0,2513.0,1328.0,314.0,64.01223004308007,79.47476190267156,55.07706996726714,37.91469333690405,16.91027905701502,41.01216535401502,48.27441342399442,72.83250599124949,55.90951228027237,84.77054882862532
2025-03-09 20:17:32.137667,1117.0,639.0,347.0,2512.0,1324.0,317.0,64.01223004308007,79.47476190267156,55.07706996726714,37.91469333690405,16.91027905701502,41.01216535401502,48.27441342399442,72.83250599124949,55.90951228027237,84.77054882862532
2025-03-09 20:17:32.137667,1111.0,635.0,343.0,2509.0,1325.0,317.0,64.01223004308007,79.47476190267156,55.07706996726714,37.91469333690405,16.91027905701502,41.01216535401502,48.27441342399442,72.83250599124949,55.90951228027237,84.77054882862532
2025-03-09 20:17:32.146000,1111.0,629.0,346.0,2512.0,1326.0,316.0,64.08495262361863,79.48175966743335,55.18179854390237,37.95926679021684,16.918970079590174,41.06880262199086,48.17888578754713,72.81713740432893,55.88594089134882,84.79354828217356
2025-03-09 20:17:32.146000,1107.0,627.0,346.0,2512.0,1325.0,314.0,64.08495262361863,79.48175966743335,55.18179854390237,37.95926679021684,16.918970079590174,41.06880262199086,48.17888578754713,72.81713740432893,55.88594089134882,84.79354828217356
2025-03-09 20:17:32.146000,1079.0,621.0,341.0,2513.0,1324.0,317.0,64.08495262361863,79.48175966743335,55.18179854390237,37.95926679021684,16.918970079590174,41.06880262199086,48.17888578754713,72.81713740432893,55.88594089134882,84.79354828217356
2025-03-09 20:17:32.146000,1072.0,624.0,346.0,2512.0,1328.0,320.0,64.08495262361863,79.48175966743335,55.18179854390237,37.95926679021684,16.918970079590174,41.06880262199086,48.17888578754713,72.81713740432893,55.88594089134882,84.79354828217356
2025-03-09 20:17:32.154333,1073.0,619.0,347.0,2515.0,1328.0,318.0,64.16056779487684,79.49072887893806,55.29606029971362,38.00602195566181,16.928332735280804,41.12868560462094,48.074959921530926,72.80024492376509,55.86369548325044,84.81492716576308
2025-03-09 20:17:32.154333,1069.0,624.0,345.0,2519.0,1330.0,317.0,64.16056779487684,79.49072887893806,55.29606029971362,38.00602195566181,16.928332735280804,41.12868560462094,48.074959921530926,72.80024492376509,55.86369548325044,84.81492716576308
2025-03-09 20:17:32.154333,1067.0,618.0,340.0,2519.0,1327.0,320.0,64.16056779487684,79.49072887893806,55.29606029971362,38.00602195566181,16.928332735280804,41.12868560462094,48.074959921530926,72.80024492376509,55.86369548325044,84.81492716576308
2025-03-09 20:17:32.154333,1063.0,621.0,337.0,2517.0,1326.0,321.0,64.16056779487684,79.49072887893806,55.29606029971362,38.00602195566181,16.928332735280804,41.12868560462094,48.074959921530926,72.80024492376509,55.86369548325044,84.81492716576308
2025-03-09 20:17:32.162667,1062.0,619.0,340.0,2519.0,1326.0,319.0,64.23720651637653,79.49933886969463,55.421015067477846,38.05655328058611,16.93888093016737,41.19287550064473,47.96145459909197,72.78113103349379,55.84327649378428,84.8327563175861
2025-03-09 20:17:32.162667,1023.0,611.0,343.0,2523.0,1325.0,322.0,64.23720651637653,79.49933886969463,55.421015067477846,38.05655328058611,16.93888093016737,41.19287550064473,47.96145459909197,72.78113103349379,55.84327649378428,84.8327563175861
2025-03-09 20:17:32.171000,1023.0,607.0,343.0,2518.0,1325.0,323.0,64.31299609511349,79.50659387260417,55.55611709755931,38.11224235491057,16.95075049804453,41.262354376084254,47.83832233052312,72.7593471438929,55.82612485115517,84.84623080895922
2025-03-09 20:17:32.171000,1023.0,603.0,347.0,2517.0,1327.0,321.0,64.31299609511349,79.50659387260417,55.55611709755931,38.11224235491057,16.95075049804453,41.262354376084254,47.83832233052312,72.7593471438929,55.82612485115517,84.84623080895922
2025-03-09 20:17:32.171000,1013.0,607.0,346.0,2519.0,1326.0,320.0,64.31299609511349,79.50659387260417,55.55611709755931,38.11224235491057,16.95075049804453,41.262354376084254,47.83832233052312,72.7593471438929,55.82612485115517,84.84623080895922
2025-03-09 20:17:32.171000,1015.0,607.0,349.0,2519.0,1324.0,325.0,64.31299609511349,79.50659387260417,55.55611709755931,38.11224235491057,16.95075049804453,41.262354376084254,47.83832233052312,72.7593471438929,55.82612485115517,84.84623080895922
2025-03-09 20:17:32.171000,1013.0,608.0,341.0,2519.0,1326.0,325.0,64.31299609511349,79.50659387260417,55.55611709755931,38.11224235491057,16.95075049804453,41.262354376084254,47.83832233052312,72.7593471438929,55.82612485115517,84.84623080895922
2025-03-09 20:17:32.179333,1012.0,605.0,349.0,2521.0,1326.0,320.0,64.3872062772633,79.5136109833389,55.7020300502002,38.17246141224871,16.964816175613603,41.33670595731394,47.706417050184214,72.73575250445185,55.813436332829966,84.85825826354892
2025-03-09 20:17:32.179333,1008.0,608.0,339.0,2521.0,1323.0,322.0,64.3872062772633,79.5136109833389,55.7020300502002,38.17246141224871,16.964816175613603,41.33670595731394,47.706417050184214,72.73575250445185,55.813436332829966,84.85825826354892
2025-03-09 20:17:32.179333,976.0,594.0,334.0,2521.0,1323.0,325.0,64.3872062772633,79.5136109833389,55.7020300502002,38.17246141224871,16.964816175613603,41.33670595731394,47.706417050184214,72.73575250445185,55.813436332829966,84.85825826354892
2025-03-09 20:17:32.187667,976.0,592.0,336.0,2523.0,1322.0,323.0,64.45892356492259,79.5217843799689,55.859290789301404,38.23546929269976,16.98114501256555,41.41412785209257,47.566781937635945,72.71203407566163,55.806714436668535,84.87171472778401
2025-03-09 20:17:32.187667,975.0,599.0,338.0,2525.0,1323.0,328.0,64.45892356492259,79.5217843799689,55.859290789301404,38.23546929269976,16.98114501256555,41.41412785209257,47.566781937635945,72.71203407566163,55.806714436668535,84.87171472778401
2025-03-09 20:17:32.187667,971.0,594.0,342.0,2525.0,1321.0,330.0,64.45892356492259,79.5217843799689,55.859290789301404,38.23546929269976,16.98114501256555,41.41412785209257,47.566781937635945,72.71203407566163,55.806714436668535,84.87171472778401
2025-03-09 20:17:32.187667,967.0,591.0,336.0,2522.0,1323.0,326.0,64.45892356492259,79.5217843799689,55.859290789301404,38.23546929269976,16.98114501256555,41.41412785209257,47.566781937635945,72.71203407566163,55.806714436668535,84.87171472778401
2025-03-09 20:17:32.196000,963.0,585.0,347.0,2527.0,1323.0,325.0,64.52720154697374,79.53318925991681,56.027712736333115,38.301359602545496,16.99785442762983,41.49412873635624,47.41867457272258,72.68977674996565,55.80981323124388,84.88637980645052
2025-03-09 20:17:32.196000,961.0,591.0,339.0,2525.0,1323.0,327.0,64.52720154697374,79.53318925991681,56.027712736333115,38.301359602545496,16.99785442762983,41.49412873635624,47.41867457272258,72.68977674996565,55.80981323124388,84.88637980645052
2025-03-09 20:17:32.196000,933.0,578.0,337.0,2527.0,1314.0,330.0,64.52720154697374,79.53318925991681,56.027712736333115,38.301359602545496,16.99785442762983,41.49412873635624,47.41867457272258,72.68977674996565,55.80981323124388,84.88637980645052
2025-03-09 20:17:32.204333,944.0,584.0,341.0,2527.0,1315.0,334.0,64.59294997763944,79.54946522348797,56.20785115164503,38.37299751526109,17.01301222953601,41.57904484377873,47.25957489714944,72.66958310623929,55.82623936927752,84.90219338077425
2025-03-09 20:17:32.204333,933.0,579.0,338.0,2526.0,1317.0,331.0,64.59294997763944,79.54946522348797,56.20785115164503,38.37299751526109,17.01301222953601,41.57904484377873,47.25957489714944,72.66958310623929,55.82623936927752,84.90219338077425
2025-03-09 20:17:32.204333,929.0,585.0,341.0,2526.0,1315.0,332.0,64.59294997763944,79.54946522348797,56.20785115164503,38.37299751526109,17.01301222953601,41.57904484377873,47.25957489714944,72.66958310623929,55.82623936927752,84.90219338077425
2025-03-09 20:17:32.204333,927.0,582.0,338.0,2527.0,1315.0,333.0,64.59294997763944,79.54946522348797,56.20785115164503,38.37299751526109,17.01301222953601,41.57904484377873,47.25957489714944,72.66958310623929,55.82623936927752,84.90219338077425
2025-03-09 20:17:32.212667,926.0,581.0,336.0,2529.0,1313.0,334.0,64.65801117995312,79.57113387758672,56.40002265560106,38.45182424721989,17.02593524477623,41.670172923012004,47.08867379116558,72.65178477307192,55.85636352961496,84.91985532816028
2025-03-09 20:17:32.212667,925.0,578.0,337.0,2528.0,1315.0,333.0,64.65801117995312,79.57113387758672,56.40002265560106,38.45182424721989,17.02593524477623,41.670172923012004,47.08867379116558,72.65178477307192,55.85636352961496,84.91985532816028
2025-03-09 20:17:32.212667,923.0,578.0,339.0,2529.0,1311.0,335.0,64.65801117995312,79.57113387758672,56.40002265560106,38.45182424721989,17.02593524477623,41.670172923012004,47.08867379116558,72.65178477307192,55.85636352961496,84.91985532816028
2025-03-09 20:17:32.212667,895.0,571.0,336.0,2530.0,1311.0,334.0,64.65801117995312,79.57113387758672,56.40002265560106,38.45182424721989,17.02593524477623,41.670172923012004,47.08867379116558,72.65178477307192,55.85636352961496,84.91985532816028
2025-03-09 20:17:32.221000,898.0,576.0,343.0,2534.0,1312.0,333.0,64.72328643157076,79.59929242519924,56.60537500019808,38.536596120470776,17.03641354678857,41.766306054612535,46.90601551313579,72.63764500657895,55.900327382385996,84.94046882505583
2025-03-09 20:17:32.221000,901.0,565.0,338.0,2533.0,1311.0,336.0,64.72328643157076,79.59929242519924,56.60537500019808,38.536596120470776,17.03641354678857,41.766306054612535,46.90601551313579,72.63764500657895,55.900327382385996,84.94046882505583
2025-03-09 20:17:32.221000,895.0,566.0,339.0,2531.0,1310.0,336.0,64.72328643157076,79.59929242519924,56.60537500019808,38.536596120470776,17.03641354678857,41.766306054612535,46.90601551313579,72.63764500657895,55.900327382385996,84.94046882505583
2025-03-09 20:17:32.229333,892.0,569.0,337.0,2537.0,1310.0,336.0,64.78909366079863,79.63549704650235,56.825292749264506,38.625831587518086,17.045660175679323,41.866514367470074,46.712368544191506,72.62816266731849,55.95819194774124,84.96566735860502
2025-03-09 20:17:32.229333,892.0,571.0,338.0,2533.0,1313.0,336.0,64.78909366079863,79.63549704650235,56.825292749264506,38.625831587518086,17.045660175679323,41.866514367470074,46.712368544191506,72.62816266731849,55.95819194774124,84.96566735860502
2025-03-09 20:17:32.229333,887.0,574.0,336.0,2532.0,1310.0,336.0,64.78909366079863,79.63549704650235,56.825292749264506,38.625831587518086,17.045660175679323,41.866514367470074,46.712368544191506,72.62816266731849,55.95819194774124,84.96566735860502
2025-03-09 20:17:32.229333,868.0,560.0,336.0,2538.0,1311.0,339.0,64.78909366079863,79.63549704650235,56.825292749264506,38.625831587518086,17.045660175679323,41.866514367470074,46.712368544191506,72.62816266731849,55.95819194774124,84.96566735860502
2025-03-09 20:17:32.237667,867.0,557.0,338.0,2534.0,1310.0,339.0,64.85665756041104,79.67949278773307,57.05809978408485,38.71952709284968,17.056354794610105,41.971752626748966,46.51098280502753,72.6225313948707,56.02707022627154,84.99599218949577
2025-03-09 20:17:32.237667,863.0,562.0,336.0,2537.0,1308.0,340.0,64.85665756041104,79.67949278773307,57.05809978408485,38.71952709284968,17.056354794610105,41.971752626748966,46.51098280502753,72.6225313948707,56.02707022627154,84.99599218949577
2025-03-09 20:17:32.237667,862.0,560.0,340.0,2541.0,1311.0,337.0,64.85665756041104,79.67949278773307,57.05809978408485,38.71952709284968,17.056354794610105,41.971752626748966,46.51098280502753,72.6225313948707,56.02707022627154,84.99599218949577
2025-03-09 20:17:32.246000,863.0,561.0,339.0,2537.0,1310.0,341.0,64.9277504625221,79.72952550278092,57.301292587112066,38.81873268719511,17.069602931255137,42.08317302227952,46.304827868023885,72.62022107268868,56.1040181394198,85.03116570446473
2025-03-09 20:17:32.246000,855.0,559.0,337.0,2539.0,1307.0,337.0,64.9277504625221,79.72952550278092,57.301292587112066,38.81873268719511,17.069602931255137,42.08317302227952,46.304827868023885,72.62022107268868,56.1040181394198,85.03116570446473
2025-03-09 20:17:32.246000,855.0,560.0,337.0,2539.0,1308.0,337.0,64.9277504625221,79.72952550278092,57.301292587112066,38.81873268719511,17.069602931255137,42.08317302227952,46.304827868023885,72.62022107268868,56.1040181394198,85.03116570446473
2025-03-09 20:17:32.246000,855.0,556.0,343.0,2541.0,1308.0,338.0,64.9277504625221,79.72952550278092,57.301292587112066,38.81873268719511,17.069602931255137,42.08317302227952,46.304827868023885,72.62022107268868,56.1040181394198,85.03116570446473
2025-03-09 20:17:32.254333,836.0,554.0,336.0,2543.0,1301.0,341.0,65.00246583524924,79.78436865648699,57.556268998697995,38.93251354073807,17.080249647038425,42.206325818536925,46.08963452435714,72.62510051563707,56.19824945396101,85.07071091899293
2025-03-09 20:17:32.254333,833.0,549.0,340.0,2544.0,1301.0,341.0,65.00246583524924,79.78436865648699,57.556268998697995,38.93251354073807,17.080249647038425,42.206325818536925,46.08963452435714,72.62510051563707,56.19824945396101,85.07071091899293
2025-03-09 20:17:32.254333,831.0,549.0,337.0,2546.0,1303.0,339.0,65.00246583524924,79.78436865648699,57.556268998697995,38.93251354073807,17.080249647038425,42.206325818536925,46.08963452435714,72.62510051563707,56.19824945396101,85.07071091899293
2025-03-09 20:17:32.262667,833.0,555.0,342.0,2544.0,1306.0,341.0,65.08072225335502,79.84399318995011,57.82455464980127,39.063445214547365,17.08549059355852,42.34179425558336,45.86432617798105,72.64112774779105,56.31486483358727,85.11516984636044
2025-03-09 20:17:32.262667,828.0,549.0,337.0,2541.0,1301.0,342.0,65.08072225335502,79.84399318995011,57.82455464980127,39.063445214547365,17.08549059355852,42.34179425558336,45.86432617798105,72.64112774779105,56.31486483358727,85.11516984636044
2025-03-09 20:17:32.262667,828.0,549.0,337.0,2544.0,1300.0,346.0,65.08072225335502,79.84399318995011,57.82455464980127,39.063445214547365,17.08549059355852,42.34179425558336,45.86432617798105,72.64112774779105,56.31486483358727,85.11516984636044
2025-03-09 20:17:32.262667,826.0,553.0,342.0,2544.0,1300.0,341.0,65.08072225335502,79.84399318995011,57.82455464980127,39.063445214547365,17.08549059355852,42.34179425558336,45.86432617798105,72.64112774779105,56.31486483358727,85.11516984636044
2025-03-09 20:17:32.271000,810.0,546.0,336.0,2548.0,1301.0,345.0,65.16349022825592,79.90858221008219,58.105813102654736,39.19551682479868,17.093377257615035,42.47836460444368,45.63731428159818,72.66485801575257,56.43812866056009,85.16638326550222
2025-03-09 20:17:32.271000,806.0,545.0,339.0,2544.0,1296.0,344.0,65.16349022825592,79.90858221008219,58.105813102654736,39.19551682479868,17.093377257615035,42.47836460444368,45.63731428159818,72.66485801575257,56.43812866056009,85.16638326550222
2025-03-09 20:17:32.271000,801.0,542.0,336.0,2544.0,1296.0,343.0,65.16349022825592,79.90858221008219,58.105813102654736,39.19551682479868,17.093377257615035,42.47836460444368,45.63731428159818,72.66485801575257,56.43812866056009,85.16638326550222
2025-03-09 20:17:32.279333,804.0,543.0,336.0,2544.0,1296.0,343.0,65.2513959109648,79.97775750723592,58.40149136886012,39.32192960992069,17.10806715710006,42.61197887220923,45.40993546541612,72.69251654220972,56.55990361477697,85.22549516936562
2025-03-09 20:17:32.279333,797.0,542.0,333.0,2544.0,1296.0,346.0,65.2513959109648,79.97775750723592,58.40149136886012,39.32192960992069,17.10806715710006,42.61197887220923,45.40993546541612,72.69251654220972,56.55990361477697,85.22549516936562
2025-03-09 20:17:32.279333,797.0,541.0,336.0,2546.0,1297.0,347.0,65.2513959109648,79.97775750723592,58.40149136886012,39.32192960992069,17.10806715710006,42.61197887220923,45.40993546541612,72.69251654220972,56.55990361477697,85.22549516936562
2025-03-09 20:17:32.279333,795.0,538.0,334.0,2551.0,1297.0,345.0,65.2513959109648,79.97775750723592,58.40149136886012,39.32192960992069,17.10806715710006,42.61197887220923,45.40993546541612,72.69251654220972,56.55990361477697,85.22549516936562
2025-03-09 20:17:32.287667,795.0,541.0,338.0,2547.0,1297.0,346.0,65.34511849526885,80.05119902181809,58.71290749800781,39.446061020008976,17.12606897860542,42.744624420932816,45.177978473701344,72.7245169612159,56.68381830243036,85.2913133299351
2025-03-09 20:17:32.287667,784.0,533.0,336.0,2549.0,1294.0,349.0,65.34511849526885,80.05119902181809,58.71290749800781,39.446061020008976,17.12606897860542,42.744624420932816,45.177978473701344,72.7245169612159,56.68381830243036,85.2913133299351
2025-03-09 20:17:32.287667,780.0,535.0,336.0,2551.0,1294.0,352.0,65.34511849526885,80.05119902181809,58.71290749800781,39.446061020008976,17.12606897860542,42.744624420932816,45.177978473701344,72.7245169612159,56.68381830243036,85.2913133299351
2025-03-09 20:17:32.296000,784.0,539.0,338.0,2556.0,1293.0,355.0,65.4447811272156,80.12779297835529,59.03597496730707,39.567870909606135,17.146877944464855,42.87551320653253,44.9460506015369,72.76239734208063,56.809608622236496,85.36207298416203
2025-03-09 20:17:32.296000,778.0,535.0,338.0,2549.0,1293.0,354.0,65.4447811272156,80.12779297835529,59.03597496730707,39.567870909606135,17.146877944464855,42.87551320653253,44.9460506015369,72.76239734208063,56.809608622236496,85.36207298416203
2025-03-09 20:17:32.296000,780.0,535.0,336.0,2551.0,1294.0,354.0,65.4447811272156,80.12779297835529,59.03597496730707,39.567870909606135,17.146877944464855,42.87551320653253,44.9460506015369,72.76239734208063,56.809608622236496,85.36207298416203
2025-03-09 20:17:32.296000,775.0,535.0,339.0,2551.0,1295.0,355.0,65.4447811272156,80.12779297835529,59.03597496730707,39.567870909606135,17.146877944464855,42.87551320653253,44.9460506015369,72.76239734208063,56.809608622236496,85.36207298416203
2025-03-09 20:17:32.304333,772.0,528.0,337.0,2552.0,1291.0,354.0,65.55010107211184,80.20474823086316,59.36321682969293,39.68754277388499,17.174561439692805,43.005008171201936,44.72561181421148,72.8074783360556,56.933627381488364,85.43794748898726
2025-03-09 20:17:32.304333,758.0,528.0,338.0,2559.0,1294.0,362.0,65.55010107211184,80.20474823086316,59.36321682969293,39.68754277388499,17.174561439692805,43.005008171201936,44.72561181421148,72.8074783360556,56.933627381488364,85.43794748898726
2025-03-09 20:17:32.304333,759.0,528.0,334.0,2559.0,1294.0,365.0,65.55010107211184,80.20474823086316,59.36321682969293,39.68754277388499,17.174561439692805,43.005008171201936,44.72561181421148,72.8074783360556,56.933627381488364,85.43794748898726
2025-03-09 20:17:32.304333,757.0,533.0,340.0,2559.0,1292.0,366.0,65.55010107211184,80.20474823086316,59.36321682969293,39.68754277388499,17.174561439692805,43.005008171201936,44.72561181421148,72.8074783360556,56.933627381488364,85.43794748898726
2025-03-09 20:17:32.312667,753.0,527.0,333.0,2559.0,1295.0,368.0,65.66210977841004,80.27971018221001,59.689684250910524,39.80608647409253,17.211452954986623,43.134375337010766,44.52312433095639,72.85942915916694,57.05242156860063,85.51923911928682
2025-03-09 20:17:32.312667,755.0,528.0,341.0,2558.0,1296.0,367.0,65.66210977841004,80.27971018221001,59.689684250910524,39.80608647409253,17.211452954986623,43.134375337010766,44.52312433095639,72.85942915916694,57.05242156860063,85.51923911928682
2025-03-09 20:17:32.312667,752.0,527.0,338.0,2559.0,1296.0,368.0,65.66210977841004,80.27971018221001,59.689684250910524,39.80608647409253,17.211452954986623,43.134375337010766,44.52312433095639,72.85942915916694,57.05242156860063,85.51923911928682
2025-03-09 20:17:32.321000,754.0,534.0,334.0,2559.0,1296.0,368.0,65.78119069018538,80.35043375789861,60.01173394898209,39.92460486282782,17.25462315685402,43.264457045531245,44.33574495685937,72.91395007343003,57.16349587307392,85.60845632087242
2025-03-09 20:17:32.321000,751.0,528.0,340.0,2559.0,1294.0,367.0,65.78119069018538,80.35043375789861,60.01173394898209,39.92460486282782,17.25462315685402,43.264457045531245,44.33574495685937,72.91395007343003,57.16349587307392,85.60845632087242
2025-03-09 20:17:32.321000,737.0,511.0,337.0,2559.0,1296.0,371.0,65.78119069018538,80.35043375789861,60.01173394898209,39.92460486282782,17.25462315685402,43.264457045531245,44.33574495685937,72.91395007343003,57.16349587307392,85.60845632087242
2025-03-09 20:17:32.321000,736.0,525.0,337.0,2559.0,1298.0,375.0,65.78119069018538,80.35043375789861,60.01173394898209,39.92460486282782,17.25462315685402,43.264457045531245,44.33574495685937,72.91395007343003,57.16349587307392,85.60845632087242
2025-03-09 20:17:32.329333,731.0,525.0,336.0,2559.0,1296.0,374.0,65.90689839824002,80.41622639677284,60.33353482741076,40.04204850708588,17.29712691283861,43.392841453677825,44.15257848242267,72.96862086612892,57.26892308656796,85.71168082215857
2025-03-09 20:17:32.329333,735.0,511.0,339.0,2559.0,1297.0,370.0,65.90689839824002,80.41622639677284,60.33353482741076,40.04204850708588,17.29712691283861,43.392841453677825,44.15257848242267,72.96862086612892,57.26892308656796,85.71168082215857
2025-03-09 20:17:32.329333,730.0,525.0,333.0,2559.0,1299.0,377.0,65.90689839824002,80.41622639677284,60.33353482741076,40.04204850708588,17.29712691283861,43.392841453677825,44.15257848242267,72.96862086612892,57.26892308656796,85.71168082215857
2025-03-09 20:17:32.337667,725.0,528.0,346.0,2559.0,1302.0,375.0,66.03939464031113,80.4780549665951,60.663037968785524,40.156954164769914,17.33308769398466,43.515768816392516,43.96639142165038,73.02776645565866,57.375223553587425,85.83089146557552
2025-03-09 20:17:32.337667,731.0,511.0,340.0,2559.0,1302.0,374.0,66.03939464031113,80.4780549665951,60.663037968785524,40.156954164769914,17.33308769398466,43.515768816392516,43.96639142165038,73.02776645565866,57.375223553587425,85.83089146557552
2025-03-09 20:17:32.337667,718.0,511.0,337.0,2559.0,1312.0,384.0,66.03939464031113,80.4780549665951,60.663037968785524,40.156954164769914,17.33308769398466,43.515768816392516,43.96639142165038,73.02776645565866,57.375223553587425,85.83089146557552
2025-03-09 20:17:32.337667,718.0,511.0,337.0,2559.0,1312.0,389.0,66.03939464031113,80.4780549665951,60.663037968785524,40.156954164769914,17.33308769398466,43.515768816392516,43.96639142165038,73.02776645565866,57.375223553587425,85.83089146557552
2025-03-09 20:17:32.346000,710.0,511.0,336.0,2559.0,1315.0,389.0,66.17877416727488,80.53655466059259,61.002238564196155,40.27018933193664,17.360479875131215,43.632674248568065,43.7770023198717,73.09517629581445,57.48705053740315,85.96402052656755
2025-03-09 20:17:32.346000,710.0,511.0,338.0,2559.0,1317.0,387.0,66.17877416727488,80.53655466059259,61.002238564196155,40.27018933193664,17.360479875131215,43.632674248568065,43.7770023198717,73.09517629581445,57.48705053740315,85.96402052656755
2025-03-09 20:17:32.346000,711.0,510.0,337.0,2583.0,1319.0,391.0,66.17877416727488,80.53655466059259,61.002238564196155,40.27018933193664,17.360479875131215,43.632674248568065,43.7770023198717,73.09517629581445,57.48705053740315,85.96402052656755
2025-03-09 20:17:32.354333,707.0,511.0,336.0,2584.0,1317.0,396.0,66.32624444730745,80.59280734774703,61.352370073405254,40.38198087556033,17.38107788094653,43.74441435422658,43.58580856998356,73.17140485121058,57.60472340852272,86.10917320328033
2025-03-09 20:17:32.354333,705.0,524.0,336.0,2582.0,1318.0,396.0,66.32624444730745,80.59280734774703,61.352370073405254,40.38198087556033,17.38107788094653,43.74441435422658,43.58580856998356,73.17140485121058,57.60472340852272,86.10917320328033
2025-03-09 20:17:32.354333,706.0,511.0,342.0,2585.0,1318.0,391.0,66.32624444730745,80.59280734774703,61.352370073405254,40.38198087556033,17.38107788094653,43.74441435422658,43.58580856998356,73.17140485121058,57.60472340852272,86.10917320328033
2025-03-09 20:17:32.354333,689.0,506.0,336.0,2587.0,1329.0,401.0,66.32624444730745,80.59280734774703,61.352370073405254,40.38198087556033,17.38107788094653,43.74441435422658,43.58580856998356,73.17140485121058,57.60472340852272,86.10917320328033
2025-03-09 20:17:32.362667,688.0,509.0,336.0,2593.0,1330.0,401.0,66.48313847267086,80.64485631545706,61.70576101943374,40.491123509200996,17.397927377824,43.85134569138386,43.39984703994221,73.25262140663833,57.72095281107584,86.26276880952132
2025-03-09 20:17:32.362667,688.0,511.0,341.0,2591.0,1331.0,402.0,66.48313847267086,80.64485631545706,61.70576101943374,40.491123509200996,17.397927377824,43.85134569138386,43.39984703994221,73.25262140663833,57.72095281107584,86.26276880952132
2025-03-09 20:17:32.362667,688.0,510.0,343.0,2591.0,1333.0,406.0,66.48313847267086,80.64485631545706,61.70576101943374,40.491123509200996,17.397927377824,43.85134569138386,43.39984703994221,73.25262140663833,57.72095281107584,86.26276880952132
2025-03-09 20:17:32.362667,686.0,510.0,340.0,2595.0,1333.0,405.0,66.48313847267086,80.64485631545706,61.70576101943374,40.491123509200996,17.397927377824,43.85134569138386,43.39984703994221,73.25262140663833,57.72095281107584,86.26276880952132
2025-03-09 20:17:32.371000,684.0,510.0,336.0,2593.0,1333.0,409.0,66.64968163219848,80.68875831279156,62.05326063102326,40.59772486405333,17.41308537966167,43.95499705257663,43.223774855734554,73.33193403555478,57.82705710333886,86.41980846582746
2025-03-09 20:17:32.371000,681.0,508.0,340.0,2591.0,1339.0,406.0,66.64968163219848,80.68875831279156,62.05326063102326,40.59772486405333,17.41308537966167,43.95499705257663,43.223774855734554,73.33193403555478,57.82705710333886,86.41980846582746
2025-03-09 20:17:32.371000,664.0,509.0,340.0,2601.0,1349.0,419.0,66.64968163219848,80.68875831279156,62.05326063102326,40.59772486405333,17.41308537966167,43.95499705257663,43.223774855734554,73.33193403555478,57.82705710333886,86.41980846582746
2025-03-09 20:17:32.379333,662.0,505.0,342.0,2593.0,1349.0,422.0,66.82690976747381,80.7203194579271,62.39222548493026,40.70507525243921,17.42822567197516,44.059862376576575,43.055859222920304,73.40175976295913,57.91678362421917,86.57540241536341
2025-03-09 20:17:32.379333,661.0,507.0,337.0,2602.0,1351.0,422.0,66.82690976747381,80.7203194579271,62.39222548493026,40.70507525243921,17.42822567197516,44.059862376576575,43.055859222920304,73.40175976295913,57.91678362421917,86.57540241536341
2025-03-09 20:17:32.379333,656.0,509.0,336.0,2597.0,1358.0,425.0,66.82690976747381,80.7203194579271,62.39222548493026,40.70507525243921,17.42822567197516,44.059862376576575,43.055859222920304,73.40175976295913,57.91678362421917,86.57540241536341
2025-03-09 20:17:32.379333,656.0,510.0,336.0,2597.0,1359.0,428.0,66.82690976747381,80.7203194579271,62.39222548493026,40.70507525243921,17.42822567197516,44.059862376576575,43.055859222920304,73.40175976295913,57.91678362421917,86.57540241536341
2025-03-09 20:17:32.387667,656.0,510.0,337.0,2595.0,1360.0,426.0,67.01855515201012,80.7453176467464,62.72843100784918,40.81629801947457,17.446814010779686,44.17013453508295,42.896939406993724,73.46628268007423,57.995044344551424,86.7279458919399
2025-03-09 20:17:32.387667,656.0,507.0,339.0,2595.0,1360.0,428.0,67.01855515201012,80.7453176467464,62.72843100784918,40.81629801947457,17.446814010779686,44.17013453508295,42.896939406993724,73.46628268007423,57.995044344551424,86.7279458919399
2025-03-09 20:17:32.387667,654.0,507.0,339.0,2597.0,1361.0,429.0,67.01855515201012,80.7453176467464,62.72843100784918,40.81629801947457,17.446814010779686,44.17013453508295,42.896939406993724,73.46628268007423,57.995044344551424,86.7279458919399
2025-03-09 20:17:32.396000,639.0,501.0,336.0,2603.0,1378.0,436.0,67.2202618474855,80.76803157117627,63.07022282125442,40.93393970893956,17.47137189768222,44.28879484842907,42.741443085411206,73.52777193443985,58.070467494177805,86.8803009240916
2025-03-09 20:17:32.396000,631.0,505.0,331.0,2605.0,1383.0,442.0,67.2202618474855,80.76803157117627,63.07022282125442,40.93393970893956,17.47137189768222,44.28879484842907,42.741443085411206,73.52777193443985,58.070467494177805,86.8803009240916
2025-03-09 20:17:32.396000,634.0,503.0,336.0,2607.0,1386.0,439.0,67.2202618474855,80.76803157117627,63.07022282125442,40.93393970893956,17.47137189768222,44.28879484842907,42.741443085411206,73.52777193443985,58.070467494177805,86.8803009240916
2025-03-09 20:17:32.396000,633.0,501.0,338.0,2599.0,1387.0,443.0,67.2202618474855,80.76803157117627,63.07022282125442,40.93393970893956,17.47137189768222,44.28879484842907,42.741443085411206,73.52777193443985,58.070467494177805,86.8803009240916
2025-03-09 20:17:32.404333,629.0,497.0,336.0,2605.0,1387.0,447.0,67.41428945414376,80.76962685404058,63.40683604760075,41.05754890139228,17.49704792849515,44.41416543726926,42.576313822367865,73.56476080217102,58.131250708205975,87.03816777735608
2025-03-09 20:17:32.404333,629.0,496.0,336.0,2605.0,1390.0,443.0,67.41428945414376,80.76962685404058,63.40683604760075,41.05754890139228,17.49704792849515,44.41416543726926,42.576313822367865,73.56476080217102,58.131250708205975,87.03816777735608
2025-03-09 20:17:32.404333,626.0,501.0,336.0,2605.0,1391.0,444.0,67.41428945414376,80.76962685404058,63.40683604760075,41.05754890139228,17.49704792849515,44.41416543726926,42.576313822367865,73.56476080217102,58.131250708205975,87.03816777735608
2025-03-09 20:17:32.412667,613.0,496.0,337.0,2609.0,1413.0,454.0,67.5980764577111,80.74705908254704,63.732445942509806,41.18054677615935,17.518792944593184,44.53827258456258,42.40330071011346,73.57640320676461,58.17395498616349,87.20821882087137
2025-03-09 20:17:32.412667,613.0,499.0,336.0,2608.0,1413.0,458.0,67.5980764577111,80.74705908254704,63.732445942509806,41.18054677615935,17.518792944593184,44.53827258456258,42.40330071011346,73.57640320676461,58.17395498616349,87.20821882087137
2025-03-09 20:17:32.412667,608.0,497.0,336.0,2608.0,1415.0,455.0,67.5980764577111,80.74705908254704,63.732445942509806,41.18054677615935,17.518792944593184,44.53827258456258,42.40330071011346,73.57640320676461,58.17395498616349,87.20821882087137
2025-03-09 20:17:32.412667,608.0,501.0,336.0,2608.0,1417.0,459.0,67.5980764577111,80.74705908254704,63.732445942509806,41.18054677615935,17.518792944593184,44.53827258456258,42.40330071011346,73.57640320676461,58.17395498616349,87.20821882087137
2025-03-09 20:17:32.421000,607.0,501.0,336.0,2608.0,1418.0,460.0,67.7861056461439,80.71720411458571,64.0533677929374,41.29833362378689,17.536786753663876,44.65629810818143,42.23631177740342,73.5840732312992,58.20963405760107,87.39041878013015
2025-03-09 20:17:32.421000,605.0,500.0,336.0,2608.0,1417.0,463.0,67.7861056461439,80.71720411458571,64.0533677929374,41.29833362378689,17.536786753663876,44.65629810818143,42.23631177740342,73.5840732312992,58.20963405760107,87.39041878013015
2025-03-09 20:17:32.421000,604.0,499.0,337.0,2606.0,1422.0,461.0,67.7861056461439,80.71720411458571,64.0533677929374,41.29833362378689,17.536786753663876,44.65629810818143,42.23631177740342,73.5840732312992,58.20963405760107,87.39041878013015
2025-03-09 20:17:32.429333,603.0,501.0,334.0,2607.0,1424.0,464.0,67.98117555532693,80.67706901047906,64.35934210155663,41.40972772880282,17.55234831329506,44.767385655829244,42.085806388610514,73.58675747578246,58.23055331609453,87.57956487002168
2025-03-09 20:17:32.429333,590.0,504.0,338.0,2613.0,1445.0,475.0,67.98117555532693,80.67706901047906,64.35934210155663,41.40972772880282,17.55234831329506,44.767385655829244,42.085806388610514,73.58675747578246,58.23055331609453,87.57956487002168
2025-03-09 20:17:32.429333,586.0,499.0,336.0,2612.0,1444.0,476.0,67.98117555532693,80.67706901047906,64.35934210155663,41.40972772880282,17.55234831329506,44.767385655829244,42.085806388610514,73.58675747578246,58.23055331609453,87.57956487002168
2025-03-09 20:17:32.429333,592.0,496.0,342.0,2610.0,1450.0,477.0,67.98117555532693,80.67706901047906,64.35934210155663,41.40972772880282,17.55234831329506,44.767385655829244,42.085806388610514,73.58675747578246,58.23055331609453,87.57956487002168
2025-03-09 20:17:32.437667,587.0,496.0,340.0,2613.0,1450.0,480.0,68.17739000294735,80.61305572352443,64.62867822604399,41.51342635198441,17.566488758589077,44.87047587303117,41.961390023040586,73.57199755887738,58.218781241257446,87.77428813194643
2025-03-09 20:17:32.437667,585.0,503.0,337.0,2611.0,1451.0,480.0,68.17739000294735,80.61305572352443,64.62867822604399,41.51342635198441,17.566488758589077,44.87047587303117,41.961390023040586,73.57199755887738,58.218781241257446,87.77428813194643
2025-03-09 20:17:32.437667,587.0,496.0,338.0,2613.0,1455.0,480.0,68.17739000294735,80.61305572352443,64.62867822604399,41.51342635198441,17.566488758589077,44.87047587303117,41.961390023040586,73.57199755887738,58.218781241257446,87.77428813194643
2025-03-09 20:17:32.437667,577.0,497.0,341.0,2610.0,1455.0,481.0,68.17739000294735,80.61305572352443,64.62867822604399,41.51342635198441,17.566488758589077,44.87047587303117,41.961390023040586,73.57199755887738,58.218781241257446,87.77428813194643
2025-03-09 20:17:32.446000,565.0,496.0,339.0,2615.0,1474.0,496.0,68.3706273851447,80.51671975703066,64.8480583225456,41.61023190761722,17.580997514826443,44.9668420073219,41.868348155708794,73.5313624218266,58.16288566099201,87.97356602828448
2025-03-09 20:17:32.446000,562.0,496.0,336.0,2615.0,1472.0,496.0,68.3706273851447,80.51671975703066,64.8480583225456,41.61023190761722,17.580997514826443,44.9668420073219,41.868348155708794,73.5313624218266,58.16288566099201,87.97356602828448
2025-03-09 20:17:32.446000,563.0,502.0,335.0,2615.0,1475.0,497.0,68.3706273851447,80.51671975703066,64.8480583225456,41.61023190761722,17.580997514826443,44.9668420073219,41.868348155708794,73.5313624218266,58.16288566099201,87.97356602828448
2025-03-09 20:17:32.454333,562.0,501.0,336.0,2617.0,1476.0,498.0,68.55398589467606,80.38017730027288,65.01195683452958,41.70212267737728,17.59708861040929,45.058821168674115,41.803220655940756,73.45539807127538,58.055667853004636,88.169802080392
2025-03-09 20:17:32.454333,560.0,496.0,331.0,2619.0,1478.0,500.0,68.55398589467606,80.38017730027288,65.01195683452958,41.70212267737728,17.59708861040929,45.058821168674115,41.803220655940756,73.45539807127538,58.055667853004636,88.169802080392
2025-03-09 20:17:32.454333,560.0,498.0,336.0,2619.0,1479.0,502.0,68.55398589467606,80.38017730027288,65.01195683452958,41.70212267737728,17.59708861040929,45.058821168674115,41.803220655940756,73.45539807127538,58.055667853004636,88.169802080392
2025-03-09 20:17:32.454333,560.0,497.0,336.0,2613.0,1473.0,503.0,68.55398589467606,80.38017730027288,65.01195683452958,41.70212267737728,17.59708861040929,45.058821168674115,41.803220655940756,73.45539807127538,58.055667853004636,88.169802080392
2025-03-09 20:17:32.462667,556.0,496.0,336.0,2617.0,1479.0,502.0,68.71729190566194,80.19797247276193,65.11942071210575,41.79092711746625,17.613271092575708,45.147521523033596,41.75663695507046,73.3370935717059,57.896671657962244,88.35071756649539
2025-03-09 20:17:32.462667,539.0,500.0,336.0,2622.0,1493.0,511.0,68.71729190566194,80.19797247276193,65.11942071210575,41.79092711746625,17.613271092575708,45.147521523033596,41.75663695507046,73.3370935717059,57.896671657962244,88.35071756649539
2025-03-09 20:17:32.462667,539.0,497.0,336.0,2623.0,1499.0,511.0,68.71729190566194,80.19797247276193,65.11942071210575,41.79092711746625,17.613271092575708,45.147521523033596,41.75663695507046,73.3370935717059,57.896671657962244,88.35071756649539
2025-03-09 20:17:32.471000,535.0,495.0,336.0,2621.0,1503.0,511.0,68.85148186867023,79.96924975951264,65.17379236875792,41.87765672026209,17.624942339137515,45.23176589066459,41.71806764722985,73.17643982679103,57.69333377258904,88.50450982880537
2025-03-09 20:17:32.471000,537.0,495.0,336.0,2617.0,1502.0,511.0,68.85148186867023,79.96924975951264,65.17379236875792,41.87765672026209,17.624942339137515,45.23176589066459,41.71806764722985,73.17643982679103,57.69333377258904,88.50450982880537
2025-03-09 20:17:32.471000,533.0,495.0,336.0,2620.0,1502.0,523.0,68.85148186867023,79.96924975951264,65.17379236875792,41.87765672026209,17.624942339137515,45.23176589066459,41.71806764722985,73.17643982679103,57.69333377258904,88.50450982880537
2025-03-09 20:17:32.471000,533.0,496.0,338.0,2618.0,1504.0,525.0,68.85148186867023,79.96924975951264,65.17379236875792,41.87765672026209,17.624942339137515,45.23176589066459,41.71806764722985,73.17643982679103,57.69333377258904,88.50450982880537
2025-03-09 20:17:32.479333,531.0,495.0,336.0,2618.0,1508.0,526.0,68.95136438629704,79.70087637232446,65.18265183759034,41.96169611110975,17.62739359153781,45.308575545110784,41.68015099197459,72.98229865954696,57.46024101816452,88.62394379040151
2025-03-09 20:17:32.479333,511.0,493.0,335.0,2622.0,1516.0,533.0,68.95136438629704,79.70087637232446,65.18265183759034,41.96169611110975,17.62739359153781,45.308575545110784,41.68015099197459,72.98229865954696,57.46024101816452,88.62394379040151
2025-03-09 20:17:32.479333,511.0,496.0,335.0,2617.0,1519.0,537.0,68.95136438629704,79.70087637232446,65.18265183759034,41.96169611110975,17.62739359153781,45.308575545110784,41.68015099197459,72.98229865954696,57.46024101816452,88.62394379040151
2025-03-09 20:17:32.487667,523.0,494.0,339.0,2619.0,1520.0,538.0,69.01604740449739,79.4054984254759,65.153777604612,42.041610942265784,17.618150473882995,45.375230978049196,41.640657962350815,72.76811459780721,57.213559777423484,88.70776908008932
2025-03-09 20:17:32.487667,511.0,494.0,337.0,2618.0,1519.0,538.0,69.01604740449739,79.4054984254759,65.153777604612,42.041610942265784,17.618150473882995,45.375230978049196,41.640657962350815,72.76811459780721,57.213559777423484,88.70776908008932
2025-03-09 20:17:32.487667,511.0,495.0,336.0,2624.0,1520.0,542.0,69.01604740449739,79.4054984254759,65.153777604612,42.041610942265784,17.618150473882995,45.375230978049196,41.640657962350815,72.76811459780721,57.213559777423484,88.70776908008932
2025-03-09 20:17:32.487667,511.0,496.0,336.0,2623.0,1520.0,544.0,69.01604740449739,79.4054984254759,65.153777604612,42.041610942265784,17.618150473882995,45.375230978049196,41.640657962350815,72.76811459780721,57.213559777423484,88.70776908008932
2025-03-09 20:17:32.496000,507.0,493.0,330.0,2620.0,1522.0,544.0,69.04779889442278,79.09278902272423,65.08842849572615,42.11632597466482,17.596836959111208,45.430699466021565,41.602243405073615,72.54263494748275,56.96083429931691,88.7582056959705
2025-03-09 20:17:32.496000,508.0,496.0,333.0,2624.0,1525.0,547.0,69.04779889442278,79.09278902272423,65.08842849572615,42.11632597466482,17.596836959111208,45.430699466021565,41.602243405073615,72.54263494748275,56.96083429931691,88.7582056959705
2025-03-09 20:17:32.496000,496.0,493.0,329.0,2624.0,1527.0,560.0,69.04779889442278,79.09278902272423,65.08842849572615,42.11632597466482,17.596836959111208,45.430699466021565,41.602243405073615,72.54263494748275,56.96083429931691,88.7582056959705
2025-03-09 20:17:32.504333,498.0,494.0,333.0,2615.0,1535.0,561.0,69.05011906906137,78.76879675089384,64.98539354667277,42.18383625282496,17.56387928570285,45.473657040778015,41.569238427399526,72.31063677252769,56.70351952599606,88.77899289607086
2025-03-09 20:17:32.504333,496.0,497.0,334.0,2622.0,1533.0,560.0,69.05011906906137,78.76879675089384,64.98539354667277,42.18383625282496,17.56387928570285,45.473657040778015,41.569238427399526,72.31063677252769,56.70351952599606,88.77899289607086
2025-03-09 20:17:32.504333,496.0,491.0,340.0,2623.0,1533.0,567.0,69.05011906906137,78.76879675089384,64.98539354667277,42.18383625282496,17.56387928570285,45.473657040778015,41.569238427399526,72.31063677252769,56.70351952599606,88.77899289607086
2025-03-09 20:17:32.504333,496.0,496.0,335.0,2617.0,1535.0,563.0,69.05011906906137,78.76879675089384,64.98539354667277,42.18383625282496,17.56387928570285,45.473657040778015,41.569238427399526,72.31063677252769,56.70351952599606,88.77899289607086
2025-03-09 20:17:32.512667,496.0,494.0,336.0,2624.0,1534.0,565.0,69.02571128257848,78.43770457353409,64.84353857805748,42.24089644023979,17.519766131887867,45.50160561162425,41.54578955507522,72.0753923383394,56.44133186241452,88.77437601164374
2025-03-09 20:17:32.512667,493.0,493.0,336.0,2621.0,1535.0,563.0,69.02571128257848,78.43770457353409,64.84353857805748,42.24089644023979,17.519766131887867,45.50160561162425,41.54578955507522,72.0753923383394,56.44133186241452,88.77437601164374
2025-03-09 20:17:32.512667,485.0,494.0,341.0,2625.0,1535.0,573.0,69.02571128257848,78.43770457353409,64.84353857805748,42.24089644023979,17.519766131887867,45.50160561162425,41.54578955507522,72.0753923383394,56.44133186241452,88.77437601164374
2025-03-09 20:17:32.512667,486.0,496.0,338.0,2621.0,1535.0,576.0,69.02571128257848,78.43770457353409,64.84353857805748,42.24089644023979,17.519766131887867,45.50160561162425,41.54578955507522,72.0753923383394,56.44133186241452,88.77437601164374
2025-03-09 20:17:32.521000,487.0,496.0,342.0,2624.0,1535.0,576.0,68.976917744965,78.10325502830929,64.66300484958246,42.28231098249468,17.466849562669335,45.51122356366223,41.535791326807704,71.83787019353743,56.17135659654552,88.74909179247898
2025-03-09 20:17:32.521000,481.0,494.0,342.0,2621.0,1535.0,576.0,68.976917744965,78.10325502830929,64.66300484958246,42.28231098249468,17.466849562669335,45.51122356366223,41.535791326807704,71.83787019353743,56.17135659654552,88.74909179247898
2025-03-09 20:17:32.521000,483.0,490.0,338.0,2621.0,1535.0,576.0,68.976917744965,78.10325502830929,64.66300484958246,42.28231098249468,17.466849562669335,45.51122356366223,41.535791326807704,71.83787019353743,56.17135659654552,88.74909179247898
2025-03-09 20:17:32.521000,483.0,494.0,340.0,2623.0,1535.0,576.0,68.976917744965,78.10325502830929,64.66300484958246,42.28231098249468,17.466849562669335,45.51122356366223,41.535791326807704,71.83787019353743,56.17135659654552,88.74909179247898
2025-03-09 20:17:32.529333,480.0,493.0,342.0,2618.0,1535.0,579.0,68.90846967697505,77.77192269614008,64.45017729337643,42.30615424123587,17.407004286412455,45.50181091662533,41.540269875998625,71.60280869601799,55.89693530164996,88.70953129969962
2025-03-09 20:17:32.529333,486.0,496.0,336.0,2620.0,1535.0,576.0,68.90846967697505,77.77192269614008,64.45017729337643,42.30615424123587,17.407004286412455,45.50181091662533,41.540269875998625,71.60280869601799,55.89693530164996,88.70953129969962
2025-03-09 20:17:32.529333,471.0,494.0,342.0,2618.0,1535.0,576.0,68.90846967697505,77.77192269614008,64.45017729337643,42.30615424123587,17.407004286412455,45.50181091662533,41.540269875998625,71.60280869601799,55.89693530164996,88.70953129969962
2025-03-09 20:17:32.537667,475.0,496.0,340.0,2621.0,1535.0,576.0,68.8259219391246,77.45130794328364,64.21405773109556,42.31908564730203,17.339937865888004,45.47935069213804,41.555884085918706,71.37821426311707,55.629590653669695,88.6610793917557
2025-03-09 20:17:32.537667,473.0,488.0,341.0,2624.0,1535.0,576.0,68.8259219391246,77.45130794328364,64.21405773109556,42.31908564730203,17.339937865888004,45.47935069213804,41.555884085918706,71.37821426311707,55.629590653669695,88.6610793917557
2025-03-09 20:17:32.537667,475.0,489.0,339.0,2615.0,1535.0,571.0,68.8259219391246,77.45130794328364,64.21405773109556,42.31908564730203,17.339937865888004,45.47935069213804,41.555884085918706,71.37821426311707,55.629590653669695,88.6610793917557
2025-03-09 20:17:32.537667,474.0,495.0,338.0,2622.0,1535.0,576.0,68.8259219391246,77.45130794328364,64.21405773109556,42.31908564730203,17.339937865888004,45.47935069213804,41.555884085918706,71.37821426311707,55.629590653669695,88.6610793917557
2025-03-09 20:17:32.546000,476.0,490.0,343.0,2622.0,1535.0,576.0,68.73433788528946,77.14784578142826,63.96403867413936,42.32651404923403,17.266530800513337,45.449262540791175,41.57914154803196,71.169896629662,55.37840837755857,88.6070506973744
2025-03-09 20:17:32.546000,473.0,486.0,346.0,2621.0,1535.0,572.0,68.73433788528946,77.14784578142826,63.96403867413936,42.32651404923403,17.266530800513337,45.449262540791175,41.57914154803196,71.169896629662,55.37840837755857,88.6070506973744
2025-03-09 20:17:32.546000,473.0,495.0,343.0,2624.0,1535.0,574.0,68.73433788528946,77.14784578142826,63.96403867413936,42.32651404923403,17.266530800513337,45.449262540791175,41.57914154803196,71.169896629662,55.37840837755857,88.6070506973744
2025-03-09 20:17:32.546000,469.0,493.0,339.0,2618.0,1535.0,570.0,68.73433788528946,77.14784578142826,63.96403867413936,42.32651404923403,17.266530800513337,45.449262540791175,41.57914154803196,71.169896629662,55.37840837755857,88.6070506973744
2025-03-09 20:17:32.554333,464.0,493.0,337.0,2621.0,1535.0,570.0,68.63962217832605,76.86693146485128,63.70836112884618,42.329751529173066,17.189833160087485,45.41421653240346,41.60985952129493,70.98144744993296,55.146869910193104,88.54986325084293
2025-03-09 20:17:32.554333,468.0,490.0,342.0,2615.0,1535.0,570.0,68.63962217832605,76.86693146485128,63.70836112884618,42.329751529173066,17.189833160087485,45.41421653240346,41.60985952129493,70.98144744993296,55.146869910193104,88.54986325084293
2025-03-09 20:17:32.562667,470.0,493.0,336.0,2621.0,1533.0,570.0,68.54715386914943,76.61187789048395,63.451654502801496,42.330462868619385,17.11254520537686,45.37700767376186,41.64933285776231,70.81497405991594,54.93598281960995,88.49143822355128
2025-03-09 20:17:32.562667,464.0,491.0,342.0,2619.0,1535.0,574.0,68.54715386914943,76.61187789048395,63.451654502801496,42.330462868619385,17.11254520537686,45.37700767376186,41.64933285776231,70.81497405991594,54.93598281960995,88.49143822355128
2025-03-09 20:17:32.562667,467.0,487.0,336.0,2622.0,1533.0,569.0,68.54715386914943,76.61187789048395,63.451654502801496,42.330462868619385,17.11254520537686,45.37700767376186,41.64933285776231,70.81497405991594,54.93598281960995,88.49143822355128
2025-03-09 20:17:32.562667,467.0,489.0,338.0,2618.0,1531.0,567.0,68.54715386914943,76.61187789048395,63.451654502801496,42.330462868619385,17.11254520537686,45.37700767376186,41.64933285776231,70.81497405991594,54.93598281960995,88.49143822355128
2025-03-09 20:17:32.571000,465.0,485.0,349.0,2618.0,1523.0,560.0,68.4607126872887,76.38451193784732,63.19919142792637,42.33014313118606,17.036219428746755,45.339812332136944,41.69652687773776,70.67138458342434,54.74703786013844,88.4337252772265
2025-03-09 20:17:32.571000,465.0,486.0,349.0,2611.0,1520.0,560.0,68.4607126872887,76.38451193784732,63.19919142792637,42.33014313118606,17.036219428746755,45.339812332136944,41.69652687773776,70.67138458342434,54.74703786013844,88.4337252772265
2025-03-09 20:17:32.571000,464.0,489.0,337.0,2619.0,1523.0,560.0,68.4607126872887,76.38451193784732,63.19919142792637,42.33014313118606,17.036219428746755,45.339812332136944,41.69652687773776,70.67138458342434,54.74703786013844,88.4337252772265
2025-03-09 20:17:32.571000,464.0,486.0,339.0,2624.0,1521.0,559.0,68.4607126872887,76.38451193784732,63.19919142792637,42.33014313118606,17.036219428746755,45.339812332136944,41.69652687773776,70.67138458342434,54.74703786013844,88.4337252772265
2025-03-09 20:17:32.579333,464.0,489.0,336.0,2614.0,1520.0,558.0,68.38306536066696,76.18600637408144,62.95915454116867,42.331973171799795,16.96279966003756,45.306560816258056,41.74680751462974,70.55013896157612,54.58247420866746,88.37918779777382
2025-03-09 20:17:32.579333,464.0,491.0,345.0,2618.0,1519.0,559.0,68.38306536066696,76.18600637408144,62.95915454116867,42.331973171799795,16.96279966003756,45.306560816258056,41.74680751462974,70.55013896157612,54.58247420866746,88.37918779777382
2025-03-09 20:17:32.579333,463.0,491.0,346.0,2622.0,1520.0,559.0,68.38306536066696,76.18600637408144,62.95915454116867,42.331973171799795,16.96279966003756,45.306560816258056,41.74680751462974,70.55013896157612,54.58247420866746,88.37918779777382
2025-03-09 20:17:32.579333,464.0,490.0,346.0,2619.0,1520.0,558.0,68.38306536066696,76.18600637408144,62.95915454116867,42.331973171799795,16.96279966003756,45.306560816258056,41.74680751462974,70.55013896157612,54.58247420866746,88.37918779777382
2025-03-09 20:17:32.587667,458.0,486.0,366.0,2615.0,1516.0,550.0,68.31643505578397,76.01691666940052,62.7389309341242,42.333920555712325,16.898329531290436,45.27805118788569,41.79906330139286,70.44779520413164,54.43815874060078,88.33149367258014
2025-03-09 20:17:32.587667,462.0,482.0,366.0,2617.0,1517.0,549.0,68.31643505578397,76.01691666940052,62.7389309341242,42.333920555712325,16.898329531290436,45.27805118788569,41.79906330139286,70.44779520413164,54.43815874060078,88.33149367258014
2025-03-09 20:17:32.587667,462.0,493.0,368.0,2618.0,1514.0,546.0,68.31643505578397,76.01691666940052,62.7389309341242,42.333920555712325,16.898329531290436,45.27805118788569,41.79906330139286,70.44779520413164,54.43815874060078,88.33149367258014
2025-03-09 20:17:32.596000,463.0,484.0,368.0,2614.0,1514.0,548.0,68.26312359156385,75.87842942774645,62.5447920755473,42.33036733809685,16.847175325883462,45.25084490459239,41.854623859555716,70.36347945564606,54.310310549595776,88.294869338849
2025-03-09 20:17:32.596000,459.0,485.0,365.0,2613.0,1511.0,545.0,68.26312359156385,75.87842942774645,62.5447920755473,42.33036733809685,16.847175325883462,45.25084490459239,41.854623859555716,70.36347945564606,54.310310549595776,88.294869338849
2025-03-09 20:17:32.596000,461.0,491.0,367.0,2617.0,1512.0,544.0,68.26312359156385,75.87842942774645,62.5447920755473,42.33036733809685,16.847175325883462,45.25084490459239,41.854623859555716,70.36347945564606,54.310310549595776,88.294869338849
2025-03-09 20:17:32.604333,461.0,483.0,356.0,2618.0,1514.0,543.0,68.22549212752786,75.77271827647431,62.38151533058619,42.32657749037248,16.806725814362693,45.22865943228437,41.90938406403281,70.30101275447201,54.206483941758414,88.27223401612794
2025-03-09 20:17:32.604333,461.0,484.0,359.0,2614.0,1502.0,533.0,68.22549212752786,75.77271827647431,62.38151533058619,42.32657749037248,16.806725814362693,45.22865943228437,41.90938406403281,70.30101275447201,54.206483941758414,88.27223401612794
2025-03-09 20:17:32.604333,461.0,490.0,368.0,2614.0,1500.0,535.0,68.22549212752786,75.77271827647431,62.38151533058619,42.32657749037248,16.806725814362693,45.22865943228437,41.90938406403281,70.30101275447201,54.206483941758414,88.27223401612794
2025-03-09 20:17:32.604333,455.0,487.0,383.0,2619.0,1503.0,538.0,68.22549212752786,75.77271827647431,62.38151533058619,42.32657749037248,16.806725814362693,45.22865943228437,41.90938406403281,70.30101275447201,54.206483941758414,88.27223401612794
2025-03-09 20:17:32.604333,463.0,485.0,377.0,2618.0,1502.0,530.0,68.22549212752786,75.77271827647431,62.38151533058619,42.32657749037248,16.806725814362693,45.22865943228437,41.90938406403281,70.30101275447201,54.206483941758414,88.27223401612794
2025-03-09 20:17:32.612667,460.0,481.0,379.0,2619.0,1503.0,535.0,68.20562672212571,75.70167655860831,62.251397254696016,42.32892986845422,16.774927919315907,45.21661239910608,41.96011312044299,70.26310994413548,54.1329539558637,88.26485001987717
2025-03-09 20:17:32.612667,459.0,491.0,383.0,2615.0,1501.0,531.0,68.20562672212571,75.70167655860831,62.251397254696016,42.32892986845422,16.774927919315907,45.21661239910608,41.96011312044299,70.26310994413548,54.1329539558637,88.26485001987717
2025-03-09 20:17:32.612667,459.0,491.0,369.0,2616.0,1497.0,529.0,68.20562672212571,75.70167655860831,62.251397254696016,42.32892986845422,16.774927919315907,45.21661239910608,41.96011312044299,70.26310994413548,54.1329539558637,88.26485001987717
2025-03-09 20:17:32.621000,456.0,486.0,373.0,2614.0,1499.0,528.0,68.20393701842515,75.6657862666338,62.153892545268846,42.337601984157466,16.75223620932507,45.21509797355342,42.00748227372815,70.24976245415661,54.08938046942069,88.27178078710092
2025-03-09 20:17:32.621000,459.0,488.0,353.0,2618.0,1491.0,511.0,68.20393701842515,75.6657862666338,62.153892545268846,42.337601984157466,16.75223620932507,45.21509797355342,42.00748227372815,70.24976245415661,54.08938046942069,88.27178078710092
2025-03-09 20:17:32.621000,455.0,485.0,357.0,2611.0,1491.0,523.0,68.20393701842515,75.6657862666338,62.153892545268846,42.337601984157466,16.75223620932507,45.21509797355342,42.00748227372815,70.24976245415661,54.08938046942069,88.27178078710092
2025-03-09 20:17:32.621000,452.0,484.0,355.0,2617.0,1493.0,511.0,68.20393701842515,75.6657862666338,62.153892545268846,42.337601984157466,16.75223620932507,45.21509797355342,42.00748227372815,70.24976245415661,54.08938046942069,88.27178078710092
2025-03-09 20:17:32.629333,455.0,483.0,362.0,2618.0,1491.0,511.0,68.21862247334938,75.66518301930455,62.08666956234638,42.3513664910071,16.739065689806445,45.22303694783466,42.052797590703705,70.26078739971508,54.07507563082056,88.28954710442669
2025-03-09 20:17:32.629333,449.0,482.0,348.0,2615.0,1489.0,511.0,68.21862247334938,75.66518301930455,62.08666956234638,42.3513664910071,16.739065689806445,45.22303694783466,42.052797590703705,70.26078739971508,54.07507563082056,88.28954710442669
2025-03-09 20:17:32.629333,458.0,486.0,364.0,2619.0,1491.0,511.0,68.21862247334938,75.66518301930455,62.08666956234638,42.3513664910071,16.739065689806445,45.22303694783466,42.052797590703705,70.26078739971508,54.07507563082056,88.28954710442669
2025-03-09 20:17:32.629333,453.0,481.0,355.0,2615.0,1490.0,511.0,68.21862247334938,75.66518301930455,62.08666956234638,42.3513664910071,16.739065689806445,45.22303694783466,42.052797590703705,70.26078739971508,54.07507563082056,88.28954710442669
2025-03-09 20:17:32.637667,456.0,480.0,368.0,2610.0,1476.0,503.0,68.24666147161774,75.6997679197093,62.04637981938698,42.36886733905947,16.735555330563002,45.239250113129934,42.09671280021701,70.29510254384994,54.08911850330177,88.31366325742849
2025-03-09 20:17:32.637667,451.0,480.0,368.0,2613.0,1478.0,503.0,68.24666147161774,75.6997679197093,62.04637981938698,42.36886733905947,16.735555330563002,45.239250113129934,42.09671280021701,70.29510254384994,54.08911850330177,88.31366325742849
2025-03-09 20:17:32.637667,449.0,483.0,368.0,2609.0,1478.0,499.0,68.24666147161774,75.6997679197093,62.04637981938698,42.36886733905947,16.735555330563002,45.239250113129934,42.09671280021701,70.29510254384994,54.08911850330177,88.31366325742849
2025-03-09 20:17:32.646000,457.0,483.0,368.0,2608.0,1476.0,502.0,68.28485394098051,75.76967572796964,62.03018292814661,42.3893433678128,16.741920176082004,45.263335168764165,42.13865772147229,70.3508910727425,54.130821262021435,88.33966275376154
2025-03-09 20:17:32.646000,451.0,478.0,368.0,2611.0,1477.0,498.0,68.28485394098051,75.76967572796964,62.03018292814661,42.3893433678128,16.741920176082004,45.263335168764165,42.13865772147229,70.3508910727425,54.130821262021435,88.33966275376154
2025-03-09 20:17:32.646000,454.0,479.0,369.0,2612.0,1476.0,500.0,68.28485394098051,75.76967572796964,62.03018292814661,42.3893433678128,16.741920176082004,45.263335168764165,42.13865772147229,70.3508910727425,54.130821262021435,88.33966275376154
2025-03-09 20:17:32.654333,451.0,490.0,368.0,2611.0,1474.0,500.0,68.3295891742833,75.87477245661461,62.03489638978632,42.41088512074672,16.75766840190229,45.29348113452928,42.17835158987127,70.42670932104608,54.19950291481519,88.36303864379127
2025-03-09 20:17:32.654333,450.0,490.0,369.0,2612.0,1472.0,498.0,68.3295891742833,75.87477245661461,62.03489638978632,42.41088512074672,16.75766840190229,45.29348113452928,42.17835158987127,70.42670932104608,54.19950291481519,88.36303864379127
2025-03-09 20:17:32.654333,451.0,483.0,366.0,2612.0,1468.0,495.0,68.3295891742833,75.87477245661461,62.03489638978632,42.41088512074672,16.75766840190229,45.29348113452928,42.17835158987127,70.42670932104608,54.19950291481519,88.36303864379127
2025-03-09 20:17:32.654333,450.0,478.0,364.0,2618.0,1470.0,493.0,68.3295891742833,75.87477245661461,62.03489638978632,42.41088512074672,16.75766840190229,45.29348113452928,42.17835158987127,70.42670932104608,54.19950291481519,88.36303864379127
2025-03-09 20:17:32.662667,449.0,479.0,364.0,2614.0,1467.0,493.0,68.37782495747545,76.01487350777577,62.05905926044599,42.43262295222804,16.783154205403985,45.328969209521375,42.21525214810159,70.52154068246922,54.295121720085326,88.37893088587845
2025-03-09 20:17:32.662667,449.0,482.0,359.0,2610.0,1467.0,493.0,68.37782495747545,76.01487350777577,62.05905926044599,42.43262295222804,16.783154205403985,45.328969209521375,42.21525214810159,70.52154068246922,54.295121720085326,88.37893088587845
2025-03-09 20:17:32.662667,450.0,478.0,360.0,2614.0,1467.0,489.0,68.37782495747545,76.01487350777577,62.05905926044599,42.43262295222804,16.783154205403985,45.328969209521375,42.21525214810159,70.52154068246922,54.295121720085326,88.37893088587845
2025-03-09 20:17:32.662667,448.0,484.0,368.0,2613.0,1466.0,492.0,68.37782495747545,76.01487350777577,62.05905926044599,42.43262295222804,16.783154205403985,45.328969209521375,42.21525214810159,70.52154068246922,54.295121720085326,88.37893088587845
2025-03-09 20:17:32.671000,449.0,482.0,364.0,2612.0,1463.0,487.0,68.42650405265509,76.18946057170687,62.10382409420346,42.45380776829649,16.819920887463393,45.369457256869545,42.24798017305326,70.63422812924158,54.417852878555856,88.38288546668787
2025-03-09 20:17:32.671000,450.0,482.0,362.0,2615.0,1463.0,483.0,68.42650405265509,76.18946057170687,62.10382409420346,42.45380776829649,16.819920887463393,45.369457256869545,42.24798017305326,70.63422812924158,54.417852878555856,88.38288546668787
2025-03-09 20:17:32.671000,448.0,485.0,359.0,2613.0,1461.0,483.0,68.42650405265509,76.18946057170687,62.10382409420346,42.45380776829649,16.819920887463393,45.369457256869545,42.24798017305326,70.63422812924158,54.417852878555856,88.38288546668787
2025-03-09 20:17:32.679333,450.0,487.0,355.0,2616.0,1460.0,480.0,68.47140102763066,76.39692307824868,62.168531570757224,42.47234355235387,16.866304729491382,45.412270953609315,42.274147095636394,70.76346769630665,54.568221264952,88.37196988030816
2025-03-09 20:17:32.679333,449.0,481.0,346.0,2613.0,1461.0,482.0,68.47140102763066,76.39692307824868,62.168531570757224,42.47234355235387,16.866304729491382,45.412270953609315,42.274147095636394,70.76346769630665,54.568221264952,88.37196988030816
2025-03-09 20:17:32.679333,448.0,476.0,351.0,2610.0,1463.0,481.0,68.47140102763066,76.39692307824868,62.168531570757224,42.47234355235387,16.866304729491382,45.412270953609315,42.274147095636394,70.76346769630665,54.568221264952,88.37196988030816
2025-03-09 20:17:32.679333,448.0,481.0,352.0,2618.0,1465.0,481.0,68.47140102763066,76.39692307824868,62.168531570757224,42.47234355235387,16.866304729491382,45.412270953609315,42.274147095636394,70.76346769630665,54.568221264952,88.37196988030816
2025-03-09 20:17:32.687667,451.0,480.0,350.0,2608.0,1463.0,481.0,68.50893555387054,76.63647966063371,62.253910141590865,42.48741044576032,16.918727963710058,45.45509904210466,42.29005746160541,70.91005309438457,54.750010716687584,88.34432651743754
2025-03-09 20:17:32.687667,448.0,475.0,347.0,2614.0,1461.0,478.0,68.50893555387054,76.63647966063371,62.253910141590865,42.48741044576032,16.918727963710058,45.45509904210466,42.29005746160541,70.91005309438457,54.750010716687584,88.34432651743754
2025-03-09 20:17:32.687667,448.0,481.0,363.0,2609.0,1466.0,479.0,68.50893555387054,76.63647966063371,62.253910141590865,42.48741044576032,16.918727963710058,45.45509904210466,42.29005746160541,70.91005309438457,54.750010716687584,88.34432651743754
2025-03-09 20:17:32.696000,447.0,484.0,366.0,2609.0,1465.0,476.0,68.53692281241085,76.90709485130347,62.362304973428955,42.498794253780986,16.974803813355248,45.496456959468446,42.292702755135075,71.07516032442254,54.966516357262094,88.29897323275141
2025-03-09 20:17:32.696000,451.0,483.0,365.0,2614.0,1463.0,482.0,68.53692281241085,76.90709485130347,62.362304973428955,42.498794253780986,16.974803813355248,45.496456959468446,42.292702755135075,71.07516032442254,54.966516357262094,88.29897323275141
2025-03-09 20:17:32.696000,448.0,478.0,367.0,2614.0,1466.0,478.0,68.53692281241085,76.90709485130347,62.362304973428955,42.498794253780986,16.974803813355248,45.496456959468446,42.292702755135075,71.07516032442254,54.966516357262094,88.29897323275141
2025-03-09 20:17:32.696000,450.0,482.0,367.0,2611.0,1463.0,477.0,68.53692281241085,76.90709485130347,62.362304973428955,42.498794253780986,16.974803813355248,45.496456959468446,42.292702755135075,71.07516032442254,54.966516357262094,88.29897323275141
2025-03-09 20:17:32.704333,448.0,477.0,368.0,2615.0,1469.0,475.0,68.5539073792332,77.20577488850446,62.4943599796199,42.507146241346945,17.032532228322317,45.53606141107047,42.27932921556676,71.2573424230988,55.21775054168812,88.23642581543719
2025-03-09 20:17:32.704333,449.0,483.0,363.0,2613.0,1462.0,476.0,68.5539073792332,77.20577488850446,62.4943599796199,42.507146241346945,17.032532228322317,45.53606141107047,42.27932921556676,71.2573424230988,55.21775054168812,88.23642581543719
2025-03-09 20:17:32.704333,449.0,479.0,368.0,2614.0,1471.0,474.0,68.5539073792332,77.20577488850446,62.4943599796199,42.507146241346945,17.032532228322317,45.53606141107047,42.27932921556676,71.2573424230988,55.21775054168812,88.23642581543719
2025-03-09 20:17:32.712667,450.0,475.0,368.0,2614.0,1471.0,474.0,68.5594360363219,77.52824682960578,62.64763928311206,42.513870250294275,17.090171436344363,45.57453268048638,42.24916210159593,71.4538534655566,55.500913538946286,88.15848706939947
2025-03-09 20:17:32.712667,450.0,484.0,368.0,2614.0,1471.0,475.0,68.5594360363219,77.52824682960578,62.64763928311206,42.513870250294275,17.090171436344363,45.57453268048638,42.24916210159593,71.4538534655566,55.500913538946286,88.15848706939947
2025-03-09 20:17:32.712667,451.0,486.0,368.0,2612.0,1472.0,475.0,68.5594360363219,77.52824682960578,62.64763928311206,42.513870250294275,17.090171436344363,45.57453268048638,42.24916210159593,71.4538534655566,55.500913538946286,88.15848706939947
2025-03-09 20:17:32.712667,447.0,482.0,370.0,2615.0,1472.0,476.0,68.5594360363219,77.52824682960578,62.64763928311206,42.513870250294275,17.090171436344363,45.57453268048638,42.24916210159593,71.4538534655566,55.500913538946286,88.15848706939947
2025-03-09 20:17:32.721000,450.0,480.0,370.0,2614.0,1472.0,474.0,68.55361155359486,77.8691405422602,62.818700652516874,42.51435178373599,17.14973984938329,45.60829196450478,42.20651883952938,71.66005309832471,55.80606234634048,88.06754833646305
2025-03-09 20:17:32.721000,450.0,480.0,370.0,2610.0,1475.0,475.0,68.55361155359486,77.8691405422602,62.818700652516874,42.51435178373599,17.14973984938329,45.60829196450478,42.20651883952938,71.66005309832471,55.80606234634048,88.06754833646305
2025-03-09 20:17:32.721000,451.0,480.0,368.0,2614.0,1473.0,473.0,68.55361155359486,77.8691405422602,62.818700652516874,42.51435178373599,17.14973984938329,45.60829196450478,42.20651883952938,71.66005309832471,55.80606234634048,88.06754833646305
2025-03-09 20:17:32.721000,452.0,478.0,367.0,2615.0,1475.0,469.0,68.55361155359486,77.8691405422602,62.818700652516874,42.51435178373599,17.14973984938329,45.60829196450478,42.20651883952938,71.66005309832471,55.80606234634048,88.06754833646305
2025-03-09 20:17:32.729333,451.0,479.0,362.0,2608.0,1475.0,473.0,68.53716773500771,78.22237569573873,63.002669303606595,42.5007060365603,17.215107441210414,45.631496086318684,42.15898348349959,71.87006940821581,56.1188650707743,87.96707204717481
2025-03-09 20:17:32.729333,453.0,479.0,370.0,2611.0,1473.0,473.0,68.53716773500771,78.22237569573873,63.002669303606595,42.5007060365603,17.215107441210414,45.631496086318684,42.15898348349959,71.87006940821581,56.1188650707743,87.96707204717481
2025-03-09 20:17:32.729333,453.0,481.0,370.0,2614.0,1475.0,471.0,68.53716773500771,78.22237569573873,63.002669303606595,42.5007060365603,17.215107441210414,45.631496086318684,42.15898348349959,71.87006940821581,56.1188650707743,87.96707204717481
2025-03-09 20:17:32.737667,453.0,482.0,368.0,2614.0,1474.0,471.0,68.51087237006021,78.58261184458435,63.19484006290117,42.471279375119266,17.286876060455743,45.642605510084195,42.11102261569259,72.08081887021345,56.43179923865052,87.86050871778322
2025-03-09 20:17:32.737667,455.0,486.0,368.0,2614.0,1473.0,474.0,68.51087237006021,78.58261184458435,63.19484006290117,42.471279375119266,17.286876060455743,45.642605510084195,42.11102261569259,72.08081887021345,56.43179923865052,87.86050871778322
2025-03-09 20:17:32.737667,451.0,481.0,371.0,2614.0,1475.0,470.0,68.51087237006021,78.58261184458435,63.19484006290117,42.471279375119266,17.286876060455743,45.642605510084195,42.11102261569259,72.08081887021345,56.43179923865052,87.86050871778322
2025-03-09 20:17:32.737667,456.0,485.0,373.0,2612.0,1474.0,471.0,68.51087237006021,78.58261184458435,63.19484006290117,42.471279375119266,17.286876060455743,45.642605510084195,42.11102261569259,72.08081887021345,56.43179923865052,87.86050871778322
2025-03-09 20:17:32.746000,457.0,479.0,368.0,2614.0,1478.0,471.0,68.47325980197492,78.94439835437609,63.389988199982625,42.43071967468324,17.36111266335131,45.64382013998956,42.06253754944522,72.29170847069392,56.745273648650446,87.74859336497457
2025-03-09 20:17:32.746000,462.0,481.0,368.0,2613.0,1477.0,472.0,68.47325980197492,78.94439835437609,63.389988199982625,42.43071967468324,17.36111266335131,45.64382013998956,42.06253754944522,72.29170847069392,56.745273648650446,87.74859336497457
2025-03-09 20:17:32.746000,461.0,479.0,365.0,2611.0,1478.0,470.0,68.47325980197492,78.94439835437609,63.389988199982625,42.43071967468324,17.36111266335131,45.64382013998956,42.06253754944522,72.29170847069392,56.745273648650446,87.74859336497457
2025-03-09 20:17:32.754333,464.0,482.0,370.0,2613.0,1475.0,470.0,68.42190486305309,79.30079600467805,63.58147750285996,42.382401586210435,17.43411158791303,45.636352445650886,42.01361110350403,72.50004061235357,57.05720869676327,87.63126605552779
2025-03-09 20:17:32.754333,463.0,474.0,367.0,2609.0,1477.0,470.0,68.42190486305309,79.30079600467805,63.58147750285996,42.382401586210435,17.43411158791303,45.636352445650886,42.01361110350403,72.50004061235357,57.05720869676327,87.63126605552779
2025-03-09 20:17:32.754333,463.0,480.0,373.0,2613.0,1477.0,470.0,68.42190486305309,79.30079600467805,63.58147750285996,42.382401586210435,17.43411158791303,45.636352445650886,42.01361110350403,72.50004061235357,57.05720869676327,87.63126605552779
2025-03-09 20:17:32.754333,463.0,483.0,368.0,2613.0,1474.0,469.0,68.42190486305309,79.30079600467805,63.58147750285996,42.382401586210435,17.43411158791303,45.636352445650886,42.01361110350403,72.50004061235357,57.05720869676327,87.63126605552779
2025-03-09 20:17:32.762667,471.0,477.0,366.0,2614.0,1472.0,468.0,68.35622843048644,79.64730275225159,63.76501798377558,42.32694303317385,17.506014381162768,45.62077774412963,41.96591419587335,72.70210120785455,57.36263504779279,87.50876005886167
2025-03-09 20:17:32.762667,468.0,485.0,359.0,2613.0,1477.0,473.0,68.35622843048644,79.64730275225159,63.76501798377558,42.32694303317385,17.506014381162768,45.62077774412963,41.96591419587335,72.70210120785455,57.36263504779279,87.50876005886167
2025-03-09 20:17:32.762667,473.0,484.0,363.0,2614.0,1475.0,467.0,68.35622843048644,79.64730275225159,63.76501798377558,42.32694303317385,17.506014381162768,45.62077774412963,41.96591419587335,72.70210120785455,57.36263504779279,87.50876005886167
2025-03-09 20:17:32.771000,474.0,484.0,365.0,2617.0,1477.0,471.0,68.27864644827302,79.98697597984025,63.94241478511386,42.26546196877276,17.57791943573269,45.59872299466001,41.92030741821302,72.89988959950531,57.663413484147775,87.38667698566779
2025-03-09 20:17:32.771000,475.0,478.0,363.0,2615.0,1473.0,465.0,68.27864644827302,79.98697597984025,63.94241478511386,42.26546196877276,17.57791943573269,45.59872299466001,41.92030741821302,72.89988959950531,57.663413484147775,87.38667698566779
2025-03-09 20:17:32.771000,475.0,485.0,358.0,2613.0,1477.0,471.0,68.27864644827302,79.98697597984025,63.94241478511386,42.26546196877276,17.57791943573269,45.59872299466001,41.92030741821302,72.89988959950531,57.663413484147775,87.38667698566779
2025-03-09 20:17:32.771000,473.0,479.0,360.0,2619.0,1475.0,471.0,68.27864644827302,79.98697597984025,63.94241478511386,42.26546196877276,17.57791943573269,45.59872299466001,41.92030741821302,72.89988959950531,57.663413484147775,87.38667698566779
2025-03-09 20:17:32.779333,491.0,485.0,357.0,2614.0,1471.0,465.0,68.19372337560314,80.32330422805386,64.1159571602034,42.19954270296236,17.649087857246244,45.57153503985446,41.877722169899016,73.09725089253124,57.9626998831503,87.27400649773922
2025-03-09 20:17:32.779333,493.0,482.0,364.0,2613.0,1472.0,473.0,68.19372337560314,80.32330422805386,64.1159571602034,42.19954270296236,17.649087857246244,45.57153503985446,41.877722169899016,73.09725089253124,57.9626998831503,87.27400649773922
2025-03-09 20:17:32.779333,495.0,487.0,357.0,2615.0,1472.0,470.0,68.19372337560314,80.32330422805386,64.1159571602034,42.19954270296236,17.649087857246244,45.57153503985446,41.877722169899016,73.09725089253124,57.9626998831503,87.27400649773922
2025-03-09 20:17:32.779333,496.0,483.0,357.0,2614.0,1471.0,467.0,68.19372337560314,80.32330422805386,64.1159571602034,42.19954270296236,17.649087857246244,45.57153503985446,41.877722169899016,73.09725089253124,57.9626998831503,87.27400649773922
2025-03-09 20:17:32.787667,495.0,484.0,362.0,2619.0,1471.0,470.0,68.10490267974328,80.64839998758367,64.27999871141618,42.1307357604731,17.718375000563867,45.540354395006204,41.84050720384361,73.28846440860096,58.25140208704172,87.17264547246927
2025-03-09 20:17:32.787667,500.0,483.0,357.0,2611.0,1472.0,471.0,68.10490267974328,80.64839998758367,64.27999871141618,42.1307357604731,17.718375000563867,45.540354395006204,41.84050720384361,73.28846440860096,58.25140208704172,87.17264547246927
2025-03-09 20:17:32.787667,502.0,481.0,357.0,2618.0,1470.0,467.0,68.10490267974328,80.64839998758367,64.27999871141618,42.1307357604731,17.718375000563867,45.540354395006204,41.84050720384361,73.28846440860096,58.25140208704172,87.17264547246927
2025-03-09 20:17:32.796000,503.0,482.0,355.0,2614.0,1471.0,471.0,68.01523972589897,80.95573584531911,64.42965561689397,42.06050163056541,17.78650965349183,45.506936586913014,41.811451141827526,73.46801627238791,58.520810937726445,87.08382576060067
2025-03-09 20:17:32.796000,528.0,486.0,359.0,2613.0,1463.0,467.0,68.01523972589897,80.95573584531911,64.42965561689397,42.06050163056541,17.78650965349183,45.506936586913014,41.811451141827526,73.46801627238791,58.520810937726445,87.08382576060067
2025-03-09 20:17:32.796000,530.0,484.0,368.0,2609.0,1465.0,466.0,68.01523972589897,80.95573584531911,64.42965561689397,42.06050163056541,17.78650965349183,45.506936586913014,41.811451141827526,73.46801627238791,58.520810937726445,87.08382576060067
2025-03-09 20:17:32.796000,534.0,484.0,367.0,2608.0,1466.0,466.0,68.01523972589897,80.95573584531911,64.42965561689397,42.06050163056541,17.78650965349183,45.506936586913014,41.811451141827526,73.46801627238791,58.520810937726445,87.08382576060067
2025-03-09 20:17:32.804333,535.0,486.0,372.0,2610.0,1467.0,466.0,67.9270375597926,81.2465202260971,64.56562176110255,41.98922366396073,17.852509333997403,45.47114238872505,41.791502401926586,73.63846100093683,58.77268764473016,87.0099115026045
2025-03-09 20:17:32.804333,542.0,487.0,372.0,2624.0,1466.0,468.0,67.9270375597926,81.2465202260971,64.56562176110255,41.98922366396073,17.852509333997403,45.47114238872505,41.791502401926586,73.63846100093683,58.77268764473016,87.0099115026045
2025-03-09 20:17:32.804333,541.0,487.0,368.0,2614.0,1466.0,466.0,67.9270375597926,81.2465202260971,64.56562176110255,41.98922366396073,17.852509333997403,45.47114238872505,41.791502401926586,73.63846100093683,58.77268764473016,87.0099115026045
2025-03-09 20:17:32.812667,542.0,491.0,369.0,2610.0,1463.0,467.0,67.84127177690284,81.52040641107573,64.68457034973179,41.91596355223796,17.914575703382468,45.43136619922441,41.783058375663565,73.80077907296604,59.00641255086888,86.951496071874
2025-03-09 20:17:32.812667,576.0,484.0,366.0,2608.0,1460.0,465.0,67.84127177690284,81.52040641107573,64.68457034973179,41.91596355223796,17.914575703382468,45.43136619922441,41.783058375663565,73.80077907296604,59.00641255086888,86.951496071874
2025-03-09 20:17:32.812667,573.0,487.0,368.0,2609.0,1463.0,464.0,67.84127177690284,81.52040641107573,64.68457034973179,41.91596355223796,17.914575703382468,45.43136619922441,41.783058375663565,73.80077907296604,59.00641255086888,86.951496071874
2025-03-09 20:17:32.812667,576.0,490.0,369.0,2608.0,1462.0,466.0,67.84127177690284,81.52040641107573,64.68457034973179,41.91596355223796,17.914575703382468,45.43136619922441,41.783058375663565,73.80077907296604,59.00641255086888,86.951496071874
2025-03-09 20:17:32.821000,580.0,483.0,369.0,2609.0,1458.0,464.0,67.75848955287547,81.7748143504467,64.77872080416103,41.83888853352818,17.971745899546768,45.385733639413296,41.790713904643304,73.95258744043572,59.21659159754724,86.90940288294003
2025-03-09 20:17:32.821000,581.0,493.0,395.0,2609.0,1458.0,464.0,67.75848955287547,81.7748143504467,64.77872080416103,41.83888853352818,17.971745899546768,45.385733639413296,41.790713904643304,73.95258744043572,59.21659159754724,86.90940288294003
2025-03-09 20:17:32.821000,586.0,485.0,378.0,2610.0,1462.0,466.0,67.75848955287547,81.7748143504467,64.77872080416103,41.83888853352818,17.971745899546768,45.385733639413296,41.790713904643304,73.95258744043572,59.21659159754724,86.90940288294003
2025-03-09 20:17:32.829333,587.0,487.0,390.0,2613.0,1463.0,464.0,67.68051244127973,82.01169000621377,64.84533539938359,41.757579648606274,18.022944756850197,45.33358507726359,41.817101557485245,74.09579880616224,59.40392758848716,86.88475526940667
2025-03-09 20:17:32.829333,592.0,486.0,387.0,2613.0,1459.0,466.0,67.68051244127973,82.01169000621377,64.84533539938359,41.757579648606274,18.022944756850197,45.33358507726359,41.817101557485245,74.09579880616224,59.40392758848716,86.88475526940667
2025-03-09 20:17:32.829333,623.0,485.0,359.0,2607.0,1453.0,463.0,67.68051244127973,82.01169000621377,64.84533539938359,41.757579648606274,18.022944756850197,45.33358507726359,41.817101557485245,74.09579880616224,59.40392758848716,86.88475526940667
2025-03-09 20:17:32.829333,624.0,490.0,364.0,2610.0,1456.0,464.0,67.68051244127973,82.01169000621377,64.84533539938359,41.757579648606274,18.022944756850197,45.33358507726359,41.817101557485245,74.09579880616224,59.40392758848716,86.88475526940667
2025-03-09 20:17:32.837667,624.0,491.0,366.0,2609.0,1457.0,464.0,67.61086771234443,82.23943985582225,64.89014161182806,41.67416483653698,18.067903970478696,45.276664958327025,41.86202710561265,74.23882036833878,59.57816008940744,86.88002646666985
2025-03-09 20:17:32.837667,627.0,488.0,361.0,2610.0,1455.0,463.0,67.61086771234443,82.23943985582225,64.89014161182806,41.67416483653698,18.067903970478696,45.276664958327025,41.86202710561265,74.23882036833878,59.57816008940744,86.88002646666985
2025-03-09 20:17:32.837667,627.0,491.0,346.0,2608.0,1456.0,463.0,67.61086771234443,82.23943985582225,64.89014161182806,41.67416483653698,18.067903970478696,45.276664958327025,41.86202710561265,74.23882036833878,59.57816008940744,86.88002646666985
2025-03-09 20:17:32.846000,630.0,485.0,339.0,2613.0,1456.0,464.0,67.5489702875999,82.45622810336452,64.91369091705917,41.59014537078108,18.10676613307223,45.21615817971133,41.92434286731135,74.38071862785307,59.73927167568517,86.89313524818175
2025-03-09 20:17:32.846000,631.0,483.0,348.0,2611.0,1456.0,463.0,67.5489702875999,82.45622810336452,64.91369091705917,41.59014537078108,18.10676613307223,45.21615817971133,41.92434286731135,74.38071862785307,59.73927167568517,86.89313524818175
2025-03-09 20:17:32.846000,662.0,490.0,327.0,2607.0,1449.0,461.0,67.5489702875999,82.45622810336452,64.91369091705917,41.59014537078108,18.10676613307223,45.21615817971133,41.92434286731135,74.38071862785307,59.73927167568517,86.89313524818175
2025-03-09 20:17:32.846000,663.0,491.0,323.0,2608.0,1453.0,462.0,67.5489702875999,82.45622810336452,64.91369091705917,41.59014537078108,18.10676613307223,45.21615817971133,41.92434286731135,74.38071862785307,59.73927167568517,86.89313524818175
2025-03-09 20:17:32.854333,665.0,487.0,327.0,2608.0,1452.0,463.0,67.48998699042885,82.64859506106755,64.90966252720737,41.505202276999974,18.139486606319807,45.15147629442841,42.00241032227376,74.50987789183414,59.87537972953102,86.91674960594719
2025-03-09 20:17:32.854333,671.0,491.0,330.0,2609.0,1453.0,463.0,67.48998699042885,82.64859506106755,64.90966252720737,41.505202276999974,18.139486606319807,45.15147629442841,42.00241032227376,74.50987789183414,59.87537972953102,86.91674960594719
2025-03-09 20:17:32.854333,674.0,487.0,336.0,2609.0,1454.0,464.0,67.48998699042885,82.64859506106755,64.90966252720737,41.505202276999974,18.139486606319807,45.15147629442841,42.00241032227376,74.50987789183414,59.87537972953102,86.91674960594719
2025-03-09 20:17:32.854333,679.0,491.0,331.0,2608.0,1451.0,462.0,67.48998699042885,82.64859506106755,64.90966252720737,41.505202276999974,18.139486606319807,45.15147629442841,42.00241032227376,74.50987789183414,59.87537972953102,86.91674960594719
2025-03-09 20:17:32.862667,684.0,490.0,331.0,2608.0,1449.0,458.0,67.43368855353667,82.81137106921122,64.87603630096724,41.42047304117215,18.167132169806813,45.08395519818664,42.096236315366866,74.62179239071429,59.981357952127716,86.94658458878902
2025-03-09 20:17:32.862667,688.0,494.0,320.0,2608.0,1449.0,460.0,67.43368855353667,82.81137106921122,64.87603630096724,41.42047304117215,18.167132169806813,45.08395519818664,42.096236315366866,74.62179239071429,59.981357952127716,86.94658458878902
2025-03-09 20:17:32.862667,720.0,494.0,341.0,2608.0,1446.0,454.0,67.43368855353667,82.81137106921122,64.87603630096724,41.42047304117215,18.167132169806813,45.08395519818664,42.096236315366866,74.62179239071429,59.981357952127716,86.94658458878902
2025-03-09 20:17:32.871000,725.0,493.0,341.0,2608.0,1444.0,451.0,67.38542893971344,82.94664325835899,64.81436751543878,41.338625133304014,18.192314940765158,45.017236994535615,42.20792114100341,74.71770591839991,60.056663204680824,86.98231591607124
2025-03-09 20:17:32.871000,726.0,479.0,341.0,2607.0,1446.0,451.0,67.38542893971344,82.94664325835899,64.81436751543878,41.338625133304014,18.192314940765158,45.017236994535615,42.20792114100341,74.71770591839991,60.056663204680824,86.98231591607124
2025-03-09 20:17:32.871000,725.0,485.0,343.0,2606.0,1444.0,453.0,67.38542893971344,82.94664325835899,64.81436751543878,41.338625133304014,18.192314940765158,45.017236994535615,42.20792114100341,74.71770591839991,60.056663204680824,86.98231591607124
2025-03-09 20:17:32.871000,733.0,487.0,337.0,2605.0,1442.0,452.0,67.38542893971344,82.94664325835899,64.81436751543878,41.338625133304014,18.192314940765158,45.017236994535615,42.20792114100341,74.71770591839991,60.056663204680824,86.98231591607124
2025-03-09 20:17:32.879333,734.0,492.0,331.0,2606.0,1441.0,451.0,67.35263173630645,83.06258467607395,64.73025284241804,41.2600579755782,18.21616320654208,44.95242184464267,42.33947788672567,74.80494910790702,60.10628843979224,87.02513165076783
2025-03-09 20:17:32.879333,741.0,493.0,347.0,2605.0,1442.0,451.0,67.35263173630645,83.06258467607395,64.73025284241804,41.2600579755782,18.21616320654208,44.95242184464267,42.33947788672567,74.80494910790702,60.10628843979224,87.02513165076783
2025-03-09 20:17:32.879333,739.0,494.0,338.0,2605.0,1442.0,451.0,67.35263173630645,83.06258467607395,64.73025284241804,41.2600579755782,18.21616320654208,44.95242184464267,42.33947788672567,74.80494910790702,60.10628843979224,87.02513165076783
2025-03-09 20:17:32.887667,765.0,495.0,365.0,2605.0,1440.0,448.0,67.34115103671336,83.17046551762475,64.63474187403901,41.185172168694116,18.237687395536724,44.88981962719859,42.487773734267435,74.89381720645457,60.14143706197075,87.07617636699325
2025-03-09 20:17:32.887667,773.0,496.0,349.0,2602.0,1439.0,446.0,67.34115103671336,83.17046551762475,64.63474187403901,41.185172168694116,18.237687395536724,44.88981962719859,42.487773734267435,74.89381720645457,60.14143706197075,87.07617636699325
2025-03-09 20:17:32.887667,775.0,492.0,356.0,2602.0,1437.0,448.0,67.34115103671336,83.17046551762475,64.63474187403901,41.185172168694116,18.237687395536724,44.88981962719859,42.487773734267435,74.89381720645457,60.14143706197075,87.07617636699325
2025-03-09 20:17:32.887667,779.0,491.0,359.0,2599.0,1435.0,446.0,67.34115103671336,83.17046551762475,64.63474187403901,41.185172168694116,18.237687395536724,44.88981962719859,42.487773734267435,74.89381720645457,60.14143706197075,87.07617636699325
2025-03-09 20:17:32.896000,783.0,487.0,350.0,2599.0,1436.0,445.0,67.3482853802622,83.26749489945787,64.52857902073815,41.11397718064462,18.254669380093457,44.82838724681275,42.649003136427105,74.98292638504482,60.162481915360075,87.1328615717631
2025-03-09 20:17:32.896000,784.0,496.0,350.0,2599.0,1433.0,445.0,67.3482853802622,83.26749489945787,64.52857902073815,41.11397718064462,18.254669380093457,44.82838724681275,42.649003136427105,74.98292638504482,60.162481915360075,87.1328615717631
2025-03-09 20:17:32.896000,784.0,496.0,349.0,2599.0,1435.0,446.0,67.3482853802622,83.26749489945787,64.52857902073815,41.11397718064462,18.254669380093457,44.82838724681275,42.649003136427105,74.98292638504482,60.162481915360075,87.1328615717631
2025-03-09 20:17:32.904333,812.0,496.0,337.0,2603.0,1426.0,437.0,67.36806628841812,83.34729763542462,64.40195377958918,41.04399619482921,18.264311976352072,44.764245857670154,42.82592834077832,75.06850543226925,60.16487903910824,87.19083237196756
2025-03-09 20:17:32.904333,811.0,492.0,346.0,2597.0,1426.0,442.0,67.36806628841812,83.34729763542462,64.40195377958918,41.04399619482921,18.264311976352072,44.764245857670154,42.82592834077832,75.06850543226925,60.16487903910824,87.19083237196756
2025-03-09 20:17:32.904333,815.0,503.0,336.0,2596.0,1426.0,438.0,67.36806628841812,83.34729763542462,64.40195377958918,41.04399619482921,18.264311976352072,44.764245857670154,42.82592834077832,75.06850543226925,60.16487903910824,87.19083237196756
2025-03-09 20:17:32.904333,816.0,494.0,345.0,2597.0,1424.0,438.0,67.36806628841812,83.34729763542462,64.40195377958918,41.04399619482921,18.264311976352072,44.764245857670154,42.82592834077832,75.06850543226925,60.16487903910824,87.19083237196756
2025-03-09 20:17:32.912667,815.0,496.0,350.0,2598.0,1424.0,440.0,67.39860804824892,83.4113440471969,64.25008697036462,40.974638201427304,18.26426501062795,44.695595674475584,43.02145874305537,75.15346858894814,60.15144049669008,87.24568030575627
2025-03-09 20:17:32.912667,821.0,496.0,350.0,2589.0,1424.0,440.0,67.39860804824892,83.4113440471969,64.25008697036462,40.974638201427304,18.26426501062795,44.695595674475584,43.02145874305537,75.15346858894814,60.15144049669008,87.24568030575627
2025-03-09 20:17:32.912667,819.0,490.0,341.0,2597.0,1424.0,435.0,67.39860804824892,83.4113440471969,64.25008697036462,40.974638201427304,18.26426501062795,44.695595674475584,43.02145874305537,75.15346858894814,60.15144049669008,87.24568030575627
2025-03-09 20:17:32.912667,819.0,497.0,351.0,2597.0,1423.0,435.0,67.39860804824892,83.4113440471969,64.25008697036462,40.974638201427304,18.26426501062795,44.695595674475584,43.02145874305537,75.15346858894814,60.15144049669008,87.24568030575627
2025-03-09 20:17:32.921000,842.0,497.0,345.0,2592.0,1418.0,432.0,67.44056485630468,83.46348794989906,64.07654112165638,40.90695362423271,18.25374089205856,44.62293363346659,43.234163242231524,75.24208532523026,60.127693127422496,87.29264230099201
2025-03-09 20:17:32.921000,845.0,501.0,343.0,2592.0,1414.0,432.0,67.44056485630468,83.46348794989906,64.07654112165638,40.90695362423271,18.25374089205856,44.62293363346659,43.234163242231524,75.24208532523026,60.127693127422496,87.29264230099201
2025-03-09 20:17:32.921000,848.0,496.0,337.0,2593.0,1413.0,432.0,67.44056485630468,83.46348794989906,64.07654112165638,40.90695362423271,18.25374089205856,44.62293363346659,43.234163242231524,75.24208532523026,60.127693127422496,87.29264230099201
2025-03-09 20:17:32.929333,851.0,497.0,348.0,2595.0,1413.0,432.0,67.49334061124836,83.50615644761488,63.88431929525715,40.84089592384768,18.234223878053523,44.54687846549482,43.46265173001568,75.33516615677094,60.095537605537146,87.32644290371196
2025-03-09 20:17:32.929333,848.0,499.0,336.0,2591.0,1415.0,432.0,67.49334061124836,83.50615644761488,63.88431929525715,40.84089592384768,18.234223878053523,44.54687846549482,43.46265173001568,75.33516615677094,60.095537605537146,87.32644290371196
2025-03-09 20:17:32.929333,850.0,500.0,346.0,2586.0,1412.0,431.0,67.49334061124836,83.50615644761488,63.88431929525715,40.84089592384768,18.234223878053523,44.54687846549482,43.46265173001568,75.33516615677094,60.095537605537146,87.32644290371196
2025-03-09 20:17:32.929333,853.0,495.0,345.0,2590.0,1414.0,431.0,67.49334061124836,83.50615644761488,63.88431929525715,40.84089592384768,18.234223878053523,44.54687846549482,43.46265173001568,75.33516615677094,60.095537605537146,87.32644290371196
2025-03-09 20:17:32.937667,863.0,499.0,346.0,2590.0,1402.0,421.0,67.55556663134338,83.54016153217806,63.672580755596925,40.776141281066224,18.20837543890939,44.46878771256838,43.70630377682797,75.42919812946705,60.05258685284088,87.34158523302034
2025-03-09 20:17:32.937667,863.0,496.0,346.0,2585.0,1402.0,423.0,67.55556663134338,83.54016153217806,63.672580755596925,40.776141281066224,18.20837543890939,44.46878771256838,43.70630377682797,75.42919812946705,60.05258685284088,87.34158523302034
2025-03-09 20:17:32.937667,865.0,500.0,336.0,2583.0,1400.0,424.0,67.55556663134338,83.54016153217806,63.672580755596925,40.776141281066224,18.20837543890939,44.46878771256838,43.70630377682797,75.42919812946705,60.05258685284088,87.34158523302034
2025-03-09 20:17:32.946000,864.0,497.0,342.0,2586.0,1399.0,422.0,67.62819993112228,83.56680040156279,63.44245772624712,40.71218949895216,18.176874470492997,44.388958471110634,43.96401618931908,75.52329602649286,59.99798841160236,87.33614231949586
2025-03-09 20:17:32.946000,865.0,506.0,338.0,2559.0,1397.0,421.0,67.62819993112228,83.56680040156279,63.44245772624712,40.71218949895216,18.176874470492997,44.388958471110634,43.96401618931908,75.52329602649286,59.99798841160236,87.33614231949586
2025-03-09 20:17:32.946000,867.0,493.0,336.0,2583.0,1396.0,423.0,67.62819993112228,83.56680040156279,63.44245772624712,40.71218949895216,18.176874470492997,44.388958471110634,43.96401618931908,75.52329602649286,59.99798841160236,87.33614231949586
2025-03-09 20:17:32.946000,863.0,497.0,342.0,2585.0,1399.0,418.0,67.62819993112228,83.56680040156279,63.44245772624712,40.71218949895216,18.176874470492997,44.388958471110634,43.96401618931908,75.52329602649286,59.99798841160236,87.33614231949586
2025-03-09 20:17:32.954333,867.0,498.0,342.0,2583.0,1399.0,423.0,67.71224484002217,83.58805407164202,63.19784769449592,40.65101111779838,18.140175253254,44.309796621714085,44.23210781746611,75.61744242701018,59.93382871035389,87.31130806912287
2025-03-09 20:17:32.954333,872.0,499.0,337.0,2559.0,1392.0,416.0,67.71224484002217,83.58805407164202,63.19784769449592,40.65101111779838,18.140175253254,44.309796621714085,44.23210781746611,75.61744242701018,59.93382871035389,87.31130806912287
2025-03-09 20:17:32.954333,866.0,505.0,344.0,2559.0,1392.0,415.0,67.71224484002217,83.58805407164202,63.19784769449592,40.65101111779838,18.140175253254,44.309796621714085,44.23210781746611,75.61744242701018,59.93382871035389,87.31130806912287
2025-03-09 20:17:32.962667,873.0,499.0,342.0,2559.0,1392.0,415.0,67.80714936612688,83.60520158567832,62.94079907994391,40.595783261748466,18.100572554655244,44.23557687241827,44.50756526078632,75.70946240049464,59.86111102247669,87.26677638243628
2025-03-09 20:17:32.962667,866.0,507.0,341.0,2559.0,1392.0,415.0,67.80714936612688,83.60520158567832,62.94079907994391,40.595783261748466,18.100572554655244,44.23557687241827,44.50756526078632,75.70946240049464,59.86111102247669,87.26677638243628
2025-03-09 20:17:32.962667,870.0,498.0,339.0,2559.0,1390.0,412.0,67.80714936612688,83.60520158567832,62.94079907994391,40.595783261748466,18.100572554655244,44.23557687241827,44.50756526078632,75.70946240049464,59.86111102247669,87.26677638243628
2025-03-09 20:17:32.962667,867.0,502.0,341.0,2559.0,1391.0,411.0,67.80714936612688,83.60520158567832,62.94079907994391,40.595783261748466,18.100572554655244,44.23557687241827,44.50756526078632,75.70946240049464,59.86111102247669,87.26677638243628
2025-03-09 20:17:32.971000,869.0,507.0,338.0,2559.0,1389.0,407.0,67.91290158280222,83.61879550685461,62.67281639203393,40.54569038691909,18.061026180171247,44.16689598462891,44.79067984896228,75.79793186721756,59.77786101151747,87.20052421282166
2025-03-09 20:17:32.971000,866.0,503.0,341.0,2559.0,1377.0,401.0,67.91290158280222,83.61879550685461,62.67281639203393,40.54569038691909,18.061026180171247,44.16689598462891,44.79067984896228,75.79793186721756,59.77786101151747,87.20052421282166
2025-03-09 20:17:32.971000,863.0,499.0,341.0,2559.0,1379.0,401.0,67.91290158280222,83.61879550685461,62.67281639203393,40.54569038691909,18.061026180171247,44.16689598462891,44.79067984896228,75.79793186721756,59.77786101151747,87.20052421282166
2025-03-09 20:17:32.971000,864.0,508.0,337.0,2559.0,1377.0,400.0,67.91290158280222,83.61879550685461,62.67281639203393,40.54569038691909,18.061026180171247,44.16689598462891,44.79067984896228,75.79793186721756,59.77786101151747,87.20052421282166
2025-03-09 20:17:32.979333,867.0,501.0,338.0,2559.0,1375.0,400.0,68.0300034675754,83.62939332257854,62.39398728559722,40.49754644726095,18.023076711876207,44.10133506086145,45.08418030922151,75.88351669842434,59.68179727129403,87.11104711194486
2025-03-09 20:17:32.979333,866.0,506.0,339.0,2559.0,1375.0,400.0,68.0300034675754,83.62939332257854,62.39398728559722,40.49754644726095,18.023076711876207,44.10133506086145,45.08418030922151,75.88351669842434,59.68179727129403,87.11104711194486
2025-03-09 20:17:32.979333,866.0,503.0,340.0,2559.0,1379.0,399.0,68.0300034675754,83.62939332257854,62.39398728559722,40.49754644726095,18.023076711876207,44.10133506086145,45.08418030922151,75.88351669842434,59.68179727129403,87.11104711194486
2025-03-09 20:17:32.987667,865.0,503.0,340.0,2559.0,1374.0,400.0,68.15725030055881,83.63809987175676,62.10655174666747,40.44824051811807,17.98671012973282,44.03572973355615,45.388289290135944,75.96830962309993,59.57390820869711,86.99844697559232
2025-03-09 20:17:32.987667,863.0,496.0,338.0,2559.0,1374.0,399.0,68.15725030055881,83.63809987175676,62.10655174666747,40.44824051811807,17.98671012973282,44.03572973355615,45.388289290135944,75.96830962309993,59.57390820869711,86.99844697559232
2025-03-09 20:17:32.987667,859.0,506.0,337.0,2559.0,1363.0,394.0,68.15725030055881,83.63809987175676,62.10655174666747,40.44824051811807,17.98671012973282,44.03572973355615,45.388289290135944,75.96830962309993,59.57390820869711,86.99844697559232
2025-03-09 20:17:32.996000,855.0,505.0,340.0,2559.0,1366.0,390.0,68.29174771501185,83.64572047674501,61.814882342988255,40.39805127521883,17.950053275235298,43.96905950391026,45.699190806800175,76.05515522094866,59.45974848546179,86.86132729591075
2025-03-09 20:17:32.996000,853.0,504.0,343.0,2559.0,1373.0,391.0,68.29174771501185,83.64572047674501,61.814882342988255,40.39805127521883,17.950053275235298,43.96905950391026,45.699190806800175,76.05515522094866,59.45974848546179,86.86132729591075
2025-03-09 20:17:32.996000,856.0,505.0,341.0,2559.0,1365.0,393.0,68.29174771501185,83.64572047674501,61.814882342988255,40.39805127521883,17.950053275235298,43.96905950391026,45.699190806800175,76.05515522094866,59.45974848546179,86.86132729591075
2025-03-09 20:17:32.996000,854.0,511.0,340.0,2559.0,1366.0,391.0,68.29174771501185,83.64572047674501,61.814882342988255,40.39805127521883,17.950053275235298,43.96905950391026,45.699190806800175,76.05515522094866,59.45974848546179,86.86132729591075
2025-03-09 20:17:33.004333,854.0,507.0,336.0,2559.0,1366.0,389.0,68.43172938117623,83.65295747209865,61.52081670695764,40.35069209291708,17.9106328314688,43.90334296610665,46.013521710569606,76.1465836933127,59.345719336941656,86.69726468122376
2025-03-09 20:17:33.004333,851.0,509.0,336.0,2559.0,1366.0,392.0,68.43172938117623,83.65295747209865,61.52081670695764,40.35069209291708,17.9106328314688,43.90334296610665,46.013521710569606,76.1465836933127,59.345719336941656,86.69726468122376
2025-03-09 20:17:33.004333,845.0,507.0,343.0,2559.0,1363.0,384.0,68.43172938117623,83.65295747209865,61.52081670695764,40.35069209291708,17.9106328314688,43.90334296610665,46.013521710569606,76.1465836933127,59.345719336941656,86.69726468122376
2025-03-09 20:17:33.004333,842.0,505.0,342.0,2559.0,1361.0,383.0,68.43172938117623,83.65295747209865,61.52081670695764,40.35069209291708,17.9106328314688,43.90334296610665,46.013521710569606,76.1465836933127,59.345719336941656,86.69726468122376
2025-03-09 20:17:33.004333,841.0,507.0,338.0,2559.0,1360.0,384.0,68.43172938117623,83.65295747209865,61.52081670695764,40.35069209291708,17.9106328314688,43.90334296610665,46.013521710569606,76.1465836933127,59.345719336941656,86.69726468122376
2025-03-09 20:17:33.012667,841.0,500.0,337.0,2559.0,1360.0,384.0,68.57654515934932,83.66045192180354,61.22431693421144,40.307631099454845,17.867919764205734,43.839747565509064,46.33025634325092,76.24290309250688,59.23377481196302,86.50788220610356
2025-03-09 20:17:33.012667,839.0,502.0,342.0,2559.0,1360.0,383.0,68.57654515934932,83.66045192180354,61.22431693421144,40.307631099454845,17.867919764205734,43.839747565509064,46.33025634325092,76.24290309250688,59.23377481196302,86.50788220610356
2025-03-09 20:17:33.021000,839.0,505.0,336.0,2559.0,1360.0,384.0,68.7259402511727,83.66894413826442,60.925106985305476,40.268397407566596,17.82268815708493,43.778436299878706,46.6493168779591,76.34314510630489,59.123259412856946,86.29623212675753
2025-03-09 20:17:33.021000,836.0,500.0,338.0,2555.0,1360.0,383.0,68.7259402511727,83.66894413826442,60.925106985305476,40.268397407566596,17.82268815708493,43.778436299878706,46.6493168779591,76.34314510630489,59.123259412856946,86.29623212675753
2025-03-09 20:17:33.021000,837.0,509.0,346.0,2559.0,1360.0,384.0,68.7259402511727,83.66894413826442,60.925106985305476,40.268397407566596,17.82268815708493,43.778436299878706,46.6493168779591,76.34314510630489,59.123259412856946,86.29623212675753
2025-03-09 20:17:33.021000,817.0,503.0,342.0,2557.0,1354.0,375.0,68.7259402511727,83.66894413826442,60.925106985305476,40.268397407566596,17.82268815708493,43.778436299878706,46.6493168779591,76.34314510630489,59.123259412856946,86.29623212675753
2025-03-09 20:17:33.029333,826.0,507.0,337.0,2559.0,1356.0,374.0,68.87848883682791,83.6796603261975,60.624345889637326,40.22906994640975,17.777491382338287,43.71668793652504,46.97264949670368,76.44751061279024,59.012658859971616,86.06405426148392
2025-03-09 20:17:33.029333,818.0,509.0,341.0,2558.0,1355.0,375.0,68.87848883682791,83.6796603261975,60.624345889637326,40.22906994640975,17.777491382338287,43.71668793652504,46.97264949670368,76.44751061279024,59.012658859971616,86.06405426148392
2025-03-09 20:17:33.029333,819.0,511.0,338.0,2558.0,1359.0,375.0,68.87848883682791,83.6796603261975,60.624345889637326,40.22906994640975,17.777491382338287,43.71668793652504,46.97264949670368,76.44751061279024,59.012658859971616,86.06405426148392
2025-03-09 20:17:33.029333,816.0,511.0,338.0,2554.0,1355.0,373.0,68.87848883682791,83.6796603261975,60.624345889637326,40.22906994640975,17.777491382338287,43.71668793652504,46.97264949670368,76.44751061279024,59.012658859971616,86.06405426148392
2025-03-09 20:17:33.037667,816.0,510.0,338.0,2556.0,1357.0,374.0,69.03263420226378,83.69324534712484,60.32540618664364,40.183227608187764,17.736953756212472,43.649871028603705,47.303599545030444,76.55669168941138,58.8985136502609,85.8135825737856
2025-03-09 20:17:33.037667,816.0,511.0,343.0,2558.0,1353.0,373.0,69.03263420226378,83.69324534712484,60.32540618664364,40.183227608187764,17.736953756212472,43.649871028603705,47.303599545030444,76.55669168941138,58.8985136502609,85.8135825737856
2025-03-09 20:17:33.037667,807.0,511.0,341.0,2557.0,1357.0,373.0,69.03263420226378,83.69324534712484,60.32540618664364,40.183227608187764,17.736953756212472,43.649871028603705,47.303599545030444,76.55669168941138,58.8985136502609,85.8135825737856
2025-03-09 20:17:33.046000,807.0,511.0,338.0,2559.0,1359.0,368.0,69.18918445897997,83.70972250818706,60.030696364542024,40.12636495468917,17.704117100205586,43.57493860677979,47.6442164894068,76.67038408611135,58.776466303180236,85.54824370982644
2025-03-09 20:17:33.046000,804.0,508.0,338.0,2553.0,1355.0,369.0,69.18918445897997,83.70972250818706,60.030696364542024,40.12636495468917,17.704117100205586,43.57493860677979,47.6442164894068,76.67038408611135,58.776466303180236,85.54824370982644
2025-03-09 20:17:33.046000,807.0,503.0,336.0,2557.0,1356.0,368.0,69.18918445897997,83.70972250818706,60.030696364542024,40.12636495468917,17.704117100205586,43.57493860677979,47.6442164894068,76.67038408611135,58.776466303180236,85.54824370982644
2025-03-09 20:17:33.046000,797.0,511.0,339.0,2555.0,1354.0,369.0,69.18918445897997,83.70972250818706,60.030696364542024,40.12636495468917,17.704117100205586,43.57493860677979,47.6442164894068,76.67038408611135,58.776466303180236,85.54824370982644
2025-03-09 20:17:33.054333,801.0,509.0,336.0,2551.0,1355.0,368.0,69.35019185478468,83.7282984638201,59.738225039695806,40.058664203348734,17.679115015509005,43.49225010843008,47.996172607692195,76.7879099998365,58.64373590585673,85.27037970786452
2025-03-09 20:17:33.054333,798.0,507.0,336.0,2550.0,1354.0,368.0,69.35019185478468,83.7282984638201,59.738225039695806,40.058664203348734,17.679115015509005,43.49225010843008,47.996172607692195,76.7879099998365,58.64373590585673,85.27037970786452
2025-03-09 20:17:33.054333,800.0,510.0,336.0,2551.0,1351.0,367.0,69.35019185478468,83.7282984638201,59.738225039695806,40.058664203348734,17.679115015509005,43.49225010843008,47.996172607692195,76.7879099998365,58.64373590585673,85.27037970786452
2025-03-09 20:17:33.054333,783.0,511.0,339.0,2549.0,1350.0,365.0,69.35019185478468,83.7282984638201,59.738225039695806,40.058664203348734,17.679115015509005,43.49225010843008,47.996172607692195,76.7879099998365,58.64373590585673,85.27037970786452
2025-03-09 20:17:33.062667,782.0,507.0,336.0,2546.0,1351.0,363.0,69.51803075006248,83.74839750373437,59.44368817364384,39.98342629962429,17.66054300297937,43.40429249296304,48.36161623799044,76.90980531858659,58.500125275186754,84.98134997893231
2025-03-09 20:17:33.062667,779.0,511.0,333.0,2551.0,1352.0,362.0,69.51803075006248,83.74839750373437,59.44368817364384,39.98342629962429,17.66054300297937,43.40429249296304,48.36161623799044,76.90980531858659,58.500125275186754,84.98134997893231
2025-03-09 20:17:33.062667,784.0,511.0,342.0,2544.0,1354.0,359.0,69.51803075006248,83.74839750373437,59.44368817364384,39.98342629962429,17.66054300297937,43.40429249296304,48.36161623799044,76.90980531858659,58.500125275186754,84.98134997893231
2025-03-09 20:17:33.062667,779.0,500.0,336.0,2549.0,1351.0,359.0,69.51803075006248,83.74839750373437,59.44368817364384,39.98342629962429,17.66054300297937,43.40429249296304,48.36161623799044,76.90980531858659,58.500125275186754,84.98134997893231
2025-03-09 20:17:33.071000,778.0,511.0,337.0,2551.0,1355.0,362.0,69.69666045126495,83.77119668909936,59.14437392031109,39.903299868834765,17.646758569939163,43.31301749604701,48.74259929398003,77.03812668244491,58.34620516760861,84.68329280950864
2025-03-09 20:17:33.071000,782.0,511.0,336.0,2547.0,1355.0,361.0,69.69666045126495,83.77119668909936,59.14437392031109,39.903299868834765,17.646758569939163,43.31301749604701,48.74259929398003,77.03812668244491,58.34620516760861,84.68329280950864
2025-03-09 20:17:33.071000,765.0,509.0,345.0,2554.0,1355.0,359.0,69.69666045126495,83.77119668909936,59.14437392031109,39.903299868834765,17.646758569939163,43.31301749604701,48.74259929398003,77.03812668244491,58.34620516760861,84.68329280950864
2025-03-09 20:17:33.079333,763.0,511.0,341.0,2551.0,1350.0,354.0,69.88971265532952,83.79821891927094,58.8403548850041,39.82112779698381,17.636568946464664,43.2206781994296,49.139430320285925,77.17519668999543,58.18361071397533,84.37828058113548
2025-03-09 20:17:33.079333,765.0,508.0,337.0,2552.0,1350.0,355.0,69.88971265532952,83.79821891927094,58.8403548850041,39.82112779698381,17.636568946464664,43.2206781994296,49.139430320285925,77.17519668999543,58.18361071397533,84.37828058113548
2025-03-09 20:17:33.079333,758.0,511.0,338.0,2547.0,1353.0,355.0,69.88971265532952,83.79821891927094,58.8403548850041,39.82112779698381,17.636568946464664,43.2206781994296,49.139430320285925,77.17519668999543,58.18361071397533,84.37828058113548
2025-03-09 20:17:33.079333,758.0,505.0,336.0,2549.0,1354.0,353.0,69.88971265532952,83.79821891927094,58.8403548850041,39.82112779698381,17.636568946464664,43.2206781994296,49.139430320285925,77.17519668999543,58.18361071397533,84.37828058113548
2025-03-09 20:17:33.087667,753.0,511.0,338.0,2546.0,1353.0,352.0,70.09854940733035,83.83179617144229,58.53594880453264,39.738602895717584,17.63127541754843,43.12927587496237,49.550629710444774,77.3230118335058,58.015011233015386,84.06928747404305
2025-03-09 20:17:33.087667,755.0,511.0,339.0,2546.0,1354.0,354.0,70.09854940733035,83.83179617144229,58.53594880453264,39.738602895717584,17.63127541754843,43.12927587496237,49.550629710444774,77.3230118335058,58.015011233015386,84.06928747404305
2025-03-09 20:17:33.087667,755.0,510.0,341.0,2550.0,1357.0,354.0,70.09854940733035,83.83179617144229,58.53594880453264,39.738602895717584,17.63127541754843,43.12927587496237,49.550629710444774,77.3230118335058,58.015011233015386,84.06928747404305
2025-03-09 20:17:33.096000,751.0,511.0,335.0,2544.0,1354.0,349.0,70.32395094367085,83.87525394882226,58.23767253832462,39.6580911523908,17.631082154279532,43.041305416596536,49.97146285924103,77.48346821963082,57.84550755926239,83.76005128349428
2025-03-09 20:17:33.096000,745.0,510.0,337.0,2544.0,1357.0,350.0,70.32395094367085,83.87525394882226,58.23767253832462,39.6580911523908,17.631082154279532,43.041305416596536,49.97146285924103,77.48346821963082,57.84550755926239,83.76005128349428
2025-03-09 20:17:33.096000,746.0,511.0,336.0,2549.0,1359.0,349.0,70.32395094367085,83.87525394882226,58.23767253832462,39.6580911523908,17.631082154279532,43.041305416596536,49.97146285924103,77.48346821963082,57.84550755926239,83.76005128349428
2025-03-09 20:17:33.096000,750.0,511.0,335.0,2548.0,1357.0,350.0,70.32395094367085,83.87525394882226,58.23767253832462,39.6580911523908,17.631082154279532,43.041305416596536,49.97146285924103,77.48346821963082,57.84550755926239,83.76005128349428
2025-03-09 20:17:33.104333,745.0,525.0,342.0,2547.0,1357.0,348.0,70.56624887411354,83.92919491445282,57.94764389764203,39.58452449373014,17.631944586876305,42.96034194225372,50.39507222409306,77.65620488473924,57.68028948534385,83.45219040612157
2025-03-09 20:17:33.104333,742.0,511.0,339.0,2545.0,1360.0,349.0,70.56624887411354,83.92919491445282,57.94764389764203,39.58452449373014,17.631944586876305,42.96034194225372,50.39507222409306,77.65620488473924,57.68028948534385,83.45219040612157
2025-03-09 20:17:33.104333,745.0,511.0,336.0,2544.0,1362.0,350.0,70.56624887411354,83.92919491445282,57.94764389764203,39.58452449373014,17.631944586876305,42.96034194225372,50.39507222409306,77.65620488473924,57.68028948534385,83.45219040612157
2025-03-09 20:17:33.112667,738.0,511.0,336.0,2544.0,1369.0,346.0,70.82404696828932,83.99183476410886,57.665055739005126,39.519504293924996,17.63199626422986,42.887523627576606,50.81807704129335,77.83855081091824,57.519454162067966,83.14570085887955
2025-03-09 20:17:33.112667,739.0,511.0,337.0,2545.0,1364.0,343.0,70.82404696828932,83.99183476410886,57.665055739005126,39.519504293924996,17.63199626422986,42.887523627576606,50.81807704129335,77.83855081091824,57.519454162067966,83.14570085887955
2025-03-09 20:17:33.112667,739.0,524.0,337.0,2544.0,1367.0,342.0,70.82404696828932,83.99183476410886,57.665055739005126,39.519504293924996,17.63199626422986,42.887523627576606,50.81807704129335,77.83855081091824,57.519454162067966,83.14570085887955
2025-03-09 20:17:33.112667,736.0,511.0,336.0,2547.0,1370.0,345.0,70.82404696828932,83.99183476410886,57.665055739005126,39.519504293924996,17.63199626422986,42.887523627576606,50.81807704129335,77.83855081091824,57.519454162067966,83.14570085887955
2025-03-09 20:17:33.121000,733.0,511.0,341.0,2544.0,1371.0,344.0,71.0944117550931,84.06078645605344,57.38860285217791,39.463838325158704,17.631583750376826,42.82388929562656,51.23857533482998,78.02685714571557,57.3618014382488,82.83958982253382
2025-03-09 20:17:33.121000,738.0,526.0,337.0,2547.0,1371.0,343.0,71.0944117550931,84.06078645605344,57.38860285217791,39.463838325158704,17.631583750376826,42.82388929562656,51.23857533482998,78.02685714571557,57.3618014382488,82.83958982253382
2025-03-09 20:17:33.121000,734.0,526.0,336.0,2547.0,1373.0,343.0,71.0944117550931,84.06078645605344,57.38860285217791,39.463838325158704,17.631583750376826,42.82388929562656,51.23857533482998,78.02685714571557,57.3618014382488,82.83958982253382
2025-03-09 20:17:33.129333,741.0,522.0,337.0,2544.0,1374.0,343.0,71.37383669169259,84.13357999942603,57.11752924832285,39.420926761487934,17.630061785811854,42.77255516300936,51.65225172415467,78.21711673575874,57.20864966416318,82.53238462504883
2025-03-09 20:17:33.129333,726.0,511.0,337.0,2546.0,1387.0,340.0,71.37383669169259,84.13357999942603,57.11752924832285,39.420926761487934,17.630061785811854,42.77255516300936,51.65225172415467,78.21711673575874,57.20864966416318,82.53238462504883
2025-03-09 20:17:33.129333,727.0,528.0,342.0,2545.0,1387.0,340.0,71.37383669169259,84.13357999942603,57.11752924832285,39.420926761487934,17.630061785811854,42.77255516300936,51.65225172415467,78.21711673575874,57.20864966416318,82.53238462504883
2025-03-09 20:17:33.129333,732.0,528.0,342.0,2544.0,1392.0,349.0,71.37383669169259,84.13357999942603,57.11752924832285,39.420926761487934,17.630061785811854,42.77255516300936,51.65225172415467,78.21711673575874,57.20864966416318,82.53238462504883
2025-03-09 20:17:33.137667,730.0,523.0,337.0,2544.0,1390.0,340.0,71.6586569864311,84.20885474121957,56.8514319859063,39.39257629398549,17.62563457819394,42.734563743753185,52.055303433518546,78.40730379628587,57.06278440850112,82.22309051318416
2025-03-09 20:17:33.137667,732.0,511.0,341.0,2547.0,1392.0,339.0,71.6586569864311,84.20885474121957,56.8514319859063,39.39257629398549,17.62563457819394,42.734563743753185,52.055303433518546,78.40730379628587,57.06278440850112,82.22309051318416
2025-03-09 20:17:33.137667,729.0,524.0,342.0,2546.0,1394.0,341.0,71.6586569864311,84.20885474121957,56.8514319859063,39.39257629398549,17.62563457819394,42.734563743753185,52.055303433518546,78.40730379628587,57.06278440850112,82.22309051318416
2025-03-09 20:17:33.137667,730.0,526.0,337.0,2548.0,1392.0,341.0,71.6586569864311,84.20885474121957,56.8514319859063,39.39257629398549,17.62563457819394,42.734563743753185,52.055303433518546,78.40730379628587,57.06278440850112,82.22309051318416
2025-03-09 20:17:33.146000,720.0,523.0,339.0,2545.0,1408.0,341.0,71.94530793855364,84.28612719144222,56.58879259979243,39.37579071536659,17.617992033564533,42.70692348466752,52.44814008099472,78.5965725342956,56.924063823747446,81.91031510652817
2025-03-09 20:17:33.146000,720.0,523.0,339.0,2547.0,1411.0,339.0,71.94530793855364,84.28612719144222,56.58879259979243,39.37579071536659,17.617992033564533,42.70692348466752,52.44814008099472,78.5965725342956,56.924063823747446,81.91031510652817
2025-03-09 20:17:33.146000,720.0,511.0,336.0,2549.0,1408.0,341.0,71.94530793855364,84.28612719144222,56.58879259979243,39.37579071536659,17.617992033564533,42.70692348466752,52.44814008099472,78.5965725342956,56.924063823747446,81.91031510652817
2025-03-09 20:17:33.154333,718.0,524.0,343.0,2546.0,1414.0,337.0,72.23311732319377,84.36494447597809,56.32795778748457,39.366213463673816,17.608888523328382,42.68617897790576,52.83439692737867,78.7844790691882,56.78854367766959,81.59332129893109
2025-03-09 20:17:33.154333,718.0,526.0,343.0,2551.0,1413.0,338.0,72.23311732319377,84.36494447597809,56.32795778748457,39.366213463673816,17.608888523328382,42.68617897790576,52.83439692737867,78.7844790691882,56.78854367766959,81.59332129893109
2025-03-09 20:17:33.154333,716.0,511.0,341.0,2545.0,1415.0,337.0,72.23311732319377,84.36494447597809,56.32795778748457,39.366213463673816,17.608888523328382,42.68617897790576,52.83439692737867,78.7844790691882,56.78854367766959,81.59332129893109
2025-03-09 20:17:33.154333,718.0,528.0,339.0,2551.0,1418.0,338.0,72.23311732319377,84.36494447597809,56.32795778748457,39.366213463673816,17.608888523328382,42.68617897790576,52.83439692737867,78.7844790691882,56.78854367766959,81.59332129893109
2025-03-09 20:17:33.162667,716.0,511.0,346.0,2549.0,1417.0,338.0,72.52146795707144,84.44480275703349,56.06856203234719,39.361103822570435,17.59905895393057,42.67012545838495,53.21522110681196,78.97028228640342,56.65383022498394,81.27270640067216
2025-03-09 20:17:33.162667,703.0,511.0,339.0,2549.0,1429.0,338.0,72.52146795707144,84.44480275703349,56.06856203234719,39.361103822570435,17.59905895393057,42.67012545838495,53.21522110681196,78.97028228640342,56.65383022498394,81.27270640067216
2025-03-09 20:17:33.162667,699.0,511.0,342.0,2545.0,1433.0,338.0,72.52146795707144,84.44480275703349,56.06856203234719,39.361103822570435,17.59905895393057,42.67012545838495,53.21522110681196,78.97028228640342,56.65383022498394,81.27270640067216
2025-03-09 20:17:33.171000,699.0,523.0,336.0,2546.0,1435.0,340.0,72.80573114691492,84.52462217303153,55.81109498919061,39.35958089140944,17.587855501852147,42.65800622691855,53.58662004494165,79.15075825705249,56.52105569584181,80.94909352486604
2025-03-09 20:17:33.171000,695.0,511.0,342.0,2549.0,1439.0,341.0,72.80573114691492,84.52462217303153,55.81109498919061,39.35958089140944,17.587855501852147,42.65800622691855,53.58662004494165,79.15075825705249,56.52105569584181,80.94909352486604
2025-03-09 20:17:33.171000,698.0,511.0,340.0,2549.0,1438.0,338.0,72.80573114691492,84.52462217303153,55.81109498919061,39.35958089140944,17.587855501852147,42.65800622691855,53.58662004494165,79.15075825705249,56.52105569584181,80.94909352486604
2025-03-09 20:17:33.171000,690.0,511.0,335.0,2546.0,1442.0,341.0,72.80573114691492,84.52462217303153,55.81109498919061,39.35958089140944,17.587855501852147,42.65800622691855,53.58662004494165,79.15075825705249,56.52105569584181,80.94909352486604
2025-03-09 20:17:33.179333,688.0,511.0,343.0,2548.0,1446.0,340.0,73.08089236223665,84.6021731026795,55.55475534087192,39.362413493736575,17.57482698061279,42.65054873697655,53.944725779457094,79.32179858368367,56.39125042146263,80.62319138233111
2025-03-09 20:17:33.179333,671.0,525.0,336.0,2551.0,1459.0,341.0,73.08089236223665,84.6021731026795,55.55475534087192,39.362413493736575,17.57482698061279,42.65054873697655,53.944725779457094,79.32179858368367,56.39125042146263,80.62319138233111
2025-03-09 20:17:33.179333,676.0,526.0,329.0,2545.0,1461.0,341.0,73.08089236223665,84.6021731026795,55.55475534087192,39.362413493736575,17.57482698061279,42.65054873697655,53.944725779457094,79.32179858368367,56.39125042146263,80.62319138233111
2025-03-09 20:17:33.187667,673.0,511.0,326.0,2547.0,1461.0,338.0,73.34403795703003,84.67663672374265,55.29980619198931,39.36972050317447,17.55873075542619,42.6471610056563,54.28752058933699,79.48299780986892,56.26682147066759,80.29806850920883
2025-03-09 20:17:33.187667,668.0,511.0,336.0,2547.0,1463.0,339.0,73.34403795703003,84.67663672374265,55.29980619198931,39.36972050317447,17.55873075542619,42.6471610056563,54.28752058933699,79.48299780986892,56.26682147066759,80.29806850920883
2025-03-09 20:17:33.187667,671.0,511.0,331.0,2548.0,1465.0,342.0,73.34403795703003,84.67663672374265,55.29980619198931,39.36972050317447,17.55873075542619,42.6471610056563,54.28752058933699,79.48299780986892,56.26682147066759,80.29806850920883
2025-03-09 20:17:33.187667,663.0,511.0,336.0,2551.0,1469.0,342.0,73.34403795703003,84.67663672374265,55.29980619198931,39.36972050317447,17.55873075542619,42.6471610056563,54.28752058933699,79.48299780986892,56.26682147066759,80.29806850920883
2025-03-09 20:17:33.196000,665.0,511.0,336.0,2545.0,1470.0,339.0,73.59331070324042,84.748066642629,55.049331945169435,39.38000109601842,17.54022032288637,42.646349393206854,54.6138423772368,79.63502337433334,56.14925861030583,79.97721974786828
2025-03-09 20:17:33.196000,661.0,511.0,335.0,2550.0,1470.0,341.0,73.59331070324042,84.748066642629,55.049331945169435,39.38000109601842,17.54022032288637,42.646349393206854,54.6138423772368,79.63502337433334,56.14925861030583,79.97721974786828
2025-03-09 20:17:33.196000,647.0,511.0,329.0,2551.0,1487.0,341.0,73.59331070324042,84.748066642629,55.049331945169435,39.38000109601842,17.54022032288637,42.646349393206854,54.6138423772368,79.63502337433334,56.14925861030583,79.97721974786828
2025-03-09 20:17:33.204333,647.0,511.0,336.0,2550.0,1491.0,338.0,73.8266681185674,84.81544107382773,54.80678732153955,39.390890234267,17.522691034792217,42.64699065144266,54.92325731028659,79.7763555107769,56.03671090535522,79.6620033063761
2025-03-09 20:17:33.204333,645.0,511.0,333.0,2554.0,1489.0,347.0,73.8266681185674,84.81544107382773,54.80678732153955,39.390890234267,17.522691034792217,42.64699065144266,54.92325731028659,79.7763555107769,56.03671090535522,79.6620033063761
2025-03-09 20:17:33.204333,644.0,511.0,322.0,2549.0,1493.0,338.0,73.8266681185674,84.81544107382773,54.80678732153955,39.390890234267,17.522691034792217,42.64699065144266,54.92325731028659,79.7763555107769,56.03671090535522,79.6620033063761
2025-03-09 20:17:33.204333,640.0,511.0,323.0,2545.0,1498.0,340.0,73.8266681185674,84.81544107382773,54.80678732153955,39.390890234267,17.522691034792217,42.64699065144266,54.92325731028659,79.7763555107769,56.03671090535522,79.6620033063761
2025-03-09 20:17:33.212667,638.0,511.0,333.0,2551.0,1499.0,340.0,74.04136295197979,84.8768124761462,54.573949764246734,39.399805478732944,17.507432330156373,42.64692103002988,55.214925994168496,79.9053822824716,55.92755716692218,79.3535142542857
2025-03-09 20:17:33.212667,640.0,511.0,333.0,2549.0,1500.0,341.0,74.04136295197979,84.8768124761462,54.573949764246734,39.399805478732944,17.507432330156373,42.64692103002988,55.214925994168496,79.9053822824716,55.92755716692218,79.3535142542857
2025-03-09 20:17:33.212667,639.0,511.0,333.0,2548.0,1503.0,341.0,74.04136295197979,84.8768124761462,54.573949764246734,39.399805478732944,17.507432330156373,42.64692103002988,55.214925994168496,79.9053822824716,55.92755716692218,79.3535142542857
2025-03-09 20:17:33.212667,626.0,511.0,332.0,2547.0,1526.0,341.0,74.04136295197979,84.8768124761462,54.573949764246734,39.399805478732944,17.507432330156373,42.64692103002988,55.214925994168496,79.9053822824716,55.92755716692218,79.3535142542857
2025-03-09 20:17:33.221000,626.0,509.0,336.0,2554.0,1528.0,339.0,74.23394494809986,84.92984895569215,54.35112185388395,39.40511880765181,17.492806811276257,42.64364445233611,55.4869266982209,80.02119201519469,55.82237076907579,79.05404469820688
2025-03-09 20:17:33.221000,624.0,511.0,334.0,2550.0,1532.0,339.0,74.23394494809986,84.92984895569215,54.35112185388395,39.40511880765181,17.492806811276257,42.64364445233611,55.4869266982209,80.02119201519469,55.82237076907579,79.05404469820688
2025-03-09 20:17:33.221000,624.0,511.0,337.0,2546.0,1529.0,337.0,74.23394494809986,84.92984895569215,54.35112185388395,39.40511880765181,17.492806811276257,42.64364445233611,55.4869266982209,80.02119201519469,55.82237076907579,79.05404469820688
2025-03-09 20:17:33.229333,624.0,511.0,338.0,2547.0,1535.0,341.0,74.40023751000396,84.9716923543653,54.13819216030843,39.40504854202015,17.47755478989695,42.6349336928906,55.736575622012666,80.12110789777581,55.72072507127857,78.76564007920565
2025-03-09 20:17:33.229333,624.0,511.0,346.0,2547.0,1535.0,338.0,74.40023751000396,84.9716923543653,54.13819216030843,39.40504854202015,17.47755478989695,42.6349336928906,55.736575622012666,80.12110789777581,55.72072507127857,78.76564007920565
2025-03-09 20:17:33.229333,619.0,511.0,338.0,2557.0,1535.0,341.0,74.40023751000396,84.9716923543653,54.13819216030843,39.40504854202015,17.47755478989695,42.6349336928906,55.736575622012666,80.12110789777581,55.72072507127857,78.76564007920565
2025-03-09 20:17:33.229333,609.0,511.0,338.0,2549.0,1535.0,341.0,74.40023751000396,84.9716923543653,54.13819216030843,39.40504854202015,17.47755478989695,42.6349336928906,55.736575622012666,80.12110789777581,55.72072507127857,78.76564007920565
2025-03-09 20:17:33.237667,608.0,511.0,340.0,2549.0,1555.0,338.0,74.53642071901183,84.999229582004,53.935833170748346,39.398616507790464,17.461124096700456,42.619724702206774,55.96041410170006,80.20154751665548,55.62174464011788,78.48916027284159
2025-03-09 20:17:33.237667,610.0,511.0,337.0,2550.0,1535.0,338.0,74.53642071901183,84.999229582004,53.935833170748346,39.398616507790464,17.461124096700456,42.619724702206774,55.96041410170006,80.20154751665548,55.62174464011788,78.48916027284159
2025-03-09 20:17:33.237667,607.0,511.0,342.0,2551.0,1561.0,339.0,74.53642071901183,84.999229582004,53.935833170748346,39.398616507790464,17.461124096700456,42.619724702206774,55.96041410170006,80.20154751665548,55.62174464011788,78.48916027284159
2025-03-09 20:17:33.246000,606.0,509.0,349.0,2553.0,1563.0,340.0,74.64062126269214,85.00911120709347,53.74429265025279,39.38678096865771,17.44315174119393,42.598792868196114,56.155712450540186,80.25929364566612,55.5241364932335,78.22383118302349
2025-03-09 20:17:33.246000,606.0,511.0,341.0,2545.0,1559.0,338.0,74.64062126269214,85.00911120709347,53.74429265025279,39.38678096865771,17.44315174119393,42.598792868196114,56.155712450540186,80.25929364566612,55.5241364932335,78.22383118302349
2025-03-09 20:17:33.246000,606.0,507.0,336.0,2545.0,1561.0,339.0,74.64062126269214,85.00911120709347,53.74429265025279,39.38678096865771,17.44315174119393,42.598792868196114,56.155712450540186,80.25929364566612,55.5241364932335,78.22383118302349
2025-03-09 20:17:33.246000,604.0,511.0,332.0,2549.0,1562.0,339.0,74.64062126269214,85.00911120709347,53.74429265025279,39.38678096865771,17.44315174119393,42.598792868196114,56.155712450540186,80.25929364566612,55.5241364932335,78.22383118302349
2025-03-09 20:17:33.254333,594.0,505.0,336.0,2547.0,1575.0,339.0,74.7127388795266,84.99910253800877,53.56300578573409,39.37135243022455,17.422814946947828,42.57327017568999,56.3217539027739,80.2935922899977,55.42769864579472,77.96962627914489
2025-03-09 20:17:33.254333,594.0,506.0,341.0,2544.0,1575.0,336.0,74.7127388795266,84.99910253800877,53.56300578573409,39.37135243022455,17.422814946947828,42.57327017568999,56.3217539027739,80.2935922899977,55.42769864579472,77.96962627914489
2025-03-09 20:17:33.254333,593.0,507.0,338.0,2548.0,1577.0,337.0,74.7127388795266,84.99910253800877,53.56300578573409,39.37135243022455,17.422814946947828,42.57327017568999,56.3217539027739,80.2935922899977,55.42769864579472,77.96962627914489
2025-03-09 20:17:33.262667,593.0,509.0,336.0,2547.0,1579.0,341.0,74.75320093513429,84.96842425766901,53.39163649908881,39.35327236742243,17.399232811231787,42.543352379104,56.45897375978447,80.30547212735512,55.33313067409659,77.72795805640358
2025-03-09 20:17:33.262667,594.0,511.0,341.0,2549.0,1579.0,338.0,74.75320093513429,84.96842425766901,53.39163649908881,39.35327236742243,17.399232811231787,42.543352379104,56.45897375978447,80.30547212735512,55.33313067409659,77.72795805640358
2025-03-09 20:17:33.262667,592.0,510.0,341.0,2547.0,1579.0,338.0,74.75320093513429,84.96842425766901,53.39163649908881,39.35327236742243,17.399232811231787,42.543352379104,56.45897375978447,80.30547212735512,55.33313067409659,77.72795805640358
2025-03-09 20:17:33.262667,594.0,511.0,336.0,2546.0,1581.0,336.0,74.75320093513429,84.96842425766901,53.39163649908881,39.35327236742243,17.399232811231787,42.543352379104,56.45897375978447,80.30547212735512,55.33313067409659,77.72795805640358
2025-03-09 20:17:33.271000,590.0,507.0,345.0,2546.0,1585.0,338.0,74.76363948412538,84.91753512278137,53.23006108317229,39.33267789596974,17.372396826532132,42.50911181833199,56.56860750131899,80.2960512447642,55.24017277007766,77.49988723524812
2025-03-09 20:17:33.271000,592.0,507.0,352.0,2548.0,1587.0,336.0,74.76363948412538,84.91753512278137,53.23006108317229,39.33267789596974,17.372396826532132,42.50911181833199,56.56860750131899,80.2960512447642,55.24017277007766,77.49988723524812
2025-03-09 20:17:33.271000,588.0,509.0,343.0,2546.0,1586.0,334.0,74.76363948412538,84.91753512278137,53.23006108317229,39.33267789596974,17.372396826532132,42.50911181833199,56.56860750131899,80.2960512447642,55.24017277007766,77.49988723524812
2025-03-09 20:17:33.279333,591.0,506.0,345.0,2544.0,1586.0,337.0,74.74552304175756,84.84706706630251,53.07857346989876,39.30942963049288,17.342088907642985,42.470343486765415,56.65138238521764,80.26642023989938,55.14877847945792,77.28571919182258
2025-03-09 20:17:33.279333,589.0,509.0,345.0,2547.0,1587.0,336.0,74.74552304175756,84.84706706630251,53.07857346989876,39.30942963049288,17.342088907642985,42.470343486765415,56.65138238521764,80.26642023989938,55.14877847945792,77.28571919182258
2025-03-09 20:17:33.279333,590.0,511.0,341.0,2544.0,1587.0,336.0,74.74552304175756,84.84706706630251,53.07857346989876,39.30942963049288,17.342088907642985,42.470343486765415,56.65138238521764,80.26642023989938,55.14877847945792,77.28571919182258
2025-03-09 20:17:33.279333,589.0,511.0,341.0,2548.0,1587.0,336.0,74.74552304175756,84.84706706630251,53.07857346989876,39.30942963049288,17.342088907642985,42.470343486765415,56.65138238521764,80.26642023989938,55.14877847945792,77.28571919182258
2025-03-09 20:17:33.287667,585.0,509.0,342.0,2542.0,1587.0,334.0,74.70021215499494,84.75841132033602,52.937342759157275,39.28358243434686,17.308754569940707,42.4272944807587,56.70845686904793,80.21784832569621,55.059436535308244,77.08679231413788
2025-03-09 20:17:33.287667,587.0,511.0,339.0,2543.0,1586.0,336.0,74.70021215499494,84.75841132033602,52.937342759157275,39.28358243434686,17.308754569940707,42.4272944807587,56.70845686904793,80.21784832569621,55.059436535308244,77.08679231413788
2025-03-09 20:17:33.287667,586.0,510.0,351.0,2544.0,1586.0,334.0,74.70021215499494,84.75841132033602,52.937342759157275,39.28358243434686,17.308754569940707,42.4272944807587,56.70845686904793,80.21784832569621,55.059436535308244,77.08679231413788
2025-03-09 20:17:33.287667,587.0,510.0,343.0,2544.0,1584.0,334.0,74.70021215499494,84.75841132033602,52.937342759157275,39.28358243434686,17.308754569940707,42.4272944807587,56.70845686904793,80.21784832569621,55.059436535308244,77.08679231413788
2025-03-09 20:17:33.296000,587.0,509.0,342.0,2545.0,1585.0,334.0,74.63118773160386,84.6548068533072,52.80641277452728,39.256176354451824,17.272994487348377,42.381311185039856,56.74210687668364,80.15310812498865,54.9735440243816,76.90517551047577
2025-03-09 20:17:33.296000,586.0,511.0,347.0,2544.0,1586.0,334.0,74.63118773160386,84.6548068533072,52.80641277452728,39.256176354451824,17.272994487348377,42.381311185039856,56.74210687668364,80.15310812498865,54.9735440243816,76.90517551047577
2025-03-09 20:17:33.296000,587.0,511.0,343.0,2547.0,1585.0,335.0,74.63118773160386,84.6548068533072,52.80641277452728,39.256176354451824,17.272994487348377,42.381311185039856,56.74210687668364,80.15310812498865,54.9735440243816,76.90517551047577
2025-03-09 20:17:33.304333,588.0,507.0,341.0,2544.0,1586.0,335.0,74.54291334482778,84.54028530935615,52.68569302828354,39.228687871184206,17.236179426286643,42.33465609685995,56.75509167226625,80.0748020647433,54.892125501763395,76.74417816628527
2025-03-09 20:17:33.304333,582.0,511.0,349.0,2544.0,1583.0,335.0,74.54291334482778,84.54028530935615,52.68569302828354,39.228687871184206,17.236179426286643,42.33465609685995,56.75509167226625,80.0748020647433,54.892125501763395,76.74417816628527
2025-03-09 20:17:33.304333,579.0,510.0,347.0,2544.0,1582.0,330.0,74.54291334482778,84.54028530935615,52.68569302828354,39.228687871184206,17.236179426286643,42.33465609685995,56.75509167226625,80.0748020647433,54.892125501763395,76.74417816628527
2025-03-09 20:17:33.304333,585.0,509.0,342.0,2543.0,1582.0,334.0,74.54291334482778,84.54028530935615,52.68569302828354,39.228687871184206,17.236179426286643,42.33465609685995,56.75509167226625,80.0748020647433,54.892125501763395,76.74417816628527
2025-03-09 20:17:33.312667,578.0,511.0,349.0,2543.0,1581.0,330.0,74.44074222778558,84.4190017289569,52.5749867777461,39.20257845956171,17.199782993694097,42.28963747764867,56.75078322330946,79.9858437169824,54.815593918139285,76.6070541502821
2025-03-09 20:17:33.312667,582.0,507.0,345.0,2539.0,1580.0,325.0,74.44074222778558,84.4190017289569,52.5749867777461,39.20257845956171,17.199782993694097,42.28963747764867,56.75078322330946,79.9858437169824,54.815593918139285,76.6070541502821
2025-03-09 20:17:33.312667,581.0,511.0,346.0,2544.0,1581.0,328.0,74.44074222778558,84.4190017289569,52.5749867777461,39.20257845956171,17.199782993694097,42.28963747764867,56.75078322330946,79.9858437169824,54.815593918139285,76.6070541502821
2025-03-09 20:17:33.321000,577.0,506.0,349.0,2543.0,1579.0,331.0,74.33195660044453,84.29553154847247,52.47492267212755,39.17806037823188,17.164493948407625,42.247220761233535,56.732933034933176,79.8902081637562,54.74316690466938,76.49512704165372
2025-03-09 20:17:33.321000,580.0,510.0,343.0,2543.0,1578.0,327.0,74.33195660044453,84.29553154847247,52.47492267212755,39.17806037823188,17.164493948407625,42.247220761233535,56.732933034933176,79.8902081637562,54.74316690466938,76.49512704165372
2025-03-09 20:17:33.321000,579.0,511.0,341.0,2542.0,1570.0,325.0,74.33195660044453,84.29553154847247,52.47492267212755,39.17806037823188,17.164493948407625,42.247220761233535,56.732933034933176,79.8902081637562,54.74316690466938,76.49512704165372
2025-03-09 20:17:33.321000,585.0,508.0,342.0,2543.0,1572.0,322.0,74.33195660044453,84.29553154847247,52.47492267212755,39.17806037823188,17.164493948407625,42.247220761233535,56.732933034933176,79.8902081637562,54.74316690466938,76.49512704165372
2025-03-09 20:17:33.329333,581.0,511.0,342.0,2540.0,1574.0,323.0,74.22181083439744,84.17229091522607,52.3867809913363,39.15467333263075,17.13053542269247,42.20741716667575,56.70354698220411,79.79036480227373,54.67326288515674,76.40882023439431
2025-03-09 20:17:33.329333,577.0,511.0,337.0,2541.0,1569.0,323.0,74.22181083439744,84.17229091522607,52.3867809913363,39.15467333263075,17.13053542269247,42.20741716667575,56.70354698220411,79.79036480227373,54.67326288515674,76.40882023439431
2025-03-09 20:17:33.329333,577.0,511.0,349.0,2539.0,1571.0,319.0,74.22181083439744,84.17229091522607,52.3867809913363,39.15467333263075,17.13053542269247,42.20741716667575,56.70354698220411,79.79036480227373,54.67326288515674,76.40882023439431
2025-03-09 20:17:33.337667,579.0,511.0,347.0,2544.0,1566.0,328.0,74.11260367832817,84.05037518490332,52.312831271495256,39.13337917460259,17.099116637294582,42.17177723128754,56.662338329224795,79.68679659798488,54.60565831878559,76.35021556767987
2025-03-09 20:17:33.337667,576.0,506.0,342.0,2542.0,1568.0,322.0,74.11260367832817,84.05037518490332,52.312831271495256,39.13337917460259,17.099116637294582,42.17177723128754,56.662338329224795,79.68679659798488,54.60565831878559,76.35021556767987
2025-03-09 20:17:33.337667,577.0,509.0,345.0,2541.0,1557.0,319.0,74.11260367832817,84.05037518490332,52.312831271495256,39.13337917460259,17.099116637294582,42.17177723128754,56.662338329224795,79.68679659798488,54.60565831878559,76.35021556767987
2025-03-09 20:17:33.337667,580.0,508.0,337.0,2542.0,1558.0,321.0,74.11260367832817,84.05037518490332,52.312831271495256,39.13337917460259,17.099116637294582,42.17177723128754,56.662338329224795,79.68679659798488,54.60565831878559,76.35021556767987
2025-03-09 20:17:33.346000,576.0,511.0,347.0,2534.0,1556.0,319.0,74.00553874701453,83.92949699507605,52.25387996196881,39.116563235122534,17.070334629044325,42.142687975334425,56.608115642220156,79.5789988850997,54.54068923323034,76.3201070618448
2025-03-09 20:17:33.346000,576.0,506.0,343.0,2537.0,1555.0,320.0,74.00553874701453,83.92949699507605,52.25387996196881,39.116563235122534,17.070334629044325,42.142687975334425,56.608115642220156,79.5789988850997,54.54068923323034,76.3201070618448
2025-03-09 20:17:33.346000,576.0,506.0,341.0,2538.0,1555.0,320.0,74.00553874701453,83.92949699507605,52.25387996196881,39.116563235122534,17.070334629044325,42.142687975334425,56.608115642220156,79.5789988850997,54.54068923323034,76.3201070618448
2025-03-09 20:17:33.354333,575.0,506.0,352.0,2539.0,1535.0,320.0,73.90120302036006,83.80859718442021,52.20942394919777,39.105354667847756,17.043903199368167,42.12101445434535,56.540873264472474,79.46664934555709,54.477668012932796,76.31713215831957
2025-03-09 20:17:33.354333,576.0,507.0,350.0,2538.0,1535.0,320.0,73.90120302036006,83.80859718442021,52.20942394919777,39.105354667847756,17.043903199368167,42.12101445434535,56.540873264472474,79.46664934555709,54.477668012932796,76.31713215831957
2025-03-09 20:17:33.354333,576.0,511.0,338.0,2540.0,1535.0,319.0,73.90120302036006,83.80859718442021,52.20942394919777,39.105354667847756,17.043903199368167,42.12101445434535,56.540873264472474,79.46664934555709,54.477668012932796,76.31713215831957
2025-03-09 20:17:33.354333,575.0,507.0,343.0,2535.0,1535.0,314.0,73.90120302036006,83.80859718442021,52.20942394919777,39.105354667847756,17.043903199368167,42.12101445434535,56.540873264472474,79.46664934555709,54.477668012932796,76.31713215831957
2025-03-09 20:17:33.362667,574.0,508.0,339.0,2542.0,1531.0,316.0,73.79964210410763,83.68824291613153,52.18031701060539,39.098903634165126,17.01985035998411,42.10564312078907,56.4614438191897,79.35144824171812,54.41732238373092,76.34116493811533
2025-03-09 20:17:33.362667,575.0,509.0,338.0,2540.0,1531.0,314.0,73.79964210410763,83.68824291613153,52.18031701060539,39.098903634165126,17.01985035998411,42.10564312078907,56.4614438191897,79.35144824171812,54.41732238373092,76.34116493811533
2025-03-09 20:17:33.362667,571.0,510.0,343.0,2532.0,1534.0,314.0,73.79964210410763,83.68824291613153,52.18031701060539,39.098903634165126,17.01985035998411,42.10564312078907,56.4614438191897,79.35144824171812,54.41732238373092,76.34116493811533
2025-03-09 20:17:33.362667,573.0,511.0,349.0,2538.0,1533.0,315.0,73.79964210410763,83.68824291613153,52.18031701060539,39.098903634165126,17.01985035998411,42.10564312078907,56.4614438191897,79.35144824171812,54.41732238373092,76.34116493811533
2025-03-09 20:17:33.371000,573.0,509.0,346.0,2539.0,1533.0,314.0,73.70092239546926,83.56973026531563,52.16778581221722,39.09603075407615,16.998232313760862,42.0952279458596,56.370588705901966,79.2354319817366,54.360935330698,76.39319584809037
2025-03-09 20:17:33.371000,572.0,511.0,337.0,2533.0,1532.0,314.0,73.70092239546926,83.56973026531563,52.16778581221722,39.09603075407615,16.998232313760862,42.0952279458596,56.370588705901966,79.2354319817366,54.360935330698,76.39319584809037
2025-03-09 20:17:33.371000,572.0,506.0,346.0,2535.0,1519.0,315.0,73.70092239546926,83.56973026531563,52.16778581221722,39.09603075407615,16.998232313760862,42.0952279458596,56.370588705901966,79.2354319817366,54.360935330698,76.39319584809037
2025-03-09 20:17:33.379333,574.0,506.0,345.0,2537.0,1520.0,313.0,73.6047582916954,83.45372891651441,52.171608696955154,39.096322675341185,16.978518224790097,42.08922352436512,56.26827190224629,79.11903009433424,54.30935415472836,76.47391769293212
2025-03-09 20:17:33.379333,575.0,507.0,347.0,2530.0,1509.0,308.0,73.6047582916954,83.45372891651441,52.171608696955154,39.096322675341185,16.978518224790097,42.08922352436512,56.26827190224629,79.11903009433424,54.30935415472836,76.47391769293212
2025-03-09 20:17:33.379333,572.0,511.0,343.0,2531.0,1517.0,311.0,73.6047582916954,83.45372891651441,52.171608696955154,39.096322675341185,16.978518224790097,42.08922352436512,56.26827190224629,79.11903009433424,54.30935415472836,76.47391769293212
2025-03-09 20:17:33.379333,571.0,508.0,347.0,2535.0,1513.0,309.0,73.6047582916954,83.45372891651441,52.171608696955154,39.096322675341185,16.978518224790097,42.08922352436512,56.26827190224629,79.11903009433424,54.30935415472836,76.47391769293212
2025-03-09 20:17:33.387667,572.0,511.0,339.0,2533.0,1512.0,313.0,73.50980889719601,83.34043933597046,52.191159345329744,39.09965796425425,16.959363260578865,42.087235600580236,56.153003128826576,79.00152980607263,54.26391713986282,76.58372968922548
2025-03-09 20:17:33.387667,570.0,507.0,343.0,2529.0,1511.0,311.0,73.50980889719601,83.34043933597046,52.191159345329744,39.09965796425425,16.959363260578865,42.087235600580236,56.153003128826576,79.00152980607263,54.26391713986282,76.58372968922548
2025-03-09 20:17:33.387667,570.0,508.0,343.0,2535.0,1508.0,309.0,73.50980889719601,83.34043933597046,52.191159345329744,39.09965796425425,16.959363260578865,42.087235600580236,56.153003128826576,79.00152980607263,54.26391713986282,76.58372968922548
2025-03-09 20:17:33.396000,566.0,509.0,342.0,2531.0,1490.0,307.0,73.41487069323885,83.23005924390814,52.2250499214333,39.10543099777397,16.939992205564277,42.08849900643809,56.02471646676901,78.88257152617986,54.2252310627003,76.72231574861722
2025-03-09 20:17:33.396000,569.0,502.0,350.0,2528.0,1494.0,306.0,73.41487069323885,83.23005924390814,52.2250499214333,39.10543099777397,16.939992205564277,42.08849900643809,56.02471646676901,78.88257152617986,54.2252310627003,76.72231574861722
2025-03-09 20:17:33.396000,567.0,506.0,342.0,2531.0,1491.0,307.0,73.41487069323885,83.23005924390814,52.2250499214333,39.10543099777397,16.939992205564277,42.08849900643809,56.02471646676901,78.88257152617986,54.2252310627003,76.72231574861722
2025-03-09 20:17:33.396000,564.0,506.0,347.0,2529.0,1494.0,309.0,73.41487069323885,83.23005924390814,52.2250499214333,39.10543099777397,16.939992205564277,42.08849900643809,56.02471646676901,78.88257152617986,54.2252310627003,76.72231574861722
2025-03-09 20:17:33.396000,560.0,506.0,343.0,2532.0,1489.0,310.0,73.41487069323885,83.23005924390814,52.2250499214333,39.10543099777397,16.939992205564277,42.08849900643809,56.02471646676901,78.88257152617986,54.2252310627003,76.72231574861722
2025-03-09 20:17:33.404333,565.0,503.0,347.0,2533.0,1488.0,307.0,73.31895875897409,83.1226554886917,52.27133553692979,39.112642120192305,16.920907765423962,42.09214871652295,55.88517137651793,78.76210882093412,54.1927760949391,76.88935767201208
2025-03-09 20:17:33.404333,565.0,510.0,341.0,2531.0,1488.0,310.0,73.31895875897409,83.1226554886917,52.27133553692979,39.112642120192305,16.920907765423962,42.09214871652295,55.88517137651793,78.76210882093412,54.1927760949391,76.88935767201208
2025-03-09 20:17:33.412667,561.0,502.0,339.0,2530.0,1476.0,309.0,73.22092539160359,83.01870944227947,52.32866745807576,39.12055444808804,16.902687214300833,42.09754090455639,55.735827075464414,78.64048959993711,54.166945168131825,77.08545772530553
2025-03-09 20:17:33.412667,561.0,506.0,348.0,2533.0,1474.0,309.0,73.22092539160359,83.01870944227947,52.32866745807576,39.12055444808804,16.902687214300833,42.09754090455639,55.735827075464414,78.64048959993711,54.166945168131825,77.08545772530553
2025-03-09 20:17:33.412667,561.0,507.0,338.0,2529.0,1474.0,306.0,73.22092539160359,83.01870944227947,52.32866745807576,39.12055444808804,16.902687214300833,42.09754090455639,55.735827075464414,78.64048959993711,54.166945168131825,77.08545772530553
2025-03-09 20:17:33.412667,560.0,503.0,345.0,2532.0,1475.0,306.0,73.22092539160359,83.01870944227947,52.32866745807576,39.12055444808804,16.902687214300833,42.09754090455639,55.735827075464414,78.64048959993711,54.166945168131825,77.08545772530553
2025-03-09 20:17:33.421000,561.0,503.0,336.0,2530.0,1472.0,304.0,73.12032659468288,82.91911937558385,52.39643206916359,39.12852141088221,16.885512035829947,42.10406762308523,55.57762971074964,78.51842955561112,54.14842196408765,77.31149941913124
2025-03-09 20:17:33.421000,560.0,499.0,347.0,2529.0,1475.0,305.0,73.12032659468288,82.91911937558385,52.39643206916359,39.12852141088221,16.885512035829947,42.10406762308523,55.57762971074964,78.51842955561112,54.14842196408765,77.31149941913124
2025-03-09 20:17:33.421000,560.0,501.0,346.0,2530.0,1471.0,307.0,73.12032659468288,82.91911937558385,52.39643206916359,39.12852141088221,16.885512035829947,42.10406762308523,55.57762971074964,78.51842955561112,54.14842196408765,77.31149941913124
2025-03-09 20:17:33.421000,559.0,502.0,346.0,2533.0,1472.0,306.0,73.12032659468288,82.91911937558385,52.39643206916359,39.12852141088221,16.885512035829947,42.10406762308523,55.57762971074964,78.51842955561112,54.14842196408765,77.31149941913124
2025-03-09 20:17:33.429333,560.0,502.0,345.0,2529.0,1463.0,304.0,73.0175379461944,82.8246440011845,52.47406743305592,39.135766686547676,16.869634417743452,42.11104691021291,55.41191960010852,78.39676704589422,54.13703168050067,77.56768592348052
2025-03-09 20:17:33.429333,556.0,502.0,340.0,2528.0,1463.0,305.0,73.0175379461944,82.8246440011845,52.47406743305592,39.135766686547676,16.869634417743452,42.11104691021291,55.41191960010852,78.39676704589422,54.13703168050067,77.56768592348052
2025-03-09 20:17:33.429333,555.0,501.0,336.0,2527.0,1465.0,306.0,73.0175379461944,82.8246440011845,52.47406743305592,39.135766686547676,16.869634417743452,42.11104691021291,55.41191960010852,78.39676704589422,54.13703168050067,77.56768592348052
2025-03-09 20:17:33.429333,557.0,499.0,341.0,2533.0,1461.0,305.0,73.0175379461944,82.8246440011845,52.47406743305592,39.135766686547676,16.869634417743452,42.11104691021291,55.41191960010852,78.39676704589422,54.13703168050067,77.56768592348052
2025-03-09 20:17:33.437667,556.0,499.0,338.0,2531.0,1461.0,305.0,72.9127711488137,82.73514430732888,52.56083726102786,39.141952109891164,16.855107903530232,42.118173032884506,55.23942210020804,78.27549339746538,54.13201496315835,77.85326337368127
2025-03-09 20:17:33.437667,560.0,498.0,343.0,2526.0,1467.0,306.0,72.9127711488137,82.73514430732888,52.56083726102786,39.141952109891164,16.855107903530232,42.118173032884506,55.23942210020804,78.27549339746538,54.13201496315835,77.85326337368127
2025-03-09 20:17:33.437667,554.0,500.0,347.0,2528.0,1462.0,305.0,72.9127711488137,82.73514430732888,52.56083726102786,39.141952109891164,16.855107903530232,42.118173032884506,55.23942210020804,78.27549339746538,54.13201496315835,77.85326337368127
2025-03-09 20:17:33.446000,549.0,505.0,350.0,2527.0,1457.0,305.0,72.80579809034094,82.65128085405642,52.656222198228676,39.14620728483766,16.841989672618,42.12458258742478,55.06108632783437,78.15531979117175,54.13359002218518,78.16875482169335
2025-03-09 20:17:33.446000,550.0,505.0,338.0,2530.0,1456.0,305.0,72.80579809034094,82.65128085405642,52.656222198228676,39.14620728483766,16.841989672618,42.12458258742478,55.06108632783437,78.15531979117175,54.13359002218518,78.16875482169335
2025-03-09 20:17:33.446000,549.0,501.0,350.0,2527.0,1457.0,304.0,72.80579809034094,82.65128085405642,52.656222198228676,39.14620728483766,16.841989672618,42.12458258742478,55.06108632783437,78.15531979117175,54.13359002218518,78.16875482169335
2025-03-09 20:17:33.446000,546.0,501.0,346.0,2527.0,1456.0,307.0,72.80579809034094,82.65128085405642,52.656222198228676,39.14620728483766,16.841989672618,42.12458258742478,55.06108632783437,78.15531979117175,54.13359002218518,78.16875482169335
2025-03-09 20:17:33.454333,549.0,502.0,342.0,2526.0,1456.0,305.0,72.695299734299,82.57333085886339,52.75839821984132,39.14792772799479,16.830068630282216,42.129590091085056,54.87773525636745,78.03621161300923,54.14222118225128,78.51444723836347
2025-03-09 20:17:33.454333,547.0,500.0,343.0,2534.0,1456.0,304.0,72.695299734299,82.57333085886339,52.75839821984132,39.14792772799479,16.830068630282216,42.129590091085056,54.87773525636745,78.03621161300923,54.14222118225128,78.51444723836347
2025-03-09 20:17:33.454333,546.0,501.0,343.0,2532.0,1459.0,306.0,72.695299734299,82.57333085886339,52.75839821984132,39.14792772799479,16.830068630282216,42.129590091085056,54.87773525636745,78.03621161300923,54.14222118225128,78.51444723836347
2025-03-09 20:17:33.454333,546.0,498.0,347.0,2529.0,1456.0,305.0,72.695299734299,82.57333085886339,52.75839821984132,39.14792772799479,16.830068630282216,42.129590091085056,54.87773525636745,78.03621161300923,54.14222118225128,78.51444723836347
2025-03-09 20:17:33.462667,542.0,501.0,346.0,2527.0,1449.0,304.0,72.58008353782586,82.50048407650702,52.86486752665564,39.148140255490176,16.819419877927558,42.134216168830655,54.68972261881682,77.9168020275727,54.15765001340574,78.88813595863044
2025-03-09 20:17:33.462667,542.0,501.0,339.0,2523.0,1446.0,304.0,72.58008353782586,82.50048407650702,52.86486752665564,39.148140255490176,16.819419877927558,42.134216168830655,54.68972261881682,77.9168020275727,54.15765001340574,78.88813595863044
2025-03-09 20:17:33.462667,539.0,501.0,342.0,2528.0,1446.0,305.0,72.58008353782586,82.50048407650702,52.86486752665564,39.148140255490176,16.819419877927558,42.134216168830655,54.68972261881682,77.9168020275727,54.15765001340574,78.88813595863044
2025-03-09 20:17:33.471000,542.0,503.0,347.0,2527.0,1445.0,304.0,72.45919813073192,82.43176370867383,52.97633445666464,39.14919483220455,16.81042899711807,42.1409322194748,54.49464484825492,77.79514069095515,54.18054587084932,79.28641248164645
2025-03-09 20:17:33.471000,542.0,501.0,351.0,2529.0,1443.0,306.0,72.45919813073192,82.43176370867383,52.97633445666464,39.14919483220455,16.81042899711807,42.1409322194748,54.49464484825492,77.79514069095515,54.18054587084932,79.28641248164645
2025-03-09 20:17:33.471000,540.0,500.0,349.0,2526.0,1439.0,304.0,72.45919813073192,82.43176370867383,52.97633445666464,39.14919483220455,16.81042899711807,42.1409322194748,54.49464484825492,77.79514069095515,54.18054587084932,79.28641248164645
2025-03-09 20:17:33.471000,541.0,496.0,345.0,2527.0,1442.0,304.0,72.45919813073192,82.43176370867383,52.97633445666464,39.14919483220455,16.81042899711807,42.1409322194748,54.49464484825492,77.79514069095515,54.18054587084932,79.28641248164645
2025-03-09 20:17:33.479333,532.0,499.0,357.0,2525.0,1425.0,305.0,72.33116463844841,82.365837471149,53.09559044054188,39.15265303812099,16.80364189003488,42.151437615588506,54.28889194539732,77.66925509871032,54.21159732570722,79.70599999735911
2025-03-09 20:17:33.479333,537.0,498.0,353.0,2525.0,1426.0,304.0,72.33116463844841,82.365837471149,53.09559044054188,39.15265303812099,16.80364189003488,42.151437615588506,54.28889194539732,77.66925509871032,54.21159732570722,79.70599999735911
2025-03-09 20:17:33.479333,534.0,495.0,352.0,2528.0,1425.0,305.0,72.33116463844841,82.365837471149,53.09559044054188,39.15265303812099,16.80364189003488,42.151437615588506,54.28889194539732,77.66925509871032,54.21159732570722,79.70599999735911
2025-03-09 20:17:33.479333,534.0,502.0,354.0,2528.0,1424.0,305.0,72.33116463844841,82.365837471149,53.09559044054188,39.15265303812099,16.80364189003488,42.151437615588506,54.28889194539732,77.66925509871032,54.21159732570722,79.70599999735911
2025-03-09 20:17:33.487667,531.0,499.0,355.0,2529.0,1425.0,306.0,72.19547672543159,82.30183182543531,53.22397160035319,39.15697818263172,16.79925925480731,42.16428800620132,54.071856051486115,77.53875288203365,54.24943628023684,80.14349596025674
2025-03-09 20:17:33.487667,532.0,501.0,353.0,2527.0,1428.0,304.0,72.19547672543159,82.30183182543531,53.22397160035319,39.15697818263172,16.79925925480731,42.16428800620132,54.071856051486115,77.53875288203365,54.24943628023684,80.14349596025674
2025-03-09 20:17:33.487667,534.0,498.0,352.0,2526.0,1424.0,306.0,72.19547672543159,82.30183182543531,53.22397160035319,39.15697818263172,16.79925925480731,42.16428800620132,54.071856051486115,77.53875288203365,54.24943628023684,80.14349596025674
2025-03-09 20:17:33.496000,534.0,495.0,354.0,2527.0,1423.0,304.0,72.05252299121722,82.23996692062894,53.36264529230439,39.160424020249195,16.797918683570707,42.17787416944202,53.84456027516624,77.40473306642421,54.29309969181765,80.59594292209027
2025-03-09 20:17:33.496000,532.0,497.0,359.0,2525.0,1410.0,304.0,72.05252299121722,82.23996692062894,53.36264529230439,39.160424020249195,16.797918683570707,42.17787416944202,53.84456027516624,77.40473306642421,54.29309969181765,80.59594292209027
2025-03-09 20:17:33.496000,533.0,495.0,356.0,2525.0,1410.0,306.0,72.05252299121722,82.23996692062894,53.36264529230439,39.160424020249195,16.797918683570707,42.17787416944202,53.84456027516624,77.40473306642421,54.29309969181765,80.59594292209027
2025-03-09 20:17:33.504333,531.0,496.0,357.0,2526.0,1408.0,304.0,71.90200709231732,82.17952719230267,53.51232867154089,39.161665259123396,16.801109485124748,42.19121800564275,53.60821190085381,77.26730539770831,54.340836758809544,81.06005488402987
2025-03-09 20:17:33.504333,530.0,496.0,365.0,2526.0,1407.0,304.0,71.90200709231732,82.17952719230267,53.51232867154089,39.161665259123396,16.801109485124748,42.19121800564275,53.60821190085381,77.26730539770831,54.340836758809544,81.06005488402987
2025-03-09 20:17:33.504333,529.0,496.0,364.0,2526.0,1408.0,305.0,71.90200709231732,82.17952719230267,53.51232867154089,39.161665259123396,16.801109485124748,42.19121800564275,53.60821190085381,77.26730539770831,54.340836758809544,81.06005488402987
2025-03-09 20:17:33.504333,530.0,496.0,357.0,2525.0,1405.0,304.0,71.90200709231732,82.17952719230267,53.51232867154089,39.161665259123396,16.801109485124748,42.19121800564275,53.60821190085381,77.26730539770831,54.340836758809544,81.06005488402987
2025-03-09 20:17:33.512667,531.0,496.0,360.0,2527.0,1405.0,303.0,71.74393747236302,82.11919614559251,53.67241937392829,39.16130906420179,16.807425821289318,42.20410009223228,53.36265277849403,77.12692793804443,54.39269036094021,81.53196551871193
2025-03-09 20:17:33.512667,528.0,494.0,361.0,2524.0,1395.0,304.0,71.74393747236302,82.11919614559251,53.67241937392829,39.16130906420179,16.807425821289318,42.20410009223228,53.36265277849403,77.12692793804443,54.39269036094021,81.53196551871193
2025-03-09 20:17:33.512667,528.0,496.0,363.0,2526.0,1392.0,304.0,71.74393747236302,82.11919614559251,53.67241937392829,39.16130906420179,16.807425821289318,42.20410009223228,53.36265277849403,77.12692793804443,54.39269036094021,81.53196551871193
2025-03-09 20:17:33.512667,528.0,496.0,365.0,2525.0,1391.0,304.0,71.74393747236302,82.11919614559251,53.67241937392829,39.16130906420179,16.807425821289318,42.20410009223228,53.36265277849403,77.12692793804443,54.39269036094021,81.53196551871193
2025-03-09 20:17:33.521000,531.0,492.0,367.0,2527.0,1389.0,304.0,71.58056172134762,82.05843663881737,53.84132456262631,39.164250668849974,16.81263833015885,42.21934372412997,53.10656867934374,76.98558810801002,54.45215195201816,82.00837079098349
2025-03-09 20:17:33.521000,534.0,493.0,357.0,2523.0,1390.0,304.0,71.58056172134762,82.05843663881737,53.84132456262631,39.164250668849974,16.81263833015885,42.21934372412997,53.10656867934374,76.98558810801002,54.45215195201816,82.00837079098349
2025-03-09 20:17:33.521000,528.0,495.0,363.0,2518.0,1390.0,303.0,71.58056172134762,82.05843663881737,53.84132456262631,39.164250668849974,16.81263833015885,42.21934372412997,53.10656867934374,76.98558810801002,54.45215195201816,82.00837079098349
2025-03-09 20:17:33.529333,529.0,497.0,367.0,2524.0,1390.0,304.0,71.41497276845891,81.99794408718306,54.01781943432113,39.17400019245607,16.815032277588735,42.2394970611156,52.84078145912572,76.84543859144831,54.52103669157029,82.48700583786984
2025-03-09 20:17:33.529333,531.0,496.0,359.0,2525.0,1388.0,304.0,71.41497276845891,81.99794408718306,54.01781943432113,39.17400019245607,16.815032277588735,42.2394970611156,52.84078145912572,76.84543859144831,54.52103669157029,82.48700583786984
2025-03-09 20:17:33.529333,529.0,496.0,359.0,2524.0,1375.0,303.0,71.41497276845891,81.99794408718306,54.01781943432113,39.17400019245607,16.815032277588735,42.2394970611156,52.84078145912572,76.84543859144831,54.52103669157029,82.48700583786984
2025-03-09 20:17:33.529333,532.0,496.0,359.0,2529.0,1373.0,304.0,71.41497276845891,81.99794408718306,54.01781943432113,39.17400019245607,16.815032277588735,42.2394970611156,52.84078145912572,76.84543859144831,54.52103669157029,82.48700583786984
2025-03-09 20:17:33.537667,533.0,497.0,362.0,2530.0,1373.0,303.0,71.24805062990785,81.93784466330544,54.20157980499906,39.191204501357184,16.815256154316106,42.265518423782204,52.565761785766746,76.70614947393096,54.59855941410444,82.96454426894549
2025-03-09 20:17:33.537667,533.0,498.0,358.0,2523.0,1373.0,303.0,71.24805062990785,81.93784466330544,54.20157980499906,39.191204501357184,16.815256154316106,42.265518423782204,52.565761785766746,76.70614947393096,54.59855941410444,82.96454426894549
2025-03-09 20:17:33.537667,533.0,493.0,359.0,2530.0,1367.0,303.0,71.24805062990785,81.93784466330544,54.20157980499906,39.191204501357184,16.815256154316106,42.265518423782204,52.565761785766746,76.70614947393096,54.59855941410444,82.96454426894549
2025-03-09 20:17:33.546000,533.0,496.0,363.0,2527.0,1373.0,304.0,71.07948013684658,81.87734360645605,54.39229162779993,39.21684333902964,16.81302719654908,42.29847209388361,52.27997874222399,76.5660196117869,54.68420825025551,83.43655038213392
2025-03-09 20:17:33.546000,532.0,496.0,359.0,2522.0,1367.0,302.0,71.07948013684658,81.87734360645605,54.39229162779993,39.21684333902964,16.81302719654908,42.29847209388361,52.27997874222399,76.5660196117869,54.68420825025551,83.43655038213392
2025-03-09 20:17:33.546000,532.0,497.0,352.0,2526.0,1366.0,304.0,71.07948013684658,81.87734360645605,54.39229162779993,39.21684333902964,16.81302719654908,42.29847209388361,52.27997874222399,76.5660196117869,54.68420825025551,83.43655038213392
2025-03-09 20:17:33.546000,533.0,499.0,358.0,2527.0,1360.0,304.0,71.07948013684658,81.87734360645605,54.39229162779993,39.21684333902964,16.81302719654908,42.29847209388361,52.27997874222399,76.5660196117869,54.68420825025551,83.43655038213392
2025-03-09 20:17:33.554333,536.0,496.0,365.0,2525.0,1360.0,304.0,70.90905837836588,81.81588712623538,54.589295241241764,39.251241966066374,16.80783468924646,42.33866033048081,51.98258882928746,76.42396356069652,54.77741798223346,83.89938817662885
2025-03-09 20:17:33.554333,539.0,497.0,361.0,2527.0,1360.0,304.0,70.90905837836588,81.81588712623538,54.589295241241764,39.251241966066374,16.80783468924646,42.33866033048081,51.98258882928746,76.42396356069652,54.77741798223346,83.89938817662885
2025-03-09 20:17:33.554333,540.0,498.0,362.0,2529.0,1359.0,304.0,70.90905837836588,81.81588712623538,54.589295241241764,39.251241966066374,16.80783468924646,42.33866033048081,51.98258882928746,76.42396356069652,54.77741798223346,83.89938817662885
2025-03-09 20:17:33.562667,535.0,494.0,357.0,2527.0,1359.0,302.0,70.73721077800077,81.75414541113423,54.792288941941095,39.293759375486644,16.798454925409025,42.384877072654,51.67428416342778,76.28176375073649,54.87913049122052,84.35071779532497
2025-03-09 20:17:33.562667,537.0,494.0,367.0,2530.0,1359.0,302.0,70.73721077800077,81.75414541113423,54.792288941941095,39.293759375486644,16.798454925409025,42.384877072654,51.67428416342778,76.28176375073649,54.87913049122052,84.35071779532497
2025-03-09 20:17:33.562667,541.0,496.0,360.0,2528.0,1354.0,302.0,70.73721077800077,81.75414541113423,54.792288941941095,39.293759375486644,16.798454925409025,42.384877072654,51.67428416342778,76.28176375073649,54.87913049122052,84.35071779532497
2025-03-09 20:17:33.562667,544.0,493.0,363.0,2527.0,1342.0,304.0,70.73721077800077,81.75414541113423,54.792288941941095,39.293759375486644,16.798454925409025,42.384877072654,51.67428416342778,76.28176375073649,54.87913049122052,84.35071779532497
2025-03-09 20:17:33.571000,541.0,494.0,358.0,2525.0,1341.0,302.0,70.56552441403576,81.6930060195979,54.99972476325813,39.34447926350885,16.78365951633579,42.43650010372242,51.35738348940801,76.14206035248826,54.9901602692307,84.78813074299896
2025-03-09 20:17:33.571000,543.0,497.0,358.0,2528.0,1339.0,303.0,70.56552441403576,81.6930060195979,54.99972476325813,39.34447926350885,16.78365951633579,42.43650010372242,51.35738348940801,76.14206035248826,54.9901602692307,84.78813074299896
2025-03-09 20:17:33.571000,541.0,497.0,353.0,2529.0,1339.0,299.0,70.56552441403576,81.6930060195979,54.99972476325813,39.34447926350885,16.78365951633579,42.43650010372242,51.35738348940801,76.14206035248826,54.9901602692307,84.78813074299896
2025-03-09 20:17:33.571000,545.0,491.0,355.0,2527.0,1338.0,302.0,70.56552441403576,81.6930060195979,54.99972476325813,39.34447926350885,16.78365951633579,42.43650010372242,51.35738348940801,76.14206035248826,54.9901602692307,84.78813074299896
2025-03-09 20:17:33.579333,543.0,496.0,359.0,2525.0,1329.0,302.0,70.39548681231155,81.63216614291812,55.20983439929857,39.40443314597939,16.763707628629387,42.49451698192413,51.03383688408275,76.00525277881125,55.109428633369966,85.20891958834142
2025-03-09 20:17:33.579333,545.0,487.0,349.0,2525.0,1331.0,303.0,70.39548681231155,81.63216614291812,55.20983439929857,39.40443314597939,16.763707628629387,42.49451698192413,51.03383688408275,76.00525277881125,55.109428633369966,85.20891958834142
2025-03-09 20:17:33.579333,542.0,494.0,350.0,2529.0,1329.0,303.0,70.39548681231155,81.63216614291812,55.20983439929857,39.40443314597939,16.763707628629387,42.49451698192413,51.03383688408275,76.00525277881125,55.109428633369966,85.20891958834142
2025-03-09 20:17:33.587667,544.0,500.0,353.0,2525.0,1322.0,301.0,70.22708156277444,81.57087000274107,55.42174735141704,39.471109083712406,16.740972752586995,42.557405459545535,50.706393997345636,75.8704704952873,55.23304957921896,85.61126429380947
2025-03-09 20:17:33.587667,551.0,496.0,355.0,2533.0,1322.0,301.0,70.22708156277444,81.57087000274107,55.42174735141704,39.471109083712406,16.740972752586995,42.557405459545535,50.706393997345636,75.8704704952873,55.23304957921896,85.61126429380947
2025-03-09 20:17:33.587667,547.0,490.0,347.0,2529.0,1319.0,304.0,70.22708156277444,81.57087000274107,55.42174735141704,39.471109083712406,16.740972752586995,42.557405459545535,50.706393997345636,75.8704704952873,55.23304957921896,85.61126429380947
2025-03-09 20:17:33.587667,547.0,497.0,350.0,2528.0,1316.0,303.0,70.22708156277444,81.57087000274107,55.42174735141704,39.471109083712406,16.740972752586995,42.557405459545535,50.706393997345636,75.8704704952873,55.23304957921896,85.61126429380947
2025-03-09 20:17:33.596000,550.0,490.0,351.0,2527.0,1314.0,303.0,70.05951603764078,81.50872913623037,55.63550279266281,39.53876590945892,16.719273128934805,42.62118906564687,50.37871875921038,75.73654672383685,55.35534099577978,85.99396175596424
2025-03-09 20:17:33.596000,551.0,494.0,349.0,2530.0,1313.0,302.0,70.05951603764078,81.50872913623037,55.63550279266281,39.53876590945892,16.719273128934805,42.62118906564687,50.37871875921038,75.73654672383685,55.35534099577978,85.99396175596424
2025-03-09 20:17:33.596000,551.0,494.0,347.0,2527.0,1315.0,302.0,70.05951603764078,81.50872913623037,55.63550279266281,39.53876590945892,16.719273128934805,42.62118906564687,50.37871875921038,75.73654672383685,55.35534099577978,85.99396175596424
2025-03-09 20:17:33.604333,555.0,496.0,352.0,2531.0,1306.0,304.0,69.8926493511786,81.44567774033672,55.85070317718122,39.60538058710381,16.700372926359243,42.68434693943887,50.05360875498336,75.60409076662799,55.47450312778741,86.35506253673597
2025-03-09 20:17:33.604333,550.0,498.0,349.0,2532.0,1307.0,301.0,69.8926493511786,81.44567774033672,55.85070317718122,39.60538058710381,16.700372926359243,42.68434693943887,50.05360875498336,75.60409076662799,55.47450312778741,86.35506253673597
2025-03-09 20:17:33.604333,550.0,491.0,350.0,2528.0,1302.0,304.0,69.8926493511786,81.44567774033672,55.85070317718122,39.60538058710381,16.700372926359243,42.68434693943887,50.05360875498336,75.60409076662799,55.47450312778741,86.35506253673597
2025-03-09 20:17:33.604333,553.0,496.0,348.0,2530.0,1303.0,301.0,69.8926493511786,81.44567774033672,55.85070317718122,39.60538058710381,16.700372926359243,42.68434693943887,50.05360875498336,75.60409076662799,55.47450312778741,86.35506253673597
2025-03-09 20:17:33.612667,549.0,496.0,354.0,2530.0,1306.0,302.0,69.72587554089142,81.38140393567599,56.068562227933086,39.67106947874449,16.684486463659777,42.74689159889978,49.730438539920286,75.47330304668789,55.59119184717246,86.6924065290706
2025-03-09 20:17:33.612667,553.0,496.0,354.0,2530.0,1299.0,301.0,69.72587554089142,81.38140393567599,56.068562227933086,39.67106947874449,16.684486463659777,42.74689159889978,49.730438539920286,75.47330304668789,55.59119184717246,86.6924065290706
2025-03-09 20:17:33.612667,551.0,493.0,350.0,2528.0,1297.0,301.0,69.72587554089142,81.38140393567599,56.068562227933086,39.67106947874449,16.684486463659777,42.74689159889978,49.730438539920286,75.47330304668789,55.59119184717246,86.6924065290706
2025-03-09 20:17:33.621000,551.0,496.0,356.0,2530.0,1297.0,303.0,69.55842231204608,81.31532391139248,56.28996744808986,39.73587874424523,16.67128407206507,42.8088263277872,49.40752452371439,75.34327741099135,55.705572182561774,87.00481836245925
2025-03-09 20:17:33.621000,551.0,496.0,353.0,2534.0,1291.0,303.0,69.55842231204608,81.31532391139248,56.28996744808986,39.73587874424523,16.67128407206507,42.8088263277872,49.40752452371439,75.34327741099135,55.705572182561774,87.00481836245925
2025-03-09 20:17:33.621000,555.0,496.0,351.0,2527.0,1293.0,302.0,69.55842231204608,81.31532391139248,56.28996744808986,39.73587874424523,16.67128407206507,42.8088263277872,49.40752452371439,75.34327741099135,55.705572182561774,87.00481836245925
2025-03-09 20:17:33.621000,553.0,492.0,354.0,2526.0,1291.0,304.0,69.55842231204608,81.31532391139248,56.28996744808986,39.73587874424523,16.67128407206507,42.8088263277872,49.40752452371439,75.34327741099135,55.705572182561774,87.00481836245925
2025-03-09 20:17:33.629333,550.0,493.0,350.0,2529.0,1291.0,303.0,69.38984162536046,81.24789697989772,56.515722648490765,39.80068855892201,16.659645375307715,42.87070626324619,49.08280788921322,75.2139678200846,55.81952746623919,87.29210038311027
2025-03-09 20:17:33.629333,551.0,494.0,350.0,2529.0,1287.0,303.0,69.38984162536046,81.24789697989772,56.515722648490765,39.80068855892201,16.659645375307715,42.87070626324619,49.08280788921322,75.2139678200846,55.81952746623919,87.29210038311027
2025-03-09 20:17:33.629333,553.0,494.0,345.0,2531.0,1286.0,303.0,69.38984162536046,81.24789697989772,56.515722648490765,39.80068855892201,16.659645375307715,42.87070626324619,49.08280788921322,75.2139678200846,55.81952746623919,87.29210038311027
2025-03-09 20:17:33.629333,551.0,491.0,356.0,2527.0,1285.0,304.0,69.38984162536046,81.24789697989772,56.515722648490765,39.80068855892201,16.659645375307715,42.87070626324619,49.08280788921322,75.2139678200846,55.81952746623919,87.29210038311027
2025-03-09 20:17:33.637667,551.0,496.0,352.0,2538.0,1280.0,302.0,69.2207957558733,81.18105648744238,56.74848369639594,39.86585075981514,16.648261575215273,42.932631792340096,48.75371263231792,75.08657617856792,55.935867922170424,87.55529326147767
2025-03-09 20:17:33.637667,552.0,487.0,350.0,2535.0,1279.0,303.0,69.2207957558733,81.18105648744238,56.74848369639594,39.86585075981514,16.648261575215273,42.932631792340096,48.75371263231792,75.08657617856792,55.935867922170424,87.55529326147767
2025-03-09 20:17:33.637667,556.0,491.0,352.0,2535.0,1279.0,304.0,69.2207957558733,81.18105648744238,56.74848369639594,39.86585075981514,16.648261575215273,42.932631792340096,48.75371263231792,75.08657617856792,55.935867922170424,87.55529326147767
2025-03-09 20:17:33.646000,553.0,493.0,347.0,2532.0,1280.0,301.0,69.05342328525064,81.11705197771226,56.9935802885649,39.92928121256706,16.638917707169508,42.9933130121714,48.41999060417271,74.96319236852705,56.05470733895736,87.79463832279762
2025-03-09 20:17:33.646000,557.0,495.0,353.0,2531.0,1280.0,303.0,69.05342328525064,81.11705197771226,56.9935802885649,39.92928121256706,16.638917707169508,42.9933130121714,48.41999060417271,74.96319236852705,56.05470733895736,87.79463832279762
2025-03-09 20:17:33.646000,554.0,496.0,345.0,2534.0,1278.0,304.0,69.05342328525064,81.11705197771226,56.9935802885649,39.92928121256706,16.638917707169508,42.9933130121714,48.41999060417271,74.96319236852705,56.05470733895736,87.79463832279762
2025-03-09 20:17:33.646000,554.0,496.0,350.0,2539.0,1279.0,304.0,69.05342328525064,81.11705197771226,56.9935802885649,39.92928121256706,16.638917707169508,42.9933130121714,48.41999060417271,74.96319236852705,56.05470733895736,87.79463832279762
2025-03-09 20:17:33.654333,556.0,490.0,348.0,2535.0,1277.0,304.0,68.89002233255786,81.05475249592085,57.24637953633104,39.98858199746857,16.634978956802488,43.05116022689072,48.09045998747123,74.84493445461594,56.17023685654075,88.01036644129975
2025-03-09 20:17:33.654333,559.0,490.0,345.0,2541.0,1271.0,304.0,68.89002233255786,81.05475249592085,57.24637953633104,39.98858199746857,16.634978956802488,43.05116022689072,48.09045998747123,74.84493445461594,56.17023685654075,88.01036644129975
2025-03-09 20:17:33.654333,553.0,495.0,350.0,2541.0,1271.0,303.0,68.89002233255786,81.05475249592085,57.24637953633104,39.98858199746857,16.634978956802488,43.05116022689072,48.09045998747123,74.84493445461594,56.17023685654075,88.01036644129975
2025-03-09 20:17:33.662667,551.0,491.0,348.0,2535.0,1271.0,304.0,68.73369123063824,80.99258860886809,57.49545389607518,40.04368221877782,16.63716137553781,43.105970568498805,47.7763192489324,74.73269543751405,56.27683015557292,88.2076402572303
2025-03-09 20:17:33.662667,557.0,488.0,351.0,2538.0,1268.0,304.0,68.73369123063824,80.99258860886809,57.49545389607518,40.04368221877782,16.63716137553781,43.105970568498805,47.7763192489324,74.73269543751405,56.27683015557292,88.2076402572303
2025-03-09 20:17:33.662667,558.0,494.0,347.0,2543.0,1269.0,305.0,68.73369123063824,80.99258860886809,57.49545389607518,40.04368221877782,16.63716137553781,43.105970568498805,47.7763192489324,74.73269543751405,56.27683015557292,88.2076402572303
2025-03-09 20:17:33.662667,553.0,490.0,347.0,2538.0,1269.0,304.0,68.73369123063824,80.99258860886809,57.49545389607518,40.04368221877782,16.63716137553781,43.105970568498805,47.7763192489324,74.73269543751405,56.27683015557292,88.2076402572303
2025-03-09 20:17:33.671000,557.0,489.0,347.0,2540.0,1270.0,307.0,68.58689636014677,80.93123389372774,57.74087958414009,40.095861066831496,16.644327855768548,43.158530794784944,47.478048130766766,74.62802354930389,56.37550547460869,88.39080129383127
2025-03-09 20:17:33.671000,560.0,492.0,352.0,2543.0,1267.0,305.0,68.58689636014677,80.93123389372774,57.74087958414009,40.095861066831496,16.644327855768548,43.158530794784944,47.478048130766766,74.62802354930389,56.37550547460869,88.39080129383127
2025-03-09 20:17:33.671000,553.0,495.0,348.0,2543.0,1265.0,307.0,68.58689636014677,80.93123389372774,57.74087958414009,40.095861066831496,16.644327855768548,43.158530794784944,47.478048130766766,74.62802354930389,56.37550547460869,88.39080129383127
2025-03-09 20:17:33.679333,554.0,494.0,358.0,2543.0,1265.0,306.0,68.45082017611031,80.8721680863091,57.98866919211055,40.14596832377803,16.655728569848552,43.209420431206574,47.19157111215271,74.53246852275251,56.4696808537726,88.56174283951377
2025-03-09 20:17:33.679333,559.0,492.0,352.0,2543.0,1267.0,305.0,68.45082017611031,80.8721680863091,57.98866919211055,40.14596832377803,16.655728569848552,43.209420431206574,47.19157111215271,74.53246852275251,56.4696808537726,88.56174283951377
2025-03-09 20:17:33.679333,555.0,496.0,344.0,2549.0,1266.0,308.0,68.45082017611031,80.8721680863091,57.98866919211055,40.14596832377803,16.655728569848552,43.209420431206574,47.19157111215271,74.53246852275251,56.4696808537726,88.56174283951377
2025-03-09 20:17:33.679333,557.0,489.0,351.0,2544.0,1266.0,306.0,68.45082017611031,80.8721680863091,57.98866919211055,40.14596832377803,16.655728569848552,43.209420431206574,47.19157111215271,74.53246852275251,56.4696808537726,88.56174283951377
2025-03-09 20:17:33.687667,557.0,489.0,352.0,2544.0,1264.0,307.0,68.3260707854777,80.81703948941926,58.24310027920346,40.194729920873314,16.670638499360884,43.25923180953974,46.913438663269424,74.44699581937121,56.562479718511476,88.72376101860195
2025-03-09 20:17:33.687667,558.0,493.0,351.0,2543.0,1264.0,308.0,68.3260707854777,80.81703948941926,58.24310027920346,40.194729920873314,16.670638499360884,43.25923180953974,46.913438663269424,74.44699581937121,56.562479718511476,88.72376101860195
2025-03-09 20:17:33.687667,560.0,483.0,350.0,2547.0,1258.0,315.0,68.3260707854777,80.81703948941926,58.24310027920346,40.194729920873314,16.670638499360884,43.25923180953974,46.913438663269424,74.44699581937121,56.562479718511476,88.72376101860195
2025-03-09 20:17:33.696000,560.0,489.0,354.0,2546.0,1261.0,311.0,68.21296929562807,80.76693111612492,58.510430081191174,40.24256870730006,16.689209642967104,43.30862057807669,46.638894844755804,74.37163553259528,56.65631656116403,88.88017957315405
2025-03-09 20:17:33.696000,560.0,491.0,350.0,2550.0,1259.0,313.0,68.21296929562807,80.76693111612492,58.510430081191174,40.24256870730006,16.689209642967104,43.30862057807669,46.638894844755804,74.37163553259528,56.65631656116403,88.88017957315405
2025-03-09 20:17:33.696000,561.0,495.0,354.0,2546.0,1260.0,315.0,68.21296929562807,80.76693111612492,58.510430081191174,40.24256870730006,16.689209642967104,43.30862057807669,46.638894844755804,74.37163553259528,56.65631656116403,88.88017957315405
2025-03-09 20:17:33.696000,560.0,480.0,351.0,2546.0,1263.0,314.0,68.21296929562807,80.76693111612492,58.510430081191174,40.24256870730006,16.689209642967104,43.30862057807669,46.638894844755804,74.37163553259528,56.65631656116403,88.88017957315405
2025-03-09 20:17:33.704333,560.0,493.0,355.0,2547.0,1259.0,317.0,68.11136448748505,80.71913035070853,58.792473253877134,40.28951275392184,16.71187301890372,43.357696729695334,46.36613347766602,74.3042553968469,56.74916128779917,89.03108494319737
2025-03-09 20:17:33.704333,559.0,490.0,354.0,2544.0,1259.0,311.0,68.11136448748505,80.71913035070853,58.792473253877134,40.28951275392184,16.71187301890372,43.357696729695334,46.36613347766602,74.3042553968469,56.74916128779917,89.03108494319737
2025-03-09 20:17:33.704333,565.0,494.0,354.0,2555.0,1259.0,317.0,68.11136448748505,80.71913035070853,58.792473253877134,40.28951275392184,16.71187301890372,43.357696729695334,46.36613347766602,74.3042553968469,56.74916128779917,89.03108494319737
2025-03-09 20:17:33.704333,564.0,494.0,353.0,2556.0,1263.0,318.0,68.11136448748505,80.71913035070853,58.792473253877134,40.28951275392184,16.71187301890372,43.357696729695334,46.36613347766602,74.3042553968469,56.74916128779917,89.03108494319737
2025-03-09 20:17:33.712667,564.0,489.0,351.0,2548.0,1258.0,319.0,68.02212037515368,80.67049002389471,59.08615052343359,40.335377506146614,16.7388084684467,43.40615810994643,46.09770589203913,74.2432185245944,56.83718208741407,89.17486579475616
2025-03-09 20:17:33.712667,560.0,493.0,351.0,2553.0,1257.0,320.0,68.02212037515368,80.67049002389471,59.08615052343359,40.335377506146614,16.7388084684467,43.40615810994643,46.09770589203913,74.2432185245944,56.83718208741407,89.17486579475616
2025-03-09 20:17:33.712667,563.0,491.0,346.0,2557.0,1260.0,320.0,68.02212037515368,80.67049002389471,59.08615052343359,40.335377506146614,16.7388084684467,43.40615810994643,46.09770589203913,74.2432185245944,56.83718208741407,89.17486579475616
2025-03-09 20:17:33.721000,562.0,490.0,354.0,2559.0,1262.0,320.0,67.94638824545301,80.61917389879007,59.38689796666451,40.38127074788841,16.76894205570578,43.45500168323851,45.83487123005273,74.1860737433171,56.91771067944306,89.31164006673471
2025-03-09 20:17:33.721000,562.0,489.0,347.0,2558.0,1260.0,320.0,67.94638824545301,80.61917389879007,59.38689796666451,40.38127074788841,16.76894205570578,43.45500168323851,45.83487123005273,74.1860737433171,56.91771067944306,89.31164006673471
2025-03-09 20:17:33.721000,560.0,494.0,346.0,2559.0,1260.0,322.0,67.94638824545301,80.61917389879007,59.38689796666451,40.38127074788841,16.76894205570578,43.45500168323851,45.83487123005273,74.1860737433171,56.91771067944306,89.31164006673471
2025-03-09 20:17:33.721000,560.0,491.0,341.0,2559.0,1262.0,322.0,67.94638824545301,80.61917389879007,59.38689796666451,40.38127074788841,16.76894205570578,43.45500168323851,45.83487123005273,74.1860737433171,56.91771067944306,89.31164006673471
2025-03-09 20:17:33.729333,561.0,490.0,340.0,2559.0,1263.0,321.0,67.88234998631326,80.56351113508249,59.69250690070838,40.428327541513084,16.798619587609075,43.504681306224086,45.57301636185046,74.12912205413754,56.99122071919056,89.44372818034212
2025-03-09 20:17:33.729333,563.0,485.0,347.0,2559.0,1263.0,327.0,67.88234998631326,80.56351113508249,59.69250690070838,40.428327541513084,16.798619587609075,43.504681306224086,45.57301636185046,74.12912205413754,56.99122071919056,89.44372818034212
2025-03-09 20:17:33.729333,564.0,487.0,342.0,2559.0,1264.0,327.0,67.88234998631326,80.56351113508249,59.69250690070838,40.428327541513084,16.798619587609075,43.504681306224086,45.57301636185046,74.12912205413754,56.99122071919056,89.44372818034212
2025-03-09 20:17:33.737667,562.0,491.0,347.0,2559.0,1264.0,326.0,67.8287247045982,80.50261756136574,60.002949640261114,40.47861128032789,16.8265394875975,43.55694924697571,45.30883357941537,74.07025316099464,57.05910402742463,89.57353330856259
2025-03-09 20:17:33.737667,560.0,490.0,343.0,2559.0,1267.0,331.0,67.8287247045982,80.50261756136574,60.002949640261114,40.47861128032789,16.8265394875975,43.55694924697571,45.30883357941537,74.07025316099464,57.05910402742463,89.57353330856259
2025-03-09 20:17:33.737667,560.0,495.0,347.0,2559.0,1264.0,332.0,67.8287247045982,80.50261756136574,60.002949640261114,40.47861128032789,16.8265394875975,43.55694924697571,45.30883357941537,74.07025316099464,57.05910402742463,89.57353330856259
2025-03-09 20:17:33.737667,560.0,493.0,336.0,2559.0,1268.0,336.0,67.8287247045982,80.50261756136574,60.002949640261114,40.47861128032789,16.8265394875975,43.55694924697571,45.30883357941537,74.07025316099464,57.05910402742463,89.57353330856259
2025-03-09 20:17:33.746000,563.0,491.0,336.0,2559.0,1271.0,334.0,67.78693569052368,80.43591571921881,60.3151009867576,40.536612711245155,16.85350456261564,43.61620541209578,45.04430413076641,74.00891624547182,57.12158328291981,89.7012981740323
2025-03-09 20:17:33.746000,559.0,483.0,336.0,2559.0,1269.0,336.0,67.78693569052368,80.43591571921881,60.3151009867576,40.536612711245155,16.85350456261564,43.61620541209578,45.04430413076641,74.00891624547182,57.12158328291981,89.7012981740323
2025-03-09 20:17:33.746000,561.0,491.0,329.0,2559.0,1268.0,336.0,67.78693569052368,80.43591571921881,60.3151009867576,40.536612711245155,16.85350456261564,43.61620541209578,45.04430413076641,74.00891624547182,57.12158328291981,89.7012981740323
2025-03-09 20:17:33.754333,558.0,486.0,325.0,2559.0,1268.0,337.0,67.7569441085116,80.36254169118263,60.62449830670083,40.60343276972825,16.879278057892154,43.68323093457441,44.78244611821467,73.94493027938334,57.17791285112327,89.82705170531192
2025-03-09 20:17:33.754333,560.0,486.0,319.0,2559.0,1268.0,341.0,67.7569441085116,80.36254169118263,60.62449830670083,40.60343276972825,16.879278057892154,43.68323093457441,44.78244611821467,73.94493027938334,57.17791285112327,89.82705170531192
2025-03-09 20:17:33.754333,555.0,493.0,325.0,2559.0,1271.0,337.0,67.7569441085116,80.36254169118263,60.62449830670083,40.60343276972825,16.879278057892154,43.68323093457441,44.78244611821467,73.94493027938334,57.17791285112327,89.82705170531192
2025-03-09 20:17:33.754333,560.0,487.0,323.0,2559.0,1275.0,339.0,67.7569441085116,80.36254169118263,60.62449830670083,40.60343276972825,16.879278057892154,43.68323093457441,44.78244611821467,73.94493027938334,57.17791285112327,89.82705170531192
2025-03-09 20:17:33.762667,553.0,490.0,345.0,2559.0,1278.0,348.0,67.73733031289227,80.28134035785686,60.924785657456034,40.67490584516109,16.902625744436858,43.753585535088106,44.52813293814332,73.87814953175766,57.224930583280795,89.95362351465441
2025-03-09 20:17:33.762667,555.0,481.0,346.0,2585.0,1281.0,352.0,67.73733031289227,80.28134035785686,60.924785657456034,40.67490584516109,16.902625744436858,43.753585535088106,44.52813293814332,73.87814953175766,57.224930583280795,89.95362351465441
2025-03-09 20:17:33.762667,549.0,481.0,347.0,2582.0,1283.0,352.0,67.73733031289227,80.28134035785686,60.924785657456034,40.67490584516109,16.902625744436858,43.753585535088106,44.52813293814332,73.87814953175766,57.224930583280795,89.95362351465441
2025-03-09 20:17:33.771000,553.0,487.0,347.0,2589.0,1281.0,351.0,67.72607944195227,80.19158241475527,61.210682782840266,40.74704383652986,16.92216383361236,43.82293414973247,44.28512613909004,73.80869091571019,57.2606199772993,90.08420422421239
2025-03-09 20:17:33.771000,551.0,491.0,342.0,2587.0,1280.0,351.0,67.72607944195227,80.19158241475527,61.210682782840266,40.74704383652986,16.92216383361236,43.82293414973247,44.28512613909004,73.80869091571019,57.2606199772993,90.08420422421239
2025-03-09 20:17:33.771000,551.0,486.0,345.0,2588.0,1282.0,351.0,67.72607944195227,80.19158241475527,61.210682782840266,40.74704383652986,16.92216383361236,43.82293414973247,44.28512613909004,73.80869091571019,57.2606199772993,90.08420422421239
2025-03-09 20:17:33.771000,549.0,489.0,350.0,2587.0,1283.0,354.0,67.72607944195227,80.19158241475527,61.210682782840266,40.74704383652986,16.92216383361236,43.82293414973247,44.28512613909004,73.80869091571019,57.2606199772993,90.08420422421239
2025-03-09 20:17:33.779333,544.0,481.0,325.0,2589.0,1295.0,363.0,67.72142946739388,80.09330614707285,61.4819466643141,40.81986400776406,16.937462905281294,43.891031750508944,44.05278320671121,73.73662085556332,57.28634459623701,90.21980437142064
2025-03-09 20:17:33.779333,543.0,483.0,323.0,2591.0,1296.0,364.0,67.72142946739388,80.09330614707285,61.4819466643141,40.81986400776406,16.937462905281294,43.891031750508944,44.05278320671121,73.73662085556332,57.28634459623701,90.21980437142064
2025-03-09 20:17:33.779333,544.0,482.0,331.0,2592.0,1296.0,366.0,67.72142946739388,80.09330614707285,61.4819466643141,40.81986400776406,16.937462905281294,43.891031750508944,44.05278320671121,73.73662085556332,57.28634459623701,90.21980437142064
2025-03-09 20:17:33.779333,545.0,483.0,327.0,2592.0,1297.0,367.0,67.72142946739388,80.09330614707285,61.4819466643141,40.81986400776406,16.937462905281294,43.891031750508944,44.05278320671121,73.73662085556332,57.28634459623701,90.21980437142064
2025-03-09 20:17:33.787667,541.0,490.0,320.0,2591.0,1296.0,365.0,67.72165315063708,79.98708246670446,61.74014520189328,40.89571561991685,16.94899327131005,43.96042172224606,43.82789371729099,73.6607302907122,57.304332282566996,90.35965919200167
2025-03-09 20:17:33.787667,543.0,485.0,329.0,2593.0,1298.0,368.0,67.72165315063708,79.98708246670446,61.74014520189328,40.89571561991685,16.94899327131005,43.96042172224606,43.82789371729099,73.6607302907122,57.304332282566996,90.35965919200167
2025-03-09 20:17:33.787667,542.0,483.0,330.0,2592.0,1298.0,365.0,67.72165315063708,79.98708246670446,61.74014520189328,40.89571561991685,16.94899327131005,43.96042172224606,43.82789371729099,73.6607302907122,57.304332282566996,90.35965919200167
2025-03-09 20:17:33.796000,538.0,490.0,331.0,2594.0,1299.0,367.0,67.73321817002957,79.87541514945751,61.981900314746895,40.97431212369008,16.957717901769406,44.03168782475398,43.616718508377474,73.58274357667932,57.311281777513756,90.51530038967616
2025-03-09 20:17:33.796000,534.0,481.0,337.0,2601.0,1313.0,372.0,67.73321817002957,79.87541514945751,61.981900314746895,40.97431212369008,16.957717901769406,44.03168782475398,43.616718508377474,73.58274357667932,57.311281777513756,90.51530038967616
2025-03-09 20:17:33.796000,535.0,482.0,342.0,2601.0,1317.0,379.0,67.73321817002957,79.87541514945751,61.981900314746895,40.97431212369008,16.957717901769406,44.03168782475398,43.616718508377474,73.58274357667932,57.311281777513756,90.51530038967616
2025-03-09 20:17:33.796000,533.0,479.0,352.0,2601.0,1321.0,379.0,67.73321817002957,79.87541514945751,61.981900314746895,40.97431212369008,16.957717901769406,44.03168782475398,43.616718508377474,73.58274357667932,57.311281777513756,90.51530038967616
2025-03-09 20:17:33.804333,529.0,482.0,351.0,2598.0,1323.0,380.0,67.76991557340907,79.76019143330127,62.199893210027426,41.05272626877773,16.963410766118724,44.10203074555451,43.434869638941755,73.50888199093863,57.299767992611336,90.70784003406321
2025-03-09 20:17:33.804333,534.0,485.0,357.0,2599.0,1324.0,377.0,67.76991557340907,79.76019143330127,62.199893210027426,41.05272626877773,16.963410766118724,44.10203074555451,43.434869638941755,73.50888199093863,57.299767992611336,90.70784003406321
2025-03-09 20:17:33.804333,530.0,496.0,363.0,2594.0,1321.0,381.0,67.76991557340907,79.76019143330127,62.199893210027426,41.05272626877773,16.963410766118724,44.10203074555451,43.434869638941755,73.50888199093863,57.299767992611336,90.70784003406321
2025-03-09 20:17:33.812667,531.0,477.0,363.0,2595.0,1324.0,380.0,67.8327296949942,79.63857353611132,62.390585135726695,41.13019809892255,16.965070845410732,44.16997227559162,43.286096787134156,73.43928608446873,57.26702490759197,90.93905677289526
2025-03-09 20:17:33.812667,528.0,481.0,359.0,2608.0,1343.0,389.0,67.8327296949942,79.63857353611132,62.390585135726695,41.13019809892255,16.965070845410732,44.16997227559162,43.286096787134156,73.43928608446873,57.26702490759197,90.93905677289526
2025-03-09 20:17:33.812667,527.0,480.0,359.0,2607.0,1344.0,391.0,67.8327296949942,79.63857353611132,62.390585135726695,41.13019809892255,16.965070845410732,44.16997227559162,43.286096787134156,73.43928608446873,57.26702490759197,90.93905677289526
2025-03-09 20:17:33.812667,527.0,481.0,373.0,2601.0,1346.0,393.0,67.8327296949942,79.63857353611132,62.390585135726695,41.13019809892255,16.965070845410732,44.16997227559162,43.286096787134156,73.43928608446873,57.26702490759197,90.93905677289526
2025-03-09 20:17:33.821000,527.0,482.0,367.0,2605.0,1346.0,395.0,67.91307587302325,79.50584025280632,62.55447263752676,41.208515030430384,16.962937118457138,44.237009699935456,43.16376527188138,73.36822125633438,57.21362317689736,91.19730048570916
2025-03-09 20:17:33.821000,528.0,487.0,370.0,2607.0,1345.0,396.0,67.91307587302325,79.50584025280632,62.55447263752676,41.208515030430384,16.962937118457138,44.237009699935456,43.16376527188138,73.36822125633438,57.21362317689736,91.19730048570916
2025-03-09 20:17:33.821000,526.0,485.0,379.0,2602.0,1348.0,398.0,67.91307587302325,79.50584025280632,62.55447263752676,41.208515030430384,16.962937118457138,44.237009699935456,43.16376527188138,73.36822125633438,57.21362317689736,91.19730048570916
2025-03-09 20:17:33.821000,511.0,485.0,370.0,2603.0,1350.0,395.0,67.91307587302325,79.50584025280632,62.55447263752676,41.208515030430384,16.962937118457138,44.237009699935456,43.16376527188138,73.36822125633438,57.21362317689736,91.19730048570916
2025-03-09 20:17:33.829333,511.0,492.0,366.0,2603.0,1349.0,398.0,68.00256701953217,79.35827618192366,62.692762881441595,41.288753050281954,16.95779505348096,44.30435305447097,43.06101124631938,73.28997331252667,57.13992813781039,91.47230849544225
2025-03-09 20:17:33.829333,511.0,483.0,333.0,2606.0,1360.0,405.0,68.00256701953217,79.35827618192366,62.692762881441595,41.288753050281954,16.95779505348096,44.30435305447097,43.06101124631938,73.28997331252667,57.13992813781039,91.47230849544225
2025-03-09 20:17:33.829333,511.0,484.0,338.0,2603.0,1363.0,407.0,68.00256701953217,79.35827618192366,62.692762881441595,41.288753050281954,16.95779505348096,44.30435305447097,43.06101124631938,73.28997331252667,57.13992813781039,91.47230849544225
2025-03-09 20:17:33.837667,511.0,485.0,341.0,2608.0,1363.0,411.0,68.09243249310808,79.19602622983943,62.807471007073715,41.37032434794957,16.949766426847074,44.371317935140155,42.97177241871292,73.2027253806493,57.05007814996022,91.75213400776319
2025-03-09 20:17:33.837667,511.0,483.0,346.0,2607.0,1365.0,412.0,68.09243249310808,79.19602622983943,62.807471007073715,41.37032434794957,16.949766426847074,44.371317935140155,42.97177241871292,73.2027253806493,57.05007814996022,91.75213400776319
2025-03-09 20:17:33.837667,511.0,483.0,353.0,2606.0,1367.0,407.0,68.09243249310808,79.19602622983943,62.807471007073715,41.37032434794957,16.949766426847074,44.371317935140155,42.97177241871292,73.2027253806493,57.05007814996022,91.75213400776319
2025-03-09 20:17:33.837667,507.0,481.0,362.0,2607.0,1367.0,410.0,68.09243249310808,79.19602622983943,62.807471007073715,41.37032434794957,16.949766426847074,44.371317935140155,42.97177241871292,73.2027253806493,57.05007814996022,91.75213400776319
2025-03-09 20:17:33.846000,509.0,487.0,357.0,2608.0,1369.0,413.0,68.17534154267969,79.02207768817391,62.90218664303783,41.45108303802441,16.938505864378673,44.435448082166374,42.891305954837776,73.1083693027538,56.95064429626935,92.02484994992682
2025-03-09 20:17:33.846000,499.0,480.0,368.0,2608.0,1385.0,421.0,68.17534154267969,79.02207768817391,62.90218664303783,41.45108303802441,16.938505864378673,44.435448082166374,42.891305954837776,73.1083693027538,56.95064429626935,92.02484994992682
2025-03-09 20:17:33.846000,504.0,481.0,343.0,2608.0,1387.0,423.0,68.17534154267969,79.02207768817391,62.90218664303783,41.45108303802441,16.938505864378673,44.435448082166374,42.891305954837776,73.1083693027538,56.95064429626935,92.02484994992682
2025-03-09 20:17:33.846000,501.0,479.0,367.0,2608.0,1388.0,423.0,68.17534154267969,79.02207768817391,62.90218664303783,41.45108303802441,16.938505864378673,44.435448082166374,42.891305954837776,73.1083693027538,56.95064429626935,92.02484994992682
2025-03-09 20:17:33.854333,503.0,481.0,353.0,2607.0,1391.0,424.0,68.2456822937473,78.83790056504051,62.97701464474054,41.52800154960842,16.924631403745035,44.49380276343077,42.81873485299574,73.00780876953414,56.84387175739112,92.2818700225327
2025-03-09 20:17:33.854333,498.0,476.0,368.0,2608.0,1389.0,427.0,68.2456822937473,78.83790056504051,62.97701464474054,41.52800154960842,16.924631403745035,44.49380276343077,42.81873485299574,73.00780876953414,56.84387175739112,92.2818700225327
2025-03-09 20:17:33.854333,504.0,483.0,379.0,2608.0,1392.0,422.0,68.2456822937473,78.83790056504051,62.97701464474054,41.52800154960842,16.924631403745035,44.49380276343077,42.81873485299574,73.00780876953414,56.84387175739112,92.2818700225327
2025-03-09 20:17:33.862667,499.0,480.0,382.0,2608.0,1391.0,423.0,68.30065747423401,78.64500611250692,63.029993781917774,41.59936898156369,16.908052207033837,44.544781620778515,42.754334984782695,72.90156559898185,56.730507338249026,92.51958811677154
2025-03-09 20:17:33.862667,506.0,485.0,369.0,2608.0,1392.0,427.0,68.30065747423401,78.64500611250692,63.029993781917774,41.59936898156369,16.908052207033837,44.544781620778515,42.754334984782695,72.90156559898185,56.730507338249026,92.51958811677154
2025-03-09 20:17:33.862667,496.0,483.0,368.0,2612.0,1399.0,432.0,68.30065747423401,78.64500611250692,63.029993781917774,41.59936898156369,16.908052207033837,44.544781620778515,42.754334984782695,72.90156559898185,56.730507338249026,92.51958811677154
2025-03-09 20:17:33.871000,494.0,480.0,368.0,2614.0,1400.0,432.0,68.34117049754484,78.44742037516025,63.06324890734831,41.66460578734005,16.888001969495363,44.58780375741374,42.69720304819694,72.79271194523606,56.614109956856,92.73853429840825
2025-03-09 20:17:33.871000,491.0,487.0,368.0,2608.0,1403.0,432.0,68.34117049754484,78.44742037516025,63.06324890734831,41.66460578734005,16.888001969495363,44.58780375741374,42.69720304819694,72.79271194523606,56.614109956856,92.73853429840825
2025-03-09 20:17:33.871000,490.0,480.0,369.0,2609.0,1406.0,433.0,68.34117049754484,78.44742037516025,63.06324890734831,41.66460578734005,16.888001969495363,44.58780375741374,42.69720304819694,72.79271194523606,56.614109956856,92.73853429840825
2025-03-09 20:17:33.871000,489.0,483.0,376.0,2611.0,1403.0,433.0,68.34117049754484,78.44742037516025,63.06324890734831,41.66460578734005,16.888001969495363,44.58780375741374,42.69720304819694,72.79271194523606,56.614109956856,92.73853429840825
2025-03-09 20:17:33.879333,489.0,486.0,365.0,2611.0,1407.0,433.0,68.36603141754598,78.24773930233638,63.07857056608798,41.72353106012913,16.863288869163057,44.62235078889176,42.64498474964787,72.68324014920358,56.49851455239014,92.93785013924868
2025-03-09 20:17:33.879333,489.0,481.0,364.0,2608.0,1408.0,437.0,68.36603141754598,78.24773930233638,63.07857056608798,41.72353106012913,16.863288869163057,44.62235078889176,42.64498474964787,72.68324014920358,56.49851455239014,92.93785013924868
2025-03-09 20:17:33.879333,492.0,481.0,365.0,2608.0,1410.0,434.0,68.36603141754598,78.24773930233638,63.07857056608798,41.72353106012913,16.863288869163057,44.62235078889176,42.64498474964787,72.68324014920358,56.49851455239014,92.93785013924868
2025-03-09 20:17:33.879333,482.0,478.0,366.0,2613.0,1419.0,443.0,68.36603141754598,78.24773930233638,63.07857056608798,41.72353106012913,16.863288869163057,44.62235078889176,42.64498474964787,72.68324014920358,56.49851455239014,92.93785013924868
2025-03-09 20:17:33.887667,479.0,485.0,363.0,2613.0,1424.0,445.0,68.37079687152927,78.04647089357245,63.07418498295601,41.77581058023256,16.833107531056186,44.64787668376041,42.595389338325305,72.57241064102773,56.38538599959742,93.11416934717795
2025-03-09 20:17:33.887667,479.0,478.0,368.0,2613.0,1424.0,446.0,68.37079687152927,78.04647089357245,63.07418498295601,41.77581058023256,16.833107531056186,44.64787668376041,42.595389338325305,72.57241064102773,56.38538599959742,93.11416934717795
2025-03-09 20:17:33.887667,479.0,482.0,384.0,2612.0,1424.0,446.0,68.37079687152927,78.04647089357245,63.07418498295601,41.77581058023256,16.833107531056186,44.64787668376041,42.595389338325305,72.57241064102773,56.38538599959742,93.11416934717795
2025-03-09 20:17:33.896000,479.0,479.0,400.0,2614.0,1424.0,447.0,68.35603855334149,77.84684598180822,63.053884013912345,41.822813170699135,16.798194379199114,44.66619820591434,42.54576634925468,72.4616235972702,56.27810637715768,93.26729593406291
2025-03-09 20:17:33.896000,479.0,473.0,390.0,2611.0,1424.0,448.0,68.35603855334149,77.84684598180822,63.053884013912345,41.822813170699135,16.798194379199114,44.66619820591434,42.54576634925468,72.4616235972702,56.27810637715768,93.26729593406291
2025-03-09 20:17:33.896000,480.0,480.0,388.0,2611.0,1424.0,447.0,68.35603855334149,77.84684598180822,63.053884013912345,41.822813170699135,16.798194379199114,44.66619820591434,42.54576634925468,72.4616235972702,56.27810637715768,93.26729593406291
2025-03-09 20:17:33.896000,471.0,482.0,405.0,2611.0,1433.0,453.0,68.35603855334149,77.84684598180822,63.053884013912345,41.822813170699135,16.798194379199114,44.66619820591434,42.54576634925468,72.4616235972702,56.27810637715768,93.26729593406291
2025-03-09 20:17:33.904333,468.0,474.0,410.0,2613.0,1438.0,455.0,68.32713024894092,77.65421800009932,63.026329008084396,41.8674912824281,16.760775936307308,44.68128640774825,42.49361166958833,72.35417641334593,56.18126715892369,93.39970365289105
2025-03-09 20:17:33.904333,471.0,479.0,379.0,2615.0,1436.0,458.0,68.32713024894092,77.65421800009932,63.026329008084396,41.8674912824281,16.760775936307308,44.68128640774825,42.49361166958833,72.35417641334593,56.18126715892369,93.39970365289105
2025-03-09 20:17:33.904333,471.0,472.0,370.0,2615.0,1438.0,454.0,68.32713024894092,77.65421800009932,63.026329008084396,41.8674912824281,16.760775936307308,44.68128640774825,42.49361166958833,72.35417641334593,56.18126715892369,93.39970365289105
2025-03-09 20:17:33.904333,474.0,479.0,374.0,2611.0,1434.0,454.0,68.32713024894092,77.65421800009932,63.026329008084396,41.8674912824281,16.760775936307308,44.68128640774825,42.49361166958833,72.35417641334593,56.18126715892369,93.39970365289105
2025-03-09 20:17:33.912667,466.0,474.0,397.0,2613.0,1439.0,455.0,68.2874241416289,77.47184015656872,62.99542569579043,41.911942481393986,16.722473990137857,44.69592374018733,42.43844910396183,72.25204771000544,56.09711672227664,93.51273200191304
2025-03-09 20:17:33.912667,473.0,477.0,407.0,2615.0,1439.0,458.0,68.2874241416289,77.47184015656872,62.99542569579043,41.911942481393986,16.722473990137857,44.69592374018733,42.43844910396183,72.25204771000544,56.09711672227664,93.51273200191304
2025-03-09 20:17:33.912667,465.0,475.0,421.0,2609.0,1440.0,455.0,68.2874241416289,77.47184015656872,62.99542569579043,41.911942481393986,16.722473990137857,44.69592374018733,42.43844910396183,72.25204771000544,56.09711672227664,93.51273200191304
2025-03-09 20:17:33.912667,464.0,469.0,433.0,2613.0,1449.0,464.0,68.2874241416289,77.47184015656872,62.99542569579043,41.911942481393986,16.722473990137857,44.69592374018733,42.43844910396183,72.25204771000544,56.09711672227664,93.51273200191304
2025-03-09 20:17:33.921000,466.0,475.0,433.0,2609.0,1449.0,463.0,68.23737976564901,77.30082910703445,62.959543106899325,41.95604989308663,16.684055628330416,44.71021846523431,42.38256309254157,72.15631336962497,56.02538910974712,93.60647480916887
2025-03-09 20:17:33.921000,464.0,477.0,437.0,2613.0,1453.0,464.0,68.23737976564901,77.30082910703445,62.959543106899325,41.95604989308663,16.684055628330416,44.71021846523431,42.38256309254157,72.15631336962497,56.02538910974712,93.60647480916887
2025-03-09 20:17:33.921000,465.0,476.0,443.0,2617.0,1450.0,464.0,68.23737976564901,77.30082910703445,62.959543106899325,41.95604989308663,16.684055628330416,44.71021846523431,42.38256309254157,72.15631336962497,56.02538910974712,93.60647480916887
2025-03-09 20:17:33.929333,464.0,479.0,428.0,2617.0,1454.0,463.0,68.17800050248918,77.14259291794083,62.91816396224534,41.99884172462285,16.645841579390602,44.72325754669623,42.32826548073968,72.06891329144203,55.966366420473165,93.68110454735735
2025-03-09 20:17:33.929333,464.0,479.0,388.0,2611.0,1455.0,464.0,68.17800050248918,77.14259291794083,62.91816396224534,41.99884172462285,16.645841579390602,44.72325754669623,42.32826548073968,72.06891329144203,55.966366420473165,93.68110454735735
2025-03-09 20:17:33.929333,465.0,479.0,414.0,2611.0,1454.0,464.0,68.17800050248918,77.14259291794083,62.91816396224534,41.99884172462285,16.645841579390602,44.72325754669623,42.32826548073968,72.06891329144203,55.966366420473165,93.68110454735735
2025-03-09 20:17:33.929333,461.0,477.0,399.0,2613.0,1457.0,470.0,68.17800050248918,77.14259291794083,62.91816396224534,41.99884172462285,16.645841579390602,44.72325754669623,42.32826548073968,72.06891329144203,55.966366420473165,93.68110454735735
2025-03-09 20:17:33.937667,462.0,474.0,396.0,2612.0,1458.0,469.0,68.11178515603869,76.99898779889844,62.87407081271086,42.038890933177385,16.60840439911622,44.7339247232123,42.27667959662132,71.99195542111099,55.92068396524539,93.7383593894019
2025-03-09 20:17:33.937667,462.0,478.0,400.0,2617.0,1457.0,468.0,68.11178515603869,76.99898779889844,62.87407081271086,42.038890933177385,16.60840439911622,44.7339247232123,42.27667959662132,71.99195542111099,55.92068396524539,93.7383593894019
2025-03-09 20:17:33.937667,464.0,477.0,407.0,2617.0,1458.0,468.0,68.11178515603869,76.99898779889844,62.87407081271086,42.038890933177385,16.60840439911622,44.7339247232123,42.27667959662132,71.99195542111099,55.92068396524539,93.7383593894019
2025-03-09 20:17:33.946000,464.0,470.0,405.0,2613.0,1459.0,472.0,68.04188036052673,76.87175935403579,62.83032321494961,42.07521347441893,16.57216619369108,44.74162605192257,42.22844559321607,71.92704107602886,55.888690755927385,93.78081228041962
2025-03-09 20:17:33.946000,463.0,477.0,403.0,2611.0,1458.0,468.0,68.04188036052673,76.87175935403579,62.83032321494961,42.07521347441893,16.57216619369108,44.74162605192257,42.22844559321607,71.92704107602886,55.888690755927385,93.78081228041962
2025-03-09 20:17:33.946000,463.0,479.0,413.0,2611.0,1459.0,470.0,68.04188036052673,76.87175935403579,62.83032321494961,42.07521347441893,16.57216619369108,44.74162605192257,42.22844559321607,71.92704107602886,55.888690755927385,93.78081228041962
2025-03-09 20:17:33.954333,458.0,476.0,413.0,2612.0,1458.0,468.0,67.9712738337161,76.76243825774534,62.78870008666122,42.10817855676216,16.537592739659704,44.74692316146134,42.184708145407406,71.8759057214574,55.87099197071484,93.81065549266769
2025-03-09 20:17:33.954333,457.0,476.0,413.0,2618.0,1456.0,470.0,67.9712738337161,76.76243825774534,62.78870008666122,42.10817855676216,16.537592739659704,44.74692316146134,42.184708145407406,71.8759057214574,55.87099197071484,93.81065549266769
2025-03-09 20:17:33.954333,454.0,476.0,415.0,2613.0,1456.0,470.0,67.9712738337161,76.76243825774534,62.78870008666122,42.10817855676216,16.537592739659704,44.74692316146134,42.184708145407406,71.8759057214574,55.87099197071484,93.81065549266769
2025-03-09 20:17:33.954333,457.0,478.0,398.0,2613.0,1456.0,470.0,67.9712738337161,76.76243825774534,62.78870008666122,42.10817855676216,16.537592739659704,44.74692316146134,42.184708145407406,71.8759057214574,55.87099197071484,93.81065549266769
2025-03-09 20:17:33.962667,457.0,483.0,400.0,2610.0,1456.0,469.0,67.90226658357327,76.67227414854526,62.75052707213195,42.13889557657033,16.50497485466206,44.75097414586066,42.14607340825,71.83998517250167,55.868568185682385,93.8303604218057
2025-03-09 20:17:33.962667,455.0,470.0,402.0,2614.0,1456.0,474.0,67.90226658357327,76.67227414854526,62.75052707213195,42.13889557657033,16.50497485466206,44.75097414586066,42.14607340825,71.83998517250167,55.868568185682385,93.8303604218057
2025-03-09 20:17:33.962667,453.0,475.0,411.0,2609.0,1456.0,469.0,67.90226658357327,76.67227414854526,62.75052707213195,42.13889557657033,16.50497485466206,44.75097414586066,42.14607340825,71.83998517250167,55.868568185682385,93.8303604218057
2025-03-09 20:17:33.962667,459.0,479.0,415.0,2613.0,1456.0,473.0,67.90226658357327,76.67227414854526,62.75052707213195,42.13889557657033,16.50497485466206,44.75097414586066,42.14607340825,71.83998517250167,55.868568185682385,93.8303604218057
2025-03-09 20:17:33.971000,457.0,476.0,403.0,2611.0,1454.0,469.0,67.83599278221025,76.60164695031884,62.71684634663574,42.16815627135845,16.473931507971837,44.754324295550965,42.11234121510842,71.82023219141304,55.8824821417531,93.84235938591341
2025-03-09 20:17:33.971000,451.0,477.0,398.0,2610.0,1451.0,469.0,67.83599278221025,76.60164695031884,62.71684634663574,42.16815627135845,16.473931507971837,44.754324295550965,42.11234121510842,71.82023219141304,55.8824821417531,93.84235938591341
2025-03-09 20:17:33.971000,451.0,479.0,386.0,2614.0,1451.0,469.0,67.83599278221025,76.60164695031884,62.71684634663574,42.16815627135845,16.473931507971837,44.754324295550965,42.11234121510842,71.82023219141304,55.8824821417531,93.84235938591341
2025-03-09 20:17:33.971000,459.0,475.0,400.0,2613.0,1449.0,470.0,67.83599278221025,76.60164695031884,62.71684634663574,42.16815627135845,16.473931507971837,44.754324295550965,42.11234121510842,71.82023219141304,55.8824821417531,93.84235938591341
2025-03-09 20:17:33.979333,458.0,479.0,403.0,2610.0,1451.0,466.0,67.77306660280247,76.55060816690757,62.687124225458064,42.19613639670273,16.444308073514247,44.757316283033155,42.08359427074775,71.81608307339845,55.9120435005314,93.84857873894646
2025-03-09 20:17:33.979333,455.0,474.0,418.0,2609.0,1448.0,467.0,67.77306660280247,76.55060816690757,62.687124225458064,42.19613639670273,16.444308073514247,44.757316283033155,42.08359427074775,71.81608307339845,55.9120435005314,93.84857873894646
2025-03-09 20:17:33.979333,456.0,475.0,426.0,2613.0,1447.0,465.0,67.77306660280247,76.55060816690757,62.687124225458064,42.19613639670273,16.444308073514247,44.757316283033155,42.08359427074775,71.81608307339845,55.9120435005314,93.84857873894646
2025-03-09 20:17:33.987667,453.0,473.0,413.0,2608.0,1450.0,471.0,67.71450730838492,76.5195106529492,62.661962192272256,42.22321895577261,16.41653717785998,44.761126689821175,42.05856874816446,71.82549813030408,55.95580128089841,93.85072553477674
2025-03-09 20:17:33.987667,453.0,480.0,407.0,2610.0,1441.0,464.0,67.71450730838492,76.5195106529492,62.661962192272256,42.22321895577261,16.41653717785998,44.761126689821175,42.05856874816446,71.82549813030408,55.95580128089841,93.85072553477674
2025-03-09 20:17:33.987667,450.0,481.0,400.0,2610.0,1442.0,466.0,67.71450730838492,76.5195106529492,62.661962192272256,42.22321895577261,16.41653717785998,44.761126689821175,42.05856874816446,71.82549813030408,55.95580128089841,93.85072553477674
2025-03-09 20:17:33.987667,449.0,477.0,403.0,2609.0,1442.0,464.0,67.71450730838492,76.5195106529492,62.661962192272256,42.22321895577261,16.41653717785998,44.761126689821175,42.05856874816446,71.82549813030408,55.95580128089841,93.85072553477674
2025-03-09 20:17:33.996000,448.0,475.0,409.0,2612.0,1445.0,463.0,67.66118821229108,76.50823536470605,62.6418051814417,42.249662870386494,16.39216373131466,44.76730825910554,42.03625566069499,71.84518890269206,56.01076257446451,93.8502074355337
2025-03-09 20:17:33.996000,454.0,471.0,407.0,2609.0,1444.0,464.0,67.66118821229108,76.50823536470605,62.6418051814417,42.249662870386494,16.39216373131466,44.76730825910554,42.03625566069499,71.84518890269206,56.01076257446451,93.8502074355337
2025-03-09 20:17:33.996000,449.0,474.0,403.0,2609.0,1439.0,466.0,67.66118821229108,76.50823536470605,62.6418051814417,42.249662870386494,16.39216373131466,44.76730825910554,42.03625566069499,71.84518890269206,56.01076257446451,93.8502074355337
2025-03-09 20:17:34.004333,450.0,473.0,391.0,2609.0,1441.0,464.0,67.61385918117496,76.51583349804159,62.62753408438447,42.275002162276,16.37332690568952,44.77656043941437,42.016621012331015,71.87230035118796,56.073427797651995,93.8479439421349
2025-03-09 20:17:34.004333,448.0,474.0,425.0,2610.0,1442.0,464.0,67.61385918117496,76.51583349804159,62.62753408438447,42.275002162276,16.37332690568952,44.77656043941437,42.016621012331015,71.87230035118796,56.073427797651995,93.8479439421349
2025-03-09 20:17:34.004333,451.0,475.0,444.0,2608.0,1440.0,461.0,67.61385918117496,76.51583349804159,62.62753408438447,42.275002162276,16.37332690568952,44.77656043941437,42.016621012331015,71.87230035118796,56.073427797651995,93.8479439421349
2025-03-09 20:17:34.004333,451.0,473.0,523.0,2608.0,1437.0,462.0,67.61385918117496,76.51583349804159,62.62753408438447,42.275002162276,16.37332690568952,44.77656043941437,42.016621012331015,71.87230035118796,56.073427797651995,93.8479439421349
2025-03-09 20:17:34.012667,448.0,475.0,439.0,2610.0,1441.0,464.0,67.5727741501971,76.54035905710039,62.619477396501814,42.29862427172079,16.361808178442544,44.78910411554086,41.99982846398427,71.90391643531855,56.140037130493646,93.843934632868
2025-03-09 20:17:34.012667,448.0,467.0,434.0,2608.0,1435.0,459.0,67.5727741501971,76.54035905710039,62.619477396501814,42.29862427172079,16.361808178442544,44.78910411554086,41.99982846398427,71.90391643531855,56.140037130493646,93.843934632868
2025-03-09 20:17:34.012667,450.0,467.0,416.0,2611.0,1437.0,459.0,67.5727741501971,76.54035905710039,62.619477396501814,42.29862427172079,16.361808178442544,44.78910411554086,41.99982846398427,71.90391643531855,56.140037130493646,93.843934632868
2025-03-09 20:17:34.021000,450.0,470.0,424.0,2611.0,1440.0,460.0,67.53724752061773,76.5794314937596,62.61570008249651,42.320169139657516,16.35845553395025,44.80492641402345,41.98667882552446,71.93740881507954,56.207124464348304,93.83718843772839
2025-03-09 20:17:34.021000,449.0,471.0,400.0,2611.0,1439.0,459.0,67.53724752061773,76.5794314937596,62.61570008249651,42.320169139657516,16.35845553395025,44.80492641402345,41.98667882552446,71.93740881507954,56.207124464348304,93.83718843772839
2025-03-09 20:17:34.021000,449.0,479.0,401.0,2609.0,1435.0,458.0,67.53724752061773,76.5794314937596,62.61570008249651,42.320169139657516,16.35845553395025,44.80492641402345,41.98667882552446,71.93740881507954,56.207124464348304,93.83718843772839
2025-03-09 20:17:34.021000,447.0,470.0,419.0,2608.0,1438.0,455.0,67.53724752061773,76.5794314937596,62.61570008249651,42.320169139657516,16.35845553395025,44.80492641402345,41.98667882552446,71.93740881507954,56.207124464348304,93.83718843772839
2025-03-09 20:17:34.029333,450.0,474.0,399.0,2612.0,1435.0,454.0,67.50627289650856,76.63094742407107,62.61411081368081,42.340045075655716,16.36211778132009,44.823824372539654,41.977170604095214,71.97186455204495,56.27388394177661,93.82665070144435
2025-03-09 20:17:34.029333,448.0,474.0,400.0,2608.0,1439.0,455.0,67.50627289650856,76.63094742407107,62.61411081368081,42.340045075655716,16.36211778132009,44.823824372539654,41.977170604095214,71.97186455204495,56.27388394177661,93.82665070144435
2025-03-09 20:17:34.029333,448.0,473.0,387.0,2607.0,1436.0,453.0,67.50627289650856,76.63094742407107,62.61411081368081,42.340045075655716,16.36211778132009,44.823824372539654,41.977170604095214,71.97186455204495,56.27388394177661,93.82665070144435
2025-03-09 20:17:34.037667,449.0,474.0,379.0,2610.0,1434.0,454.0,67.47910636056478,76.69376959629898,62.613583576262116,42.35792022540699,16.371691532321023,44.84483461599461,41.97159563746733,72.0075773021386,56.34045472040851,93.81155552201236
2025-03-09 20:17:34.037667,445.0,477.0,378.0,2608.0,1437.0,455.0,67.47910636056478,76.69376959629898,62.613583576262116,42.35792022540699,16.371691532321023,44.84483461599461,41.97159563746733,72.0075773021386,56.34045472040851,93.81155552201236
2025-03-09 20:17:34.037667,446.0,474.0,366.0,2611.0,1435.0,449.0,67.47910636056478,76.69376959629898,62.613583576262116,42.35792022540699,16.371691532321023,44.84483461599461,41.97159563746733,72.0075773021386,56.34045472040851,93.81155552201236
2025-03-09 20:17:34.037667,443.0,465.0,365.0,2608.0,1431.0,449.0,67.47910636056478,76.69376959629898,62.613583576262116,42.35792022540699,16.371691532321023,44.84483461599461,41.97159563746733,72.0075773021386,56.34045472040851,93.81155552201236
2025-03-09 20:17:34.046000,446.0,473.0,362.0,2607.0,1432.0,448.0,67.45485403737952,76.76716572072786,62.612694956890564,42.372518078281374,16.38672506593569,44.86646378636449,41.97085522474137,72.04446538169549,56.406109892388265,93.79088278672995
2025-03-09 20:17:34.046000,442.0,471.0,367.0,2608.0,1434.0,448.0,67.45485403737952,76.76716572072786,62.612694956890564,42.372518078281374,16.38672506593569,44.86646378636449,41.97085522474137,72.04446538169549,56.406109892388265,93.79088278672995
2025-03-09 20:17:34.046000,445.0,469.0,365.0,2608.0,1434.0,448.0,67.45485403737952,76.76716572072786,62.612694956890564,42.372518078281374,16.38672506593569,44.86646378636449,41.97085522474137,72.04446538169549,56.406109892388265,93.79088278672995
2025-03-09 20:17:34.046000,442.0,471.0,343.0,2609.0,1433.0,450.0,67.45485403737952,76.76716572072786,62.612694956890564,42.372518078281374,16.38672506593569,44.86646378636449,41.97085522474137,72.04446538169549,56.406109892388265,93.79088278672995
2025-03-09 20:17:34.054333,448.0,464.0,337.0,2608.0,1433.0,447.0,67.43198067064282,76.85036959363556,62.60912210313602,42.382848220261685,16.40667123510803,44.88738557339806,41.976066572253394,72.08250631098035,56.47039069712972,93.7630328654069
2025-03-09 20:17:34.054333,446.0,471.0,346.0,2608.0,1434.0,448.0,67.43198067064282,76.85036959363556,62.60912210313602,42.382848220261685,16.40667123510803,44.88738557339806,41.976066572253394,72.08250631098035,56.47039069712972,93.7630328654069
2025-03-09 20:17:34.054333,442.0,471.0,365.0,2608.0,1438.0,445.0,67.43198067064282,76.85036959363556,62.60912210313602,42.382848220261685,16.40667123510803,44.88738557339806,41.976066572253394,72.08250631098035,56.47039069712972,93.7630328654069
2025-03-09 20:17:34.062667,442.0,477.0,358.0,2608.0,1435.0,444.0,67.40885248265131,76.94220291508731,62.601122238508886,42.38819293665871,16.43129083100541,44.90668003666609,41.987688110255235,72.1209757665171,56.5325185784069,93.72653988945326
2025-03-09 20:17:34.062667,446.0,481.0,363.0,2608.0,1433.0,446.0,67.40885248265131,76.94220291508731,62.601122238508886,42.38819293665871,16.43129083100541,44.90668003666609,41.987688110255235,72.1209757665171,56.5325185784069,93.72653988945326
2025-03-09 20:17:34.062667,441.0,471.0,368.0,2608.0,1437.0,445.0,67.40885248265131,76.94220291508731,62.601122238508886,42.38819293665871,16.43129083100541,44.90668003666609,41.987688110255235,72.1209757665171,56.5325185784069,93.72653988945326
2025-03-09 20:17:34.062667,445.0,469.0,367.0,2608.0,1437.0,442.0,67.40885248265131,76.94220291508731,62.601122238508886,42.38819293665871,16.43129083100541,44.90668003666609,41.987688110255235,72.1209757665171,56.5325185784069,93.72653988945326
2025-03-09 20:17:34.071000,446.0,468.0,368.0,2608.0,1437.0,443.0,67.38377159030254,77.04201862372075,62.58768307533243,42.387966611975905,16.45974010969134,44.92352958424518,42.004932736428934,72.15913265455387,56.59259981487965,93.68021606772183
2025-03-09 20:17:34.071000,448.0,479.0,368.0,2608.0,1435.0,443.0,67.38377159030254,77.04201862372075,62.58768307533243,42.387966611975905,16.45974010969134,44.92352958424518,42.004932736428934,72.15913265455387,56.59259981487965,93.68021606772183
2025-03-09 20:17:34.071000,442.0,472.0,365.0,2607.0,1437.0,438.0,67.38377159030254,77.04201862372075,62.58768307533243,42.387966611975905,16.45974010969134,44.92352958424518,42.004932736428934,72.15913265455387,56.59259981487965,93.68021606772183
2025-03-09 20:17:34.079333,443.0,467.0,359.0,2608.0,1437.0,442.0,67.3549280057931,77.14888494620094,62.567871558955076,42.38205648984558,16.49076429405939,44.93736867975587,42.026531073722495,72.19626879510159,56.65118906851306,93.62340244822946
2025-03-09 20:17:34.079333,443.0,469.0,364.0,2606.0,1438.0,434.0,67.3549280057931,77.14888494620094,62.567871558955076,42.38205648984558,16.49076429405939,44.93736867975587,42.026531073722495,72.19626879510159,56.65118906851306,93.62340244822946
2025-03-09 20:17:34.079333,443.0,471.0,361.0,2611.0,1436.0,439.0,67.3549280057931,77.14888494620094,62.567871558955076,42.38205648984558,16.49076429405939,44.93736867975587,42.026531073722495,72.19626879510159,56.65118906851306,93.62340244822946
2025-03-09 20:17:34.079333,446.0,475.0,352.0,2606.0,1437.0,438.0,67.3549280057931,77.14888494620094,62.567871558955076,42.38205648984558,16.49076429405939,44.93736867975587,42.026531073722495,72.19626879510159,56.65118906851306,93.62340244822946
2025-03-09 20:17:34.087667,442.0,470.0,362.0,2608.0,1435.0,439.0,67.32128690414784,77.2615474962124,62.541639898478934,42.3703270426525,16.523106977971736,44.94737134227269,42.05162355621826,72.23248061055097,56.70904991185526,93.5566561344402
2025-03-09 20:17:34.087667,445.0,476.0,365.0,2608.0,1436.0,439.0,67.32128690414784,77.2615474962124,62.541639898478934,42.3703270426525,16.523106977971736,44.94737134227269,42.05162355621826,72.23248061055097,56.70904991185526,93.5566561344402
2025-03-09 20:17:34.087667,445.0,470.0,363.0,2608.0,1438.0,441.0,67.32128690414784,77.2615474962124,62.541639898478934,42.3703270426525,16.523106977971736,44.94737134227269,42.05162355621826,72.23248061055097,56.70904991185526,93.5566561344402
2025-03-09 20:17:34.096000,445.0,469.0,362.0,2609.0,1441.0,438.0,67.28303592944037,77.37877546189019,62.50984397178437,42.353263026023114,16.555108534255794,44.95309925930524,42.07918085263098,72.26855882328157,56.76747695147664,93.48122724891711
2025-03-09 20:17:34.096000,447.0,467.0,364.0,2605.0,1441.0,442.0,67.28303592944037,77.37877546189019,62.50984397178437,42.353263026023114,16.555108534255794,44.95309925930524,42.07918085263098,72.26855882328157,56.76747695147664,93.48122724891711
2025-03-09 20:17:34.096000,446.0,470.0,359.0,2606.0,1441.0,436.0,67.28303592944037,77.37877546189019,62.50984397178437,42.353263026023114,16.555108534255794,44.95309925930524,42.07918085263098,72.26855882328157,56.76747695147664,93.48122724891711
2025-03-09 20:17:34.096000,445.0,475.0,361.0,2608.0,1440.0,439.0,67.28303592944037,77.37877546189019,62.50984397178437,42.353263026023114,16.555108534255794,44.95309925930524,42.07918085263098,72.26855882328157,56.76747695147664,93.48122724891711
2025-03-09 20:17:34.104333,443.0,470.0,367.0,2607.0,1441.0,437.0,67.24132545830909,77.49970412598753,62.473388712663,42.33272791425633,16.586379840019003,44.95607141437615,42.10834120619201,72.30442555374259,56.826943152946576,93.39833329750859
2025-03-09 20:17:34.104333,442.0,470.0,355.0,2607.0,1443.0,438.0,67.24132545830909,77.49970412598753,62.473388712663,42.33272791425633,16.586379840019003,44.95607141437615,42.10834120619201,72.30442555374259,56.826943152946576,93.39833329750859
2025-03-09 20:17:34.104333,447.0,466.0,362.0,2609.0,1442.0,438.0,67.24132545830909,77.49970412598753,62.473388712663,42.33272791425633,16.586379840019003,44.95607141437615,42.10834120619201,72.30442555374259,56.826943152946576,93.39833329750859
2025-03-09 20:17:34.112667,444.0,477.0,355.0,2608.0,1439.0,439.0,67.19673457263774,77.62407986060464,62.43264657349815,42.30984697103828,16.617344032201974,44.957516955474524,42.13882801520324,72.3396189087822,56.88733231795069,93.30826127637546
2025-03-09 20:17:34.112667,446.0,470.0,364.0,2610.0,1440.0,434.0,67.19673457263774,77.62407986060464,62.43264657349815,42.30984697103828,16.617344032201974,44.957516955474524,42.13882801520324,72.3396189087822,56.88733231795069,93.30826127637546
2025-03-09 20:17:34.112667,447.0,465.0,362.0,2608.0,1441.0,435.0,67.19673457263774,77.62407986060464,62.43264657349815,42.30984697103828,16.617344032201974,44.957516955474524,42.13882801520324,72.3396189087822,56.88733231795069,93.30826127637546
2025-03-09 20:17:34.112667,445.0,471.0,362.0,2608.0,1442.0,435.0,67.19673457263774,77.62407986060464,62.43264657349815,42.30984697103828,16.617344032201974,44.957516955474524,42.13882801520324,72.3396189087822,56.88733231795069,93.30826127637546
2025-03-09 20:17:34.121000,445.0,471.0,364.0,2608.0,1438.0,437.0,67.14967536165098,77.75254059048703,62.38855269094796,42.28458389434828,16.65003074510447,44.95805268899845,42.17163328812795,72.37408178867634,56.94808420682223,93.21099545611443
2025-03-09 20:17:34.121000,448.0,466.0,361.0,2606.0,1441.0,436.0,67.14967536165098,77.75254059048703,62.38855269094796,42.28458389434828,16.65003074510447,44.95805268899845,42.17163328812795,72.37408178867634,56.94808420682223,93.21099545611443
2025-03-09 20:17:34.121000,448.0,468.0,363.0,2603.0,1442.0,440.0,67.14967536165098,77.75254059048703,62.38855269094796,42.28458389434828,16.65003074510447,44.95805268899845,42.17163328812795,72.37408178867634,56.94808420682223,93.21099545611443
2025-03-09 20:17:34.121000,451.0,471.0,367.0,2606.0,1444.0,435.0,67.14967536165098,77.75254059048703,62.38855269094796,42.28458389434828,16.65003074510447,44.95805268899845,42.17163328812795,72.37408178867634,56.94808420682223,93.21099545611443
2025-03-09 20:17:34.129333,450.0,468.0,362.0,2607.0,1435.0,433.0,67.10124492862087,77.88529015414032,62.342858664561426,42.25549441813412,16.686457471818976,44.956609585437484,42.209035102090866,72.4090864930332,57.00837388749822,93.10714799241386
2025-03-09 20:17:34.129333,450.0,466.0,354.0,2611.0,1439.0,434.0,67.10124492862087,77.88529015414032,62.342858664561426,42.25549441813412,16.686457471818976,44.956609585437484,42.209035102090866,72.4090864930332,57.00837388749822,93.10714799241386
2025-03-09 20:17:34.129333,449.0,467.0,363.0,2608.0,1438.0,436.0,67.10124492862087,77.88529015414032,62.342858664561426,42.25549441813412,16.686457471818976,44.956609585437484,42.209035102090866,72.4090864930332,57.00837388749822,93.10714799241386
2025-03-09 20:17:34.137667,448.0,469.0,365.0,2608.0,1440.0,434.0,67.05192341590038,78.02193613933275,62.29690242040289,42.21971537398143,16.727585332654385,44.95061578017527,42.25257472886853,72.44513597245475,57.06659249014264,92.9968080322203
2025-03-09 20:17:34.137667,449.0,475.0,355.0,2608.0,1436.0,437.0,67.05192341590038,78.02193613933275,62.29690242040289,42.21971537398143,16.727585332654385,44.95061578017527,42.25257472886853,72.44513597245475,57.06659249014264,92.9968080322203
2025-03-09 20:17:34.137667,454.0,474.0,361.0,2608.0,1437.0,433.0,67.05192341590038,78.02193613933275,62.29690242040289,42.21971537398143,16.727585332654385,44.95061578017527,42.25257472886853,72.44513597245475,57.06659249014264,92.9968080322203
2025-03-09 20:17:34.137667,456.0,470.0,358.0,2606.0,1437.0,435.0,67.05192341590038,78.02193613933275,62.29690242040289,42.21971537398143,16.727585332654385,44.95061578017527,42.25257472886853,72.44513597245475,57.06659249014264,92.9968080322203
2025-03-09 20:17:34.146000,461.0,471.0,357.0,2605.0,1435.0,432.0,67.00207468116957,78.16201729956003,62.251801453783315,42.177668696440065,16.773685941953353,44.94063804067033,42.301348330191665,72.48157730240257,57.12242514189573,92.87971904342584
2025-03-09 20:17:34.146000,463.0,470.0,362.0,2608.0,1438.0,433.0,67.00207468116957,78.16201729956003,62.251801453783315,42.177668696440065,16.773685941953353,44.94063804067033,42.301348330191665,72.48157730240257,57.12242514189573,92.87971904342584
2025-03-09 20:17:34.146000,464.0,473.0,363.0,2608.0,1434.0,432.0,67.00207468116957,78.16201729956003,62.251801453783315,42.177668696440065,16.773685941953353,44.94063804067033,42.301348330191665,72.48157730240257,57.12242514189573,92.87971904342584
2025-03-09 20:17:34.154333,464.0,467.0,353.0,2607.0,1433.0,433.0,66.95242934443124,78.30503335731225,62.20865837012304,42.13183303714379,16.823286628730372,44.928256222597376,42.35378132998234,72.51952527362388,57.178228814913616,92.75635672159204
2025-03-09 20:17:34.154333,463.0,475.0,361.0,2605.0,1437.0,432.0,66.95242934443124,78.30503335731225,62.20865837012304,42.13183303714379,16.823286628730372,44.928256222597376,42.35378132998234,72.51952527362388,57.178228814913616,92.75635672159204
2025-03-09 20:17:34.154333,463.0,471.0,356.0,2605.0,1434.0,432.0,66.95242934443124,78.30503335731225,62.20865837012304,42.13183303714379,16.823286628730372,44.928256222597376,42.35378132998234,72.51952527362388,57.178228814913616,92.75635672159204
2025-03-09 20:17:34.154333,464.0,472.0,363.0,2608.0,1435.0,432.0,66.95242934443124,78.30503335731225,62.20865837012304,42.13183303714379,16.823286628730372,44.928256222597376,42.35378132998234,72.51952527362388,57.178228814913616,92.75635672159204
2025-03-09 20:17:34.162667,467.0,470.0,364.0,2608.0,1431.0,439.0,66.90383092359916,78.4499649185967,62.168588043793555,42.08413115629579,16.873283509463768,44.91356743766648,42.408659139523444,72.56187140069686,57.23750712171302,92.6282287461005
2025-03-09 20:17:34.162667,477.0,471.0,354.0,2603.0,1429.0,433.0,66.90383092359916,78.4499649185967,62.168588043793555,42.08413115629579,16.873283509463768,44.91356743766648,42.408659139523444,72.56187140069686,57.23750712171302,92.6282287461005
2025-03-09 20:17:34.162667,479.0,465.0,359.0,2600.0,1431.0,432.0,66.90383092359916,78.4499649185967,62.168588043793555,42.08413115629579,16.873283509463768,44.91356743766648,42.408659139523444,72.56187140069686,57.23750712171302,92.6282287461005
2025-03-09 20:17:34.171000,475.0,469.0,352.0,2606.0,1426.0,432.0,66.85717156040454,78.59599951239244,62.13287198545245,42.03631639332026,16.921690961784247,44.89708331552508,42.46486449933564,72.61054256190519,57.302644447069156,92.496908073862
2025-03-09 20:17:34.171000,483.0,467.0,362.0,2606.0,1430.0,434.0,66.85717156040454,78.59599951239244,62.13287198545245,42.03631639332026,16.921690961784247,44.89708331552508,42.46486449933564,72.61054256190519,57.302644447069156,92.496908073862
2025-03-09 20:17:34.171000,483.0,475.0,361.0,2606.0,1427.0,434.0,66.85717156040454,78.59599951239244,62.13287198545245,42.03631639332026,16.921690961784247,44.89708331552508,42.46486449933564,72.61054256190519,57.302644447069156,92.496908073862
2025-03-09 20:17:34.171000,481.0,475.0,362.0,2607.0,1429.0,432.0,66.85717156040454,78.59599951239244,62.13287198545245,42.03631639332026,16.921690961784247,44.89708331552508,42.46486449933564,72.61054256190519,57.302644447069156,92.496908073862
2025-03-09 20:17:34.179333,489.0,475.0,357.0,2607.0,1427.0,432.0,66.81330571884543,78.74325527687564,62.102794859565066,41.9898846834812,16.967540066935754,44.87975408974205,42.521239187089584,72.66659478781649,57.37532789264804,92.3633384913124
2025-03-09 20:17:34.179333,498.0,467.0,359.0,2606.0,1424.0,432.0,66.81330571884543,78.74325527687564,62.102794859565066,41.9898846834812,16.967540066935754,44.87975408974205,42.521239187089584,72.66659478781649,57.37532789264804,92.3633384913124
2025-03-09 20:17:34.179333,498.0,469.0,365.0,2606.0,1424.0,434.0,66.81330571884543,78.74325527687564,62.102794859565066,41.9898846834812,16.967540066935754,44.87975408974205,42.521239187089584,72.66659478781649,57.37532789264804,92.3633384913124
2025-03-09 20:17:34.187667,503.0,473.0,368.0,2608.0,1423.0,432.0,66.77278188162121,78.89267721879672,62.07923710704408,41.944883449876855,17.010429608649858,44.86136036329238,42.57789264168501,72.7316142757523,57.45694011369226,92.22888460858775
2025-03-09 20:17:34.187667,502.0,473.0,356.0,2606.0,1424.0,431.0,66.77278188162121,78.89267721879672,62.07923710704408,41.944883449876855,17.010429608649858,44.86136036329238,42.57789264168501,72.7316142757523,57.45694011369226,92.22888460858775
2025-03-09 20:17:34.187667,502.0,475.0,350.0,2603.0,1424.0,432.0,66.77278188162121,78.89267721879672,62.07923710704408,41.944883449876855,17.010429608649858,44.86136036329238,42.57789264168501,72.7316142757523,57.45694011369226,92.22888460858775
2025-03-09 20:17:34.187667,507.0,471.0,356.0,2602.0,1423.0,432.0,66.77278188162121,78.89267721879672,62.07923710704408,41.944883449876855,17.010429608649858,44.86136036329238,42.57789264168501,72.7316142757523,57.45694011369226,92.22888460858775
2025-03-09 20:17:34.196000,509.0,476.0,347.0,2604.0,1424.0,431.0,66.73573082091576,79.04458789029941,62.06116584176412,41.89981529007661,17.050357426314704,44.84033939539605,42.63683144415154,72.80667825743814,57.54694686130327,92.09547064431767
2025-03-09 20:17:34.196000,511.0,471.0,373.0,2601.0,1424.0,431.0,66.73573082091576,79.04458789029941,62.06116584176412,41.89981529007661,17.050357426314704,44.84033939539605,42.63683144415154,72.80667825743814,57.54694686130327,92.09547064431767
2025-03-09 20:17:34.196000,529.0,479.0,373.0,2598.0,1415.0,432.0,66.73573082091576,79.04458789029941,62.06116584176412,41.89981529007661,17.050357426314704,44.84033939539605,42.63683144415154,72.80667825743814,57.54694686130327,92.09547064431767
2025-03-09 20:17:34.196000,534.0,469.0,381.0,2604.0,1418.0,432.0,66.73573082091576,79.04458789029941,62.06116584176412,41.89981529007661,17.050357426314704,44.84033939539605,42.63683144415154,72.80667825743814,57.54694686130327,92.09547064431767
2025-03-09 20:17:34.204333,538.0,470.0,378.0,2603.0,1417.0,431.0,66.70195490793961,79.19901053305782,62.046574980165985,41.85298633500911,17.087356557841225,44.81510649640671,42.7001537150079,72.89195409655913,57.643958204223495,91.96443594311798
2025-03-09 20:17:34.204333,533.0,474.0,369.0,2603.0,1416.0,432.0,66.70195490793961,79.19901053305782,62.046574980165985,41.85298633500911,17.087356557841225,44.81510649640671,42.7001537150079,72.89195409655913,57.643958204223495,91.96443594311798
2025-03-09 20:17:34.204333,536.0,476.0,382.0,2605.0,1415.0,429.0,66.70195490793961,79.19901053305782,62.046574980165985,41.85298633500911,17.087356557841225,44.81510649640671,42.7001537150079,72.89195409655913,57.643958204223495,91.96443594311798
2025-03-09 20:17:34.212667,545.0,477.0,394.0,2601.0,1418.0,430.0,66.67087989587608,79.35646772515797,62.03425034395467,41.802617585850946,17.12225321594017,44.784595287450465,42.768840405048124,72.98637772667841,57.74618927672538,91.83664016214475
2025-03-09 20:17:34.212667,543.0,471.0,402.0,2601.0,1417.0,432.0,66.67087989587608,79.35646772515797,62.03425034395467,41.802617585850946,17.12225321594017,44.784595287450465,42.768840405048124,72.98637772667841,57.74618927672538,91.83664016214475
2025-03-09 20:17:34.212667,563.0,482.0,439.0,2597.0,1408.0,431.0,66.67087989587608,79.35646772515797,62.03425034395467,41.802617585850946,17.12225321594017,44.784595287450465,42.768840405048124,72.98637772667841,57.74618927672538,91.83664016214475
2025-03-09 20:17:34.212667,563.0,473.0,427.0,2599.0,1409.0,427.0,66.67087989587608,79.35646772515797,62.03425034395467,41.802617585850946,17.12225321594017,44.784595287450465,42.768840405048124,72.98637772667841,57.74618927672538,91.83664016214475
2025-03-09 20:17:34.221000,563.0,473.0,450.0,2605.0,1411.0,428.0,66.64250713281916,79.51746698984698,62.02291912738605,41.74822193117789,17.156057248150248,44.74909638219671,42.843602262652695,73.08853347631675,57.85194755866862,91.71292624033357
2025-03-09 20:17:34.221000,569.0,479.0,448.0,2600.0,1408.0,430.0,66.64250713281916,79.51746698984698,62.02291912738605,41.74822193117789,17.156057248150248,44.74909638219671,42.843602262652695,73.08853347631675,57.85194755866862,91.71292624033357
2025-03-09 20:17:34.221000,567.0,473.0,450.0,2596.0,1407.0,432.0,66.64250713281916,79.51746698984698,62.02291912738605,41.74822193117789,17.156057248150248,44.74909638219671,42.843602262652695,73.08853347631675,57.85194755866862,91.71292624033357
2025-03-09 20:17:34.229333,567.0,481.0,422.0,2597.0,1408.0,430.0,66.6190848539129,79.68315935610806,62.01168929864478,41.69088436058935,17.190252360294394,44.7104890129411,42.92617441180943,73.19807839955396,57.95991628704653,91.59553277871092
2025-03-09 20:17:34.229333,572.0,474.0,427.0,2603.0,1411.0,429.0,66.6190848539129,79.68315935610806,62.01168929864478,41.69088436058935,17.190252360294394,44.7104890129411,42.92617441180943,73.19807839955396,57.95991628704653,91.59553277871092
2025-03-09 20:17:34.229333,576.0,479.0,427.0,2595.0,1408.0,431.0,66.6190848539129,79.68315935610806,62.01168929864478,41.69088436058935,17.190252360294394,44.7104890129411,42.92617441180943,73.19807839955396,57.95991628704653,91.59553277871092
2025-03-09 20:17:34.229333,593.0,480.0,448.0,2601.0,1405.0,425.0,66.6190848539129,79.68315935610806,62.01168929864478,41.69088436058935,17.190252360294394,44.7104890129411,42.92617441180943,73.19807839955396,57.95991628704653,91.59553277871092
2025-03-09 20:17:34.237667,592.0,474.0,439.0,2597.0,1403.0,426.0,66.60347319588605,79.85539197869346,62.00059616141321,41.631039824981514,17.22544514525752,44.66947376769614,43.01871105726363,73.31684067356844,58.07028844736039,91.48853015712253
2025-03-09 20:17:34.237667,593.0,480.0,423.0,2599.0,1403.0,429.0,66.60347319588605,79.85539197869346,62.00059616141321,41.631039824981514,17.22544514525752,44.66947376769614,43.01871105726363,73.31684067356844,58.07028844736039,91.48853015712253
2025-03-09 20:17:34.237667,601.0,479.0,407.0,2599.0,1403.0,427.0,66.60347319588605,79.85539197869346,62.00059616141321,41.631039824981514,17.22544514525752,44.66947376769614,43.01871105726363,73.31684067356844,58.07028844736039,91.48853015712253
2025-03-09 20:17:34.246000,598.0,479.0,481.0,2599.0,1402.0,427.0,66.59636364381875,80.03277180781383,61.98826019719484,41.56854508345012,17.26082056116621,44.625562310299145,43.12194054534723,73.44447948174505,58.181658256105145,91.39401175825155
2025-03-09 20:17:34.246000,598.0,475.0,554.0,2596.0,1402.0,427.0,66.59636364381875,80.03277180781383,61.98826019719484,41.56854508345012,17.26082056116621,44.625562310299145,43.12194054534723,73.44447948174505,58.181658256105145,91.39401175825155
2025-03-09 20:17:34.246000,603.0,480.0,605.0,2595.0,1403.0,424.0,66.59636364381875,80.03277180781383,61.98826019719484,41.56854508345012,17.26082056116621,44.625562310299145,43.12194054534723,73.44447948174505,58.181658256105145,91.39401175825155
2025-03-09 20:17:34.246000,602.0,477.0,554.0,2592.0,1401.0,422.0,66.59636364381875,80.03277180781383,61.98826019719484,41.56854508345012,17.26082056116621,44.625562310299145,43.12194054534723,73.44447948174505,58.181658256105145,91.39401175825155
2025-03-09 20:17:34.246000,629.0,480.0,489.0,2594.0,1396.0,425.0,66.59636364381875,80.03277180781383,61.98826019719484,41.56854508345012,17.26082056116621,44.625562310299145,43.12194054534723,73.44447948174505,58.181658256105145,91.39401175825155
2025-03-09 20:17:34.254333,627.0,481.0,448.0,2595.0,1394.0,422.0,66.59672859602621,80.20936072745248,61.969589363413974,41.50355821371987,17.29483298643199,44.578389074881066,43.23600770987055,73.57624509692886,58.28841779851571,91.3100673429239
2025-03-09 20:17:34.254333,634.0,480.0,397.0,2592.0,1394.0,423.0,66.59672859602621,80.20936072745248,61.969589363413974,41.50355821371987,17.29483298643199,44.578389074881066,43.23600770987055,73.57624509692886,58.28841779851571,91.3100673429239
2025-03-09 20:17:34.262667,636.0,482.0,425.0,2597.0,1396.0,423.0,66.60465025994118,80.37989814505332,61.93672935559288,41.437293838678336,17.32574730458939,44.52845069242036,43.363603011909134,73.7084273866411,58.385206457044355,91.23401732580685
2025-03-09 20:17:34.262667,640.0,482.0,422.0,2600.0,1397.0,423.0,66.60465025994118,80.37989814505332,61.93672935559288,41.437293838678336,17.32574730458939,44.52845069242036,43.363603011909134,73.7084273866411,58.385206457044355,91.23401732580685
2025-03-09 20:17:34.262667,643.0,479.0,406.0,2592.0,1397.0,422.0,66.60465025994118,80.37989814505332,61.93672935559288,41.437293838678336,17.32574730458939,44.52845069242036,43.363603011909134,73.7084273866411,58.385206457044355,91.23401732580685
2025-03-09 20:17:34.262667,636.0,479.0,410.0,2594.0,1393.0,423.0,66.60465025994118,80.37989814505332,61.93672935559288,41.437293838678336,17.32574730458939,44.52845069242036,43.363603011909134,73.7084273866411,58.385206457044355,91.23401732580685
2025-03-09 20:17:34.271000,666.0,477.0,449.0,2587.0,1393.0,425.0,66.62291126661812,80.54298238002568,61.88783386059884,41.37289704370048,17.353482963093796,44.47866760823641,43.50576900556694,73.840354853987,58.47059497347023,91.16422620600007
2025-03-09 20:17:34.271000,661.0,483.0,438.0,2588.0,1393.0,418.0,66.62291126661812,80.54298238002568,61.88783386059884,41.37289704370048,17.353482963093796,44.47866760823641,43.50576900556694,73.840354853987,58.47059497347023,91.16422620600007
2025-03-09 20:17:34.271000,665.0,479.0,433.0,2586.0,1392.0,422.0,66.62291126661812,80.54298238002568,61.88783386059884,41.37289704370048,17.353482963093796,44.47866760823641,43.50576900556694,73.840354853987,58.47059497347023,91.16422620600007
2025-03-09 20:17:34.271000,671.0,483.0,465.0,2589.0,1393.0,419.0,66.62291126661812,80.54298238002568,61.88783386059884,41.37289704370048,17.353482963093796,44.47866760823641,43.50576900556694,73.840354853987,58.47059497347023,91.16422620600007
2025-03-09 20:17:34.279333,674.0,485.0,469.0,2590.0,1394.0,421.0,66.65402611437285,80.69838459200486,61.827265234755366,41.31375019943194,17.379624854103152,44.433007607888804,43.659236777304585,73.97073687297387,58.544502625145945,91.09970248555707
2025-03-09 20:17:34.279333,674.0,486.0,433.0,2597.0,1392.0,423.0,66.65402611437285,80.69838459200486,61.827265234755366,41.31375019943194,17.379624854103152,44.433007607888804,43.659236777304585,73.97073687297387,58.544502625145945,91.09970248555707
2025-03-09 20:17:34.279333,673.0,483.0,423.0,2588.0,1395.0,422.0,66.65402611437285,80.69838459200486,61.827265234755366,41.31375019943194,17.379624854103152,44.433007607888804,43.659236777304585,73.97073687297387,58.544502625145945,91.09970248555707
2025-03-09 20:17:34.287667,675.0,477.0,451.0,2588.0,1395.0,419.0,66.69615542543299,80.84455809269727,61.757805743034666,41.26014503313173,17.40448966122317,44.39203004423801,43.81974762681592,74.0969428129968,58.606454345959165,91.04006594266995
2025-03-09 20:17:34.287667,695.0,485.0,393.0,2583.0,1393.0,419.0,66.69615542543299,80.84455809269727,61.757805743034666,41.26014503313173,17.40448966122317,44.39203004423801,43.81974762681592,74.0969428129968,58.606454345959165,91.04006594266995
2025-03-09 20:17:34.287667,702.0,483.0,396.0,2559.0,1392.0,417.0,66.69615542543299,80.84455809269727,61.757805743034666,41.26014503313173,17.40448966122317,44.39203004423801,43.81974762681592,74.0969428129968,58.606454345959165,91.04006594266995
2025-03-09 20:17:34.287667,702.0,485.0,387.0,2582.0,1392.0,417.0,66.69615542543299,80.84455809269727,61.757805743034666,41.26014503313173,17.40448966122317,44.39203004423801,43.81974762681592,74.0969428129968,58.606454345959165,91.04006594266995
2025-03-09 20:17:34.296000,705.0,485.0,383.0,2587.0,1392.0,419.0,66.745421546406,80.98048273044955,61.67997726119246,41.209350150874386,17.42621119829624,44.35243051808607,43.984561318390085,74.21827571146778,58.65722789417223,90.98598548381543
2025-03-09 20:17:34.296000,706.0,490.0,387.0,2559.0,1392.0,418.0,66.745421546406,80.98048273044955,61.67997726119246,41.209350150874386,17.42621119829624,44.35243051808607,43.984561318390085,74.21827571146778,58.65722789417223,90.98598548381543
2025-03-09 20:17:34.296000,704.0,485.0,379.0,2583.0,1392.0,419.0,66.745421546406,80.98048273044955,61.67997726119246,41.209350150874386,17.42621119829624,44.35243051808607,43.984561318390085,74.21827571146778,58.65722789417223,90.98598548381543
2025-03-09 20:17:34.296000,705.0,482.0,379.0,2583.0,1393.0,419.0,66.745421546406,80.98048273044955,61.67997726119246,41.209350150874386,17.42621119829624,44.35243051808607,43.984561318390085,74.21827571146778,58.65722789417223,90.98598548381543
2025-03-09 20:17:34.304333,730.0,485.0,388.0,2583.0,1392.0,416.0,66.80156679624436,81.10514561332455,61.590395834863514,41.160361983405075,17.443613430648384,44.31270508146286,44.15578412139818,74.3349025548135,58.69558177913274,90.93955533273513
2025-03-09 20:17:34.304333,725.0,483.0,379.0,2559.0,1394.0,416.0,66.80156679624436,81.10514561332455,61.590395834863514,41.160361983405075,17.443613430648384,44.31270508146286,44.15578412139818,74.3349025548135,58.69558177913274,90.93955533273513
2025-03-09 20:17:34.304333,727.0,485.0,373.0,2559.0,1392.0,418.0,66.80156679624436,81.10514561332455,61.590395834863514,41.160361983405075,17.443613430648384,44.31270508146286,44.15578412139818,74.3349025548135,58.69558177913274,90.93955533273513
2025-03-09 20:17:34.304333,733.0,487.0,387.0,2583.0,1392.0,415.0,66.80156679624436,81.10514561332455,61.590395834863514,41.160361983405075,17.443613430648384,44.31270508146286,44.15578412139818,74.3349025548135,58.69558177913274,90.93955533273513
2025-03-09 20:17:34.312667,733.0,481.0,388.0,2585.0,1392.0,416.0,66.86662377963404,81.21769444285736,61.48756625500167,41.1138681306758,17.45697394600304,44.27352977885136,44.33531926029838,74.44681877849037,58.71961897031525,90.90389274382213
2025-03-09 20:17:34.312667,735.0,491.0,379.0,2582.0,1392.0,417.0,66.86662377963404,81.21769444285736,61.48756625500167,41.1138681306758,17.45697394600304,44.27352977885136,44.33531926029838,74.44681877849037,58.71961897031525,90.90389274382213
2025-03-09 20:17:34.312667,739.0,492.0,369.0,2559.0,1392.0,415.0,66.86662377963404,81.21769444285736,61.48756625500167,41.1138681306758,17.45697394600304,44.27352977885136,44.33531926029838,74.44681877849037,58.71961897031525,90.90389274382213
2025-03-09 20:17:34.321000,736.0,493.0,377.0,2559.0,1392.0,414.0,66.940630263098,81.31755134654833,61.37244949543774,41.06913961893226,17.466961266761274,44.234570201416375,44.52248942965213,74.55301774276462,58.72783968896695,90.88083994880758
2025-03-09 20:17:34.321000,755.0,493.0,377.0,2559.0,1392.0,413.0,66.940630263098,81.31755134654833,61.37244949543774,41.06913961893226,17.466961266761274,44.234570201416375,44.52248942965213,74.55301774276462,58.72783968896695,90.88083994880758
2025-03-09 20:17:34.321000,757.0,488.0,386.0,2559.0,1392.0,411.0,66.940630263098,81.31755134654833,61.37244949543774,41.06913961893226,17.466961266761274,44.234570201416375,44.52248942965213,74.55301774276462,58.72783968896695,90.88083994880758
2025-03-09 20:17:34.321000,756.0,490.0,387.0,2559.0,1392.0,409.0,66.940630263098,81.31755134654833,61.37244949543774,41.06913961893226,17.466961266761274,44.234570201416375,44.52248942965213,74.55301774276462,58.72783968896695,90.88083994880758
2025-03-09 20:17:34.329333,758.0,489.0,395.0,2559.0,1392.0,412.0,67.02233249321101,81.40416160243855,61.245639936958995,41.02470104908214,17.473952114563147,44.194775194827045,44.716098919588106,74.65199292485062,58.7188746057803,90.86736198258585
2025-03-09 20:17:34.329333,764.0,495.0,387.0,2559.0,1392.0,410.0,67.02233249321101,81.40416160243855,61.245639936958995,41.02470104908214,17.473952114563147,44.194775194827045,44.716098919588106,74.65199292485062,58.7188746057803,90.86736198258585
2025-03-09 20:17:34.329333,762.0,494.0,393.0,2583.0,1392.0,411.0,67.02233249321101,81.40416160243855,61.245639936958995,41.02470104908214,17.473952114563147,44.194775194827045,44.716098919588106,74.65199292485062,58.7188746057803,90.86736198258585
2025-03-09 20:17:34.329333,767.0,495.0,391.0,2559.0,1392.0,414.0,67.02233249321101,81.40416160243855,61.245639936958995,41.02470104908214,17.473952114563147,44.194775194827045,44.716098919588106,74.65199292485062,58.7188746057803,90.86736198258585
2025-03-09 20:17:34.337667,778.0,491.0,464.0,2559.0,1392.0,406.0,67.11133153942929,81.47812043217407,61.11049604389116,40.98007959545846,17.477731665716853,44.15381872606536,44.913034794912015,74.74361569047387,58.69365867349398,90.85725550598902
2025-03-09 20:17:34.337667,773.0,494.0,451.0,2559.0,1390.0,402.0,67.11133153942929,81.47812043217407,61.11049604389116,40.98007959545846,17.477731665716853,44.15381872606536,44.913034794912015,74.74361569047387,58.69365867349398,90.85725550598902
2025-03-09 20:17:34.346000,778.0,494.0,445.0,2559.0,1390.0,405.0,67.2099382642516,81.540598332586,60.96734162796148,40.93528399022591,17.47908640568543,44.11237993454462,45.113943659946756,74.82787851132198,58.650918054708015,90.84771396375308
2025-03-09 20:17:34.346000,780.0,496.0,445.0,2559.0,1387.0,405.0,67.2099382642516,81.540598332586,60.96734162796148,40.93528399022591,17.47908640568543,44.11237993454462,45.113943659946756,74.82787851132198,58.650918054708015,90.84771396375308
2025-03-09 20:17:34.346000,777.0,496.0,449.0,2559.0,1388.0,401.0,67.2099382642516,81.540598332586,60.96734162796148,40.93528399022591,17.47908640568543,44.11237993454462,45.113943659946756,74.82787851132198,58.650918054708015,90.84771396375308
2025-03-09 20:17:34.346000,781.0,496.0,442.0,2559.0,1387.0,405.0,67.2099382642516,81.540598332586,60.96734162796148,40.93528399022591,17.47908640568543,44.11237993454462,45.113943659946756,74.82787851132198,58.650918054708015,90.84771396375308
2025-03-09 20:17:34.354333,778.0,492.0,445.0,2559.0,1388.0,405.0,67.32143909440532,81.59119279124621,60.80933229584994,40.89013392876098,17.480180883596685,44.07124147927416,45.32631656327274,74.90398646371584,58.585088084621226,90.83782358566955
2025-03-09 20:17:34.354333,783.0,496.0,447.0,2559.0,1388.0,405.0,67.32143909440532,81.59119279124621,60.80933229584994,40.89013392876098,17.480180883596685,44.07124147927416,45.32631656327274,74.90398646371584,58.585088084621226,90.83782358566955
2025-03-09 20:17:34.354333,781.0,497.0,455.0,2559.0,1387.0,400.0,67.32143909440532,81.59119279124621,60.80933229584994,40.89013392876098,17.480180883596685,44.07124147927416,45.32631656327274,74.90398646371584,58.585088084621226,90.83782358566955
2025-03-09 20:17:34.354333,781.0,494.0,453.0,2559.0,1385.0,400.0,67.32143909440532,81.59119279124621,60.80933229584994,40.89013392876098,17.480180883596685,44.07124147927416,45.32631656327274,74.90398646371584,58.585088084621226,90.83782358566955
2025-03-09 20:17:34.362667,784.0,493.0,454.0,2559.0,1385.0,401.0,67.44715103711248,81.62994298076676,60.63093024780372,40.84548374032414,17.481811652696674,44.0311353989958,45.55613170479429,74.97324970177313,58.4947225902584,90.82506881089294
2025-03-09 20:17:34.362667,779.0,490.0,443.0,2559.0,1387.0,400.0,67.44715103711248,81.62994298076676,60.63093024780372,40.84548374032414,17.481811652696674,44.0311353989958,45.55613170479429,74.97324970177313,58.4947225902584,90.82506881089294
2025-03-09 20:17:34.362667,784.0,496.0,435.0,2559.0,1382.0,400.0,67.44715103711248,81.62994298076676,60.63093024780372,40.84548374032414,17.481811652696674,44.0311353989958,45.55613170479429,74.97324970177313,58.4947225902584,90.82506881089294
2025-03-09 20:17:34.362667,784.0,500.0,442.0,2559.0,1387.0,403.0,67.44715103711248,81.62994298076676,60.63093024780372,40.84548374032414,17.481811652696674,44.0311353989958,45.55613170479429,74.97324970177313,58.4947225902584,90.82506881089294
2025-03-09 20:17:34.371000,787.0,496.0,443.0,2559.0,1383.0,400.0,67.5865713118974,81.65755401740027,60.431453255986106,40.802602696326154,17.483304452338352,43.992480950688446,45.80449774916577,75.03817332323786,58.38252676880449,90.80561991244481
2025-03-09 20:17:34.371000,778.0,498.0,431.0,2559.0,1386.0,398.0,67.5865713118974,81.65755401740027,60.431453255986106,40.802602696326154,17.483304452338352,43.992480950688446,45.80449774916577,75.03817332323786,58.38252676880449,90.80561991244481
2025-03-09 20:17:34.371000,784.0,499.0,417.0,2559.0,1380.0,397.0,67.5865713118974,81.65755401740027,60.431453255986106,40.802602696326154,17.483304452338352,43.992480950688446,45.80449774916577,75.03817332323786,58.38252676880449,90.80561991244481
2025-03-09 20:17:34.379333,778.0,496.0,425.0,2559.0,1383.0,397.0,67.73880880718025,81.67412526440498,60.21115165575107,40.7611247237865,17.48474903104864,43.95470474105542,46.07170805254553,75.09961565834165,58.24910524497733,90.77670295030649
2025-03-09 20:17:34.379333,784.0,496.0,432.0,2557.0,1383.0,394.0,67.73880880718025,81.67412526440498,60.21115165575107,40.7611247237865,17.48474903104864,43.95470474105542,46.07170805254553,75.09961565834165,58.24910524497733,90.77670295030649
2025-03-09 20:17:34.379333,781.0,494.0,429.0,2559.0,1383.0,398.0,67.73880880718025,81.67412526440498,60.21115165575107,40.7611247237865,17.48474903104864,43.95470474105542,46.07170805254553,75.09961565834165,58.24910524497733,90.77670295030649
2025-03-09 20:17:34.379333,780.0,498.0,432.0,2558.0,1381.0,396.0,67.73880880718025,81.67412526440498,60.21115165575107,40.7611247237865,17.48474903104864,43.95470474105542,46.07170805254553,75.09961565834165,58.24910524497733,90.77670295030649
2025-03-09 20:17:34.387667,778.0,495.0,432.0,2559.0,1381.0,397.0,67.90334639435845,81.67985471557243,59.972462817799105,40.71948025156018,17.487067021375196,43.91651629241352,46.357288382879965,75.15813268495889,58.094086780178536,90.73831573841612
2025-03-09 20:17:34.387667,777.0,496.0,435.0,2559.0,1385.0,395.0,67.90334639435845,81.67985471557243,59.972462817799105,40.71948025156018,17.487067021375196,43.91651629241352,46.357288382879965,75.15813268495889,58.094086780178536,90.73831573841612
2025-03-09 20:17:34.387667,768.0,495.0,447.0,2557.0,1382.0,397.0,67.90334639435845,81.67985471557243,59.972462817799105,40.71948025156018,17.487067021375196,43.91651629241352,46.357288382879965,75.15813268495889,58.094086780178536,90.73831573841612
2025-03-09 20:17:34.396000,773.0,495.0,449.0,2553.0,1383.0,394.0,68.08103467499923,81.67500530531764,59.71677985957393,40.675386877710174,17.490951544141243,43.87575085598829,46.66284089329928,75.21543600152434,57.916216391645776,90.69058783611555
2025-03-09 20:17:34.396000,767.0,501.0,453.0,2554.0,1383.0,391.0,68.08103467499923,81.67500530531764,59.71677985957393,40.675386877710174,17.490951544141243,43.87575085598829,46.66284089329928,75.21543600152434,57.916216391645776,90.69058783611555
2025-03-09 20:17:34.396000,767.0,497.0,453.0,2559.0,1382.0,394.0,68.08103467499923,81.67500530531764,59.71677985957393,40.675386877710174,17.490951544141243,43.87575085598829,46.66284089329928,75.21543600152434,57.916216391645776,90.69058783611555
2025-03-09 20:17:34.404333,769.0,496.0,458.0,2555.0,1381.0,394.0,68.27280164419824,81.65812259876135,59.44105888076301,40.626192860526004,17.496440914074046,43.82958798117566,46.99272219449442,75.2724181229496,57.7116854806611,90.63195102007612
2025-03-09 20:17:34.404333,767.0,497.0,458.0,2554.0,1380.0,390.0,68.27280164419824,81.65812259876135,59.44105888076301,40.626192860526004,17.496440914074046,43.82958798117566,46.99272219449442,75.2724181229496,57.7116854806611,90.63195102007612
2025-03-09 20:17:34.404333,762.0,498.0,455.0,2555.0,1381.0,391.0,68.27280164419824,81.65812259876135,59.44105888076301,40.626192860526004,17.496440914074046,43.82958798117566,46.99272219449442,75.2724181229496,57.7116854806611,90.63195102007612
2025-03-09 20:17:34.404333,753.0,502.0,445.0,2556.0,1379.0,386.0,68.27280164419824,81.65812259876135,59.44105888076301,40.626192860526004,17.496440914074046,43.82958798117566,46.99272219449442,75.2724181229496,57.7116854806611,90.63195102007612
2025-03-09 20:17:34.412667,753.0,498.0,448.0,2553.0,1380.0,389.0,68.4779296839199,81.62754721501047,59.139118947423256,40.56862414030242,17.502776863163962,43.77424758927075,47.35269441662345,75.32993295300912,57.47673432544133,90.5603673772958
2025-03-09 20:17:34.412667,754.0,498.0,448.0,2552.0,1381.0,384.0,68.4779296839199,81.62754721501047,59.139118947423256,40.56862414030242,17.502776863163962,43.77424758927075,47.35269441662345,75.32993295300912,57.47673432544133,90.5603673772958
2025-03-09 20:17:34.412667,752.0,498.0,455.0,2555.0,1381.0,387.0,68.4779296839199,81.62754721501047,59.139118947423256,40.56862414030242,17.502776863163962,43.77424758927075,47.35269441662345,75.32993295300912,57.47673432544133,90.5603673772958
2025-03-09 20:17:34.412667,752.0,500.0,449.0,2550.0,1379.0,387.0,68.4779296839199,81.62754721501047,59.139118947423256,40.56862414030242,17.502776863163962,43.77424758927075,47.35269441662345,75.32993295300912,57.47673432544133,90.5603673772958
2025-03-09 20:17:34.421000,750.0,496.0,450.0,2554.0,1375.0,385.0,68.69568897932454,81.5838647339554,58.80804292074493,40.49923142112684,17.509428001055852,43.706079085719786,47.74637290518394,75.38982482686745,57.2098476485666,90.47493990491621
2025-03-09 20:17:34.421000,748.0,495.0,459.0,2556.0,1379.0,387.0,68.69568897932454,81.5838647339554,58.80804292074493,40.49923142112684,17.509428001055852,43.706079085719786,47.74637290518394,75.38982482686745,57.2098476485666,90.47493990491621
2025-03-09 20:17:34.421000,748.0,497.0,449.0,2554.0,1375.0,385.0,68.69568897932454,81.5838647339554,58.80804292074493,40.49923142112684,17.509428001055852,43.706079085719786,47.74637290518394,75.38982482686745,57.2098476485666,90.47493990491621
2025-03-09 20:17:34.421000,730.0,493.0,460.0,2544.0,1375.0,381.0,68.69568897932454,81.5838647339554,58.80804292074493,40.49923142112684,17.509428001055852,43.706079085719786,47.74637290518394,75.38982482686745,57.2098476485666,90.47493990491621
2025-03-09 20:17:34.429333,729.0,499.0,464.0,2549.0,1378.0,383.0,68.92638315883347,81.52834331555583,58.44745261450771,40.41604630968293,17.516794173070075,43.62350834439507,48.17514527519459,75.45304250010791,56.909713364617666,90.37489023046561
2025-03-09 20:17:34.429333,729.0,497.0,471.0,2545.0,1376.0,381.0,68.92638315883347,81.52834331555583,58.44745261450771,40.41604630968293,17.516794173070075,43.62350834439507,48.17514527519459,75.45304250010791,56.909713364617666,90.37489023046561
2025-03-09 20:17:34.429333,730.0,493.0,480.0,2548.0,1378.0,383.0,68.92638315883347,81.52834331555583,58.44745261450771,40.41604630968293,17.516794173070075,43.62350834439507,48.17514527519459,75.45304250010791,56.909713364617666,90.37489023046561
2025-03-09 20:17:34.437667,727.0,496.0,483.0,2544.0,1376.0,383.0,69.17003324212729,81.46265935903439,58.060865258139785,40.33793071085817,17.519433386877374,43.54181397599906,48.62756476386086,75.5220488778685,56.592762368673526,90.25933968708068
2025-03-09 20:17:34.437667,721.0,494.0,496.0,2547.0,1375.0,384.0,69.17003324212729,81.46265935903439,58.060865258139785,40.33793071085817,17.519433386877374,43.54181397599906,48.62756476386086,75.5220488778685,56.592762368673526,90.25933968708068
2025-03-09 20:17:34.437667,721.0,493.0,480.0,2547.0,1377.0,384.0,69.17003324212729,81.46265935903439,58.060865258139785,40.33793071085817,17.519433386877374,43.54181397599906,48.62756476386086,75.5220488778685,56.592762368673526,90.25933968708068
2025-03-09 20:17:34.437667,710.0,498.0,466.0,2548.0,1375.0,381.0,69.17003324212729,81.46265935903439,58.060865258139785,40.33793071085817,17.519433386877374,43.54181397599906,48.62756476386086,75.5220488778685,56.592762368673526,90.25933968708068
2025-03-09 20:17:34.446000,706.0,500.0,475.0,2546.0,1378.0,377.0,69.42575040931875,81.39011869164331,57.65632526721771,40.284023545516625,17.51409842726619,43.47782247979522,49.08863832706733,75.59750192152609,56.27680839177133,90.12840717503151
2025-03-09 20:17:34.446000,707.0,493.0,484.0,2546.0,1376.0,381.0,69.42575040931875,81.39011869164331,57.65632526721771,40.284023545516625,17.51409842726619,43.47782247979522,49.08863832706733,75.59750192152609,56.27680839177133,90.12840717503151
2025-03-09 20:17:34.446000,707.0,497.0,453.0,2545.0,1378.0,378.0,69.42575040931875,81.39011869164331,57.65632526721771,40.284023545516625,17.51409842726619,43.47782247979522,49.08863832706733,75.59750192152609,56.27680839177133,90.12840717503151
2025-03-09 20:17:34.454333,706.0,496.0,471.0,2544.0,1376.0,378.0,69.69089239162089,81.3133032214351,57.24041214959862,40.24045101228066,17.508899408558747,43.422893958432425,49.558943561314884,75.67452611200537,55.95169040208279,89.98192619610195
2025-03-09 20:17:34.454333,704.0,497.0,474.0,2546.0,1376.0,380.0,69.69089239162089,81.3133032214351,57.24041214959862,40.24045101228066,17.508899408558747,43.422893958432425,49.558943561314884,75.67452611200537,55.95169040208279,89.98192619610195
2025-03-09 20:17:34.454333,704.0,496.0,473.0,2549.0,1375.0,379.0,69.69089239162089,81.3133032214351,57.24041214959862,40.24045101228066,17.508899408558747,43.422893958432425,49.558943561314884,75.67452611200537,55.95169040208279,89.98192619610195
2025-03-09 20:17:34.454333,702.0,496.0,487.0,2544.0,1375.0,381.0,69.69089239162089,81.3133032214351,57.24041214959862,40.24045101228066,17.508899408558747,43.422893958432425,49.558943561314884,75.67452611200537,55.95169040208279,89.98192619610195
2025-03-09 20:17:34.462667,690.0,496.0,413.0,2544.0,1378.0,374.0,69.9620606799704,81.23370190028507,56.81949861862414,40.19896582131463,17.50616398281723,43.37056544980152,50.035913407591366,75.75212934727965,55.61520257588044,89.81958226108306
2025-03-09 20:17:34.462667,689.0,498.0,401.0,2544.0,1379.0,375.0,69.9620606799704,81.23370190028507,56.81949861862414,40.19896582131463,17.50616398281723,43.37056544980152,50.035913407591366,75.75212934727965,55.61520257588044,89.81958226108306
2025-03-09 20:17:34.462667,688.0,507.0,437.0,2544.0,1379.0,378.0,69.9620606799704,81.23370190028507,56.81949861862414,40.19896582131463,17.50616398281723,43.37056544980152,50.035913407591366,75.75212934727965,55.61520257588044,89.81958226108306
2025-03-09 20:17:34.471000,690.0,496.0,442.0,2543.0,1376.0,371.0,70.23651072283872,81.15249468158109,56.39982073355055,40.164430866483876,17.502440274450983,43.32392083359399,50.51079890849177,75.83173787713962,55.27680182190502,89.6406657590956
2025-03-09 20:17:34.471000,688.0,505.0,432.0,2544.0,1377.0,373.0,70.23651072283872,81.15249468158109,56.39982073355055,40.164430866483876,17.502440274450983,43.32392083359399,50.51079890849177,75.83173787713962,55.27680182190502,89.6406657590956
2025-03-09 20:17:34.471000,685.0,496.0,429.0,2545.0,1378.0,375.0,70.23651072283872,81.15249468158109,56.39982073355055,40.164430866483876,17.502440274450983,43.32392083359399,50.51079890849177,75.83173787713962,55.27680182190502,89.6406657590956
2025-03-09 20:17:34.471000,687.0,496.0,413.0,2544.0,1378.0,375.0,70.23651072283872,81.15249468158109,56.39982073355055,40.164430866483876,17.502440274450983,43.32392083359399,50.51079890849177,75.83173787713962,55.27680182190502,89.6406657590956
2025-03-09 20:17:34.479333,673.0,499.0,388.0,2544.0,1386.0,371.0,70.51196947678696,81.07166390203601,55.984960094284936,40.13479116108541,17.49768264711475,43.2811758592176,50.980844746392485,75.91385466716194,54.939232301393936,89.44588618693194
2025-03-09 20:17:34.479333,667.0,501.0,398.0,2544.0,1382.0,371.0,70.51196947678696,81.07166390203601,55.984960094284936,40.13479116108541,17.49768264711475,43.2811758592176,50.980844746392485,75.91385466716194,54.939232301393936,89.44588618693194
2025-03-09 20:17:34.479333,667.0,503.0,395.0,2544.0,1383.0,371.0,70.51196947678696,81.07166390203601,55.984960094284936,40.13479116108541,17.49768264711475,43.2811758592176,50.980844746392485,75.91385466716194,54.939232301393936,89.44588618693194
2025-03-09 20:17:34.479333,667.0,496.0,384.0,2545.0,1385.0,373.0,70.51196947678696,81.07166390203601,55.984960094284936,40.13479116108541,17.49768264711475,43.2811758592176,50.980844746392485,75.91385466716194,54.939232301393936,89.44588618693194
2025-03-09 20:17:34.487667,663.0,498.0,387.0,2544.0,1383.0,370.0,70.78563225191866,80.99389686110906,55.57702535127388,40.10666377142792,17.49382802912327,43.24013451221032,51.44554119237082,75.99840013174403,54.60380600369381,89.23759906369908
2025-03-09 20:17:34.487667,662.0,502.0,397.0,2545.0,1383.0,369.0,70.78563225191866,80.99389686110906,55.57702535127388,40.10666377142792,17.49382802912327,43.24013451221032,51.44554119237082,75.99840013174403,54.60380600369381,89.23759906369908
2025-03-09 20:17:34.487667,663.0,499.0,386.0,2546.0,1383.0,373.0,70.78563225191866,80.99389686110906,55.57702535127388,40.10666377142792,17.49382802912327,43.24013451221032,51.44554119237082,75.99840013174403,54.60380600369381,89.23759906369908
2025-03-09 20:17:34.496000,663.0,505.0,386.0,2547.0,1387.0,370.0,71.05414800390447,80.92101041047717,55.17991672322134,40.076188776077096,17.493628964041186,43.19855458199244,51.90284585866062,76.08389740479667,54.2708987177975,89.01693187249097
2025-03-09 20:17:34.496000,644.0,497.0,379.0,2543.0,1392.0,368.0,71.05414800390447,80.92101041047717,55.17991672322134,40.076188776077096,17.493628964041186,43.19855458199244,51.90284585866062,76.08389740479667,54.2708987177975,89.01693187249097
2025-03-09 20:17:34.496000,640.0,496.0,373.0,2544.0,1392.0,368.0,71.05414800390447,80.92101041047717,55.17991672322134,40.076188776077096,17.493628964041186,43.19855458199244,51.90284585866062,76.08389740479667,54.2708987177975,89.01693187249097
2025-03-09 20:17:34.496000,635.0,497.0,371.0,2539.0,1392.0,368.0,71.05414800390447,80.92101041047717,55.17991672322134,40.076188776077096,17.493628964041186,43.19855458199244,51.90284585866062,76.08389740479667,54.2708987177975,89.01693187249097
2025-03-09 20:17:34.504333,638.0,502.0,368.0,2544.0,1392.0,368.0,71.31360137097379,80.8518839700313,54.7966284102473,40.04399727162654,17.49586626087185,43.1568791886745,52.34643032600803,76.16737138890738,53.943306355925436,88.78307168750703
2025-03-09 20:17:34.504333,638.0,496.0,370.0,2543.0,1402.0,367.0,71.31360137097379,80.8518839700313,54.7966284102473,40.04399727162654,17.49586626087185,43.1568791886745,52.34643032600803,76.16737138890738,53.943306355925436,88.78307168750703
2025-03-09 20:17:34.504333,630.0,502.0,378.0,2541.0,1398.0,368.0,71.31360137097379,80.8518839700313,54.7966284102473,40.04399727162654,17.49586626087185,43.1568791886745,52.34643032600803,76.16737138890738,53.943306355925436,88.78307168750703
2025-03-09 20:17:34.512667,628.0,507.0,383.0,2544.0,1397.0,367.0,71.5604058635706,80.78401892583462,54.42704561955591,40.01551486017597,17.495917344720606,43.1188333079756,52.76814847830563,76.24515184687837,53.626391188431356,88.53565534265849
2025-03-09 20:17:34.512667,607.0,498.0,385.0,2542.0,1417.0,367.0,71.5604058635706,80.78401892583462,54.42704561955591,40.01551486017597,17.495917344720606,43.1188333079756,52.76814847830563,76.24515184687837,53.626391188431356,88.53565534265849
2025-03-09 20:17:34.512667,607.0,496.0,387.0,2543.0,1418.0,366.0,71.5604058635706,80.78401892583462,54.42704561955591,40.01551486017597,17.495917344720606,43.1188333079756,52.76814847830563,76.24515184687837,53.626391188431356,88.53565534265849
2025-03-09 20:17:34.512667,607.0,497.0,385.0,2542.0,1421.0,368.0,71.5604058635706,80.78401892583462,54.42704561955591,40.01551486017597,17.495917344720606,43.1188333079756,52.76814847830563,76.24515184687837,53.626391188431356,88.53565534265849
2025-03-09 20:17:34.521000,607.0,497.0,384.0,2541.0,1421.0,368.0,71.79167782100622,80.71543816936594,54.06962076702858,39.99304344487732,17.491355029559248,43.08583266469645,53.16432870869866,76.31451718585556,53.32246197346446,88.27449990084153
2025-03-09 20:17:34.521000,597.0,496.0,375.0,2540.0,1421.0,368.0,71.79167782100622,80.71543816936594,54.06962076702858,39.99304344487732,17.491355029559248,43.08583266469645,53.16432870869866,76.31451718585556,53.32246197346446,88.27449990084153
2025-03-09 20:17:34.521000,602.0,492.0,374.0,2539.0,1424.0,366.0,71.79167782100622,80.71543816936594,54.06962076702858,39.99304344487732,17.491355029559248,43.08583266469645,53.16432870869866,76.31451718585556,53.32246197346446,88.27449990084153
2025-03-09 20:17:34.529333,598.0,495.0,377.0,2543.0,1425.0,366.0,72.00497166967601,80.64519942120148,53.72282738854433,39.97573235204138,17.482280459237973,43.05707869653297,53.53489577467867,76.37395329071411,53.03156647661656,87.9986600743326
2025-03-09 20:17:34.529333,597.0,493.0,383.0,2539.0,1426.0,367.0,72.00497166967601,80.64519942120148,53.72282738854433,39.97573235204138,17.482280459237973,43.05707869653297,53.53489577467867,76.37395329071411,53.03156647661656,87.9986600743326
2025-03-09 20:17:34.529333,578.0,493.0,371.0,2541.0,1439.0,363.0,72.00497166967601,80.64519942120148,53.72282738854433,39.97573235204138,17.482280459237973,43.05707869653297,53.53489577467867,76.37395329071411,53.03156647661656,87.9986600743326
2025-03-09 20:17:34.529333,576.0,493.0,369.0,2544.0,1442.0,367.0,72.00497166967601,80.64519942120148,53.72282738854433,39.97573235204138,17.482280459237973,43.05707869653297,53.53489577467867,76.37395329071411,53.03156647661656,87.9986600743326
2025-03-09 20:17:34.537667,572.0,502.0,368.0,2539.0,1441.0,365.0,72.19805976274749,80.57315506675212,53.38641047841419,39.96244255814906,17.46867591710133,43.03141264090032,53.87936988039107,76.42286918869254,52.75481309191222,87.70689859108967
2025-03-09 20:17:34.537667,575.0,494.0,368.0,2534.0,1446.0,364.0,72.19805976274749,80.57315506675212,53.38641047841419,39.96244255814906,17.46867591710133,43.03141264090032,53.87936988039107,76.42286918869254,52.75481309191222,87.70689859108967
2025-03-09 20:17:34.537667,575.0,497.0,367.0,2541.0,1451.0,363.0,72.19805976274749,80.57315506675212,53.38641047841419,39.96244255814906,17.46867591710133,43.03141264090032,53.87936988039107,76.42286918869254,52.75481309191222,87.70689859108967
2025-03-09 20:17:34.546000,572.0,495.0,368.0,2539.0,1450.0,363.0,72.36727451030534,80.4992963060045,53.06135973253225,39.95158122554789,17.45052849370317,43.00718682492517,54.19591752961656,76.46053679381,52.49457282001835,87.3992317578775
2025-03-09 20:17:34.546000,574.0,494.0,368.0,2537.0,1456.0,365.0,72.36727451030534,80.4992963060045,53.06135973253225,39.95158122554789,17.45052849370317,43.00718682492517,54.19591752961656,76.46053679381,52.49457282001835,87.3992317578775
2025-03-09 20:17:34.546000,560.0,498.0,366.0,2543.0,1472.0,363.0,72.36727451030534,80.4992963060045,53.06135973253225,39.95158122554789,17.45052849370317,43.00718682492517,54.19591752961656,76.46053679381,52.49457282001835,87.3992317578775
2025-03-09 20:17:34.546000,555.0,494.0,363.0,2543.0,1473.0,365.0,72.36727451030534,80.4992963060045,53.06135973253225,39.95158122554789,17.45052849370317,43.00718682492517,54.19591752961656,76.46053679381,52.49457282001835,87.3992317578775
2025-03-09 20:17:34.554333,557.0,496.0,368.0,2544.0,1477.0,366.0,72.50889032635135,80.42345440698529,52.748721262270195,39.94130409074218,17.428744268134214,42.98279546600293,54.483298099932476,76.48603795650627,52.25254978085153,87.07685018211984
2025-03-09 20:17:34.554333,552.0,496.0,369.0,2543.0,1476.0,364.0,72.50889032635135,80.42345440698529,52.748721262270195,39.94130409074218,17.428744268134214,42.98279546600293,54.483298099932476,76.48603795650627,52.25254978085153,87.07685018211984
2025-03-09 20:17:34.554333,553.0,491.0,365.0,2539.0,1477.0,366.0,72.50889032635135,80.42345440698529,52.748721262270195,39.94130409074218,17.428744268134214,42.98279546600293,54.483298099932476,76.48603795650627,52.25254978085153,87.07685018211984
2025-03-09 20:17:34.554333,547.0,495.0,369.0,2542.0,1478.0,365.0,72.50889032635135,80.42345440698529,52.748721262270195,39.94130409074218,17.428744268134214,42.98279546600293,54.483298099932476,76.48603795650627,52.25254978085153,87.07685018211984
2025-03-09 20:17:34.562667,547.0,493.0,367.0,2543.0,1484.0,363.0,72.62013271868172,80.3444743999438,52.44864912190813,39.92902159718161,17.404682640045888,42.95603485535391,54.74184743597318,76.49826693021504,52.027943140983616,86.74092950559188
2025-03-09 20:17:34.562667,549.0,496.0,366.0,2541.0,1486.0,366.0,72.62013271868172,80.3444743999438,52.44864912190813,39.92902159718161,17.404682640045888,42.95603485535391,54.74184743597318,76.49826693021504,52.027943140983616,86.74092950559188
2025-03-09 20:17:34.562667,539.0,491.0,378.0,2540.0,1497.0,367.0,72.62013271868172,80.3444743999438,52.44864912190813,39.92902159718161,17.404682640045888,42.95603485535391,54.74184743597318,76.49826693021504,52.027943140983616,86.74092950559188
2025-03-09 20:17:34.571000,538.0,496.0,371.0,2539.0,1494.0,365.0,72.69809490876536,80.260236100018,52.16051482869049,39.910690255028385,17.379749080361655,42.923451477530385,54.972401027111985,76.49521226549487,51.817662503558054,86.39312510424095
2025-03-09 20:17:34.571000,533.0,487.0,374.0,2541.0,1499.0,362.0,72.69809490876536,80.260236100018,52.16051482869049,39.910690255028385,17.379749080361655,42.923451477530385,54.972401027111985,76.49521226549487,51.817662503558054,86.39312510424095
2025-03-09 20:17:34.571000,532.0,493.0,377.0,2538.0,1500.0,363.0,72.69809490876536,80.260236100018,52.16051482869049,39.910690255028385,17.379749080361655,42.923451477530385,54.972401027111985,76.49521226549487,51.817662503558054,86.39312510424095
2025-03-09 20:17:34.571000,539.0,495.0,375.0,2542.0,1502.0,362.0,72.69809490876536,80.260236100018,52.16051482869049,39.910690255028385,17.379749080361655,42.923451477530385,54.972401027111985,76.49521226549487,51.817662503558054,86.39312510424095
2025-03-09 20:17:34.579333,534.0,496.0,374.0,2541.0,1503.0,366.0,72.74100953265234,80.16952657445083,51.88442210332295,39.882886112507165,17.35489106781067,42.8822694754952,55.17502198220264,76.47509832854087,51.619259918235635,86.03681971600693
2025-03-09 20:17:34.579333,535.0,496.0,378.0,2539.0,1502.0,365.0,72.74100953265234,80.16952657445083,51.88442210332295,39.882886112507165,17.35489106781067,42.8822694754952,55.17502198220264,76.47509832854087,51.619259918235635,86.03681971600693
2025-03-09 20:17:34.579333,533.0,493.0,373.0,2542.0,1503.0,363.0,72.74100953265234,80.16952657445083,51.88442210332295,39.882886112507165,17.35489106781067,42.8822694754952,55.17502198220264,76.47509832854087,51.619259918235635,86.03681971600693
2025-03-09 20:17:34.587667,526.0,493.0,372.0,2543.0,1519.0,362.0,72.74864853808192,80.07237179295626,51.62192947859022,39.84613133216131,17.328997226278954,42.832556040402785,55.347715419069665,76.43807723739167,51.4349013690813,85.67673381519357
2025-03-09 20:17:34.587667,525.0,490.0,370.0,2542.0,1520.0,361.0,72.74864853808192,80.07237179295626,51.62192947859022,39.84613133216131,17.328997226278954,42.832556040402785,55.347715419069665,76.43807723739167,51.4349013690813,85.67673381519357
2025-03-09 20:17:34.587667,526.0,494.0,368.0,2539.0,1519.0,362.0,72.74864853808192,80.07237179295626,51.62192947859022,39.84613133216131,17.328997226278954,42.832556040402785,55.347715419069665,76.43807723739167,51.4349013690813,85.67673381519357
2025-03-09 20:17:34.587667,525.0,490.0,368.0,2539.0,1519.0,360.0,72.74864853808192,80.07237179295626,51.62192947859022,39.84613133216131,17.328997226278954,42.832556040402785,55.347715419069665,76.43807723739167,51.4349013690813,85.67673381519357
2025-03-09 20:17:34.596000,526.0,496.0,368.0,2538.0,1520.0,362.0,72.72174817668898,79.96866744598528,51.374448285777234,39.8023111989444,17.299793783642585,42.77498569968941,55.48867323859435,76.38558153570601,51.26785442520525,85.31664610914348
2025-03-09 20:17:34.596000,511.0,493.0,367.0,2538.0,1519.0,360.0,72.72174817668898,79.96866744598528,51.374448285777234,39.8023111989444,17.299793783642585,42.77498569968941,55.48867323859435,76.38558153570601,51.26785442520525,85.31664610914348
2025-03-09 20:17:34.596000,511.0,494.0,370.0,2539.0,1518.0,359.0,72.72174817668898,79.96866744598528,51.374448285777234,39.8023111989444,17.299793783642585,42.77498569968941,55.48867323859435,76.38558153570601,51.26785442520525,85.31664610914348
2025-03-09 20:17:34.604333,511.0,493.0,363.0,2539.0,1526.0,362.0,72.66236275603407,79.85771087726609,51.14302384891778,39.753446965660665,17.267015128972567,42.71105547092304,55.598132502607776,76.3186526827681,51.11860674452543,84.9592678093707
2025-03-09 20:17:34.604333,511.0,491.0,368.0,2539.0,1526.0,359.0,72.66236275603407,79.85771087726609,51.14302384891778,39.753446965660665,17.267015128972567,42.71105547092304,55.598132502607776,76.3186526827681,51.11860674452543,84.9592678093707
2025-03-09 20:17:34.604333,511.0,495.0,368.0,2542.0,1527.0,357.0,72.66236275603407,79.85771087726609,51.14302384891778,39.753446965660665,17.267015128972567,42.71105547092304,55.598132502607776,76.3186526827681,51.11860674452543,84.9592678093707
2025-03-09 20:17:34.604333,511.0,490.0,368.0,2539.0,1525.0,358.0,72.66236275603407,79.85771087726609,51.14302384891778,39.753446965660665,17.267015128972567,42.71105547092304,55.598132502607776,76.3186526827681,51.11860674452543,84.9592678093707
2025-03-09 20:17:34.612667,511.0,489.0,362.0,2539.0,1526.0,358.0,72.57438265321424,79.74043923694498,50.929759247489464,39.70225059837215,17.23108304453015,42.643253371618854,55.677037848118296,76.23963292521566,50.98828794104548,84.60874014290914
2025-03-09 20:17:34.612667,509.0,496.0,368.0,2539.0,1526.0,359.0,72.57438265321424,79.74043923694498,50.929759247489464,39.70225059837215,17.23108304453015,42.643253371618854,55.677037848118296,76.23963292521566,50.98828794104548,84.60874014290914
2025-03-09 20:17:34.612667,511.0,494.0,363.0,2537.0,1527.0,360.0,72.57438265321424,79.74043923694498,50.929759247489464,39.70225059837215,17.23108304453015,42.643253371618854,55.677037848118296,76.23963292521566,50.98828794104548,84.60874014290914
2025-03-09 20:17:34.621000,510.0,491.0,368.0,2541.0,1529.0,357.0,72.46187003829118,79.62057297368746,50.73605750762131,39.64797100329347,17.191146569244765,42.57058427547924,55.72765532806189,76.15299687694728,50.87888047715052,84.27078401134806
2025-03-09 20:17:34.621000,506.0,491.0,376.0,2535.0,1525.0,356.0,72.46187003829118,79.62057297368746,50.73605750762131,39.64797100329347,17.191146569244765,42.57058427547924,55.72765532806189,76.15299687694728,50.87888047715052,84.27078401134806
2025-03-09 20:17:34.621000,506.0,489.0,368.0,2535.0,1525.0,357.0,72.46187003829118,79.62057297368746,50.73605750762131,39.64797100329347,17.191146569244765,42.57058427547924,55.72765532806189,76.15299687694728,50.87888047715052,84.27078401134806
2025-03-09 20:17:34.621000,505.0,491.0,372.0,2539.0,1523.0,356.0,72.46187003829118,79.62057297368746,50.73605750762131,39.64797100329347,17.191146569244765,42.57058427547924,55.72765532806189,76.15299687694728,50.87888047715052,84.27078401134806
2025-03-09 20:17:34.629333,504.0,491.0,365.0,2532.0,1525.0,355.0,72.32825621054279,79.50126523047173,50.56063746425634,39.58762978957701,17.146846905534378,42.490295566927585,55.75423190097676,76.06219801403154,50.789373504418435,83.94987993387885
2025-03-09 20:17:34.629333,505.0,490.0,372.0,2538.0,1523.0,355.0,72.32825621054279,79.50126523047173,50.56063746425634,39.58762978957701,17.146846905534378,42.490295566927585,55.75423190097676,76.06219801403154,50.789373504418435,83.94987993387885
2025-03-09 20:17:34.629333,509.0,493.0,368.0,2539.0,1527.0,355.0,72.32825621054279,79.50126523047173,50.56063746425634,39.58762978957701,17.146846905534378,42.490295566927585,55.75423190097676,76.06219801403154,50.789373504418435,83.94987993387885
2025-03-09 20:17:34.629333,500.0,486.0,368.0,2537.0,1525.0,355.0,72.32825621054279,79.50126523047173,50.56063746425634,39.58762978957701,17.146846905534378,42.490295566927585,55.75423190097676,76.06219801403154,50.789373504418435,83.94987993387885
2025-03-09 20:17:34.637667,503.0,491.0,407.0,2532.0,1521.0,351.0,72.1770299272637,79.38442859600664,50.401167126207405,39.51914722058147,17.097734910559865,42.400447892251115,55.761041147930385,75.96972421780504,50.71761115553647,83.6496678347046
2025-03-09 20:17:34.637667,503.0,487.0,410.0,2535.0,1518.0,351.0,72.1770299272637,79.38442859600664,50.401167126207405,39.51914722058147,17.097734910559865,42.400447892251115,55.761041147930385,75.96972421780504,50.71761115553647,83.6496678347046
2025-03-09 20:17:34.637667,499.0,489.0,400.0,2535.0,1520.0,349.0,72.1770299272637,79.38442859600664,50.401167126207405,39.51914722058147,17.097734910559865,42.400447892251115,55.761041147930385,75.96972421780504,50.71761115553647,83.6496678347046
2025-03-09 20:17:34.646000,502.0,489.0,389.0,2534.0,1520.0,350.0,72.01049178910901,79.27068304481868,50.256175811757664,39.44245714281866,17.042928421371723,42.30074090466445,55.75001536978063,75.87689381138584,50.66271633913208,83.37258066444267
2025-03-09 20:17:34.646000,501.0,489.0,384.0,2538.0,1520.0,351.0,72.01049178910901,79.27068304481868,50.256175811757664,39.44245714281866,17.042928421371723,42.30074090466445,55.75001536978063,75.87689381138584,50.66271633913208,83.37258066444267
2025-03-09 20:17:34.646000,501.0,490.0,389.0,2539.0,1519.0,352.0,72.01049178910901,79.27068304481868,50.256175811757664,39.44245714281866,17.042928421371723,42.30074090466445,55.75001536978063,75.87689381138584,50.66271633913208,83.37258066444267
2025-03-09 20:17:34.646000,501.0,490.0,389.0,2540.0,1519.0,351.0,72.01049178910901,79.27068304481868,50.256175811757664,39.44245714281866,17.042928421371723,42.30074090466445,55.75001536978063,75.87689381138584,50.66271633913208,83.37258066444267
2025-03-09 20:17:34.654333,501.0,491.0,393.0,2535.0,1520.0,346.0,71.83062464701469,79.16083487003894,50.12625886574521,39.35797573998546,16.984535127008563,42.19210342994964,55.723752453654505,75.78516392788637,50.6237610613727,83.12079599066482
2025-03-09 20:17:34.654333,500.0,494.0,418.0,2530.0,1520.0,342.0,71.83062464701469,79.16083487003894,50.12625886574521,39.35797573998546,16.984535127008563,42.19210342994964,55.723752453654505,75.78516392788637,50.6237610613727,83.12079599066482
2025-03-09 20:17:34.654333,497.0,490.0,420.0,2533.0,1509.0,342.0,71.83062464701469,79.16083487003894,50.12625886574521,39.35797573998546,16.984535127008563,42.19210342994964,55.723752453654505,75.78516392788637,50.6237610613727,83.12079599066482
2025-03-09 20:17:34.662667,500.0,495.0,407.0,2532.0,1510.0,341.0,71.6415736926645,79.05844500225125,50.01539702451744,39.265430652352045,16.927899979687115,42.07599402595051,55.686467502147806,75.69787387353327,50.5998218004692,82.89858264300915
2025-03-09 20:17:34.662667,497.0,491.0,411.0,2530.0,1513.0,339.0,71.6415736926645,79.05844500225125,50.01539702451744,39.265430652352045,16.927899979687115,42.07599402595051,55.686467502147806,75.69787387353327,50.5998218004692,82.89858264300915
2025-03-09 20:17:34.662667,498.0,491.0,415.0,2532.0,1511.0,342.0,71.6415736926645,79.05844500225125,50.01539702451744,39.265430652352045,16.927899979687115,42.07599402595051,55.686467502147806,75.69787387353327,50.5998218004692,82.89858264300915
2025-03-09 20:17:34.662667,498.0,485.0,432.0,2533.0,1511.0,337.0,71.6415736926645,79.05844500225125,50.01539702451744,39.265430652352045,16.927899979687115,42.07599402595051,55.686467502147806,75.69787387353327,50.5998218004692,82.89858264300915
2025-03-09 20:17:34.671000,502.0,494.0,434.0,2531.0,1510.0,338.0,71.44771042526445,78.96804344063437,49.92894123341003,39.16836251613202,16.875424641715703,41.95655518631894,55.638504702980384,75.61891318636782,50.59514312644935,82.71066900967514
2025-03-09 20:17:34.671000,499.0,494.0,425.0,2529.0,1498.0,336.0,71.44771042526445,78.96804344063437,49.92894123341003,39.16836251613202,16.875424641715703,41.95655518631894,55.638504702980384,75.61891318636782,50.59514312644935,82.71066900967514
2025-03-09 20:17:34.671000,500.0,491.0,423.0,2525.0,1495.0,336.0,71.44771042526445,78.96804344063437,49.92894123341003,39.16836251613202,16.875424641715703,41.95655518631894,55.638504702980384,75.61891318636782,50.59514312644935,82.71066900967514
2025-03-09 20:17:34.679333,499.0,496.0,420.0,2526.0,1497.0,331.0,71.2518905576957,78.89241990274043,49.87065781266681,39.07139793593618,16.827738872231684,41.83871958515834,55.577623760600694,75.54936252091366,50.61372814298226,82.56000447147746
2025-03-09 20:17:34.679333,498.0,493.0,431.0,2530.0,1497.0,334.0,71.2518905576957,78.89241990274043,49.87065781266681,39.07139793593618,16.827738872231684,41.83871958515834,55.577623760600694,75.54936252091366,50.61372814298226,82.56000447147746
2025-03-09 20:17:34.679333,502.0,491.0,427.0,2530.0,1493.0,335.0,71.2518905576957,78.89241990274043,49.87065781266681,39.07139793593618,16.827738872231684,41.83871958515834,55.577623760600694,75.54936252091366,50.61372814298226,82.56000447147746
2025-03-09 20:17:34.679333,499.0,493.0,431.0,2526.0,1493.0,333.0,71.2518905576957,78.89241990274043,49.87065781266681,39.07139793593618,16.827738872231684,41.83871958515834,55.577623760600694,75.54936252091366,50.61372814298226,82.56000447147746
2025-03-09 20:17:34.687667,499.0,496.0,429.0,2528.0,1490.0,336.0,71.05620157346574,78.83177129040517,49.84024438558801,38.97314094488322,16.787211347824666,41.72274014035154,55.505308434042895,75.4872143410684,50.65059758327757,82.44707934796887
2025-03-09 20:17:34.687667,499.0,493.0,427.0,2529.0,1489.0,333.0,71.05620157346574,78.83177129040517,49.84024438558801,38.97314094488322,16.787211347824666,41.72274014035154,55.505308434042895,75.4872143410684,50.65059758327757,82.44707934796887
2025-03-09 20:17:34.687667,501.0,497.0,370.0,2523.0,1483.0,329.0,71.05620157346574,78.83177129040517,49.84024438558801,38.97314094488322,16.787211347824666,41.72274014035154,55.505308434042895,75.4872143410684,50.65059758327757,82.44707934796887
2025-03-09 20:17:34.687667,503.0,496.0,371.0,2525.0,1479.0,324.0,71.05620157346574,78.83177129040517,49.84024438558801,38.97314094488322,16.787211347824666,41.72274014035154,55.505308434042895,75.4872143410684,50.65059758327757,82.44707934796887
2025-03-09 20:17:34.696000,506.0,496.0,368.0,2523.0,1479.0,325.0,70.86223971826621,78.78373263060215,49.83530248113643,38.8724125764399,16.754688076111297,41.608619679651575,55.422304911265044,75.42856038449513,50.698601972428506,82.37006340191023
2025-03-09 20:17:34.696000,503.0,496.0,363.0,2531.0,1481.0,326.0,70.86223971826621,78.78373263060215,49.83530248113643,38.8724125764399,16.754688076111297,41.608619679651575,55.422304911265044,75.42856038449513,50.698601972428506,82.37006340191023
2025-03-09 20:17:34.696000,509.0,496.0,368.0,2521.0,1482.0,322.0,70.86223971826621,78.78373263060215,49.83530248113643,38.8724125764399,16.754688076111297,41.608619679651575,55.422304911265044,75.42856038449513,50.698601972428506,82.37006340191023
2025-03-09 20:17:34.696000,508.0,496.0,360.0,2523.0,1474.0,326.0,70.86223971826621,78.78373263060215,49.83530248113643,38.8724125764399,16.754688076111297,41.608619679651575,55.422304911265044,75.42856038449513,50.698601972428506,82.37006340191023
2025-03-09 20:17:34.704333,509.0,494.0,365.0,2522.0,1474.0,325.0,70.67215533167074,78.74655950508583,49.85502422667735,38.771536002059484,16.72987658806372,41.49912577545093,55.327235990420164,75.37049657807158,50.75447843423013,82.32763331388054
2025-03-09 20:17:34.704333,511.0,496.0,404.0,2523.0,1457.0,318.0,70.67215533167074,78.74655950508583,49.85502422667735,38.771536002059484,16.72987658806372,41.49912577545093,55.327235990420164,75.37049657807158,50.75447843423013,82.32763331388054
2025-03-09 20:17:34.704333,511.0,493.0,391.0,2521.0,1456.0,319.0,70.67215533167074,78.74655950508583,49.85502422667735,38.771536002059484,16.72987658806372,41.49912577545093,55.327235990420164,75.37049657807158,50.75447843423013,82.32763331388054
2025-03-09 20:17:34.712667,510.0,494.0,370.0,2523.0,1455.0,319.0,70.48744555449551,78.71787247105642,49.8985742444818,38.674462961052754,16.71210018864579,41.39802655279379,55.218374308872775,75.31065965159242,50.81661870823486,82.31824693879143
2025-03-09 20:17:34.712667,511.0,500.0,369.0,2522.0,1450.0,317.0,70.48744555449551,78.71787247105642,49.8985742444818,38.674462961052754,16.71210018864579,41.39802655279379,55.218374308872775,75.31065965159242,50.81661870823486,82.31824693879143
2025-03-09 20:17:34.712667,511.0,496.0,374.0,2525.0,1451.0,315.0,70.48744555449551,78.71787247105642,49.8985742444818,38.674462961052754,16.71210018864579,41.39802655279379,55.218374308872775,75.31065965159242,50.81661870823486,82.31824693879143
2025-03-09 20:17:34.721000,525.0,498.0,386.0,2522.0,1447.0,315.0,70.30684250867753,78.69321343615452,49.96438819336062,38.586836662228706,16.700005600675574,41.31009417036858,55.092201166169325,75.24527195833343,50.88489245732311,82.339414479234
2025-03-09 20:17:34.721000,511.0,499.0,381.0,2525.0,1443.0,315.0,70.30684250867753,78.69321343615452,49.96438819336062,38.586836662228706,16.700005600675574,41.31009417036858,55.092201166169325,75.24527195833343,50.88489245732311,82.339414479234
2025-03-09 20:17:34.721000,511.0,498.0,379.0,2516.0,1443.0,315.0,70.30684250867753,78.69321343615452,49.96438819336062,38.586836662228706,16.700005600675574,41.31009417036858,55.092201166169325,75.24527195833343,50.88489245732311,82.339414479234
2025-03-09 20:17:34.721000,529.0,502.0,389.0,2526.0,1426.0,306.0,70.30684250867753,78.69321343615452,49.96438819336062,38.586836662228706,16.700005600675574,41.31009417036858,55.092201166169325,75.24527195833343,50.88489245732311,82.339414479234
2025-03-09 20:17:34.721000,528.0,507.0,381.0,2524.0,1423.0,307.0,70.30684250867753,78.69321343615452,49.96438819336062,38.586836662228706,16.700005600675574,41.31009417036858,55.092201166169325,75.24527195833343,50.88489245732311,82.339414479234
2025-03-09 20:17:34.729333,528.0,504.0,382.0,2515.0,1424.0,307.0,70.13029941792985,78.6694701417781,50.050300404301666,38.51357604575148,16.69104161103779,41.23870484136421,54.9469509924582,75.17335539518574,50.96037487996432,82.38889055769532
2025-03-09 20:17:34.729333,530.0,497.0,380.0,2517.0,1423.0,306.0,70.13029941792985,78.6694701417781,50.050300404301666,38.51357604575148,16.69104161103779,41.23870484136421,54.9469509924582,75.17335539518574,50.96037487996432,82.38889055769532
2025-03-09 20:17:34.729333,528.0,511.0,381.0,2519.0,1424.0,305.0,70.13029941792985,78.6694701417781,50.050300404301666,38.51357604575148,16.69104161103779,41.23870484136421,54.9469509924582,75.17335539518574,50.96037487996432,82.38889055769532
2025-03-09 20:17:34.737667,533.0,501.0,374.0,2519.0,1418.0,305.0,69.96005933979436,78.64625208399436,50.154877247444006,38.45523302046958,16.683881741578162,41.183630675866965,54.784365988059584,75.09670278512534,51.04212341751253,82.46552182936577
2025-03-09 20:17:34.737667,530.0,501.0,380.0,2515.0,1418.0,305.0,69.96005933979436,78.64625208399436,50.154877247444006,38.45523302046958,16.683881741578162,41.183630675866965,54.784365988059584,75.09670278512534,51.04212341751253,82.46552182936577
2025-03-09 20:17:34.737667,541.0,503.0,380.0,2515.0,1404.0,304.0,69.96005933979436,78.64625208399436,50.154877247444006,38.45523302046958,16.683881741578162,41.183630675866965,54.784365988059584,75.09670278512534,51.04212341751253,82.46552182936577
2025-03-09 20:17:34.746000,543.0,502.0,381.0,2518.0,1401.0,304.0,69.79684069642258,78.62373291411689,50.27715379909333,38.40764771816493,16.678604200256295,41.14071228193637,54.60753500386685,75.01711660217374,51.12716056518474,82.56819888778016
2025-03-09 20:17:34.746000,542.0,506.0,387.0,2514.0,1400.0,304.0,69.79684069642258,78.62373291411689,50.27715379909333,38.40764771816493,16.678604200256295,41.14071228193637,54.60753500386685,75.01711660217374,51.12716056518474,82.56819888778016
2025-03-09 20:17:34.746000,545.0,510.0,376.0,2518.0,1398.0,304.0,69.79684069642258,78.62373291411689,50.27715379909333,38.40764771816493,16.678604200256295,41.14071228193637,54.60753500386685,75.01711660217374,51.12716056518474,82.56819888778016
2025-03-09 20:17:34.746000,544.0,506.0,379.0,2512.0,1397.0,303.0,69.79684069642258,78.62373291411689,50.27715379909333,38.40764771816493,16.678604200256295,41.14071228193637,54.60753500386685,75.01711660217374,51.12716056518474,82.56819888778016
2025-03-09 20:17:34.754333,547.0,511.0,382.0,2519.0,1394.0,303.0,69.64150044256321,78.60225118991141,50.4145052023841,38.36530429201226,16.677037845151773,41.10512025820354,54.422302619544496,74.93622808996119,51.21035626066352,82.6943747513302
2025-03-09 20:17:34.754333,545.0,507.0,373.0,2516.0,1393.0,303.0,69.64150044256321,78.60225118991141,50.4145052023841,38.36530429201226,16.677037845151773,41.10512025820354,54.422302619544496,74.93622808996119,51.21035626066352,82.6943747513302
2025-03-09 20:17:34.754333,549.0,511.0,381.0,2515.0,1392.0,302.0,69.64150044256321,78.60225118991141,50.4145052023841,38.36530429201226,16.677037845151773,41.10512025820354,54.422302619544496,74.93622808996119,51.21035626066352,82.6943747513302
2025-03-09 20:17:34.754333,557.0,511.0,381.0,2517.0,1383.0,298.0,69.64150044256321,78.60225118991141,50.4145052023841,38.36530429201226,16.677037845151773,41.10512025820354,54.422302619544496,74.93622808996119,51.21035626066352,82.6943747513302
2025-03-09 20:17:34.762667,559.0,511.0,386.0,2517.0,1377.0,301.0,69.49630315808893,78.58262213173319,50.5632762944823,38.32612063590951,16.68079769415392,41.07513170967697,54.23503872138564,74.85627460299322,51.288380531468306,82.84147125891695
2025-03-09 20:17:34.762667,560.0,511.0,375.0,2513.0,1379.0,297.0,69.49630315808893,78.58262213173319,50.5632762944823,38.32612063590951,16.68079769415392,41.07513170967697,54.23503872138564,74.85627460299322,51.288380531468306,82.84147125891695
2025-03-09 20:17:34.762667,560.0,506.0,378.0,2519.0,1378.0,298.0,69.49630315808893,78.58262213173319,50.5632762944823,38.32612063590951,16.68079769415392,41.07513170967697,54.23503872138564,74.85627460299322,51.288380531468306,82.84147125891695
2025-03-09 20:17:34.771000,560.0,522.0,378.0,2513.0,1377.0,298.0,69.36138514217453,78.56380571852006,50.71738068472072,38.29089222701728,16.68869080318338,41.05073729207627,54.04960770291407,74.77778838198927,51.36032904057389,83.00666528484894
2025-03-09 20:17:34.771000,559.0,511.0,383.0,2519.0,1376.0,299.0,69.36138514217453,78.56380571852006,50.71738068472072,38.29089222701728,16.68869080318338,41.05073729207627,54.04960770291407,74.77778838198927,51.36032904057389,83.00666528484894
2025-03-09 20:17:34.771000,559.0,511.0,382.0,2513.0,1375.0,301.0,69.36138514217453,78.56380571852006,50.71738068472072,38.29089222701728,16.68869080318338,41.05073729207627,54.04960770291407,74.77778838198927,51.36032904057389,83.00666528484894
2025-03-09 20:17:34.771000,569.0,511.0,385.0,2513.0,1364.0,294.0,69.36138514217453,78.56380571852006,50.71738068472072,38.29089222701728,16.68869080318338,41.05073729207627,54.04960770291407,74.77778838198927,51.36032904057389,83.00666528484894
2025-03-09 20:17:34.779333,565.0,511.0,384.0,2511.0,1361.0,295.0,69.234290507493,78.54248449678009,50.867217161699244,38.261673275159445,16.696109284499283,41.031898195971955,53.86794275861189,74.69951675629147,51.42660979100781,83.18589808092932
2025-03-09 20:17:34.779333,569.0,511.0,378.0,2513.0,1360.0,298.0,69.234290507493,78.54248449678009,50.867217161699244,38.261673275159445,16.696109284499283,41.031898195971955,53.86794275861189,74.69951675629147,51.42660979100781,83.18589808092932
2025-03-09 20:17:34.779333,569.0,511.0,384.0,2514.0,1360.0,297.0,69.234290507493,78.54248449678009,50.867217161699244,38.261673275159445,16.696109284499283,41.031898195971955,53.86794275861189,74.69951675629147,51.42660979100781,83.18589808092932
2025-03-09 20:17:34.779333,569.0,511.0,386.0,2512.0,1360.0,291.0,69.234290507493,78.54248449678009,50.867217161699244,38.261673275159445,16.696109284499283,41.031898195971955,53.86794275861189,74.69951675629147,51.42660979100781,83.18589808092932
2025-03-09 20:17:34.787667,571.0,511.0,385.0,2512.0,1360.0,294.0,69.1136680524877,78.51710322235489,51.00832489311688,38.23990861758316,16.701014567348686,41.01924773421987,53.69031276131296,74.6201547182792,51.48759560299693,83.37722838988375
2025-03-09 20:17:34.787667,570.0,511.0,389.0,2512.0,1360.0,293.0,69.1136680524877,78.51710322235489,51.00832489311688,38.23990861758316,16.701014567348686,41.01924773421987,53.69031276131296,74.6201547182792,51.48759560299693,83.37722838988375
2025-03-09 20:17:34.787667,569.0,511.0,383.0,2512.0,1359.0,295.0,69.1136680524877,78.51710322235489,51.00832489311688,38.23990861758316,16.701014567348686,41.01924773421987,53.69031276131296,74.6201547182792,51.48759560299693,83.37722838988375
2025-03-09 20:17:34.796000,578.0,522.0,383.0,2512.0,1344.0,293.0,68.999558240092,78.48868323526584,51.14188957959444,38.22534375852698,16.704318605766005,41.01308419633567,53.51626552364512,74.53947948605364,51.54369371002386,83.58017753920846
2025-03-09 20:17:34.796000,574.0,511.0,383.0,2514.0,1346.0,294.0,68.999558240092,78.48868323526584,51.14188957959444,38.22534375852698,16.704318605766005,41.01308419633567,53.51626552364512,74.53947948605364,51.54369371002386,83.58017753920846
2025-03-09 20:17:34.796000,578.0,511.0,388.0,2512.0,1346.0,294.0,68.999558240092,78.48868323526584,51.14188957959444,38.22534375852698,16.704318605766005,41.01308419633567,53.51626552364512,74.53947948605364,51.54369371002386,83.58017753920846
2025-03-09 20:17:34.796000,577.0,511.0,387.0,2512.0,1348.0,292.0,68.999558240092,78.48868323526584,51.14188957959444,38.22534375852698,16.704318605766005,41.01308419633567,53.51626552364512,74.53947948605364,51.54369371002386,83.58017753920846
2025-03-09 20:17:34.804333,577.0,511.0,390.0,2512.0,1344.0,293.0,68.89074223499658,78.4586639924626,51.26937111930197,38.21725037173741,16.706029845885425,41.01284110497216,53.344547632976514,74.45779072288897,51.59706559440949,83.79262725412875
2025-03-09 20:17:34.804333,582.0,511.0,383.0,2518.0,1348.0,292.0,68.89074223499658,78.4586639924626,51.26937111930197,38.21725037173741,16.706029845885425,41.01284110497216,53.344547632976514,74.45779072288897,51.59706559440949,83.79262725412875
2025-03-09 20:17:34.804333,581.0,511.0,386.0,2513.0,1344.0,292.0,68.89074223499658,78.4586639924626,51.26937111930197,38.21725037173741,16.706029845885425,41.01284110497216,53.344547632976514,74.45779072288897,51.59706559440949,83.79262725412875
2025-03-09 20:17:34.812667,590.0,511.0,386.0,2512.0,1339.0,290.0,68.78491516760903,78.42799233085599,51.39287061415046,38.214721619987046,16.705242014400326,41.01734537626538,53.17255375180477,74.37533761934486,51.65079457201919,84.01219527242124
2025-03-09 20:17:34.812667,587.0,511.0,388.0,2512.0,1339.0,291.0,68.78491516760903,78.42799233085599,51.39287061415046,38.214721619987046,16.705242014400326,41.01734537626538,53.17255375180477,74.37533761934486,51.65079457201919,84.01219527242124
2025-03-09 20:17:34.812667,589.0,511.0,385.0,2512.0,1334.0,291.0,68.78491516760903,78.42799233085599,51.39287061415046,38.214721619987046,16.705242014400326,41.01734537626538,53.17255375180477,74.37533761934486,51.65079457201919,84.01219527242124
2025-03-09 20:17:34.812667,587.0,524.0,387.0,2507.0,1333.0,293.0,68.78491516760903,78.42799233085599,51.39287061415046,38.214721619987046,16.705242014400326,41.01734537626538,53.17255375180477,74.37533761934486,51.65079457201919,84.01219527242124
2025-03-09 20:17:34.821000,590.0,511.0,390.0,2511.0,1331.0,292.0,68.67990091736159,78.39633604724928,51.51480408041852,38.21706590076521,16.701105265698185,41.02533202354732,52.9978362980594,74.29249942255501,51.707103116384836,84.23724129386034
2025-03-09 20:17:34.821000,587.0,511.0,386.0,2512.0,1328.0,295.0,68.67990091736159,78.39633604724928,51.51480408041852,38.21706590076521,16.701105265698185,41.02533202354732,52.9978362980594,74.29249942255501,51.707103116384836,84.23724129386034
2025-03-09 20:17:34.821000,591.0,511.0,389.0,2512.0,1329.0,293.0,68.67990091736159,78.39633604724928,51.51480408041852,38.21706590076521,16.701105265698185,41.02533202354732,52.9978362980594,74.29249942255501,51.707103116384836,84.23724129386034
2025-03-09 20:17:34.821000,592.0,511.0,390.0,2512.0,1327.0,293.0,68.67990091736159,78.39633604724928,51.51480408041852,38.21706590076521,16.701105265698185,41.02533202354732,52.9978362980594,74.29249942255501,51.707103116384836,84.23724129386034
2025-03-09 20:17:34.829333,592.0,511.0,393.0,2510.0,1325.0,289.0,68.5737920655263,78.36348634007122,51.638250188143935,38.22402571785947,16.693714013858422,41.03634630559608,52.81787315457831,74.20930143289479,51.76790597420499,84.46668099387439
2025-03-09 20:17:34.829333,592.0,506.0,384.0,2512.0,1319.0,293.0,68.5737920655263,78.36348634007122,51.638250188143935,38.22402571785947,16.693714013858422,41.03634630559608,52.81787315457831,74.20930143289479,51.76790597420499,84.46668099387439
2025-03-09 20:17:34.829333,590.0,511.0,397.0,2508.0,1315.0,290.0,68.5737920655263,78.36348634007122,51.638250188143935,38.22402571785947,16.693714013858422,41.03634630559608,52.81787315457831,74.20930143289479,51.76790597420499,84.46668099387439
2025-03-09 20:17:34.837667,594.0,509.0,386.0,2511.0,1317.0,295.0,68.46479765948955,78.32960615377435,51.766808209261924,38.236296201493666,16.683696866412465,41.05101678095086,52.62994177771212,74.12582276579379,51.835822676196734,84.69894496418378
2025-03-09 20:17:34.837667,592.0,511.0,397.0,2511.0,1319.0,291.0,68.46479765948955,78.32960615377435,51.766808209261924,38.236296201493666,16.683696866412465,41.05101678095086,52.62994177771212,74.12582276579379,51.835822676196734,84.69894496418378
2025-03-09 20:17:34.837667,592.0,524.0,386.0,2511.0,1315.0,289.0,68.46479765948955,78.32960615377435,51.766808209261924,38.236296201493666,16.683696866412465,41.05101678095086,52.62994177771212,74.12582276579379,51.835822676196734,84.69894496418378
2025-03-09 20:17:34.837667,592.0,511.0,384.0,2513.0,1318.0,294.0,68.46479765948955,78.32960615377435,51.766808209261924,38.236296201493666,16.683696866412465,41.05101678095086,52.62994177771212,74.12582276579379,51.835822676196734,84.69894496418378
2025-03-09 20:17:34.846000,592.0,511.0,385.0,2512.0,1310.0,291.0,68.35112140092983,78.29414732235846,51.90191681984995,38.25376737620274,16.67200956396068,41.069374181330105,52.43295870261875,74.04146482395211,51.9113969232535,84.93176774651127
2025-03-09 20:17:34.846000,592.0,511.0,385.0,2512.0,1309.0,290.0,68.35112140092983,78.29414732235846,51.90191681984995,38.25376737620274,16.67200956396068,41.069374181330105,52.43295870261875,74.04146482395211,51.9113969232535,84.93176774651127
2025-03-09 20:17:34.846000,591.0,523.0,384.0,2510.0,1307.0,292.0,68.35112140092983,78.29414732235846,51.90191681984995,38.25376737620274,16.67200956396068,41.069374181330105,52.43295870261875,74.04146482395211,51.9113969232535,84.93176774651127
2025-03-09 20:17:34.854333,591.0,511.0,389.0,2513.0,1307.0,291.0,68.23076627313405,78.25722649045103,52.04202286513541,38.27331631557654,16.658614447089963,41.088346500127464,52.228382818782,73.95646075353503,51.99393189018038,85.16334250796898
2025-03-09 20:17:34.854333,591.0,510.0,383.0,2509.0,1310.0,288.0,68.23076627313405,78.25722649045103,52.04202286513541,38.27331631557654,16.658614447089963,41.088346500127464,52.228382818782,73.95646075353503,51.99393189018038,85.16334250796898
2025-03-09 20:17:34.854333,592.0,525.0,385.0,2508.0,1305.0,290.0,68.23076627313405,78.25722649045103,52.04202286513541,38.27331631557654,16.658614447089963,41.088346500127464,52.228382818782,73.95646075353503,51.99393189018038,85.16334250796898
2025-03-09 20:17:34.854333,592.0,511.0,383.0,2512.0,1308.0,286.0,68.23076627313405,78.25722649045103,52.04202286513541,38.27331631557654,16.658614447089963,41.088346500127464,52.228382818782,73.95646075353503,51.99393189018038,85.16334250796898
2025-03-09 20:17:34.862667,590.0,511.0,384.0,2511.0,1305.0,290.0,68.10268813557441,78.21997106124246,52.18586039827494,38.291984914261334,16.644039936384708,41.10536616834155,52.0182137187839,73.87144713313594,52.08279678446197,85.39266830628539
2025-03-09 20:17:34.862667,591.0,511.0,387.0,2511.0,1297.0,288.0,68.10268813557441,78.21997106124246,52.18586039827494,38.291984914261334,16.644039936384708,41.10536616834155,52.0182137187839,73.87144713313594,52.08279678446197,85.39266830628539
2025-03-09 20:17:34.862667,591.0,511.0,387.0,2515.0,1296.0,289.0,68.10268813557441,78.21997106124246,52.18586039827494,38.291984914261334,16.644039936384708,41.10536616834155,52.0182137187839,73.87144713313594,52.08279678446197,85.39266830628539
2025-03-09 20:17:34.871000,589.0,510.0,381.0,2511.0,1296.0,288.0,67.96760743224462,78.18315291725617,52.333079401796674,38.309585409201965,16.627909546073067,41.120122962050125,51.80322983432411,73.78744976586442,52.17834456335334,85.61890173503255
2025-03-09 20:17:34.871000,588.0,511.0,389.0,2512.0,1296.0,292.0,67.96760743224462,78.18315291725617,52.333079401796674,38.309585409201965,16.627909546073067,41.120122962050125,51.80322983432411,73.78744976586442,52.17834456335334,85.61890173503255
2025-03-09 20:17:34.871000,592.0,526.0,390.0,2512.0,1296.0,289.0,67.96760743224462,78.18315291725617,52.333079401796674,38.309585409201965,16.627909546073067,41.120122962050125,51.80322983432411,73.78744976586442,52.17834456335334,85.61890173503255
2025-03-09 20:17:34.871000,588.0,511.0,383.0,2513.0,1296.0,291.0,67.96760743224462,78.18315291725617,52.333079401796674,38.309585409201965,16.627909546073067,41.120122962050125,51.80322983432411,73.78744976586442,52.17834456335334,85.61890173503255
2025-03-09 20:17:34.879333,590.0,510.0,384.0,2513.0,1296.0,289.0,67.82657338885356,78.1464513263596,52.48293384297176,38.326550435555255,16.610137161456738,41.133378740811736,51.58322520873741,73.7033106263148,52.27901837083754,85.84065278458452
2025-03-09 20:17:34.879333,591.0,511.0,384.0,2513.0,1291.0,290.0,67.82657338885356,78.1464513263596,52.48293384297176,38.326550435555255,16.610137161456738,41.133378740811736,51.58322520873741,73.7033106263148,52.27901837083754,85.84065278458452
2025-03-09 20:17:34.879333,587.0,507.0,390.0,2514.0,1291.0,287.0,67.82657338885356,78.1464513263596,52.48293384297176,38.326550435555255,16.610137161456738,41.133378740811736,51.58322520873741,73.7033106263148,52.27901837083754,85.84065278458452
2025-03-09 20:17:34.887667,587.0,510.0,389.0,2512.0,1291.0,292.0,67.68030774261806,78.10925448159469,52.63572963816897,38.34405361249224,16.59084931592749,41.14700065125851,51.35593805376955,73.61623708092388,52.3831739503734,86.0565872559116
2025-03-09 20:17:34.887667,590.0,508.0,393.0,2514.0,1289.0,292.0,67.68030774261806,78.10925448159469,52.63572963816897,38.34405361249224,16.59084931592749,41.14700065125851,51.35593805376955,73.61623708092388,52.3831739503734,86.0565872559116
2025-03-09 20:17:34.887667,583.0,511.0,394.0,2513.0,1287.0,289.0,67.68030774261806,78.10925448159469,52.63572963816897,38.34405361249224,16.59084931592749,41.14700065125851,51.35593805376955,73.61623708092388,52.3831739503734,86.0565872559116
2025-03-09 20:17:34.887667,590.0,507.0,384.0,2512.0,1291.0,288.0,67.68030774261806,78.10925448159469,52.63572963816897,38.34405361249224,16.59084931592749,41.14700065125851,51.35593805376955,73.61623708092388,52.3831739503734,86.0565872559116
2025-03-09 20:17:34.896000,586.0,503.0,386.0,2512.0,1285.0,290.0,67.53033617852594,78.07169363545978,52.793864262896484,38.36278263355632,16.569819141764984,41.162419413886866,51.117834968384095,73.52396432940728,52.489612687979225,86.26629823237343
2025-03-09 20:17:34.896000,587.0,509.0,384.0,2512.0,1283.0,288.0,67.53033617852594,78.07169363545978,52.793864262896484,38.36278263355632,16.569819141764984,41.162419413886866,51.117834968384095,73.52396432940728,52.489612687979225,86.26629823237343
2025-03-09 20:17:34.896000,586.0,509.0,389.0,2512.0,1279.0,291.0,67.53033617852594,78.07169363545978,52.793864262896484,38.36278263355632,16.569819141764984,41.162419413886866,51.117834968384095,73.52396432940728,52.489612687979225,86.26629823237343
2025-03-09 20:17:34.896000,586.0,509.0,393.0,2512.0,1279.0,286.0,67.53033617852594,78.07169363545978,52.793864262896484,38.36278263355632,16.569819141764984,41.162419413886866,51.117834968384095,73.52396432940728,52.489612687979225,86.26629823237343
2025-03-09 20:17:34.904333,590.0,503.0,394.0,2513.0,1277.0,287.0,67.37893669588671,78.03400657448434,52.95905516487501,38.38291327787401,16.54664751047203,41.180131661319315,50.86735673806564,73.4259867868972,52.59704648377574,86.46999717641935
2025-03-09 20:17:34.904333,592.0,508.0,391.0,2512.0,1277.0,289.0,67.37893669588671,78.03400657448434,52.95905516487501,38.38291327787401,16.54664751047203,41.180131661319315,50.86735673806564,73.4259867868972,52.59704648377574,86.46999717641935
2025-03-09 20:17:34.904333,589.0,509.0,387.0,2514.0,1278.0,290.0,67.37893669588671,78.03400657448434,52.95905516487501,38.38291327787401,16.54664751047203,41.180131661319315,50.86735673806564,73.4259867868972,52.59704648377574,86.46999717641935
2025-03-09 20:17:34.912667,588.0,510.0,389.0,2512.0,1277.0,289.0,67.22710516321311,77.99525433060163,53.132513355733835,38.405738611381786,16.520332324870214,41.20099497451413,50.60271090428696,73.32210805069325,52.705448581876986,86.66814353513001
2025-03-09 20:17:34.912667,592.0,511.0,386.0,2511.0,1277.0,287.0,67.22710516321311,77.99525433060163,53.132513355733835,38.405738611381786,16.520332324870214,41.20099497451413,50.60271090428696,73.32210805069325,52.705448581876986,86.66814353513001
2025-03-09 20:17:34.912667,586.0,504.0,389.0,2512.0,1271.0,286.0,67.22710516321311,77.99525433060163,53.132513355733835,38.405738611381786,16.520332324870214,41.20099497451413,50.60271090428696,73.32210805069325,52.705448581876986,86.66814353513001
2025-03-09 20:17:34.912667,592.0,509.0,385.0,2512.0,1265.0,288.0,67.22710516321311,77.99525433060163,53.132513355733835,38.405738611381786,16.520332324870214,41.20099497451413,50.60271090428696,73.32210805069325,52.705448581876986,86.66814353513001
2025-03-09 20:17:34.921000,590.0,509.0,387.0,2515.0,1265.0,289.0,67.07458608673308,77.95550249143905,53.31598097829259,38.432250375001566,16.49242452362053,41.22532578381076,50.32601517995332,73.21562361770572,52.81695042923088,86.8621827960245
2025-03-09 20:17:34.921000,592.0,509.0,379.0,2512.0,1264.0,289.0,67.07458608673308,77.95550249143905,53.31598097829259,38.432250375001566,16.49242452362053,41.22532578381076,50.32601517995332,73.21562361770572,52.81695042923088,86.8621827960245
2025-03-09 20:17:34.921000,593.0,511.0,382.0,2513.0,1264.0,289.0,67.07458608673308,77.95550249143905,53.31598097829259,38.432250375001566,16.49242452362053,41.22532578381076,50.32601517995332,73.21562361770572,52.81695042923088,86.8621827960245
2025-03-09 20:17:34.929333,595.0,510.0,382.0,2515.0,1264.0,289.0,66.92168911438155,77.9170353213964,53.50923497581002,38.46358475144349,16.46719645500603,41.25349781913564,50.046243466281354,73.1143820465319,52.9354360081272,87.05425919577175
2025-03-09 20:17:34.929333,594.0,509.0,387.0,2516.0,1264.0,288.0,66.92168911438155,77.9170353213964,53.50923497581002,38.46358475144349,16.46719645500603,41.25349781913564,50.046243466281354,73.1143820465319,52.9354360081272,87.05425919577175
2025-03-09 20:17:34.929333,594.0,511.0,386.0,2516.0,1264.0,287.0,66.92168911438155,77.9170353213964,53.50923497581002,38.46358475144349,16.46719645500603,41.25349781913564,50.046243466281354,73.1143820465319,52.9354360081272,87.05425919577175
2025-03-09 20:17:34.929333,604.0,511.0,403.0,2514.0,1258.0,288.0,66.92168911438155,77.9170353213964,53.50923497581002,38.46358475144349,16.46719645500603,41.25349781913564,50.046243466281354,73.1143820465319,52.9354360081272,87.05425919577175
2025-03-09 20:17:34.937667,602.0,511.0,401.0,2512.0,1257.0,288.0,66.77010093759903,77.8820554135004,53.70974248654189,38.503323575445144,16.445453062822835,41.288023363851856,49.769268752764894,73.02388445120422,53.065200967732544,87.24584821609669
2025-03-09 20:17:34.937667,604.0,511.0,410.0,2513.0,1255.0,287.0,66.77010093759903,77.8820554135004,53.70974248654189,38.503323575445144,16.445453062822835,41.288023363851856,49.769268752764894,73.02388445120422,53.065200967732544,87.24584821609669
2025-03-09 20:17:34.937667,607.0,525.0,414.0,2513.0,1255.0,288.0,66.77010093759903,77.8820554135004,53.70974248654189,38.503323575445144,16.445453062822835,41.288023363851856,49.769268752764894,73.02388445120422,53.065200967732544,87.24584821609669
2025-03-09 20:17:34.946000,607.0,510.0,419.0,2516.0,1255.0,287.0,66.62146962275072,77.85217692926543,53.91733280862845,38.5530060648012,16.42631158871566,41.32990987148326,49.49606588880093,72.94656168146334,53.20861557642008,87.43843445882648
2025-03-09 20:17:34.946000,607.0,510.0,414.0,2513.0,1253.0,285.0,66.62146962275072,77.85217692926543,53.91733280862845,38.5530060648012,16.42631158871566,41.32990987148326,49.49606588880093,72.94656168146334,53.20861557642008,87.43843445882648
2025-03-09 20:17:34.946000,611.0,511.0,408.0,2518.0,1255.0,287.0,66.62146962275072,77.85217692926543,53.91733280862845,38.5530060648012,16.42631158871566,41.32990987148326,49.49606588880093,72.94656168146334,53.20861557642008,87.43843445882648
2025-03-09 20:17:34.946000,609.0,511.0,415.0,2513.0,1254.0,285.0,66.62146962275072,77.85217692926543,53.91733280862845,38.5530060648012,16.42631158871566,41.32990987148326,49.49606588880093,72.94656168146334,53.20861557642008,87.43843445882648
2025-03-09 20:17:34.954333,611.0,511.0,396.0,2515.0,1246.0,285.0,66.47657257288591,77.82819212056788,54.13398520628311,38.61110914291393,16.410341219099955,41.37788808129151,49.226825951992325,72.88348882976892,53.36531721362217,87.63317050323491
2025-03-09 20:17:34.954333,615.0,511.0,391.0,2518.0,1246.0,287.0,66.47657257288591,77.82819212056788,54.13398520628311,38.61110914291393,16.410341219099955,41.37788808129151,49.226825951992325,72.88348882976892,53.36531721362217,87.63317050323491
2025-03-09 20:17:34.954333,614.0,511.0,389.0,2517.0,1245.0,286.0,66.47657257288591,77.82819212056788,54.13398520628311,38.61110914291393,16.410341219099955,41.37788808129151,49.226825951992325,72.88348882976892,53.36531721362217,87.63317050323491
2025-03-09 20:17:34.962667,612.0,506.0,389.0,2519.0,1241.0,287.0,66.33640983094787,77.81062921672053,54.36073427380686,38.67343215488691,16.397374576683212,41.42945940330759,48.9587010529621,72.83074977983696,53.530529788225685,87.83007380812857
2025-03-09 20:17:34.962667,615.0,511.0,388.0,2515.0,1241.0,286.0,66.33640983094787,77.81062921672053,54.36073427380686,38.67343215488691,16.397374576683212,41.42945940330759,48.9587010529621,72.83074977983696,53.530529788225685,87.83007380812857
2025-03-09 20:17:34.962667,615.0,511.0,388.0,2517.0,1241.0,287.0,66.33640983094787,77.81062921672053,54.36073427380686,38.67343215488691,16.397374576683212,41.42945940330759,48.9587010529621,72.83074977983696,53.530529788225685,87.83007380812857
2025-03-09 20:17:34.962667,613.0,511.0,385.0,2515.0,1243.0,286.0,66.33640983094787,77.81062921672053,54.36073427380686,38.67343215488691,16.397374576683212,41.42945940330759,48.9587010529621,72.83074977983696,53.530529788225685,87.83007380812857
2025-03-09 20:17:34.971000,618.0,511.0,384.0,2517.0,1239.0,286.0,66.20189266375881,77.7997670894896,54.597036603271675,38.73285391713296,16.386850860928845,41.480733732275525,48.68658703396101,72.77945765920892,53.69484741777746,88.02872044652916
2025-03-09 20:17:34.971000,619.0,505.0,382.0,2521.0,1235.0,285.0,66.20189266375881,77.7997670894896,54.597036603271675,38.73285391713296,16.386850860928845,41.480733732275525,48.68658703396101,72.77945765920892,53.69484741777746,88.02872044652916
2025-03-09 20:17:34.971000,615.0,506.0,382.0,2518.0,1233.0,285.0,66.20189266375881,77.7997670894896,54.597036603271675,38.73285391713296,16.386850860928845,41.480733732275525,48.68658703396101,72.77945765920892,53.69484741777746,88.02872044652916
2025-03-09 20:17:34.971000,612.0,506.0,379.0,2523.0,1237.0,288.0,66.20189266375881,77.7997670894896,54.597036603271675,38.73285391713296,16.386850860928845,41.480733732275525,48.68658703396101,72.77945765920892,53.69484741777746,88.02872044652916
2025-03-09 20:17:34.979333,615.0,508.0,378.0,2522.0,1235.0,286.0,66.07276119624315,77.79528154706648,54.84272868784751,38.78904820756861,16.376839301637812,41.531646444284135,48.40686561923127,72.72677584831764,53.85746704534025,88.22920131734776
2025-03-09 20:17:34.979333,618.0,507.0,369.0,2515.0,1233.0,287.0,66.07276119624315,77.79528154706648,54.84272868784751,38.78904820756861,16.376839301637812,41.531646444284135,48.40686561923127,72.72677584831764,53.85746704534025,88.22920131734776
2025-03-09 20:17:34.979333,621.0,511.0,371.0,2519.0,1237.0,286.0,66.07276119624315,77.79528154706648,54.84272868784751,38.78904820756861,16.376839301637812,41.531646444284135,48.40686561923127,72.72677584831764,53.85746704534025,88.22920131734776
2025-03-09 20:17:34.987667,620.0,510.0,368.0,2518.0,1233.0,290.0,65.94818252717528,77.79697801229938,55.09979764673908,38.84911782844522,16.363857342620413,41.58662986475104,48.11596026469277,72.67627349869538,54.02724591329135,88.43167131797088
2025-03-09 20:17:34.987667,622.0,511.0,396.0,2523.0,1229.0,288.0,65.94818252717528,77.79697801229938,55.09979764673908,38.84911782844522,16.363857342620413,41.58662986475104,48.11596026469277,72.67627349869538,54.02724591329135,88.43167131797088
2025-03-09 20:17:34.987667,624.0,509.0,386.0,2519.0,1230.0,285.0,65.94818252717528,77.79697801229938,55.09979764673908,38.84911782844522,16.363857342620413,41.58662986475104,48.11596026469277,72.67627349869538,54.02724591329135,88.43167131797088
2025-03-09 20:17:34.987667,624.0,503.0,397.0,2525.0,1226.0,284.0,65.94818252717528,77.79697801229938,55.09979764673908,38.84911782844522,16.363857342620413,41.58662986475104,48.11596026469277,72.67627349869538,54.02724591329135,88.43167131797088
2025-03-09 20:17:34.996000,621.0,503.0,394.0,2513.0,1225.0,285.0,65.82757914549727,77.80558860624872,55.37069052038977,38.915335792369575,16.3499602534723,41.647912527735706,47.81401350992306,72.62954887593573,54.2068909520073,88.63571871373199
2025-03-09 20:17:34.996000,624.0,510.0,390.0,2523.0,1223.0,285.0,65.82757914549727,77.80558860624872,55.37069052038977,38.915335792369575,16.3499602534723,41.647912527735706,47.81401350992306,72.62954887593573,54.2068909520073,88.63571871373199
2025-03-09 20:17:34.996000,625.0,511.0,395.0,2518.0,1225.0,283.0,65.82757914549727,77.80558860624872,55.37069052038977,38.915335792369575,16.3499602534723,41.647912527735706,47.81401350992306,72.62954887593573,54.2068909520073,88.63571871373199
2025-03-09 20:17:35.004333,624.0,510.0,396.0,2517.0,1225.0,285.0,65.71017554877282,77.82217891143043,55.65701266784902,38.984284695579625,16.341744571830237,41.71424955793374,47.50543560266707,72.58632848726982,54.39262667835409,88.84021970115066
2025-03-09 20:17:35.004333,628.0,499.0,397.0,2526.0,1222.0,286.0,65.71017554877282,77.82217891143043,55.65701266784902,38.984284695579625,16.341744571830237,41.71424955793374,47.50543560266707,72.58632848726982,54.39262667835409,88.84021970115066
2025-03-09 20:17:35.004333,626.0,502.0,400.0,2521.0,1222.0,285.0,65.71017554877282,77.82217891143043,55.65701266784902,38.984284695579625,16.341744571830237,41.71424955793374,47.50543560266707,72.58632848726982,54.39262667835409,88.84021970115066
2025-03-09 20:17:35.004333,629.0,509.0,400.0,2528.0,1219.0,287.0,65.71017554877282,77.82217891143043,55.65701266784902,38.984284695579625,16.341744571830237,41.71424955793374,47.50543560266707,72.58632848726982,54.39262667835409,88.84021970115066
2025-03-09 20:17:35.012667,626.0,502.0,400.0,2526.0,1219.0,287.0,65.59605458715416,77.84749394882738,55.95961965113647,39.05289310883525,16.341935403422593,41.78326261480042,47.19357228565098,72.54806411179403,54.582577152012504,89.04510290232508
2025-03-09 20:17:35.012667,626.0,503.0,399.0,2526.0,1221.0,289.0,65.59605458715416,77.84749394882738,55.95961965113647,39.05289310883525,16.341935403422593,41.78326261480042,47.19357228565098,72.54806411179403,54.582577152012504,89.04510290232508
2025-03-09 20:17:35.012667,629.0,508.0,398.0,2527.0,1216.0,287.0,65.59605458715416,77.84749394882738,55.95961965113647,39.05289310883525,16.341935403422593,41.78326261480042,47.19357228565098,72.54806411179403,54.582577152012504,89.04510290232508
2025-03-09 20:17:35.021000,632.0,510.0,399.0,2530.0,1217.0,288.0,65.486807170485,77.88309066412653,56.27703967475128,39.11728547907497,16.35071405817653,41.851163977520415,46.882888756409926,72.51753535366069,54.77517219966518,89.25217417300992
2025-03-09 20:17:35.021000,629.0,509.0,394.0,2526.0,1216.0,288.0,65.486807170485,77.88309066412653,56.27703967475128,39.11728547907497,16.35071405817653,41.851163977520415,46.882888756409926,72.51753535366069,54.77517219966518,89.25217417300992
2025-03-09 20:17:35.021000,627.0,501.0,400.0,2529.0,1216.0,286.0,65.486807170485,77.88309066412653,56.27703967475128,39.11728547907497,16.35071405817653,41.851163977520415,46.882888756409926,72.51753535366069,54.77517219966518,89.25217417300992
2025-03-09 20:17:35.021000,634.0,506.0,399.0,2529.0,1215.0,288.0,65.486807170485,77.88309066412653,56.27703967475128,39.11728547907497,16.35071405817653,41.851163977520415,46.882888756409926,72.51753535366069,54.77517219966518,89.25217417300992
2025-03-09 20:17:35.029333,637.0,511.0,395.0,2531.0,1213.0,286.0,65.38389193330316,77.9307434466579,56.606717382879964,39.17568249926361,16.367130802350673,41.915876317481604,46.57703438294428,72.4973769400572,54.97063765989946,89.46437070385814
2025-03-09 20:17:35.029333,633.0,498.0,397.0,2532.0,1211.0,285.0,65.38389193330316,77.9307434466579,56.606717382879964,39.17568249926361,16.367130802350673,41.915876317481604,46.57703438294428,72.4973769400572,54.97063765989946,89.46437070385814
2025-03-09 20:17:35.029333,635.0,507.0,394.0,2537.0,1211.0,287.0,65.38389193330316,77.9307434466579,56.606717382879964,39.17568249926361,16.367130802350673,41.915876317481604,46.57703438294428,72.4973769400572,54.97063765989946,89.46437070385814
2025-03-09 20:17:35.037667,631.0,503.0,391.0,2533.0,1209.0,289.0,65.28811617052685,77.99089820962931,56.950518914641805,39.23114102473024,16.388184021135487,41.979040651755454,46.2730329539562,72.4896715118033,55.17350526101031,89.68554772660052
2025-03-09 20:17:35.037667,630.0,506.0,390.0,2532.0,1210.0,288.0,65.28811617052685,77.99089820962931,56.950518914641805,39.23114102473024,16.388184021135487,41.979040651755454,46.2730329539562,72.4896715118033,55.17350526101031,89.68554772660052
2025-03-09 20:17:35.037667,631.0,501.0,395.0,2538.0,1204.0,289.0,65.28811617052685,77.99089820962931,56.950518914641805,39.23114102473024,16.388184021135487,41.979040651755454,46.2730329539562,72.4896715118033,55.17350526101031,89.68554772660052
2025-03-09 20:17:35.037667,637.0,501.0,400.0,2538.0,1205.0,288.0,65.28811617052685,77.99089820962931,56.950518914641805,39.23114102473024,16.388184021135487,41.979040651755454,46.2730329539562,72.4896715118033,55.17350526101031,89.68554772660052
2025-03-09 20:17:35.046000,633.0,498.0,398.0,2536.0,1203.0,289.0,65.199567374189,78.06242243603457,57.31082025631051,39.28682348222295,16.410350907769626,42.042539058685705,45.96530389215399,72.4941061566191,55.38701079742803,89.91974498063945
2025-03-09 20:17:35.046000,629.0,501.0,399.0,2539.0,1205.0,289.0,65.199567374189,78.06242243603457,57.31082025631051,39.28682348222295,16.410350907769626,42.042539058685705,45.96530389215399,72.4941061566191,55.38701079742803,89.91974498063945
2025-03-09 20:17:35.046000,634.0,497.0,393.0,2541.0,1203.0,288.0,65.199567374189,78.06242243603457,57.31082025631051,39.28682348222295,16.410350907769626,42.042539058685705,45.96530389215399,72.4941061566191,55.38701079742803,89.91974498063945
2025-03-09 20:17:35.046000,635.0,496.0,400.0,2538.0,1203.0,289.0,65.199567374189,78.06242243603457,57.31082025631051,39.28682348222295,16.410350907769626,42.042539058685705,45.96530389215399,72.4941061566191,55.38701079742803,89.91974498063945
2025-03-09 20:17:35.054333,634.0,506.0,390.0,2537.0,1202.0,291.0,65.11820277718142,78.14262094784229,57.68371082070525,39.34550846613822,16.430227513119377,42.108512558317265,45.65090649103394,72.50698918905321,55.610012732278314,90.17053737794214
2025-03-09 20:17:35.054333,636.0,507.0,398.0,2539.0,1202.0,289.0,65.11820277718142,78.14262094784229,57.68371082070525,39.34550846613822,16.430227513119377,42.108512558317265,45.65090649103394,72.50698918905321,55.610012732278314,90.17053737794214
2025-03-09 20:17:35.054333,632.0,496.0,393.0,2543.0,1200.0,291.0,65.11820277718142,78.14262094784229,57.68371082070525,39.34550846613822,16.430227513119377,42.108512558317265,45.65090649103394,72.50698918905321,55.610012732278314,90.17053737794214
2025-03-09 20:17:35.062667,631.0,503.0,384.0,2544.0,1200.0,294.0,65.04384079192688,78.2268191369451,58.06478763771565,39.40725733271233,16.44756642016056,42.17681540047055,45.3314368508102,72.52502912826633,55.837346851142186,90.43697872507975
2025-03-09 20:17:35.062667,630.0,496.0,394.0,2544.0,1201.0,294.0,65.04384079192688,78.2268191369451,58.06478763771565,39.40725733271233,16.44756642016056,42.17681540047055,45.3314368508102,72.52502912826633,55.837346851142186,90.43697872507975
2025-03-09 20:17:35.062667,631.0,496.0,396.0,2544.0,1200.0,294.0,65.04384079192688,78.2268191369451,58.06478763771565,39.40725733271233,16.44756642016056,42.17681540047055,45.3314368508102,72.52502912826633,55.837346851142186,90.43697872507975
2025-03-09 20:17:35.062667,633.0,503.0,395.0,2544.0,1200.0,293.0,65.04384079192688,78.2268191369451,58.06478763771565,39.40725733271233,16.44756642016056,42.17681540047055,45.3314368508102,72.52502912826633,55.837346851142186,90.43697872507975
2025-03-09 20:17:35.071000,633.0,498.0,393.0,2544.0,1201.0,295.0,64.97637405325806,78.31027531584978,58.45300800772726,39.470238036858355,16.465247154009752,42.245560465328275,45.01131637783397,72.54761224221623,56.06356546442571,90.71316054027837
2025-03-09 20:17:35.071000,630.0,498.0,394.0,2544.0,1202.0,293.0,64.97637405325806,78.31027531584978,58.45300800772726,39.470238036858355,16.465247154009752,42.245560465328275,45.01131637783397,72.54761224221623,56.06356546442571,90.71316054027837
2025-03-09 20:17:35.071000,635.0,500.0,394.0,2547.0,1202.0,299.0,64.97637405325806,78.31027531584978,58.45300800772726,39.470238036858355,16.465247154009752,42.245560465328275,45.01131637783397,72.54761224221623,56.06356546442571,90.71316054027837
2025-03-09 20:17:35.079333,637.0,498.0,389.0,2554.0,1201.0,301.0,64.91615322276654,78.39005866445203,58.84702554921393,39.5346612847227,16.48434611848103,42.314603167889906,44.69319877746498,72.5745326691452,56.28629437617517,90.99312059310769
2025-03-09 20:17:35.079333,638.0,498.0,394.0,2545.0,1201.0,304.0,64.91615322276654,78.39005866445203,58.84702554921393,39.5346612847227,16.48434611848103,42.314603167889906,44.69319877746498,72.5745326691452,56.28629437617517,90.99312059310769
2025-03-09 20:17:35.079333,640.0,497.0,401.0,2555.0,1204.0,303.0,64.91615322276654,78.39005866445203,58.84702554921393,39.5346612847227,16.48434611848103,42.314603167889906,44.69319877746498,72.5745326691452,56.28629437617517,90.99312059310769
2025-03-09 20:17:35.079333,639.0,497.0,395.0,2550.0,1202.0,301.0,64.91615322276654,78.39005866445203,58.84702554921393,39.5346612847227,16.48434611848103,42.314603167889906,44.69319877746498,72.5745326691452,56.28629437617517,90.99312059310769
2025-03-09 20:17:35.087667,641.0,496.0,397.0,2559.0,1205.0,301.0,64.8631862615806,78.46455538263412,59.24548256910372,39.60136772947654,16.503515201092537,42.38467126887332,44.37539348539188,72.60339528731794,56.50447643351621,91.27323575399943
2025-03-09 20:17:35.087667,640.0,495.0,389.0,2547.0,1204.0,302.0,64.8631862615806,78.46455538263412,59.24548256910372,39.60136772947654,16.503515201092537,42.38467126887332,44.37539348539188,72.60339528731794,56.50447643351621,91.27323575399943
2025-03-09 20:17:35.087667,640.0,497.0,400.0,2553.0,1214.0,303.0,64.8631862615806,78.46455538263412,59.24548256910372,39.60136772947654,16.503515201092537,42.38467126887332,44.37539348539188,72.60339528731794,56.50447643351621,91.27323575399943
2025-03-09 20:17:35.087667,648.0,495.0,399.0,2559.0,1210.0,306.0,64.8631862615806,78.46455538263412,59.24548256910372,39.60136772947654,16.503515201092537,42.38467126887332,44.37539348539188,72.60339528731794,56.50447643351621,91.27323575399943
2025-03-09 20:17:35.096000,651.0,496.0,394.0,2559.0,1212.0,305.0,64.81876459017867,78.53233841325412,59.64864060809844,39.67165158679904,16.52290352288216,42.4581356939068,44.05448530149106,72.62924513150352,56.71491797883408,91.55101627480639
2025-03-09 20:17:35.096000,649.0,496.0,400.0,2559.0,1215.0,305.0,64.81876459017867,78.53233841325412,59.64864060809844,39.67165158679904,16.52290352288216,42.4581356939068,44.05448530149106,72.62924513150352,56.71491797883408,91.55101627480639
2025-03-09 20:17:35.096000,651.0,496.0,400.0,2559.0,1213.0,304.0,64.81876459017867,78.53233841325412,59.64864060809844,39.67165158679904,16.52290352288216,42.4581356939068,44.05448530149106,72.62924513150352,56.71491797883408,91.55101627480639
2025-03-09 20:17:35.104333,650.0,496.0,393.0,2559.0,1216.0,306.0,64.78513165816284,78.59173999030659,60.054732752150585,39.746946303197454,16.543962242860136,42.53735307348564,43.73137896050437,72.6487725233443,56.91360248940718,91.82257282409203
2025-03-09 20:17:35.104333,656.0,497.0,399.0,2559.0,1216.0,306.0,64.78513165816284,78.59173999030659,60.054732752150585,39.746946303197454,16.543962242860136,42.53735307348564,43.73137896050437,72.6487725233443,56.91360248940718,91.82257282409203
2025-03-09 20:17:35.104333,655.0,494.0,388.0,2559.0,1216.0,309.0,64.78513165816284,78.59173999030659,60.054732752150585,39.746946303197454,16.543962242860136,42.53735307348564,43.73137896050437,72.6487725233443,56.91360248940718,91.82257282409203
2025-03-09 20:17:35.112667,654.0,496.0,401.0,2559.0,1226.0,315.0,64.76302898106773,78.64129604524581,60.45965947975313,39.827590438767096,16.567106569231772,42.62266977377418,43.40960547976637,72.66106178290767,57.09817243781606,92.08495943311179
2025-03-09 20:17:35.112667,648.0,491.0,401.0,2559.0,1226.0,313.0,64.76302898106773,78.64129604524581,60.45965947975313,39.827590438767096,16.567106569231772,42.62266977377418,43.40960547976637,72.66106178290767,57.09817243781606,92.08495943311179
2025-03-09 20:17:35.112667,651.0,483.0,397.0,2559.0,1228.0,318.0,64.76302898106773,78.64129604524581,60.45965947975313,39.827590438767096,16.567106569231772,42.62266977377418,43.40960547976637,72.66106178290767,57.09817243781606,92.08495943311179
2025-03-09 20:17:35.112667,652.0,486.0,399.0,2559.0,1231.0,317.0,64.76302898106773,78.64129604524581,60.45965947975313,39.827590438767096,16.567106569231772,42.62266977377418,43.40960547976637,72.66106178290767,57.09817243781606,92.08495943311179
2025-03-09 20:17:35.121000,650.0,492.0,399.0,2559.0,1230.0,316.0,64.75106394326345,78.6797275544348,60.859332398840984,39.91351467741089,16.590499389579556,42.71340149667605,43.090142416487886,72.66515699557156,57.26842812815262,92.337796068446
2025-03-09 20:17:35.121000,648.0,494.0,399.0,2559.0,1232.0,314.0,64.75106394326345,78.6797275544348,60.859332398840984,39.91351467741089,16.590499389579556,42.71340149667605,43.090142416487886,72.66515699557156,57.26842812815262,92.337796068446
2025-03-09 20:17:35.121000,644.0,491.0,400.0,2559.0,1232.0,319.0,64.75106394326345,78.6797275544348,60.859332398840984,39.91351467741089,16.590499389579556,42.71340149667605,43.090142416487886,72.66515699557156,57.26842812815262,92.337796068446
2025-03-09 20:17:35.121000,643.0,496.0,400.0,2583.0,1232.0,319.0,64.75106394326345,78.6797275544348,60.859332398840984,39.91351467741089,16.590499389579556,42.71340149667605,43.090142416487886,72.66515699557156,57.26842812815262,92.337796068446
2025-03-09 20:17:35.121000,645.0,489.0,400.0,2582.0,1248.0,327.0,64.75106394326345,78.6797275544348,60.859332398840984,39.91351467741089,16.590499389579556,42.71340149667605,43.090142416487886,72.66515699557156,57.26842812815262,92.337796068446
2025-03-09 20:17:35.129333,640.0,490.0,397.0,2583.0,1252.0,329.0,64.74572948291446,78.70841750077155,61.25374812429571,40.00300979805508,16.612387797148696,42.80734187465859,42.771380398204926,72.66186671341137,57.42779371121255,92.58012415375454
2025-03-09 20:17:35.129333,640.0,489.0,395.0,2559.0,1247.0,330.0,64.74572948291446,78.70841750077155,61.25374812429571,40.00300979805508,16.612387797148696,42.80734187465859,42.771380398204926,72.66186671341137,57.42779371121255,92.58012415375454
2025-03-09 20:17:35.137667,640.0,495.0,400.0,2591.0,1247.0,335.0,64.74472303738092,78.72902667418094,61.64307782506126,40.09413135774634,16.633131965283876,42.902876656854325,42.4533456367608,72.65153132322408,57.57766560809652,92.80968629468634
2025-03-09 20:17:35.137667,642.0,491.0,394.0,2589.0,1254.0,333.0,64.74472303738092,78.72902667418094,61.64307782506126,40.09413135774634,16.633131965283876,42.902876656854325,42.4533456367608,72.65153132322408,57.57766560809652,92.80968629468634
2025-03-09 20:17:35.137667,641.0,492.0,395.0,2559.0,1253.0,334.0,64.74472303738092,78.72902667418094,61.64307782506126,40.09413135774634,16.633131965283876,42.902876656854325,42.4533456367608,72.65153132322408,57.57766560809652,92.80968629468634
2025-03-09 20:17:35.137667,639.0,494.0,399.0,2589.0,1251.0,334.0,64.74472303738092,78.72902667418094,61.64307782506126,40.09413135774634,16.633131965283876,42.902876656854325,42.4533456367608,72.65153132322408,57.57766560809652,92.80968629468634
2025-03-09 20:17:35.146000,636.0,494.0,400.0,2589.0,1264.0,342.0,64.75192954879171,78.73960087407495,62.020695899828226,40.18520056233525,16.65240218252079,42.998159436420835,42.143584268503986,72.63452122765301,57.71262211641179,93.03153754458064
2025-03-09 20:17:35.146000,631.0,490.0,399.0,2588.0,1265.0,340.0,64.75192954879171,78.73960087407495,62.020695899828226,40.18520056233525,16.65240218252079,42.998159436420835,42.143584268503986,72.63452122765301,57.71262211641179,93.03153754458064
2025-03-09 20:17:35.146000,631.0,486.0,400.0,2592.0,1264.0,342.0,64.75192954879171,78.73960087407495,62.020695899828226,40.18520056233525,16.65240218252079,42.998159436420835,42.143584268503986,72.63452122765301,57.71262211641179,93.03153754458064
2025-03-09 20:17:35.146000,633.0,483.0,400.0,2591.0,1264.0,341.0,64.75192954879171,78.73960087407495,62.020695899828226,40.18520056233525,16.65240218252079,42.998159436420835,42.143584268503986,72.63452122765301,57.71262211641179,93.03153754458064
2025-03-09 20:17:35.154333,636.0,483.0,402.0,2592.0,1265.0,342.0,64.77965428629925,78.73890527325274,62.37533265373699,40.273558293447856,16.668736525135376,43.08979512465952,41.85883821203446,72.61577713119901,57.82413844723696,93.2651916986316
2025-03-09 20:17:35.154333,636.0,483.0,399.0,2595.0,1265.0,343.0,64.77965428629925,78.73890527325274,62.37533265373699,40.273558293447856,16.668736525135376,43.08979512465952,41.85883821203446,72.61577713119901,57.82413844723696,93.2651916986316
2025-03-09 20:17:35.154333,628.0,493.0,401.0,2598.0,1271.0,347.0,64.77965428629925,78.73890527325274,62.37533265373699,40.273558293447856,16.668736525135376,43.08979512465952,41.85883821203446,72.61577713119901,57.82413844723696,93.2651916986316
2025-03-09 20:17:35.162667,629.0,494.0,406.0,2598.0,1269.0,347.0,64.8353346472267,78.72479524452379,62.69770412789907,40.357780898596815,16.68233134404953,43.176484086997846,41.61089596093066,72.5959100973734,57.90429722761279,93.52407653035117
2025-03-09 20:17:35.162667,622.0,482.0,405.0,2599.0,1281.0,355.0,64.8353346472267,78.72479524452379,62.69770412789907,40.357780898596815,16.68233134404953,43.176484086997846,41.61089596093066,72.5959100973734,57.90429722761279,93.52407653035117
2025-03-09 20:17:35.162667,623.0,486.0,413.0,2599.0,1280.0,353.0,64.8353346472267,78.72479524452379,62.69770412789907,40.357780898596815,16.68233134404953,43.176484086997846,41.61089596093066,72.5959100973734,57.90429722761279,93.52407653035117
2025-03-09 20:17:35.162667,618.0,482.0,409.0,2599.0,1285.0,354.0,64.8353346472267,78.72479524452379,62.69770412789907,40.357780898596815,16.68233134404953,43.176484086997846,41.61089596093066,72.5959100973734,57.90429722761279,93.52407653035117
2025-03-09 20:17:35.171000,618.0,485.0,405.0,2603.0,1285.0,355.0,64.9122842820153,78.6919480199883,62.98389047421093,40.437255869339054,16.693431819684978,43.257709343319455,41.39787797512233,72.56847138847802,57.94963856625441,93.80141438617358
2025-03-09 20:17:35.171000,621.0,484.0,405.0,2595.0,1287.0,357.0,64.9122842820153,78.6919480199883,62.98389047421093,40.437255869339054,16.693431819684978,43.257709343319455,41.39787797512233,72.56847138847802,57.94963856625441,93.80141438617358
2025-03-09 20:17:35.171000,615.0,482.0,407.0,2607.0,1287.0,355.0,64.9122842820153,78.6919480199883,62.98389047421093,40.437255869339054,16.693431819684978,43.257709343319455,41.39787797512233,72.56847138847802,57.94963856625441,93.80141438617358
2025-03-09 20:17:35.171000,611.0,481.0,405.0,2607.0,1287.0,358.0,64.9122842820153,78.6919480199883,62.98389047421093,40.437255869339054,16.693431819684978,43.257709343319455,41.39787797512233,72.56847138847802,57.94963856625441,93.80141438617358
2025-03-09 20:17:35.179333,599.0,487.0,391.0,2607.0,1296.0,362.0,64.99991476644365,78.63597754009398,63.23180023265949,40.51261049396805,16.699654322205074,43.33293695267442,41.21315568530503,72.52851888225395,57.96232104343372,94.08512985390574
2025-03-09 20:17:35.179333,603.0,485.0,394.0,2602.0,1297.0,367.0,64.99991476644365,78.63597754009398,63.23180023265949,40.51261049396805,16.699654322205074,43.33293695267442,41.21315568530503,72.52851888225395,57.96232104343372,94.08512985390574
2025-03-09 20:17:35.179333,602.0,479.0,400.0,2608.0,1297.0,367.0,64.99991476644365,78.63597754009398,63.23180023265949,40.51261049396805,16.699654322205074,43.33293695267442,41.21315568530503,72.52851888225395,57.96232104343372,94.08512985390574
2025-03-09 20:17:35.179333,595.0,483.0,402.0,2608.0,1300.0,368.0,64.99991476644365,78.63597754009398,63.23180023265949,40.51261049396805,16.699654322205074,43.33293695267442,41.21315568530503,72.52851888225395,57.96232104343372,94.08512985390574
2025-03-09 20:17:35.187667,592.0,480.0,403.0,2607.0,1301.0,368.0,65.08943870679778,78.55476388662618,63.440137818599986,40.586676309691406,16.698592689857236,43.40369193711653,41.05015392493675,72.4733612046329,57.94689204392426,94.36579999832337
2025-03-09 20:17:35.187667,593.0,486.0,417.0,2607.0,1301.0,368.0,65.08943870679778,78.55476388662618,63.440137818599986,40.586676309691406,16.698592689857236,43.40369193711653,41.05015392493675,72.4733612046329,57.94689204392426,94.36579999832337
2025-03-09 20:17:35.196000,592.0,486.0,417.0,2607.0,1300.0,369.0,65.17197720648599,78.4474597866583,63.61072444092375,40.66177701933795,16.6898920674116,43.47188738130955,40.90101008598422,72.40005372378656,57.90782996682485,94.63442434812545
2025-03-09 20:17:35.196000,592.0,478.0,414.0,2606.0,1300.0,368.0,65.17197720648599,78.4474597866583,63.61072444092375,40.66177701933795,16.6898920674116,43.47188738130955,40.90101008598422,72.40005372378656,57.90782996682485,94.63442434812545
2025-03-09 20:17:35.196000,580.0,483.0,425.0,2608.0,1321.0,381.0,65.17197720648599,78.4474597866583,63.61072444092375,40.66177701933795,16.6898920674116,43.47188738130955,40.90101008598422,72.40005372378656,57.90782996682485,94.63442434812545
2025-03-09 20:17:35.196000,581.0,477.0,424.0,2608.0,1319.0,382.0,65.17197720648599,78.4474597866583,63.61072444092375,40.66177701933795,16.6898920674116,43.47188738130955,40.90101008598422,72.40005372378656,57.90782996682485,94.63442434812545
2025-03-09 20:17:35.204333,577.0,484.0,430.0,2609.0,1323.0,382.0,65.24457442647518,78.31783085985003,63.7570578875274,40.74223520533493,16.683660001357637,43.54500493423032,40.758877412490214,72.3066009100575,57.84845881678914,94.88237608077694
2025-03-09 20:17:35.204333,580.0,482.0,421.0,2608.0,1321.0,382.0,65.24457442647518,78.31783085985003,63.7570578875274,40.74223520533493,16.683660001357637,43.54500493423032,40.758877412490214,72.3066009100575,57.84845881678914,94.88237608077694
2025-03-09 20:17:35.204333,576.0,485.0,429.0,2608.0,1326.0,384.0,65.24457442647518,78.31783085985003,63.7570578875274,40.74223520533493,16.683660001357637,43.54500493423032,40.758877412490214,72.3066009100575,57.84845881678914,94.88237608077694
2025-03-09 20:17:35.204333,577.0,483.0,434.0,2608.0,1326.0,384.0,65.24457442647518,78.31783085985003,63.7570578875274,40.74223520533493,16.683660001357637,43.54500493423032,40.758877412490214,72.3066009100575,57.84845881678914,94.88237608077694
2025-03-09 20:17:35.212667,573.0,484.0,434.0,2613.0,1328.0,385.0,65.30682822837602,78.17141667689022,63.89307472641877,40.829490963374184,16.690012867482324,43.62768140870662,40.620311331913925,72.19405179934226,57.77193310319926,95.10232701015323
2025-03-09 20:17:35.212667,562.0,477.0,511.0,2608.0,1341.0,395.0,65.30682822837602,78.17141667689022,63.89307472641877,40.829490963374184,16.690012867482324,43.62768140870662,40.620311331913925,72.19405179934226,57.77193310319926,95.10232701015323
2025-03-09 20:17:35.212667,559.0,474.0,530.0,2611.0,1344.0,399.0,65.30682822837602,78.17141667689022,63.89307472641877,40.829490963374184,16.690012867482324,43.62768140870662,40.620311331913925,72.19405179934226,57.77193310319926,95.10232701015323
2025-03-09 20:17:35.212667,560.0,476.0,528.0,2608.0,1344.0,397.0,65.30682822837602,78.17141667689022,63.89307472641877,40.829490963374184,16.690012867482324,43.62768140870662,40.620311331913925,72.19405179934226,57.77193310319926,95.10232701015323
2025-03-09 20:17:35.221000,559.0,480.0,547.0,2613.0,1349.0,400.0,65.35098878273023,78.00903314412888,64.01272867245538,40.914170765518314,16.699151965211726,43.70728489758269,40.484907107693594,72.06737056976839,57.68344286247348,95.28963860215822
2025-03-09 20:17:35.221000,552.0,487.0,544.0,2613.0,1349.0,399.0,65.35098878273023,78.00903314412888,64.01272867245538,40.914170765518314,16.699151965211726,43.70728489758269,40.484907107693594,72.06737056976839,57.68344286247348,95.28963860215822
2025-03-09 20:17:35.221000,558.0,483.0,511.0,2611.0,1347.0,399.0,65.35098878273023,78.00903314412888,64.01272867245538,40.914170765518314,16.699151965211726,43.70728489758269,40.484907107693594,72.06737056976839,57.68344286247348,95.28963860215822
2025-03-09 20:17:35.229333,555.0,479.0,503.0,2610.0,1349.0,400.0,65.37282543050551,77.83318965970267,64.106890227953,40.98862855978901,16.70088054559921,43.77292830163243,40.35553698928504,71.93309040361902,57.58798670195775,95.4438792077006
2025-03-09 20:17:35.229333,553.0,479.0,493.0,2615.0,1350.0,400.0,65.37282543050551,77.83318965970267,64.106890227953,40.98862855978901,16.70088054559921,43.77292830163243,40.35553698928504,71.93309040361902,57.58798670195775,95.4438792077006
2025-03-09 20:17:35.229333,533.0,479.0,437.0,2614.0,1360.0,410.0,65.37282543050551,77.83318965970267,64.106890227953,40.98862855978901,16.70088054559921,43.77292830163243,40.35553698928504,71.93309040361902,57.58798670195775,95.4438792077006
2025-03-09 20:17:35.229333,535.0,477.0,450.0,2617.0,1360.0,413.0,65.37282543050551,77.83318965970267,64.106890227953,40.98862855978901,16.70088054559921,43.77292830163243,40.35553698928504,71.93309040361902,57.58798670195775,95.4438792077006
2025-03-09 20:17:35.237667,531.0,480.0,464.0,2618.0,1360.0,413.0,65.37387518150685,77.64849855682048,64.1730542309869,41.052983748645275,16.69481684072539,43.82478416875167,40.23538938957764,71.79511347288742,57.48808113524956,95.56678458628176
2025-03-09 20:17:35.237667,537.0,480.0,449.0,2623.0,1362.0,411.0,65.37387518150685,77.64849855682048,64.1730542309869,41.052983748645275,16.69481684072539,43.82478416875167,40.23538938957764,71.79511347288742,57.48808113524956,95.56678458628176
2025-03-09 20:17:35.237667,533.0,482.0,442.0,2609.0,1360.0,411.0,65.37387518150685,77.64849855682048,64.1730542309869,41.052983748645275,16.69481684072539,43.82478416875167,40.23538938957764,71.79511347288742,57.48808113524956,95.56678458628176
2025-03-09 20:17:35.237667,529.0,480.0,467.0,2613.0,1360.0,415.0,65.37387518150685,77.64849855682048,64.1730542309869,41.052983748645275,16.69481684072539,43.82478416875167,40.23538938957764,71.79511347288742,57.48808113524956,95.56678458628176
2025-03-09 20:17:35.246000,530.0,479.0,433.0,2614.0,1362.0,413.0,65.35306148854266,77.45842124414466,64.21106634937766,41.109069381924705,16.680548293800488,43.86477765396124,40.122720848759755,71.6548594611985,57.38730572170126,95.65898360319792
2025-03-09 20:17:35.246000,530.0,480.0,451.0,2617.0,1363.0,415.0,65.35306148854266,77.45842124414466,64.21106634937766,41.109069381924705,16.680548293800488,43.86477765396124,40.122720848759755,71.6548594611985,57.38730572170126,95.65898360319792
2025-03-09 20:17:35.246000,511.0,481.0,368.0,2613.0,1367.0,430.0,65.35306148854266,77.45842124414466,64.21106634937766,41.109069381924705,16.680548293800488,43.86477765396124,40.122720848759755,71.6548594611985,57.38730572170126,95.65898360319792
2025-03-09 20:17:35.254333,506.0,483.0,368.0,2619.0,1373.0,428.0,65.30962160531965,77.26676447661498,64.22351146228515,41.15777434228833,16.6582749018578,43.89384310543169,40.015747918248344,71.51511555380661,57.29019486278633,95.7214954316605
2025-03-09 20:17:35.254333,507.0,478.0,391.0,2608.0,1368.0,427.0,65.30962160531965,77.26676447661498,64.22351146228515,41.15777434228833,16.6582749018578,43.89384310543169,40.015747918248344,71.51511555380661,57.29019486278633,95.7214954316605
2025-03-09 20:17:35.254333,507.0,479.0,400.0,2614.0,1367.0,430.0,65.30962160531965,77.26676447661498,64.22351146228515,41.15777434228833,16.6582749018578,43.89384310543169,40.015747918248344,71.51511555380661,57.29019486278633,95.7214954316605
2025-03-09 20:17:35.262667,505.0,478.0,420.0,2614.0,1367.0,428.0,65.24487964535551,77.07814390493068,64.21458852888702,41.199641290562205,16.63029274418995,43.91316649910001,39.91483760382836,71.3796705313486,57.200517170488546,95.7563325314662
2025-03-09 20:17:35.262667,502.0,483.0,413.0,2614.0,1370.0,430.0,65.24487964535551,77.07814390493068,64.21458852888702,41.199641290562205,16.63029274418995,43.91316649910001,39.91483760382836,71.3796705313486,57.200517170488546,95.7563325314662
2025-03-09 20:17:35.262667,503.0,479.0,388.0,2615.0,1373.0,432.0,65.24487964535551,77.07814390493068,64.21458852888702,41.199641290562205,16.63029274418995,43.91316649910001,39.91483760382836,71.3796705313486,57.200517170488546,95.7563325314662
2025-03-09 20:17:35.262667,495.0,477.0,476.0,2614.0,1372.0,433.0,65.24487964535551,77.07814390493068,64.21458852888702,41.199641290562205,16.63029274418995,43.91316649910001,39.91483760382836,71.3796705313486,57.200517170488546,95.7563325314662
2025-03-09 20:17:35.271000,496.0,486.0,482.0,2614.0,1371.0,434.0,65.16220024611229,76.89719923828457,64.19030019843272,41.23665931813836,16.599298336884456,43.92569960334724,39.819295899324736,71.25159675035249,57.12172099141453,95.76610996815371
2025-03-09 20:17:35.271000,493.0,479.0,478.0,2615.0,1367.0,432.0,65.16220024611229,76.89719923828457,64.19030019843272,41.23665931813836,16.599298336884456,43.92569960334724,39.819295899324736,71.25159675035249,57.12172099141453,95.76610996815371
2025-03-09 20:17:35.271000,492.0,480.0,495.0,2615.0,1365.0,434.0,65.16220024611229,76.89719923828457,64.19030019843272,41.23665931813836,16.599298336884456,43.92569960334724,39.819295899324736,71.25159675035249,57.12172099141453,95.76610996815371
2025-03-09 20:17:35.271000,496.0,477.0,486.0,2619.0,1374.0,434.0,65.16220024611229,76.89719923828457,64.19030019843272,41.23665931813836,16.599298336884456,43.92569960334724,39.819295899324736,71.25159675035249,57.12172099141453,95.76610996815371
2025-03-09 20:17:35.279333,491.0,482.0,539.0,2614.0,1370.0,434.0,65.06605745985256,76.72834950280598,64.15790757971169,41.27032943866643,16.566547090426383,43.93369306354399,39.72703019116339,71.13378068947793,57.05741338430057,95.75374568321777
2025-03-09 20:17:35.279333,487.0,476.0,496.0,2613.0,1371.0,435.0,65.06605745985256,76.72834950280598,64.15790757971169,41.27032943866643,16.566547090426383,43.93369306354399,39.72703019116339,71.13378068947793,57.05741338430057,95.75374568321777
2025-03-09 20:17:35.279333,493.0,479.0,511.0,2614.0,1371.0,435.0,65.06605745985256,76.72834950280598,64.15790757971169,41.27032943866643,16.566547090426383,43.93369306354399,39.72703019116339,71.13378068947793,57.05741338430057,95.75374568321777
2025-03-09 20:17:35.287667,481.0,473.0,461.0,2617.0,1366.0,433.0,64.95917538339613,76.57434862497094,64.1213856116869,41.30186059039741,16.5322189313905,43.93907455412606,39.635470474515564,71.02655541749253,57.0092330960921,95.72086741403682
2025-03-09 20:17:35.287667,480.0,478.0,437.0,2610.0,1367.0,434.0,64.95917538339613,76.57434862497094,64.1213856116869,41.30186059039741,16.5322189313905,43.93907455412606,39.635470474515564,71.02655541749253,57.0092330960921,95.72086741403682
2025-03-09 20:17:35.287667,479.0,478.0,505.0,2618.0,1368.0,432.0,64.95917538339613,76.57434862497094,64.1213856116869,41.30186059039741,16.5322189313905,43.93907455412606,39.635470474515564,71.02655541749253,57.0092330960921,95.72086741403682
2025-03-09 20:17:35.287667,481.0,481.0,473.0,2620.0,1370.0,434.0,64.95917538339613,76.57434862497094,64.1213856116869,41.30186059039741,16.5322189313905,43.93907455412606,39.635470474515564,71.02655541749253,57.0092330960921,95.72086741403682
2025-03-09 20:17:35.296000,482.0,474.0,440.0,2617.0,1369.0,433.0,64.84294044633242,76.43695936727849,64.0830991793956,41.333367153836015,16.49602500139108,43.94448920048887,39.541412327071654,70.92909211319629,56.978556635089646,95.6687780426295
2025-03-09 20:17:35.296000,479.0,473.0,437.0,2617.0,1369.0,432.0,64.84294044633242,76.43695936727849,64.0830991793956,41.333367153836015,16.49602500139108,43.94448920048887,39.541412327071654,70.92909211319629,56.978556635089646,95.6687780426295
2025-03-09 20:17:35.296000,474.0,470.0,441.0,2611.0,1367.0,434.0,64.84294044633242,76.43695936727849,64.0830991793956,41.333367153836015,16.49602500139108,43.94448920048887,39.541412327071654,70.92909211319629,56.978556635089646,95.6687780426295
2025-03-09 20:17:35.304333,474.0,470.0,458.0,2615.0,1362.0,433.0,64.72026137889837,76.31830507032403,64.04619415000033,41.36632261351556,16.457671561922695,43.951481405923424,39.44383872727829,70.84317772218819,56.96764162619671,95.59998705882134
2025-03-09 20:17:35.304333,475.0,478.0,447.0,2611.0,1364.0,432.0,64.72026137889837,76.31830507032403,64.04619415000033,41.36632261351556,16.457671561922695,43.951481405923424,39.44383872727829,70.84317772218819,56.96764162619671,95.59998705882134
2025-03-09 20:17:35.304333,470.0,475.0,416.0,2613.0,1360.0,432.0,64.72026137889837,76.31830507032403,64.04619415000033,41.36632261351556,16.457671561922695,43.951481405923424,39.44383872727829,70.84317772218819,56.96764162619671,95.59998705882134
2025-03-09 20:17:35.304333,471.0,473.0,447.0,2611.0,1363.0,432.0,64.72026137889837,76.31830507032403,64.04619415000033,41.36632261351556,16.457671561922695,43.951481405923424,39.44383872727829,70.84317772218819,56.96764162619671,95.59998705882134
2025-03-09 20:17:35.312667,474.0,475.0,423.0,2613.0,1361.0,433.0,64.59526645053764,76.2198242677173,64.01349935127513,41.39991790905587,16.415749249615867,43.958634841573364,39.344087651829305,70.77262346141632,56.97841018441556,95.51859166625788
2025-03-09 20:17:35.312667,469.0,471.0,418.0,2610.0,1363.0,432.0,64.59526645053764,76.2198242677173,64.01349935127513,41.39991790905587,16.415749249615867,43.958634841573364,39.344087651829305,70.77262346141632,56.97841018441556,95.51859166625788
2025-03-09 20:17:35.312667,470.0,480.0,390.0,2612.0,1363.0,432.0,64.59526645053764,76.2198242677173,64.01349935127513,41.39991790905587,16.415749249615867,43.958634841573364,39.344087651829305,70.77262346141632,56.97841018441556,95.51859166625788
2025-03-09 20:17:35.312667,467.0,480.0,381.0,2613.0,1361.0,432.0,64.59526645053764,76.2198242677173,64.01349935127513,41.39991790905587,16.415749249615867,43.958634841573364,39.344087651829305,70.77262346141632,56.97841018441556,95.51859166625788
2025-03-09 20:17:35.321000,464.0,474.0,400.0,2613.0,1361.0,432.0,64.47037278494503,76.14127999182304,63.98309375073658,41.431647613675445,16.367810332495733,43.96258109690927,39.245518307644005,70.72003686742947,57.01039830859603,95.42817227220682
2025-03-09 20:17:35.321000,468.0,477.0,420.0,2611.0,1360.0,432.0,64.47037278494503,76.14127999182304,63.98309375073658,41.431647613675445,16.367810332495733,43.96258109690927,39.245518307644005,70.72003686742947,57.01039830859603,95.42817227220682
2025-03-09 20:17:35.321000,465.0,474.0,501.0,2617.0,1360.0,435.0,64.47037278494503,76.14127999182304,63.98309375073658,41.431647613675445,16.367810332495733,43.96258109690927,39.245518307644005,70.72003686742947,57.01039830859603,95.42817227220682
2025-03-09 20:17:35.329333,466.0,480.0,501.0,2610.0,1362.0,433.0,64.34729424220416,76.08237992366632,63.950351980148376,41.45459232223564,16.318519480974604,43.958993302439055,39.156622582392544,70.6824549458755,57.05368814411898,95.33118133126162
2025-03-09 20:17:35.329333,467.0,467.0,455.0,2609.0,1363.0,433.0,64.34729424220416,76.08237992366632,63.950351980148376,41.45459232223564,16.318519480974604,43.958993302439055,39.156622582392544,70.6824549458755,57.05368814411898,95.33118133126162
2025-03-09 20:17:35.329333,464.0,479.0,448.0,2608.0,1363.0,433.0,64.34729424220416,76.08237992366632,63.950351980148376,41.45459232223564,16.318519480974604,43.958993302439055,39.156622582392544,70.6824549458755,57.05368814411898,95.33118133126162
2025-03-09 20:17:35.329333,464.0,475.0,495.0,2614.0,1365.0,438.0,64.34729424220416,76.08237992366632,63.950351980148376,41.45459232223564,16.318519480974604,43.958993302439055,39.156622582392544,70.6824549458755,57.05368814411898,95.33118133126162
2025-03-09 20:17:35.337667,463.0,467.0,368.0,2609.0,1370.0,444.0,64.22928507173746,76.04420694665583,63.9141883664204,41.46402782128476,16.276220777820853,43.94696124923925,39.08532577264063,70.65611581506639,57.09810019786551,95.2302731800046
2025-03-09 20:17:35.337667,464.0,473.0,390.0,2611.0,1370.0,447.0,64.22928507173746,76.04420694665583,63.9141883664204,41.46402782128476,16.276220777820853,43.94696124923925,39.08532577264063,70.65611581506639,57.09810019786551,95.2302731800046
2025-03-09 20:17:35.337667,463.0,477.0,368.0,2612.0,1371.0,446.0,64.22928507173746,76.04420694665583,63.9141883664204,41.46402782128476,16.276220777820853,43.94696124923925,39.08532577264063,70.65611581506639,57.09810019786551,95.2302731800046
2025-03-09 20:17:35.346000,463.0,470.0,384.0,2614.0,1371.0,446.0,64.11948913371151,76.02751195112664,63.87703249297976,41.46686620769811,16.24307674474681,43.93333969591907,39.03127640497773,70.6421454191433,57.146091928832085,95.12832666621821
2025-03-09 20:17:35.346000,461.0,465.0,384.0,2613.0,1371.0,447.0,64.11948913371151,76.02751195112664,63.87703249297976,41.46686620769811,16.24307674474681,43.93333969591907,39.03127640497773,70.6421454191433,57.146091928832085,95.12832666621821
2025-03-09 20:17:35.346000,461.0,478.0,384.0,2610.0,1374.0,450.0,64.11948913371151,76.02751195112664,63.87703249297976,41.46686620769811,16.24307674474681,43.93333969591907,39.03127640497773,70.6421454191433,57.146091928832085,95.12832666621821
2025-03-09 20:17:35.346000,466.0,479.0,352.0,2611.0,1378.0,450.0,64.11948913371151,76.02751195112664,63.87703249297976,41.46686620769811,16.24307674474681,43.93333969591907,39.03127640497773,70.6421454191433,57.146091928832085,95.12832666621821
2025-03-09 20:17:35.354333,461.0,478.0,373.0,2610.0,1373.0,450.0,64.01947755025343,76.03210518488824,63.84024029722432,41.46912815973199,16.218083952750053,43.92302171931528,38.99248750765793,70.64209577617171,57.201593182245325,95.02755276596217
2025-03-09 20:17:35.354333,456.0,475.0,370.0,2608.0,1380.0,463.0,64.01947755025343,76.03210518488824,63.84024029722432,41.46912815973199,16.218083952750053,43.92302171931528,38.99248750765793,70.64209577617171,57.201593182245325,95.02755276596217
2025-03-09 20:17:35.354333,457.0,474.0,385.0,2615.0,1385.0,460.0,64.01947755025343,76.03210518488824,63.84024029722432,41.46912815973199,16.218083952750053,43.92302171931528,38.99248750765793,70.64209577617171,57.201593182245325,95.02755276596217
2025-03-09 20:17:35.362667,454.0,474.0,433.0,2610.0,1381.0,464.0,63.92948817098738,76.0576480547459,63.80337951554148,41.46925920264737,16.199905343103808,43.91428095002394,38.968854988967664,70.65573953546082,57.26403428088817,94.92934414564569
2025-03-09 20:17:35.362667,458.0,473.0,465.0,2611.0,1381.0,464.0,63.92948817098738,76.0576480547459,63.80337951554148,41.46925920264737,16.199905343103808,43.91428095002394,38.968854988967664,70.65573953546082,57.26403428088817,94.92934414564569
2025-03-09 20:17:35.362667,456.0,480.0,452.0,2609.0,1383.0,464.0,63.92948817098738,76.0576480547459,63.80337951554148,41.46925920264737,16.199905343103808,43.91428095002394,38.968854988967664,70.65573953546082,57.26403428088817,94.92934414564569
2025-03-09 20:17:35.362667,459.0,470.0,467.0,2615.0,1382.0,462.0,63.92948817098738,76.0576480547459,63.80337951554148,41.46925920264737,16.199905343103808,43.91428095002394,38.968854988967664,70.65573953546082,57.26403428088817,94.92934414564569
2025-03-09 20:17:35.371000,455.0,478.0,411.0,2612.0,1383.0,466.0,63.85021693626839,76.10377082419845,63.76687491546122,41.465442011857526,16.18680891080874,43.90529773054662,38.959062943002436,70.68216652399802,57.33250273804129,94.83456217965592
2025-03-09 20:17:35.371000,462.0,474.0,473.0,2610.0,1377.0,465.0,63.85021693626839,76.10377082419845,63.76687491546122,41.465442011857526,16.18680891080874,43.90529773054662,38.959062943002436,70.68216652399802,57.33250273804129,94.83456217965592
2025-03-09 20:17:35.371000,463.0,482.0,530.0,2613.0,1379.0,466.0,63.85021693626839,76.10377082419845,63.76687491546122,41.465442011857526,16.18680891080874,43.90529773054662,38.959062943002436,70.68216652399802,57.33250273804129,94.83456217965592
2025-03-09 20:17:35.379333,456.0,469.0,593.0,2611.0,1381.0,466.0,63.78352161216532,76.16937240806756,63.730869589375565,41.458028730211865,16.178772778296175,43.89710752833779,38.961842236874766,70.71842667105115,57.40407589605935,94.74423442456926
2025-03-09 20:17:35.379333,458.0,475.0,506.0,2608.0,1376.0,464.0,63.78352161216532,76.16937240806756,63.730869589375565,41.458028730211865,16.178772778296175,43.89710752833779,38.961842236874766,70.71842667105115,57.40407589605935,94.74423442456926
2025-03-09 20:17:35.379333,457.0,478.0,537.0,2612.0,1375.0,465.0,63.78352161216532,76.16937240806756,63.730869589375565,41.458028730211865,16.178772778296175,43.89710752833779,38.961842236874766,70.71842667105115,57.40407589605935,94.74423442456926
2025-03-09 20:17:35.379333,461.0,479.0,493.0,2613.0,1375.0,465.0,63.78352161216532,76.16937240806756,63.730869589375565,41.458028730211865,16.178772778296175,43.89710752833779,38.961842236874766,70.71842667105115,57.40407589605935,94.74423442456926
2025-03-09 20:17:35.387667,458.0,477.0,475.0,2613.0,1378.0,468.0,63.73075862649454,76.25193259896986,63.69305980763346,41.44718916422427,16.176676817387953,43.89061147407901,38.978123109301166,70.76078174501188,57.47378645080076,94.6596410741196
2025-03-09 20:17:35.387667,459.0,479.0,446.0,2611.0,1374.0,464.0,63.73075862649454,76.25193259896986,63.69305980763346,41.44718916422427,16.176676817387953,43.89061147407901,38.978123109301166,70.76078174501188,57.47378645080076,94.6596410741196
2025-03-09 20:17:35.387667,464.0,464.0,499.0,2611.0,1369.0,464.0,63.73075862649454,76.25193259896986,63.69305980763346,41.44718916422427,16.176676817387953,43.89061147407901,38.978123109301166,70.76078174501188,57.47378645080076,94.6596410741196
2025-03-09 20:17:35.387667,463.0,467.0,550.0,2613.0,1363.0,464.0,63.73075862649454,76.25193259896986,63.69305980763346,41.44718916422427,16.176676817387953,43.89061147407901,38.978123109301166,70.76078174501188,57.47378645080076,94.6596410741196
2025-03-09 20:17:35.396000,461.0,467.0,528.0,2614.0,1363.0,463.0,63.692495923949465,76.34793156234667,63.65122794023853,41.43219693215699,16.181496576010467,43.885312496230966,39.00976624798062,70.8064592293587,57.53686296238169,94.58180712863191
2025-03-09 20:17:35.396000,460.0,471.0,481.0,2611.0,1362.0,462.0,63.692495923949465,76.34793156234667,63.65122794023853,41.43219693215699,16.181496576010467,43.885312496230966,39.00976624798062,70.8064592293587,57.53686296238169,94.58180712863191
2025-03-09 20:17:35.396000,462.0,475.0,471.0,2611.0,1369.0,460.0,63.692495923949465,76.34793156234667,63.65122794023853,41.43219693215699,16.181496576010467,43.885312496230966,39.00976624798062,70.8064592293587,57.53686296238169,94.58180712863191
2025-03-09 20:17:35.404333,463.0,474.0,511.0,2609.0,1363.0,462.0,63.66846809180092,76.45385704860534,63.60393262486463,41.414436505761095,16.194035508309046,43.882085947294804,39.0579638795513,70.85426543899798,57.59130944199425,94.51008496627048
2025-03-09 20:17:35.404333,462.0,471.0,529.0,2610.0,1361.0,458.0,63.66846809180092,76.45385704860534,63.60393262486463,41.414436505761095,16.194035508309046,43.882085947294804,39.0579638795513,70.85426543899798,57.59130944199425,94.51008496627048
2025-03-09 20:17:35.404333,466.0,470.0,477.0,2608.0,1358.0,453.0,63.66846809180092,76.45385704860534,63.60393262486463,41.414436505761095,16.194035508309046,43.882085947294804,39.0579638795513,70.85426543899798,57.59130944199425,94.51008496627048
2025-03-09 20:17:35.404333,464.0,473.0,439.0,2608.0,1354.0,449.0,63.66846809180092,76.45385704860534,63.60393262486463,41.414436505761095,16.194035508309046,43.882085947294804,39.0579638795513,70.85426543899798,57.59130944199425,94.51008496627048
2025-03-09 20:17:35.412667,465.0,467.0,496.0,2608.0,1354.0,449.0,63.65695549714131,76.56649324093787,63.5512717451438,41.39655311121088,16.21475518753628,43.88286987120848,39.12130942251196,70.90291505297611,57.637223588477525,94.44243753828032
2025-03-09 20:17:35.412667,464.0,471.0,505.0,2611.0,1352.0,451.0,63.65695549714131,76.56649324093787,63.5512717451438,41.39655311121088,16.21475518753628,43.88286987120848,39.12130942251196,70.90291505297611,57.637223588477525,94.44243753828032
2025-03-09 20:17:35.412667,467.0,470.0,494.0,2609.0,1351.0,450.0,63.65695549714131,76.56649324093787,63.5512717451438,41.39655311121088,16.21475518753628,43.88286987120848,39.12130942251196,70.90291505297611,57.637223588477525,94.44243753828032
2025-03-09 20:17:35.421000,471.0,470.0,473.0,2609.0,1354.0,451.0,63.65534651988711,76.68379053590328,63.49494804352588,41.38029288175488,16.243433058706678,43.888828813721375,39.19631740879814,70.95120185130072,57.67604967679589,94.37632409848334
2025-03-09 20:17:35.421000,467.0,473.0,483.0,2611.0,1355.0,449.0,63.65534651988711,76.68379053590328,63.49494804352588,41.38029288175488,16.243433058706678,43.888828813721375,39.19631740879814,70.95120185130072,57.67604967679589,94.37632409848334
2025-03-09 20:17:35.421000,469.0,471.0,451.0,2608.0,1354.0,448.0,63.65534651988711,76.68379053590328,63.49494804352588,41.38029288175488,16.243433058706678,43.888828813721375,39.19631740879814,70.95120185130072,57.67604967679589,94.37632409848334
2025-03-09 20:17:35.421000,480.0,471.0,486.0,2613.0,1344.0,442.0,63.65534651988711,76.68379053590328,63.49494804352588,41.38029288175488,16.243433058706678,43.888828813721375,39.19631740879814,70.95120185130072,57.67604967679589,94.37632409848334
2025-03-09 20:17:35.429333,481.0,469.0,486.0,2609.0,1344.0,435.0,63.66101970498813,76.80441370766023,63.43814048202005,41.3664652097696,16.27982915781288,43.90047511155756,39.27842879132929,70.99780676964855,57.70942575016167,94.30852517898099
2025-03-09 20:17:35.429333,486.0,477.0,490.0,2608.0,1344.0,443.0,63.66101970498813,76.80441370766023,63.43814048202005,41.3664652097696,16.27982915781288,43.90047511155756,39.27842879132929,70.99780676964855,57.70942575016167,94.30852517898099
2025-03-09 20:17:35.429333,486.0,473.0,486.0,2606.0,1344.0,443.0,63.66101970498813,76.80441370766023,63.43814048202005,41.3664652097696,16.27982915781288,43.90047511155756,39.27842879132929,70.99780676964855,57.70942575016167,94.30852517898099
2025-03-09 20:17:35.437667,482.0,475.0,487.0,2608.0,1344.0,438.0,63.67160740859244,76.92734649917678,63.38343100027686,41.35540427401435,16.322854209734263,43.917676943579316,39.36334343980626,71.04189422160192,57.739217165031604,94.23626837526005
2025-03-09 20:17:35.437667,490.0,474.0,490.0,2608.0,1342.0,441.0,63.67160740859244,76.92734649917678,63.38343100027686,41.35540427401435,16.322854209734263,43.917676943579316,39.36334343980626,71.04189422160192,57.739217165031604,94.23626837526005
2025-03-09 20:17:35.437667,488.0,469.0,486.0,2606.0,1341.0,436.0,63.67160740859244,76.92734649917678,63.38343100027686,41.35540427401435,16.322854209734263,43.917676943579316,39.36334343980626,71.04189422160192,57.739217165031604,94.23626837526005
2025-03-09 20:17:35.437667,502.0,473.0,476.0,2613.0,1338.0,433.0,63.67160740859244,76.92734649917678,63.38343100027686,41.35540427401435,16.322854209734263,43.917676943579316,39.36334343980626,71.04189422160192,57.739217165031604,94.23626837526005
2025-03-09 20:17:35.446000,501.0,467.0,478.0,2609.0,1335.0,434.0,63.68496906607441,77.05207592586767,63.33135571852849,41.346399810858074,16.37104249172239,43.93915361946382,39.44897861121666,71.08355422669199,57.76694950082322,94.1582298078792
2025-03-09 20:17:35.446000,497.0,470.0,480.0,2607.0,1335.0,434.0,63.68496906607441,77.05207592586767,63.33135571852849,41.346399810858074,16.37104249172239,43.93915361946382,39.44897861121666,71.08355422669199,57.76694950082322,94.1582298078792
2025-03-09 20:17:35.446000,501.0,471.0,473.0,2608.0,1337.0,433.0,63.68496906607441,77.05207592586767,63.33135571852849,41.346399810858074,16.37104249172239,43.93915361946382,39.44897861121666,71.08355422669199,57.76694950082322,94.1582298078792
2025-03-09 20:17:35.454333,506.0,470.0,482.0,2613.0,1337.0,432.0,63.69943257226429,77.17854178086289,63.281695043722415,41.3383113656095,16.42265558074409,43.962868966563896,39.53500925311505,71.12448077004584,57.79471544064763,94.07320627198875
2025-03-09 20:17:35.454333,507.0,467.0,481.0,2606.0,1335.0,432.0,63.69943257226429,77.17854178086289,63.281695043722415,41.3383113656095,16.42265558074409,43.962868966563896,39.53500925311505,71.12448077004584,57.79471544064763,94.07320627198875
2025-03-09 20:17:35.454333,502.0,473.0,480.0,2606.0,1335.0,433.0,63.69943257226429,77.17854178086289,63.281695043722415,41.3383113656095,16.42265558074409,43.962868966563896,39.53500925311505,71.12448077004584,57.79471544064763,94.07320627198875
2025-03-09 20:17:35.454333,505.0,471.0,478.0,2608.0,1338.0,432.0,63.69943257226429,77.17854178086289,63.281695043722415,41.3383113656095,16.42265558074409,43.962868966563896,39.53500925311505,71.12448077004584,57.79471544064763,94.07320627198875
2025-03-09 20:17:35.462667,528.0,472.0,477.0,2608.0,1334.0,429.0,63.71389280654778,77.30692668536015,63.232525490255824,41.330211236800054,16.475653760645606,43.98680331115384,39.6228480131892,71.16715278839499,57.82461020827772,93.98012533595214
2025-03-09 20:17:35.462667,528.0,473.0,478.0,2607.0,1330.0,431.0,63.71389280654778,77.30692668536015,63.232525490255824,41.330211236800054,16.475653760645606,43.98680331115384,39.6228480131892,71.16715278839499,57.82461020827772,93.98012533595214
2025-03-09 20:17:35.462667,529.0,478.0,481.0,2608.0,1332.0,432.0,63.71389280654778,77.30692668536015,63.232525490255824,41.330211236800054,16.475653760645606,43.98680331115384,39.6228480131892,71.16715278839499,57.82461020827772,93.98012533595214
2025-03-09 20:17:35.462667,529.0,470.0,475.0,2608.0,1331.0,432.0,63.71389280654778,77.30692668536015,63.232525490255824,41.330211236800054,16.475653760645606,43.98680331115384,39.6228480131892,71.16715278839499,57.82461020827772,93.98012533595214
2025-03-09 20:17:35.471000,530.0,469.0,481.0,2608.0,1335.0,432.0,63.727510228849475,77.43724603017934,63.18080425691647,41.32191850928685,16.52765685260758,44.00977365504032,39.713730194802885,71.21314918310443,57.858199202860604,93.87855639392158
2025-03-09 20:17:35.471000,530.0,475.0,481.0,2608.0,1332.0,432.0,63.727510228849475,77.43724603017934,63.18080425691647,41.32191850928685,16.52765685260758,44.00977365504032,39.713730194802885,71.21314918310443,57.858199202860604,93.87855639392158
2025-03-09 20:17:35.471000,530.0,466.0,479.0,2610.0,1335.0,431.0,63.727510228849475,77.43724603017934,63.18080425691647,41.32191850928685,16.52765685260758,44.00977365504032,39.713730194802885,71.21314918310443,57.858199202860604,93.87855639392158
2025-03-09 20:17:35.479333,542.0,477.0,479.0,2609.0,1331.0,431.0,63.73855020883017,77.56851053564489,63.12419090116745,41.312297570891346,16.577530223095057,44.03027773184913,39.80809518427742,71.26189065438668,57.89500159191043,93.76831239710367
2025-03-09 20:17:35.479333,551.0,470.0,479.0,2608.0,1330.0,429.0,63.73855020883017,77.56851053564489,63.12419090116745,41.312297570891346,16.577530223095057,44.03027773184913,39.80809518427742,71.26189065438668,57.89500159191043,93.76831239710367
2025-03-09 20:17:35.479333,555.0,476.0,471.0,2609.0,1329.0,431.0,63.73855020883017,77.56851053564489,63.12419090116745,41.312297570891346,16.577530223095057,44.03027773184913,39.80809518427742,71.26189065438668,57.89500159191043,93.76831239710367
2025-03-09 20:17:35.479333,549.0,476.0,480.0,2605.0,1330.0,427.0,63.73855020883017,77.56851053564489,63.12419090116745,41.312297570891346,16.577530223095057,44.03027773184913,39.80809518427742,71.26189065438668,57.89500159191043,93.76831239710367
2025-03-09 20:17:35.487667,554.0,475.0,475.0,2609.0,1331.0,431.0,63.74516959737662,77.69926580435688,63.061103398251724,41.299464818977036,16.625119395601295,44.04647367473041,39.90632691635822,71.31190612843879,57.93326868407368,93.65002046411583
2025-03-09 20:17:35.487667,554.0,477.0,477.0,2610.0,1330.0,429.0,63.74516959737662,77.69926580435688,63.061103398251724,41.299464818977036,16.625119395601295,44.04647367473041,39.90632691635822,71.31190612843879,57.93326868407368,93.65002046411583
2025-03-09 20:17:35.487667,554.0,469.0,482.0,2608.0,1329.0,426.0,63.74516959737662,77.69926580435688,63.061103398251724,41.299464818977036,16.625119395601295,44.04647367473041,39.90632691635822,71.31190612843879,57.93326868407368,93.65002046411583
2025-03-09 20:17:35.496000,558.0,475.0,483.0,2608.0,1329.0,427.0,63.74703411222751,77.82890124819998,62.99148004303726,41.282744544977476,16.67139090252131,44.05816392673206,40.00863096735702,71.36183004410982,57.97138517990191,93.52479920187446
2025-03-09 20:17:35.496000,573.0,478.0,476.0,2606.0,1330.0,426.0,63.74703411222751,77.82890124819998,62.99148004303726,41.282744544977476,16.67139090252131,44.05816392673206,40.00863096735702,71.36183004410982,57.97138517990191,93.52479920187446
2025-03-09 20:17:35.496000,576.0,471.0,466.0,2606.0,1331.0,426.0,63.74703411222751,77.82890124819998,62.99148004303726,41.282744544977476,16.67139090252131,44.05816392673206,40.00863096735702,71.36183004410982,57.97138517990191,93.52479920187446
2025-03-09 20:17:35.496000,577.0,481.0,475.0,2608.0,1328.0,423.0,63.74703411222751,77.82890124819998,62.99148004303726,41.282744544977476,16.67139090252131,44.05816392673206,40.00863096735702,71.36183004410982,57.97138517990191,93.52479920187446
2025-03-09 20:17:35.504333,576.0,473.0,467.0,2608.0,1331.0,426.0,63.74544306312175,77.95781609484136,62.919735433962614,41.262766876795354,16.71916005936728,44.06692925039972,40.11381412103522,71.41101950344438,58.00873262445137,93.39378748875468
2025-03-09 20:17:35.504333,576.0,476.0,477.0,2608.0,1330.0,426.0,63.74544306312175,77.95781609484136,62.919735433962614,41.262766876795354,16.71916005936728,44.06692925039972,40.11381412103522,71.41101950344438,58.00873262445137,93.39378748875468
2025-03-09 20:17:35.504333,582.0,475.0,470.0,2608.0,1329.0,422.0,63.74544306312175,77.95781609484136,62.919735433962614,41.262766876795354,16.71916005936728,44.06692925039972,40.11381412103522,71.41101950344438,58.00873262445137,93.39378748875468
2025-03-09 20:17:35.512667,583.0,474.0,479.0,2607.0,1331.0,426.0,63.74192344381301,78.0865502440601,62.85011022527977,41.240197029626,16.76859419346879,44.0733318009253,40.21992007337573,71.46071012362546,58.04681451486108,93.25858396854099
2025-03-09 20:17:35.512667,608.0,470.0,464.0,2602.0,1330.0,422.0,63.74192344381301,78.0865502440601,62.85011022527977,41.240197029626,16.76859419346879,44.0733318009253,40.21992007337573,71.46071012362546,58.04681451486108,93.25858396854099
2025-03-09 20:17:35.512667,606.0,477.0,463.0,2605.0,1332.0,425.0,63.74192344381301,78.0865502440601,62.85011022527977,41.240197029626,16.76859419346879,44.0733318009253,40.21992007337573,71.46071012362546,58.04681451486108,93.25858396854099
2025-03-09 20:17:35.512667,608.0,476.0,464.0,2608.0,1329.0,423.0,63.74192344381301,78.0865502440601,62.85011022527977,41.240197029626,16.76859419346879,44.0733318009253,40.21992007337573,71.46071012362546,58.04681451486108,93.25858396854099
2025-03-09 20:17:35.521000,610.0,479.0,465.0,2608.0,1333.0,426.0,63.736485981017005,78.21382502874825,62.781085424027765,41.21419561266263,16.817007853729223,44.07570372638216,40.326406271719485,71.51094197316395,58.085380291400796,93.1202837870401
2025-03-09 20:17:35.521000,613.0,477.0,463.0,2603.0,1332.0,423.0,63.736485981017005,78.21382502874825,62.781085424027765,41.21419561266263,16.817007853729223,44.07570372638216,40.326406271719485,71.51094197316395,58.085380291400796,93.1202837870401
2025-03-09 20:17:35.521000,614.0,480.0,464.0,2607.0,1333.0,421.0,63.736485981017005,78.21382502874825,62.781085424027765,41.21419561266263,16.817007853729223,44.07570372638216,40.326406271719485,71.51094197316395,58.085380291400796,93.1202837870401
2025-03-09 20:17:35.529333,619.0,474.0,464.0,2606.0,1333.0,423.0,63.72924686187896,78.33820209362797,62.70891698602862,41.18383063306782,16.862253582582657,44.072467185987534,40.43476697732745,71.56142959916814,58.12299014441307,92.97930434586152
2025-03-09 20:17:35.529333,617.0,469.0,463.0,2607.0,1329.0,423.0,63.72924686187896,78.33820209362797,62.70891698602862,41.18383063306782,16.862253582582657,44.072467185987534,40.43476697732745,71.56142959916814,58.12299014441307,92.97930434586152
2025-03-09 20:17:35.529333,642.0,469.0,469.0,2602.0,1330.0,422.0,63.72924686187896,78.33820209362797,62.70891698602862,41.18383063306782,16.862253582582657,44.072467185987534,40.43476697732745,71.56142959916814,58.12299014441307,92.97930434586152
2025-03-09 20:17:35.529333,640.0,473.0,466.0,2606.0,1328.0,419.0,63.72924686187896,78.33820209362797,62.70891698602862,41.18383063306782,16.862253582582657,44.072467185987534,40.43476697732745,71.56142959916814,58.12299014441307,92.97930434586152
2025-03-09 20:17:35.537667,643.0,479.0,469.0,2608.0,1330.0,421.0,63.7207603900612,78.45824088785284,62.63075422034845,41.1494473601558,16.902786555898157,44.06322445750374,40.546523110876166,71.61242474816483,58.15891388226032,92.83625849809012
2025-03-09 20:17:35.537667,652.0,478.0,467.0,2604.0,1330.0,419.0,63.7207603900612,78.45824088785284,62.63075422034845,41.1494473601558,16.902786555898157,44.06322445750374,40.546523110876166,71.61242474816483,58.15891388226032,92.83625849809012
2025-03-09 20:17:35.537667,652.0,475.0,467.0,2606.0,1334.0,422.0,63.7207603900612,78.45824088785284,62.63075422034845,41.1494473601558,16.902786555898157,44.06322445750374,40.546523110876166,71.61242474816483,58.15891388226032,92.83625849809012
2025-03-09 20:17:35.537667,651.0,478.0,469.0,2603.0,1330.0,420.0,63.7207603900612,78.45824088785284,62.63075422034845,41.1494473601558,16.902786555898157,44.06322445750374,40.546523110876166,71.61242474816483,58.15891388226032,92.83625849809012
2025-03-09 20:17:35.546000,649.0,478.0,467.0,2604.0,1330.0,423.0,63.711273847039244,78.57253360461571,62.54423792283579,41.11213017156069,16.937241524987915,44.04813818047486,40.663038670382875,71.66465338074246,58.19333531131823,92.69122218856275
2025-03-09 20:17:35.546000,682.0,484.0,438.0,2597.0,1329.0,417.0,63.711273847039244,78.57253360461571,62.54423792283579,41.11213017156069,16.937241524987915,44.04813818047486,40.663038670382875,71.66465338074246,58.19333531131823,92.69122218856275
2025-03-09 20:17:35.546000,678.0,478.0,431.0,2601.0,1333.0,422.0,63.711273847039244,78.57253360461571,62.54423792283579,41.11213017156069,16.937241524987915,44.04813818047486,40.663038670382875,71.66465338074246,58.19333531131823,92.69122218856275
2025-03-09 20:17:35.546000,688.0,477.0,435.0,2599.0,1331.0,419.0,63.711273847039244,78.57253360461571,62.54423792283579,41.11213017156069,16.937241524987915,44.04813818047486,40.663038670382875,71.66465338074246,58.19333531131823,92.69122218856275
2025-03-09 20:17:35.554333,688.0,476.0,427.0,2598.0,1328.0,418.0,63.69992591998027,78.68008000689089,62.44798509294768,41.07230378374648,16.964538155504165,44.02677618181,40.785105731600076,71.71905982560467,58.227167667063256,92.54314977709794
2025-03-09 20:17:35.554333,688.0,481.0,431.0,2599.0,1333.0,418.0,63.69992591998027,78.68008000689089,62.44798509294768,41.07230378374648,16.964538155504165,44.02677618181,40.785105731600076,71.71905982560467,58.227167667063256,92.54314977709794
2025-03-09 20:17:35.554333,693.0,482.0,455.0,2598.0,1328.0,419.0,63.69992591998027,78.68008000689089,62.44798509294768,41.07230378374648,16.964538155504165,44.02677618181,40.785105731600076,71.71905982560467,58.227167667063256,92.54314977709794
2025-03-09 20:17:35.562667,697.0,487.0,464.0,2596.0,1329.0,419.0,63.6856603638811,78.78017281174222,62.34017813695136,41.030354294041324,16.98432455501534,43.99918932821995,40.913537973423466,71.77548515275758,58.26052303986013,92.39102873016665
2025-03-09 20:17:35.562667,691.0,477.0,423.0,2605.0,1330.0,419.0,63.6856603638811,78.78017281174222,62.34017813695136,41.030354294041324,16.98432455501534,43.99918932821995,40.913537973423466,71.77548515275758,58.26052303986013,92.39102873016665
2025-03-09 20:17:35.562667,725.0,485.0,560.0,2595.0,1328.0,417.0,63.6856603638811,78.78017281174222,62.34017813695136,41.030354294041324,16.98432455501534,43.99918932821995,40.913537973423466,71.77548515275758,58.26052303986013,92.39102873016665
2025-03-09 20:17:35.571000,725.0,486.0,672.0,2591.0,1329.0,418.0,63.668585378071924,78.87197072919935,62.21927868739595,40.987692436081005,16.996430874100717,43.96670982310606,41.0484896770665,71.83287551266761,58.29282824383291,92.2342727130006
2025-03-09 20:17:35.571000,731.0,485.0,619.0,2595.0,1328.0,418.0,63.668585378071924,78.87197072919935,62.21927868739595,40.987692436081005,16.996430874100717,43.96670982310606,41.0484896770665,71.83287551266761,58.29282824383291,92.2342727130006
2025-03-09 20:17:35.571000,738.0,484.0,637.0,2592.0,1328.0,418.0,63.668585378071924,78.87197072919935,62.21927868739595,40.987692436081005,16.996430874100717,43.96670982310606,41.0484896770665,71.83287551266761,58.29282824383291,92.2342727130006
2025-03-09 20:17:35.571000,735.0,483.0,619.0,2591.0,1329.0,418.0,63.668585378071924,78.87197072919935,62.21927868739595,40.987692436081005,16.996430874100717,43.96670982310606,41.0484896770665,71.83287551266761,58.29282824383291,92.2342727130006
2025-03-09 20:17:35.579333,742.0,481.0,529.0,2593.0,1328.0,415.0,63.64918223489795,78.95465157967149,62.086009474728954,40.94664426267573,17.001820971760353,43.932258722378855,41.1878555266792,71.88851247901327,58.32290195353213,92.0726688952642
2025-03-09 20:17:35.579333,745.0,485.0,511.0,2589.0,1328.0,416.0,63.64918223489795,78.95465157967149,62.086009474728954,40.94664426267573,17.001820971760353,43.932258722378855,41.1878555266792,71.88851247901327,58.32290195353213,92.0726688952642
2025-03-09 20:17:35.579333,748.0,479.0,470.0,2594.0,1330.0,417.0,63.64918223489795,78.95465157967149,62.086009474728954,40.94664426267573,17.001820971760353,43.932258722378855,41.1878555266792,71.88851247901327,58.32290195353213,92.0726688952642
2025-03-09 20:17:35.587667,768.0,481.0,454.0,2591.0,1328.0,414.0,63.630052205172355,79.02980168413505,61.94326631779414,40.909739441848174,17.001482970038342,43.898964425628975,41.3297913904105,71.94228737357686,58.35158225089456,91.91008359734876
2025-03-09 20:17:35.587667,773.0,483.0,465.0,2583.0,1328.0,413.0,63.630052205172355,79.02980168413505,61.94326631779414,40.909739441848174,17.001482970038342,43.898964425628975,41.3297913904105,71.94228737357686,58.35158225089456,91.91008359734876
2025-03-09 20:17:35.587667,773.0,487.0,480.0,2593.0,1328.0,412.0,63.630052205172355,79.02980168413505,61.94326631779414,40.909739441848174,17.001482970038342,43.898964425628975,41.3297913904105,71.94228737357686,58.35158225089456,91.91008359734876
2025-03-09 20:17:35.587667,771.0,489.0,473.0,2590.0,1328.0,414.0,63.630052205172355,79.02980168413505,61.94326631779414,40.909739441848174,17.001482970038342,43.898964425628975,41.3297913904105,71.94228737357686,58.35158225089456,91.91008359734876
2025-03-09 20:17:35.596000,775.0,493.0,464.0,2590.0,1328.0,411.0,63.622415850940875,79.10352762205098,61.7930219668565,40.878121048597755,16.996278896295408,43.868455509241905,41.48030223855722,72.0012579392916,58.37991378211146,91.76287178008742
2025-03-09 20:17:35.596000,782.0,482.0,433.0,2593.0,1328.0,410.0,63.622415850940875,79.10352762205098,61.7930219668565,40.878121048597755,16.996278896295408,43.868455509241905,41.48030223855722,72.0012579392916,58.37991378211146,91.76287178008742
2025-03-09 20:17:35.596000,782.0,483.0,423.0,2592.0,1328.0,411.0,63.622415850940875,79.10352762205098,61.7930219668565,40.878121048597755,16.996278896295408,43.868455509241905,41.48030223855722,72.0012579392916,58.37991378211146,91.76287178008742
2025-03-09 20:17:35.596000,795.0,485.0,419.0,2583.0,1326.0,405.0,63.622415850940875,79.10352762205098,61.7930219668565,40.878121048597755,16.996278896295408,43.868455509241905,41.48030223855722,72.0012579392916,58.37991378211146,91.76287178008742
2025-03-09 20:17:35.604333,791.0,490.0,426.0,2583.0,1327.0,407.0,63.63860045050226,79.18127752011326,61.636977892026344,40.85299852639176,16.98751490668174,43.842271056370485,41.64688876476747,72.07322190369604,58.40800693009302,91.64727749989227
2025-03-09 20:17:35.604333,791.0,493.0,429.0,2583.0,1329.0,406.0,63.63860045050226,79.18127752011326,61.636977892026344,40.85299852639176,16.98751490668174,43.842271056370485,41.64688876476747,72.07322190369604,58.40800693009302,91.64727749989227
2025-03-09 20:17:35.604333,796.0,485.0,426.0,2585.0,1326.0,404.0,63.63860045050226,79.18127752011326,61.636977892026344,40.85299852639176,16.98751490668174,43.842271056370485,41.64688876476747,72.07322190369604,58.40800693009302,91.64727749989227
2025-03-09 20:17:35.604333,797.0,489.0,400.0,2583.0,1328.0,404.0,63.63860045050226,79.18127752011326,61.636977892026344,40.85299852639176,16.98751490668174,43.842271056370485,41.64688876476747,72.07322190369604,58.40800693009302,91.64727749989227
2025-03-09 20:17:35.612667,798.0,482.0,405.0,2559.0,1326.0,405.0,63.677139019770344,79.26134719881858,61.47504510679706,40.832958144677505,16.975868789565162,43.81914428479685,41.82936680002761,72.15686318825198,58.43383208637287,91.56041388558431
2025-03-09 20:17:35.612667,800.0,490.0,426.0,2559.0,1328.0,403.0,63.677139019770344,79.26134719881858,61.47504510679706,40.832958144677505,16.975868789565162,43.81914428479685,41.82936680002761,72.15686318825198,58.43383208637287,91.56041388558431
2025-03-09 20:17:35.612667,797.0,495.0,421.0,2585.0,1327.0,405.0,63.677139019770344,79.26134719881858,61.47504510679706,40.832958144677505,16.975868789565162,43.81914428479685,41.82936680002761,72.15686318825198,58.43383208637287,91.56041388558431
2025-03-09 20:17:35.621000,809.0,493.0,397.0,2559.0,1326.0,400.0,63.73079746178872,79.34143798628773,61.308416171335516,40.813396841416896,16.960601209417973,43.79434954948656,42.02363983062725,72.24947734416213,58.45684542347203,91.49348487157745
2025-03-09 20:17:35.621000,807.0,483.0,389.0,2559.0,1324.0,399.0,63.73079746178872,79.34143798628773,61.308416171335516,40.813396841416896,16.960601209417973,43.79434954948656,42.02363983062725,72.24947734416213,58.45684542347203,91.49348487157745
2025-03-09 20:17:35.621000,812.0,493.0,393.0,2559.0,1325.0,400.0,63.73079746178872,79.34143798628773,61.308416171335516,40.813396841416896,16.960601209417973,43.79434954948656,42.02363983062725,72.24947734416213,58.45684542347203,91.49348487157745
2025-03-09 20:17:35.621000,813.0,486.0,392.0,2559.0,1322.0,399.0,63.73079746178872,79.34143798628773,61.308416171335516,40.813396841416896,16.960601209417973,43.79434954948656,42.02363983062725,72.24947734416213,58.45684542347203,91.49348487157745
2025-03-09 20:17:35.629333,811.0,491.0,394.0,2559.0,1325.0,399.0,63.795973027449605,79.42122299390148,61.138472827393215,40.791934754605435,16.942397942298555,43.76594865138759,42.227569885924474,72.34949421928447,58.476650353437456,91.44070582370793
2025-03-09 20:17:35.629333,811.0,493.0,395.0,2559.0,1323.0,400.0,63.795973027449605,79.42122299390148,61.138472827393215,40.791934754605435,16.942397942298555,43.76594865138759,42.227569885924474,72.34949421928447,58.476650353437456,91.44070582370793
2025-03-09 20:17:35.629333,815.0,485.0,389.0,2559.0,1326.0,396.0,63.795973027449605,79.42122299390148,61.138472827393215,40.791934754605435,16.942397942298555,43.76594865138759,42.227569885924474,72.34949421928447,58.476650353437456,91.44070582370793
2025-03-09 20:17:35.629333,814.0,496.0,385.0,2559.0,1323.0,394.0,63.795973027449605,79.42122299390148,61.138472827393215,40.791934754605435,16.942397942298555,43.76594865138759,42.227569885924474,72.34949421928447,58.476650353437456,91.44070582370793
2025-03-09 20:17:35.637667,815.0,490.0,382.0,2559.0,1325.0,393.0,63.86982791961535,79.49913094111152,60.963667893736904,40.7685670711387,16.92336613061823,43.73492950485007,42.440642426590465,72.45290470989863,58.4905644384986,91.39492567658645
2025-03-09 20:17:35.637667,812.0,496.0,386.0,2559.0,1322.0,391.0,63.86982791961535,79.49913094111152,60.963667893736904,40.7685670711387,16.92336613061823,43.73492950485007,42.440642426590465,72.45290470989863,58.4905644384986,91.39492567658645
2025-03-09 20:17:35.646000,815.0,493.0,389.0,2559.0,1319.0,391.0,63.950364839072975,79.57455817349955,60.78500160811963,40.7441069496828,16.904827832028758,43.70270477599414,42.66063399206759,72.55727456676023,58.498135718010374,91.3495511545973
2025-03-09 20:17:35.646000,810.0,493.0,386.0,2559.0,1319.0,387.0,63.950364839072975,79.57455817349955,60.78500160811963,40.7441069496828,16.904827832028758,43.70270477599414,42.66063399206759,72.55727456676023,58.498135718010374,91.3495511545973
2025-03-09 20:17:35.646000,813.0,495.0,381.0,2559.0,1322.0,393.0,63.950364839072975,79.57455817349955,60.78500160811963,40.7441069496828,16.904827832028758,43.70270477599414,42.66063399206759,72.55727456676023,58.498135718010374,91.3495511545973
2025-03-09 20:17:35.646000,816.0,491.0,390.0,2559.0,1318.0,389.0,63.950364839072975,79.57455817349955,60.78500160811963,40.7441069496828,16.904827832028758,43.70270477599414,42.66063399206759,72.55727456676023,58.498135718010374,91.3495511545973
2025-03-09 20:17:35.646000,815.0,498.0,389.0,2559.0,1322.0,391.0,63.950364839072975,79.57455817349955,60.78500160811963,40.7441069496828,16.904827832028758,43.70270477599414,42.66063399206759,72.55727456676023,58.498135718010374,91.3495511545973
2025-03-09 20:17:35.654333,816.0,496.0,383.0,2559.0,1315.0,385.0,64.03558175719357,79.64813481072389,60.604791801405966,40.7185865611831,16.887020738219494,43.66950052441966,42.88468731515702,72.66201816702946,58.50091037329344,91.29884804828531
2025-03-09 20:17:35.654333,817.0,493.0,384.0,2559.0,1315.0,387.0,64.03558175719357,79.64813481072389,60.604791801405966,40.7185865611831,16.887020738219494,43.66950052441966,42.88468731515702,72.66201816702946,58.50091037329344,91.29884804828531
2025-03-09 20:17:35.654333,816.0,496.0,387.0,2559.0,1318.0,385.0,64.03558175719357,79.64813481072389,60.604791801405966,40.7185865611831,16.887020738219494,43.66950052441966,42.88468731515702,72.66201816702946,58.50091037329344,91.29884804828531
2025-03-09 20:17:35.662667,819.0,498.0,386.0,2559.0,1315.0,384.0,64.12135835975329,79.720528666489,60.42553010736901,40.68998683428129,16.86988627236202,43.63353650691348,43.10929874774166,72.76619627677913,58.5006123235321,91.2368954509238
2025-03-09 20:17:35.662667,818.0,496.0,384.0,2559.0,1315.0,384.0,64.12135835975329,79.720528666489,60.42553010736901,40.68998683428129,16.86988627236202,43.63353650691348,43.10929874774166,72.76619627677913,58.5006123235321,91.2368954509238
2025-03-09 20:17:35.662667,818.0,496.0,384.0,2559.0,1315.0,384.0,64.12135835975329,79.720528666489,60.42553010736901,40.68998683428129,16.86988627236202,43.63353650691348,43.10929874774166,72.76619627677913,58.5006123235321,91.2368954509238
2025-03-09 20:17:35.662667,821.0,499.0,385.0,2559.0,1317.0,384.0,64.12135835975329,79.720528666489,60.42553010736901,40.68998683428129,16.86988627236202,43.63353650691348,43.10929874774166,72.76619627677913,58.5006123235321,91.2368954509238
2025-03-09 20:17:35.671000,832.0,499.0,382.0,2559.0,1318.0,377.0,64.20369174991919,79.79181880677365,60.25128896655815,40.65665124215448,16.853186067783763,43.59312848407389,43.32986851539249,72.86915712697265,58.49934314283981,91.15954664502561
2025-03-09 20:17:35.671000,832.0,503.0,386.0,2559.0,1315.0,374.0,64.20369174991919,79.79181880677365,60.25128896655815,40.65665124215448,16.853186067783763,43.59312848407389,43.32986851539249,72.86915712697265,58.49934314283981,91.15954664502561
2025-03-09 20:17:35.671000,837.0,497.0,384.0,2559.0,1317.0,378.0,64.20369174991919,79.79181880677365,60.25128896655815,40.65665124215448,16.853186067783763,43.59312848407389,43.32986851539249,72.86915712697265,58.49934314283981,91.15954664502561
2025-03-09 20:17:35.679333,837.0,505.0,386.0,2559.0,1317.0,379.0,64.28048080358757,79.86178134685024,60.0858821437626,40.61805792044082,16.837023421953614,43.54778243704416,43.54260988429023,72.97030541353894,58.49832277296913,91.0669480683934
2025-03-09 20:17:35.679333,838.0,496.0,384.0,2559.0,1321.0,379.0,64.28048080358757,79.86178134685024,60.0858821437626,40.61805792044082,16.837023421953614,43.54778243704416,43.54260988429023,72.97030541353894,58.49832277296913,91.0669480683934
2025-03-09 20:17:35.679333,834.0,502.0,385.0,2559.0,1318.0,375.0,64.28048080358757,79.86178134685024,60.0858821437626,40.61805792044082,16.837023421953614,43.54778243704416,43.54260988429023,72.97030541353894,58.49832277296913,91.0669480683934
2025-03-09 20:17:35.679333,835.0,498.0,381.0,2559.0,1317.0,374.0,64.28048080358757,79.86178134685024,60.0858821437626,40.61805792044082,16.837023421953614,43.54778243704416,43.54260988429023,72.97030541353894,58.49832277296913,91.0669480683934
2025-03-09 20:17:35.687667,837.0,500.0,385.0,2559.0,1317.0,371.0,64.35139914534437,79.93088287983981,59.93119713065884,40.57897380819394,16.82062593192473,43.501557921562515,43.74446497776669,73.0702829648333,58.50186162770045,90.96203227011928
2025-03-09 20:17:35.687667,835.0,502.0,384.0,2558.0,1317.0,368.0,64.35139914534437,79.93088287983981,59.93119713065884,40.57897380819394,16.82062593192473,43.501557921562515,43.74446497776669,73.0702829648333,58.50186162770045,90.96203227011928
2025-03-09 20:17:35.687667,836.0,506.0,382.0,2557.0,1318.0,368.0,64.35139914534437,79.93088287983981,59.93119713065884,40.57897380819394,16.82062593192473,43.501557921562515,43.74446497776669,73.0702829648333,58.50186162770045,90.96203227011928
2025-03-09 20:17:35.687667,838.0,503.0,389.0,2559.0,1321.0,368.0,64.35139914534437,79.93088287983981,59.93119713065884,40.57897380819394,16.82062593192473,43.501557921562515,43.74446497776669,73.0702829648333,58.50186162770045,90.96203227011928
2025-03-09 20:17:35.696000,836.0,502.0,384.0,2558.0,1319.0,368.0,64.41758027113151,79.99984125716453,59.784969980347725,40.54350417141045,16.804507021687776,43.4584772031061,43.93706850655709,73.16934029504459,58.511622267049766,90.847925908028
2025-03-09 20:17:35.696000,841.0,506.0,385.0,2559.0,1317.0,368.0,64.41758027113151,79.99984125716453,59.784969980347725,40.54350417141045,16.804507021687776,43.4584772031061,43.93706850655709,73.16934029504459,58.511622267049766,90.847925908028
2025-03-09 20:17:35.696000,848.0,502.0,385.0,2551.0,1315.0,368.0,64.41758027113151,79.99984125716453,59.784969980347725,40.54350417141045,16.804507021687776,43.4584772031061,43.93706850655709,73.16934029504459,58.511622267049766,90.847925908028
2025-03-09 20:17:35.704333,834.0,506.0,386.0,2559.0,1315.0,368.0,64.479142897758,80.06915114908502,59.6444865387813,40.504451724201004,16.79274925783543,43.413655547490805,44.12629455923501,73.26530356711946,58.52016698825154,90.72748565047735
2025-03-09 20:17:35.704333,833.0,509.0,382.0,2555.0,1317.0,362.0,64.479142897758,80.06915114908502,59.6444865387813,40.504451724201004,16.79274925783543,43.413655547490805,44.12629455923501,73.26530356711946,58.52016698825154,90.72748565047735
2025-03-09 20:17:35.704333,832.0,506.0,386.0,2550.0,1318.0,363.0,64.479142897758,80.06915114908502,59.6444865387813,40.504451724201004,16.79274925783543,43.413655547490805,44.12629455923501,73.26530356711946,58.52016698825154,90.72748565047735
2025-03-09 20:17:35.704333,837.0,506.0,390.0,2551.0,1315.0,362.0,64.479142897758,80.06915114908502,59.6444865387813,40.504451724201004,16.79274925783543,43.413655547490805,44.12629455923501,73.26530356711946,58.52016698825154,90.72748565047735
2025-03-09 20:17:35.712667,834.0,501.0,385.0,2555.0,1317.0,362.0,64.5338351256248,80.13887287538273,59.51375040303868,40.45568172961927,16.788393742154597,43.362620408652376,44.311035015500906,73.35618674329689,58.52369723117438,90.60275907703081
2025-03-09 20:17:35.712667,831.0,507.0,381.0,2553.0,1317.0,363.0,64.5338351256248,80.13887287538273,59.51375040303868,40.45568172961927,16.788393742154597,43.362620408652376,44.311035015500906,73.35618674329689,58.52369723117438,90.60275907703081
2025-03-09 20:17:35.712667,834.0,510.0,384.0,2553.0,1316.0,362.0,64.5338351256248,80.13887287538273,59.51375040303868,40.45568172961927,16.788393742154597,43.362620408652376,44.311035015500906,73.35618674329689,58.52369723117438,90.60275907703081
2025-03-09 20:17:35.721000,830.0,505.0,381.0,2554.0,1314.0,357.0,64.58106252067304,80.20856629232779,59.39642650106075,40.40111454279319,16.788818150838296,43.30800052153336,44.485543109488404,73.4427352794956,58.526829071807015,90.4756076940438
2025-03-09 20:17:35.721000,832.0,502.0,388.0,2552.0,1314.0,357.0,64.58106252067304,80.20856629232779,59.39642650106075,40.40111454279319,16.788818150838296,43.30800052153336,44.485543109488404,73.4427352794956,58.526829071807015,90.4756076940438
2025-03-09 20:17:35.721000,831.0,510.0,384.0,2555.0,1314.0,353.0,64.58106252067304,80.20856629232779,59.39642650106075,40.40111454279319,16.788818150838296,43.30800052153336,44.485543109488404,73.4427352794956,58.526829071807015,90.4756076940438
2025-03-09 20:17:35.721000,829.0,504.0,385.0,2551.0,1315.0,353.0,64.58106252067304,80.20856629232779,59.39642650106075,40.40111454279319,16.788818150838296,43.30800052153336,44.485543109488404,73.4427352794956,58.526829071807015,90.4756076940438
2025-03-09 20:17:35.729333,830.0,510.0,387.0,2551.0,1317.0,352.0,64.62251560729871,80.2765653523464,59.28796094020547,40.34717412594558,16.789299309429666,43.253952684767576,44.64944427681072,73.52616970358807,58.53316494400228,90.34748270188412
2025-03-09 20:17:35.729333,832.0,511.0,387.0,2548.0,1313.0,352.0,64.62251560729871,80.2765653523464,59.28796094020547,40.34717412594558,16.789299309429666,43.253952684767576,44.64944427681072,73.52616970358807,58.53316494400228,90.34748270188412
2025-03-09 20:17:35.729333,830.0,508.0,384.0,2554.0,1313.0,353.0,64.62251560729871,80.2765653523464,59.28796094020547,40.34717412594558,16.789299309429666,43.253952684767576,44.64944427681072,73.52616970358807,58.53316494400228,90.34748270188412
2025-03-09 20:17:35.737667,829.0,510.0,382.0,2550.0,1315.0,350.0,64.65969430024869,80.3401818806634,59.18133208733953,40.29571559013761,16.788497035561573,43.20172975057391,44.8066261741767,73.6050947451194,58.539837763635745,90.2190665627447
2025-03-09 20:17:35.737667,830.0,507.0,387.0,2551.0,1314.0,352.0,64.65969430024869,80.3401818806634,59.18133208733953,40.29571559013761,16.788497035561573,43.20172975057391,44.8066261741767,73.6050947451194,58.539837763635745,90.2190665627447
2025-03-09 20:17:35.737667,836.0,511.0,381.0,2544.0,1313.0,351.0,64.65969430024869,80.3401818806634,59.18133208733953,40.29571559013761,16.788497035561573,43.20172975057391,44.8066261741767,73.6050947451194,58.539837763635745,90.2190665627447
2025-03-09 20:17:35.737667,839.0,506.0,390.0,2544.0,1312.0,348.0,64.65969430024869,80.3401818806634,59.18133208733953,40.29571559013761,16.788497035561573,43.20172975057391,44.8066261741767,73.6050947451194,58.539837763635745,90.2190665627447
2025-03-09 20:17:35.746000,839.0,511.0,384.0,2549.0,1314.0,346.0,64.69397812889213,80.3973366868451,59.07150623766134,40.244949124763664,16.788088055615567,43.15046515351645,44.961752812838895,73.67685185474994,58.540607477746185,90.09102731298299
2025-03-09 20:17:35.746000,841.0,510.0,391.0,2546.0,1315.0,345.0,64.69397812889213,80.3973366868451,59.07150623766134,40.244949124763664,16.788088055615567,43.15046515351645,44.961752812838895,73.67685185474994,58.540607477746185,90.09102731298299
2025-03-09 20:17:35.746000,846.0,511.0,385.0,2544.0,1314.0,347.0,64.69397812889213,80.3973366868451,59.07150623766134,40.244949124763664,16.788088055615567,43.15046515351645,44.961752812838895,73.67685185474994,58.540607477746185,90.09102731298299
2025-03-09 20:17:35.746000,842.0,523.0,382.0,2544.0,1313.0,347.0,64.69397812889213,80.3973366868451,59.07150623766134,40.244949124763664,16.788088055615567,43.15046515351645,44.961752812838895,73.67685185474994,58.540607477746185,90.09102731298299
2025-03-09 20:17:35.754333,844.0,511.0,391.0,2547.0,1313.0,345.0,64.72667604244626,80.44757467495812,58.95620148670364,40.19142903670875,16.789209757421467,43.09744292966278,45.11848363223224,73.74093955749977,58.53105953630131,89.96351964451611
2025-03-09 20:17:35.754333,847.0,509.0,384.0,2544.0,1315.0,346.0,64.72667604244626,80.44757467495812,58.95620148670364,40.19142903670875,16.789209757421467,43.09744292966278,45.11848363223224,73.74093955749977,58.53105953630131,89.96351964451611
2025-03-09 20:17:35.754333,865.0,528.0,384.0,2544.0,1312.0,339.0,64.72667604244626,80.44757467495812,58.95620148670364,40.19142903670875,16.789209757421467,43.09744292966278,45.11848363223224,73.74093955749977,58.53105953630131,89.96351964451611
2025-03-09 20:17:35.762667,866.0,511.0,384.0,2546.0,1311.0,339.0,64.75874963567811,80.4915098928531,58.834442718596854,40.13256791379749,16.790694418141648,43.03958472061254,45.27918381108292,73.79981249416622,58.510908778489345,89.83593076692146
2025-03-09 20:17:35.762667,864.0,525.0,382.0,2541.0,1313.0,344.0,64.75874963567811,80.4915098928531,58.834442718596854,40.13256791379749,16.790694418141648,43.03958472061254,45.27918381108292,73.79981249416622,58.510908778489345,89.83593076692146
2025-03-09 20:17:35.762667,874.0,511.0,386.0,2544.0,1312.0,345.0,64.75874963567811,80.4915098928531,58.834442718596854,40.13256791379749,16.790694418141648,43.03958472061254,45.27918381108292,73.79981249416622,58.510908778489345,89.83593076692146
2025-03-09 20:17:35.762667,875.0,528.0,384.0,2544.0,1313.0,337.0,64.75874963567811,80.4915098928531,58.834442718596854,40.13256791379749,16.790694418141648,43.03958472061254,45.27918381108292,73.79981249416622,58.510908778489345,89.83593076692146
2025-03-09 20:17:35.771000,879.0,528.0,384.0,2546.0,1313.0,343.0,64.79083225549034,80.52944644867696,58.70536502461049,40.07065915989416,16.789889615149505,42.97763458392231,45.44407743854442,73.85648032964086,58.4838380457514,89.70661498361261
2025-03-09 20:17:35.771000,876.0,528.0,384.0,2544.0,1313.0,337.0,64.79083225549034,80.52944644867696,58.70536502461049,40.07065915989416,16.789889615149505,42.97763458392231,45.44407743854442,73.85648032964086,58.4838380457514,89.70661498361261
2025-03-09 20:17:35.771000,891.0,534.0,385.0,2542.0,1311.0,333.0,64.79083225549034,80.52944644867696,58.70536502461049,40.07065915989416,16.789889615149505,42.97763458392231,45.44407743854442,73.85648032964086,58.4838380457514,89.70661498361261
2025-03-09 20:17:35.779333,894.0,528.0,379.0,2544.0,1308.0,337.0,64.82382599994845,80.5623402480573,58.56842160597354,40.00865480986341,16.78548092077442,42.913585112396994,45.61359113138253,73.91330681197147,58.453324857991305,89.57325747268216
2025-03-09 20:17:35.779333,891.0,533.0,385.0,2541.0,1312.0,337.0,64.82382599994845,80.5623402480573,58.56842160597354,40.00865480986341,16.78548092077442,42.913585112396994,45.61359113138253,73.91330681197147,58.453324857991305,89.57325747268216
2025-03-09 20:17:35.779333,895.0,533.0,391.0,2543.0,1312.0,336.0,64.82382599994845,80.5623402480573,58.56842160597354,40.00865480986341,16.78548092077442,42.913585112396994,45.61359113138253,73.91330681197147,58.453324857991305,89.57325747268216
2025-03-09 20:17:35.779333,896.0,529.0,387.0,2544.0,1312.0,336.0,64.82382599994845,80.5623402480573,58.56842160597354,40.00865480986341,16.78548092077442,42.913585112396994,45.61359113138253,73.91330681197147,58.453324857991305,89.57325747268216
2025-03-09 20:17:35.787667,898.0,529.0,388.0,2544.0,1312.0,334.0,64.85798841472263,80.59128362294362,58.42241691417568,39.947637189569114,16.777582573859384,42.84844216062887,45.789091360441056,73.97117181520076,58.42076612447357,89.43332038409072
2025-03-09 20:17:35.787667,901.0,533.0,392.0,2544.0,1313.0,339.0,64.85798841472263,80.59128362294362,58.42241691417568,39.947637189569114,16.777582573859384,42.84844216062887,45.789091360441056,73.97117181520076,58.42076612447357,89.43332038409072
2025-03-09 20:17:35.787667,897.0,533.0,386.0,2541.0,1313.0,339.0,64.85798841472263,80.59128362294362,58.42241691417568,39.947637189569114,16.777582573859384,42.84844216062887,45.789091360441056,73.97117181520076,58.42076612447357,89.43332038409072
2025-03-09 20:17:35.796000,911.0,535.0,382.0,2540.0,1313.0,334.0,64.89198048216198,80.61675641103679,58.26661335355829,39.88793802563452,16.766579370984807,42.782556437590664,45.9711427327575,74.03009268247352,58.38736790563797,89.28373201054775
2025-03-09 20:17:35.796000,912.0,534.0,387.0,2544.0,1313.0,335.0,64.89198048216198,80.61675641103679,58.26661335355829,39.88793802563452,16.766579370984807,42.782556437590664,45.9711427327575,74.03009268247352,58.38736790563797,89.28373201054775
2025-03-09 20:17:35.796000,912.0,540.0,384.0,2541.0,1310.0,336.0,64.89198048216198,80.61675641103679,58.26661335355829,39.88793802563452,16.766579370984807,42.782556437590664,45.9711427327575,74.03009268247352,58.38736790563797,89.28373201054775
2025-03-09 20:17:35.796000,910.0,534.0,389.0,2544.0,1314.0,333.0,64.89198048216198,80.61675641103679,58.26661335355829,39.88793802563452,16.766579370984807,42.782556437590664,45.9711427327575,74.03009268247352,58.38736790563797,89.28373201054775
2025-03-09 20:17:35.804333,910.0,541.0,385.0,2544.0,1314.0,339.0,64.92398528744455,80.63856966972794,58.10214536034698,39.831556749735995,16.75344199664821,42.71822907933463,46.1575921881358,74.08838046021506,58.35449286790827,89.12122347537087
2025-03-09 20:17:35.804333,912.0,540.0,389.0,2544.0,1313.0,336.0,64.92398528744455,80.63856966972794,58.10214536034698,39.831556749735995,16.75344199664821,42.71822907933463,46.1575921881358,74.08838046021506,58.35449286790827,89.12122347537087
2025-03-09 20:17:35.804333,915.0,536.0,385.0,2543.0,1314.0,334.0,64.92398528744455,80.63856966972794,58.10214536034698,39.831556749735995,16.75344199664821,42.71822907933463,46.1575921881358,74.08838046021506,58.35449286790827,89.12122347537087
2025-03-09 20:17:35.812667,923.0,546.0,383.0,2544.0,1311.0,333.0,64.95285071590845,80.65605766728655,57.93057524696756,39.78228687913692,16.73874438196536,42.6595236161597,46.3446356397303,74.14340623055101,58.32364662420813,88.94286723062109
2025-03-09 20:17:35.812667,928.0,539.0,382.0,2539.0,1310.0,336.0,64.95285071590845,80.65605766728655,57.93057524696756,39.78228687913692,16.73874438196536,42.6595236161597,46.3446356397303,74.14340623055101,58.32364662420813,88.94286723062109
2025-03-09 20:17:35.812667,929.0,545.0,390.0,2541.0,1313.0,328.0,64.95285071590845,80.65605766728655,57.93057524696756,39.78228687913692,16.73874438196536,42.6595236161597,46.3446356397303,74.14340623055101,58.32364662420813,88.94286723062109
2025-03-09 20:17:35.812667,928.0,545.0,390.0,2543.0,1312.0,334.0,64.95285071590845,80.65605766728655,57.93057524696756,39.78228687913692,16.73874438196536,42.6595236161597,46.3446356397303,74.14340623055101,58.32364662420813,88.94286723062109
2025-03-09 20:17:35.821000,931.0,541.0,390.0,2538.0,1311.0,333.0,64.97878454838768,80.66896891177961,57.75164964522147,39.74079149767348,16.72245119909686,42.607352454549265,46.53141804195097,74.19389730616847,58.29436767009691,88.75043184608944
2025-03-09 20:17:35.821000,931.0,547.0,385.0,2539.0,1311.0,333.0,64.97878454838768,80.66896891177961,57.75164964522147,39.74079149767348,16.72245119909686,42.607352454549265,46.53141804195097,74.19389730616847,58.29436767009691,88.75043184608944
2025-03-09 20:17:35.821000,932.0,544.0,379.0,2541.0,1311.0,336.0,64.97878454838768,80.66896891177961,57.75164964522147,39.74079149767348,16.72245119909686,42.607352454549265,46.53141804195097,74.19389730616847,58.29436767009691,88.75043184608944
2025-03-09 20:17:35.829333,937.0,543.0,386.0,2544.0,1310.0,331.0,65.00342891052155,80.67848026692006,57.56485823163577,39.70536007840296,16.70446420081391,42.560209427248346,46.71976561694765,74.24106856539629,58.26585889678814,88.5496452572434
2025-03-09 20:17:35.829333,940.0,551.0,394.0,2541.0,1310.0,327.0,65.00342891052155,80.67848026692006,57.56485823163577,39.70536007840296,16.70446420081391,42.560209427248346,46.71976561694765,74.24106856539629,58.26585889678814,88.5496452572434
2025-03-09 20:17:35.829333,943.0,554.0,387.0,2543.0,1310.0,329.0,65.00342891052155,80.67848026692006,57.56485823163577,39.70536007840296,16.70446420081391,42.560209427248346,46.71976561694765,74.24106856539629,58.26585889678814,88.5496452572434
2025-03-09 20:17:35.829333,944.0,555.0,385.0,2542.0,1310.0,330.0,65.00342891052155,80.67848026692006,57.56485823163577,39.70536007840296,16.70446420081391,42.560209427248346,46.71976561694765,74.24106856539629,58.26585889678814,88.5496452572434
2025-03-09 20:17:35.837667,944.0,549.0,374.0,2539.0,1311.0,329.0,65.02867499897661,80.68682954713611,57.371496014236435,39.674206973395755,16.685164238427102,42.51641003342106,46.91167976197666,74.28787111967814,58.23872555420001,88.34192555972568
2025-03-09 20:17:35.837667,941.0,553.0,369.0,2542.0,1308.0,330.0,65.02867499897661,80.68682954713611,57.371496014236435,39.674206973395755,16.685164238427102,42.51641003342106,46.91167976197666,74.28787111967814,58.23872555420001,88.34192555972568
2025-03-09 20:17:35.837667,944.0,548.0,368.0,2542.0,1309.0,330.0,65.02867499897661,80.68682954713611,57.371496014236435,39.674206973395755,16.685164238427102,42.51641003342106,46.91167976197666,74.28787111967814,58.23872555420001,88.34192555972568
2025-03-09 20:17:35.837667,947.0,553.0,391.0,2537.0,1310.0,326.0,65.02867499897661,80.68682954713611,57.371496014236435,39.674206973395755,16.685164238427102,42.51641003342106,46.91167976197666,74.28787111967814,58.23872555420001,88.34192555972568
2025-03-09 20:17:35.846000,944.0,555.0,374.0,2532.0,1306.0,322.0,65.0548579912151,80.69640191728112,57.17523569044035,39.64542465294743,16.665243403071983,42.474283814078795,47.1067752608175,74.33673766765259,58.21463128914314,88.12775847112606
2025-03-09 20:17:35.846000,944.0,558.0,374.0,2539.0,1311.0,327.0,65.0548579912151,80.69640191728112,57.17523569044035,39.64542465294743,16.665243403071983,42.474283814078795,47.1067752608175,74.33673766765259,58.21463128914314,88.12775847112606
2025-03-09 20:17:35.846000,944.0,554.0,365.0,2534.0,1309.0,325.0,65.0548579912151,80.69640191728112,57.17523569044035,39.64542465294743,16.665243403071983,42.474283814078795,47.1067752608175,74.33673766765259,58.21463128914314,88.12775847112606
2025-03-09 20:17:35.854333,943.0,551.0,367.0,2533.0,1313.0,330.0,65.080355699207,80.70872705844128,56.97990369096911,39.61755620100659,16.645360670563967,42.43279316829774,47.30254727402493,74.38797137840653,58.19532822047426,87.90982623488122
2025-03-09 20:17:35.854333,944.0,557.0,359.0,2537.0,1310.0,323.0,65.080355699207,80.70872705844128,56.97990369096911,39.61755620100659,16.645360670563967,42.43279316829774,47.30254727402493,74.38797137840653,58.19532822047426,87.90982623488122
2025-03-09 20:17:35.854333,943.0,556.0,362.0,2532.0,1307.0,322.0,65.080355699207,80.70872705844128,56.97990369096911,39.61755620100659,16.645360670563967,42.43279316829774,47.30254727402493,74.38797137840653,58.19532822047426,87.90982623488122
2025-03-09 20:17:35.854333,947.0,558.0,359.0,2539.0,1311.0,324.0,65.080355699207,80.70872705844128,56.97990369096911,39.61755620100659,16.645360670563967,42.43279316829774,47.30254727402493,74.38797137840653,58.19532822047426,87.90982623488122
2025-03-09 20:17:35.862667,943.0,553.0,357.0,2537.0,1309.0,324.0,65.10327939821757,80.72318989164319,56.786430941829565,39.58959387881433,16.625872693366965,42.39132441136824,47.497159383606736,74.43972484901816,58.180255883711,87.68908643116038
2025-03-09 20:17:35.862667,944.0,560.0,381.0,2532.0,1317.0,324.0,65.10327939821757,80.72318989164319,56.786430941829565,39.58959387881433,16.625872693366965,42.39132441136824,47.497159383606736,74.43972484901816,58.180255883711,87.68908643116038
2025-03-09 20:17:35.862667,944.0,560.0,379.0,2535.0,1317.0,320.0,65.10327939821757,80.72318989164319,56.786430941829565,39.58959387881433,16.625872693366965,42.39132441136824,47.497159383606736,74.43972484901816,58.180255883711,87.68908643116038
2025-03-09 20:17:35.871000,944.0,560.0,391.0,2537.0,1321.0,330.0,65.1229215520418,80.73948021338454,56.59359231302845,39.56088316391129,16.606960535064253,42.349631317426464,47.69070206238253,74.49040001944299,58.16836017523407,87.4657317462638
2025-03-09 20:17:35.871000,943.0,560.0,400.0,2537.0,1315.0,320.0,65.1229215520418,80.73948021338454,56.59359231302845,39.56088316391129,16.606960535064253,42.349631317426464,47.69070206238253,74.49040001944299,58.16836017523407,87.4657317462638
2025-03-09 20:17:35.871000,940.0,562.0,399.0,2537.0,1317.0,319.0,65.1229215520418,80.73948021338454,56.59359231302845,39.56088316391129,16.606960535064253,42.349631317426464,47.69070206238253,74.49040001944299,58.16836017523407,87.4657317462638
2025-03-09 20:17:35.871000,944.0,556.0,395.0,2535.0,1317.0,320.0,65.1229215520418,80.73948021338454,56.59359231302845,39.56088316391129,16.606960535064253,42.349631317426464,47.69070206238253,74.49040001944299,58.16836017523407,87.4657317462638
2025-03-09 20:17:35.879333,941.0,555.0,402.0,2533.0,1317.0,325.0,65.13896091441191,80.75685549340437,56.39943944829404,39.530541421156265,16.588673748446084,42.30726211827246,47.88368274017123,74.53807064236864,58.15767331149937,87.23891375099701
2025-03-09 20:17:35.879333,945.0,567.0,391.0,2535.0,1325.0,320.0,65.13896091441191,80.75685549340437,56.39943944829404,39.530541421156265,16.588673748446084,42.30726211827246,47.88368274017123,74.53807064236864,58.15767331149937,87.23891375099701
2025-03-09 20:17:35.879333,944.0,562.0,400.0,2534.0,1326.0,311.0,65.13896091441191,80.75685549340437,56.39943944829404,39.530541421156265,16.588673748446084,42.30726211827246,47.88368274017123,74.53807064236864,58.15767331149937,87.23891375099701
2025-03-09 20:17:35.887667,944.0,560.0,400.0,2534.0,1323.0,318.0,65.14992164147674,80.77295544874912,56.20440038936512,39.49729648922442,16.570867864255394,42.263115406029016,48.07405567013583,74.58016521082723,58.14574264701319,87.00857470247946
2025-03-09 20:17:35.887667,943.0,570.0,400.0,2535.0,1325.0,320.0,65.14992164147674,80.77295544874912,56.20440038936512,39.49729648922442,16.570867864255394,42.263115406029016,48.07405567013583,74.58016521082723,58.14574264701319,87.00857470247946
2025-03-09 20:17:35.887667,949.0,561.0,400.0,2534.0,1328.0,314.0,65.14992164147674,80.77295544874912,56.20440038936512,39.49729648922442,16.570867864255394,42.263115406029016,48.07405567013583,74.58016521082723,58.14574264701319,87.00857470247946
2025-03-09 20:17:35.887667,944.0,569.0,410.0,2531.0,1325.0,315.0,65.14992164147674,80.77295544874912,56.20440038936512,39.49729648922442,16.570867864255394,42.263115406029016,48.07405567013583,74.58016521082723,58.14574264701319,87.00857470247946
2025-03-09 20:17:35.896000,948.0,563.0,406.0,2534.0,1327.0,322.0,65.15422764941098,80.7854734508029,56.01040155052968,39.46204649864984,16.55300071065258,42.217253202899364,48.25965073038692,74.61663282378956,58.13323526552005,86.77561414068163
2025-03-09 20:17:35.896000,946.0,564.0,400.0,2534.0,1327.0,322.0,65.15422764941098,80.7854734508029,56.01040155052968,39.46204649864984,16.55300071065258,42.217253202899364,48.25965073038692,74.61663282378956,58.13323526552005,86.77561414068163
2025-03-09 20:17:35.896000,957.0,573.0,449.0,2531.0,1333.0,311.0,65.15422764941098,80.7854734508029,56.01040155052968,39.46204649864984,16.55300071065258,42.217253202899364,48.25965073038692,74.61663282378956,58.13323526552005,86.77561414068163
2025-03-09 20:17:35.896000,959.0,570.0,459.0,2529.0,1332.0,318.0,65.15422764941098,80.7854734508029,56.01040155052968,39.46204649864984,16.55300071065258,42.217253202899364,48.25965073038692,74.61663282378956,58.13323526552005,86.77561414068163
2025-03-09 20:17:35.904333,955.0,562.0,464.0,2528.0,1332.0,311.0,65.15233858006923,80.79361086530587,55.81920188629263,39.42699615169792,16.53417685496055,42.17073252764343,48.43962066762186,74.64962979673665,58.122359520587835,86.54046209680615
2025-03-09 20:17:35.904333,951.0,569.0,481.0,2531.0,1337.0,311.0,65.15233858006923,80.79361086530587,55.81920188629263,39.42699615169792,16.53417685496055,42.17073252764343,48.43962066762186,74.64962979673665,58.122359520587835,86.54046209680615
2025-03-09 20:17:35.904333,959.0,571.0,481.0,2528.0,1335.0,311.0,65.15233858006923,80.79361086530587,55.81920188629263,39.42699615169792,16.53417685496055,42.17073252764343,48.43962066762186,74.64962979673665,58.122359520587835,86.54046209680615
2025-03-09 20:17:35.912667,960.0,573.0,481.0,2532.0,1333.0,311.0,65.14557724402897,80.79835129802518,55.63292331300504,39.39140811924505,16.513334830091754,42.12220943968971,48.61358659071419,74.68195210307091,58.114307802919306,86.3032128315163
2025-03-09 20:17:35.912667,957.0,571.0,500.0,2530.0,1335.0,313.0,65.14557724402897,80.79835129802518,55.63292331300504,39.39140811924505,16.513334830091754,42.12220943968971,48.61358659071419,74.68195210307091,58.114307802919306,86.3032128315163
2025-03-09 20:17:35.912667,960.0,573.0,525.0,2529.0,1338.0,313.0,65.14557724402897,80.79835129802518,55.63292331300504,39.39140811924505,16.513334830091754,42.12220943968971,48.61358659071419,74.68195210307091,58.114307802919306,86.3032128315163
2025-03-09 20:17:35.912667,977.0,576.0,468.0,2527.0,1346.0,311.0,65.14557724402897,80.79835129802518,55.63292331300504,39.39140811924505,16.513334830091754,42.12220943968971,48.61358659071419,74.68195210307091,58.114307802919306,86.3032128315163
2025-03-09 20:17:35.921000,980.0,579.0,464.0,2527.0,1344.0,320.0,65.13387051259596,80.80107575109677,55.454891513468205,39.354076180010736,16.490675200099094,42.070510081124134,48.780174831609045,74.71519376452889,58.11030531832673,86.06448921805764
2025-03-09 20:17:35.921000,979.0,576.0,450.0,2525.0,1347.0,309.0,65.13387051259596,80.80107575109677,55.454891513468205,39.354076180010736,16.490675200099094,42.070510081124134,48.780174831609045,74.71519376452889,58.11030531832673,86.06448921805764
2025-03-09 20:17:35.921000,977.0,576.0,455.0,2527.0,1346.0,310.0,65.13387051259596,80.80107575109677,55.454891513468205,39.354076180010736,16.490675200099094,42.070510081124134,48.780174831609045,74.71519376452889,58.11030531832673,86.06448921805764
2025-03-09 20:17:35.929333,983.0,579.0,459.0,2526.0,1347.0,309.0,65.11718452748948,80.80244727471126,55.286819140517686,39.31510806394825,16.4676879210518,42.01641735580923,48.938597319900964,74.74870303717155,58.110103593115866,85.82583890264196
2025-03-09 20:17:35.929333,985.0,574.0,447.0,2528.0,1348.0,309.0,65.11718452748948,80.80244727471126,55.286819140517686,39.31510806394825,16.4676879210518,42.01641735580923,48.938597319900964,74.74870303717155,58.110103593115866,85.82583890264196
2025-03-09 20:17:35.929333,986.0,577.0,453.0,2524.0,1346.0,306.0,65.11718452748948,80.80244727471126,55.286819140517686,39.31510806394825,16.4676879210518,42.01641735580923,48.938597319900964,74.74870303717155,58.110103593115866,85.82583890264196
2025-03-09 20:17:35.929333,1002.0,579.0,432.0,2524.0,1358.0,305.0,65.11718452748948,80.80244727471126,55.286819140517686,39.31510806394825,16.4676879210518,42.01641735580923,48.938597319900964,74.74870303717155,58.110103593115866,85.82583890264196
2025-03-09 20:17:35.937667,1005.0,581.0,432.0,2528.0,1360.0,325.0,65.09765942870649,80.80281264708857,55.127119387504685,39.27522714664819,16.445407256499134,41.96160829868899,49.08974763489954,74.78072497973774,58.11122922322732,85.58878900269346
2025-03-09 20:17:35.937667,1004.0,581.0,422.0,2525.0,1359.0,322.0,65.09765942870649,80.80281264708857,55.127119387504685,39.27522714664819,16.445407256499134,41.96160829868899,49.08974763489954,74.78072497973774,58.11122922322732,85.58878900269346
2025-03-09 20:17:35.937667,1005.0,589.0,420.0,2528.0,1358.0,301.0,65.09765942870649,80.80281264708857,55.127119387504685,39.27522714664819,16.445407256499134,41.96160829868899,49.08974763489954,74.78072497973774,58.11122922322732,85.58878900269346
2025-03-09 20:17:35.946000,1006.0,587.0,433.0,2519.0,1360.0,307.0,65.07711767004055,80.80167693057322,54.97286680140295,39.23659485657678,16.423926818437216,41.90862899629243,49.23461160486601,74.80949776348226,58.112092516494336,85.35365778247608
2025-03-09 20:17:35.946000,1007.0,582.0,444.0,2527.0,1360.0,304.0,65.07711767004055,80.80167693057322,54.97286680140295,39.23659485657678,16.423926818437216,41.90862899629243,49.23461160486601,74.80949776348226,58.112092516494336,85.35365778247608
2025-03-09 20:17:35.946000,1006.0,592.0,422.0,2526.0,1360.0,311.0,65.07711767004055,80.80167693057322,54.97286680140295,39.23659485657678,16.423926818437216,41.90862899629243,49.23461160486601,74.80949776348226,58.112092516494336,85.35365778247608
2025-03-09 20:17:35.946000,1020.0,591.0,414.0,2519.0,1371.0,304.0,65.07711767004055,80.80167693057322,54.97286680140295,39.23659485657678,16.423926818437216,41.90862899629243,49.23461160486601,74.80949776348226,58.112092516494336,85.35365778247608
2025-03-09 20:17:35.954333,1016.0,594.0,422.0,2515.0,1370.0,304.0,65.05626265111543,80.7981304660417,54.821124780996605,39.200464872532834,16.402855168772405,41.858659489917734,49.37450547443152,74.83404770414717,58.11169218373942,85.12088241253562
2025-03-09 20:17:35.954333,1015.0,592.0,423.0,2515.0,1369.0,311.0,65.05626265111543,80.7981304660417,54.821124780996605,39.200464872532834,16.402855168772405,41.858659489917734,49.37450547443152,74.83404770414717,58.11169218373942,85.12088241253562
2025-03-09 20:17:35.954333,1017.0,591.0,428.0,2517.0,1371.0,304.0,65.05626265111543,80.7981304660417,54.821124780996605,39.200464872532834,16.402855168772405,41.858659489917734,49.37450547443152,74.83404770414717,58.11169218373942,85.12088241253562
2025-03-09 20:17:35.962667,1020.0,592.0,448.0,2523.0,1376.0,294.0,65.0355171854791,80.79170412637804,54.66964074511755,39.16702477747247,16.38195825506776,41.811723998265535,49.511241109293046,74.85441245971778,58.109375475454854,84.89151570342918
2025-03-09 20:17:35.962667,1019.0,592.0,469.0,2527.0,1378.0,301.0,65.0355171854791,80.79170412637804,54.66964074511755,39.16702477747247,16.38195825506776,41.811723998265535,49.511241109293046,74.85441245971778,58.109375475454854,84.89151570342918
2025-03-09 20:17:35.962667,1022.0,592.0,474.0,2522.0,1380.0,307.0,65.0355171854791,80.79170412637804,54.66964074511755,39.16702477747247,16.38195825506776,41.811723998265535,49.511241109293046,74.85441245971778,58.109375475454854,84.89151570342918
2025-03-09 20:17:35.962667,1035.0,594.0,409.0,2517.0,1387.0,304.0,65.0355171854791,80.79170412637804,54.66964074511755,39.16702477747247,16.38195825506776,41.811723998265535,49.511241109293046,74.85441245971778,58.109375475454854,84.89151570342918
2025-03-09 20:17:35.971000,1036.0,598.0,430.0,2515.0,1383.0,299.0,65.01412384221757,80.78175740473957,54.51728107962784,39.136720996340784,16.360663561096704,41.76782036346808,49.64534672729965,74.87076743520873,58.105813834997655,84.66581112177332
2025-03-09 20:17:35.971000,1022.0,593.0,435.0,2522.0,1383.0,304.0,65.01412384221757,80.78175740473957,54.51728107962784,39.136720996340784,16.360663561096704,41.76782036346808,49.64534672729965,74.87076743520873,58.105813834997655,84.66581112177332
2025-03-09 20:17:35.971000,1034.0,592.0,447.0,2519.0,1385.0,304.0,65.01412384221757,80.78175740473957,54.51728107962784,39.136720996340784,16.360663561096704,41.76782036346808,49.64534672729965,74.87076743520873,58.105813834997655,84.66581112177332
2025-03-09 20:17:35.979333,1035.0,592.0,451.0,2519.0,1383.0,303.0,64.99036330865269,80.76750480731076,54.36381751665233,39.11098763631872,16.337959101375233,41.72764424154449,49.775905943065986,74.8832314804039,58.10328549339628,84.44341961487088
2025-03-09 20:17:35.979333,1031.0,599.0,433.0,2519.0,1387.0,303.0,64.99036330865269,80.76750480731076,54.36381751665233,39.11098763631872,16.337959101375233,41.72764424154449,49.775905943065986,74.8832314804039,58.10328549339628,84.44341961487088
2025-03-09 20:17:35.979333,1037.0,599.0,421.0,2518.0,1388.0,303.0,64.99036330865269,80.76750480731076,54.36381751665233,39.11098763631872,16.337959101375233,41.72764424154449,49.775905943065986,74.8832314804039,58.10328549339628,84.44341961487088
2025-03-09 20:17:35.987667,1045.0,602.0,441.0,2514.0,1395.0,300.0,64.96330555992455,80.74920959264442,54.210848067681965,39.089831065934035,16.31430537169192,41.69132993051041,49.901774848676716,74.89168125901776,58.10267188842612,84.22486097901177
2025-03-09 20:17:35.987667,1056.0,606.0,441.0,2514.0,1396.0,301.0,64.96330555992455,80.74920959264442,54.210848067681965,39.089831065934035,16.31430537169192,41.69132993051041,49.901774848676716,74.89168125901776,58.10267188842612,84.22486097901177
2025-03-09 20:17:35.987667,1057.0,609.0,445.0,2519.0,1397.0,303.0,64.96330555992455,80.74920959264442,54.210848067681965,39.089831065934035,16.31430537169192,41.69132993051041,49.901774848676716,74.89168125901776,58.10267188842612,84.22486097901177
2025-03-09 20:17:35.987667,1059.0,608.0,442.0,2519.0,1398.0,298.0,64.96330555992455,80.74920959264442,54.210848067681965,39.089831065934035,16.31430537169192,41.69132993051041,49.901774848676716,74.89168125901776,58.10267188842612,84.22486097901177
2025-03-09 20:17:35.996000,1059.0,604.0,448.0,2515.0,1395.0,301.0,64.93300115958421,80.72804141362349,54.05946389864286,39.06950948713952,16.290935701332565,41.656031787542524,50.02372386507804,74.89612712665249,58.10185341070202,84.01149006837169
2025-03-09 20:17:35.996000,1057.0,608.0,443.0,2517.0,1395.0,299.0,64.93300115958421,80.72804141362349,54.05946389864286,39.06950948713952,16.290935701332565,41.656031787542524,50.02372386507804,74.89612712665249,58.10185341070202,84.01149006837169
2025-03-09 20:17:35.996000,1063.0,613.0,437.0,2515.0,1402.0,302.0,64.93300115958421,80.72804141362349,54.05946389864286,39.06950948713952,16.290935701332565,41.656031787542524,50.02372386507804,74.89612712665249,58.10185341070202,84.01149006837169
2025-03-09 20:17:35.996000,1075.0,612.0,464.0,2512.0,1406.0,295.0,64.93300115958421,80.72804141362349,54.05946389864286,39.06950948713952,16.290935701332565,41.656031787542524,50.02372386507804,74.89612712665249,58.10185341070202,84.01149006837169
2025-03-09 20:17:36.004333,1073.0,615.0,476.0,2517.0,1405.0,299.0,64.89873470902425,80.704022155217,53.908836719952156,39.04718309068424,16.268076403795504,41.61948711085777,50.14228260609258,74.89542374677039,58.098805910309984,83.80374716070757
2025-03-09 20:17:36.004333,1074.0,612.0,474.0,2516.0,1407.0,298.0,64.89873470902425,80.704022155217,53.908836719952156,39.04718309068424,16.268076403795504,41.61948711085777,50.14228260609258,74.89542374677039,58.098805910309984,83.80374716070757
2025-03-09 20:17:36.004333,1074.0,615.0,449.0,2519.0,1408.0,294.0,64.89873470902425,80.704022155217,53.908836719952156,39.04718309068424,16.268076403795504,41.61948711085777,50.14228260609258,74.89542374677039,58.098805910309984,83.80374716070757
2025-03-09 20:17:36.012667,1078.0,614.0,442.0,2512.0,1408.0,297.0,64.8611626268661,80.6783654800532,53.760296614350345,39.022114377806545,16.24519592814697,41.581135998385356,50.25626822113929,74.8900663593975,58.09394645232338,83.60285471750505
2025-03-09 20:17:36.012667,1082.0,618.0,437.0,2521.0,1410.0,297.0,64.8611626268661,80.6783654800532,53.760296614350345,39.022114377806545,16.24519592814697,41.581135998385356,50.25626822113929,74.8900663593975,58.09394645232338,83.60285471750505
2025-03-09 20:17:36.012667,1082.0,620.0,444.0,2514.0,1408.0,297.0,64.8611626268661,80.6783654800532,53.760296614350345,39.022114377806545,16.24519592814697,41.581135998385356,50.25626822113929,74.8900663593975,58.09394645232338,83.60285471750505
2025-03-09 20:17:36.021000,1093.0,624.0,491.0,2514.0,1413.0,294.0,64.82120236878998,80.65119234916666,53.61588426928105,38.9942508138512,16.221967579290844,41.54090160782325,50.36388247871964,74.88048758172803,58.086915654544605,83.40960231512227
2025-03-09 20:17:36.021000,1088.0,621.0,497.0,2516.0,1414.0,294.0,64.82120236878998,80.65119234916666,53.61588426928105,38.9942508138512,16.221967579290844,41.54090160782325,50.36388247871964,74.88048758172803,58.086915654544605,83.40960231512227
2025-03-09 20:17:36.021000,1100.0,624.0,497.0,2515.0,1415.0,295.0,64.82120236878998,80.65119234916666,53.61588426928105,38.9942508138512,16.221967579290844,41.54090160782325,50.36388247871964,74.88048758172803,58.086915654544605,83.40960231512227
2025-03-09 20:17:36.021000,1098.0,624.0,511.0,2514.0,1417.0,294.0,64.82120236878998,80.65119234916666,53.61588426928105,38.9942508138512,16.221967579290844,41.54090160782325,50.36388247871964,74.88048758172803,58.086915654544605,83.40960231512227
2025-03-09 20:17:36.029333,1097.0,621.0,587.0,2514.0,1414.0,294.0,64.77770438712095,80.6189148837304,53.47636068426078,38.964679785616696,16.198086850380747,41.49885519183814,50.46382985363838,74.86650588634691,58.07646056490911,83.2229551941965
2025-03-09 20:17:36.029333,1095.0,624.0,559.0,2513.0,1418.0,295.0,64.77770438712095,80.6189148837304,53.47636068426078,38.964679785616696,16.198086850380747,41.49885519183814,50.46382985363838,74.86650588634691,58.07646056490911,83.2229551941965
2025-03-09 20:17:36.029333,1103.0,629.0,571.0,2512.0,1418.0,293.0,64.77770438712095,80.6189148837304,53.47636068426078,38.964679785616696,16.198086850380747,41.49885519183814,50.46382985363838,74.86650588634691,58.07646056490911,83.2229551941965
2025-03-09 20:17:36.029333,1115.0,636.0,377.0,2515.0,1411.0,293.0,64.77770438712095,80.6189148837304,53.47636068426078,38.964679785616696,16.198086850380747,41.49885519183814,50.46382985363838,74.86650588634691,58.07646056490911,83.2229551941965
2025-03-09 20:17:36.037667,1118.0,637.0,397.0,2514.0,1414.0,291.0,64.7300126211609,80.57896873426208,53.34199605209553,38.933977976756985,16.17307161701509,41.4545472736187,50.55586465895445,74.84890233283431,58.0618327567032,83.0418096368807
2025-03-09 20:17:36.037667,1123.0,638.0,493.0,2513.0,1415.0,290.0,64.7300126211609,80.57896873426208,53.34199605209553,38.933977976756985,16.17307161701509,41.4545472736187,50.55586465895445,74.84890233283431,58.0618327567032,83.0418096368807
2025-03-09 20:17:36.037667,1121.0,639.0,528.0,2512.0,1415.0,293.0,64.7300126211609,80.57896873426208,53.34199605209553,38.933977976756985,16.17307161701509,41.4545472736187,50.55586465895445,74.84890233283431,58.0618327567032,83.0418096368807
2025-03-09 20:17:36.046000,1129.0,635.0,528.0,2512.0,1415.0,290.0,64.67863401983065,80.53148906123006,53.21351185716897,38.901546746375615,16.14679598042417,41.40712541945597,50.640157704343935,74.82894204009749,58.04276910090327,82.8665800387392
2025-03-09 20:17:36.046000,1129.0,639.0,541.0,2512.0,1418.0,291.0,64.67863401983065,80.53148906123006,53.21351185716897,38.901546746375615,16.14679598042417,41.40712541945597,50.640157704343935,74.82894204009749,58.04276910090327,82.8665800387392
2025-03-09 20:17:36.046000,1132.0,637.0,529.0,2513.0,1410.0,292.0,64.67863401983065,80.53148906123006,53.21351185716897,38.901546746375615,16.14679598042417,41.40712541945597,50.640157704343935,74.82894204009749,58.04276910090327,82.8665800387392
2025-03-09 20:17:36.054333,1133.0,642.0,509.0,2515.0,1417.0,293.0,64.62418472188396,80.47729264313028,53.0923111939,38.86607960308856,16.119543134794462,41.3552582755272,50.716947051642784,74.8081894432443,58.01896718431938,82.69817724104419
2025-03-09 20:17:36.054333,1150.0,643.0,489.0,2513.0,1418.0,290.0,64.62418472188396,80.47729264313028,53.0923111939,38.86607960308856,16.119543134794462,41.3552582755272,50.716947051642784,74.8081894432443,58.01896718431938,82.69817724104419
2025-03-09 20:17:36.054333,1158.0,649.0,465.0,2513.0,1419.0,290.0,64.62418472188396,80.47729264313028,53.0923111939,38.86607960308856,16.119543134794462,41.3552582755272,50.716947051642784,74.8081894432443,58.01896718431938,82.69817724104419
2025-03-09 20:17:36.054333,1153.0,647.0,482.0,2510.0,1419.0,290.0,64.62418472188396,80.47729264313028,53.0923111939,38.86607960308856,16.119543134794462,41.3552582755272,50.716947051642784,74.8081894432443,58.01896718431938,82.69817724104419
2025-03-09 20:17:36.062667,1152.0,646.0,471.0,2512.0,1414.0,289.0,64.56747888154437,80.41747156358254,52.98001609223334,38.82903298572742,16.092462972005364,41.30106546399889,50.78489602030598,74.78600344741679,57.9907992558201,82.53770306016695
2025-03-09 20:17:36.062667,1157.0,654.0,490.0,2516.0,1412.0,289.0,64.56747888154437,80.41747156358254,52.98001609223334,38.82903298572742,16.092462972005364,41.30106546399889,50.78489602030598,74.78600344741679,57.9907992558201,82.53770306016695
2025-03-09 20:17:36.062667,1160.0,647.0,469.0,2512.0,1414.0,291.0,64.56747888154437,80.41747156358254,52.98001609223334,38.82903298572742,16.092462972005364,41.30106546399889,50.78489602030598,74.78600344741679,57.9907992558201,82.53770306016695
2025-03-09 20:17:36.071000,1161.0,655.0,466.0,2513.0,1417.0,289.0,64.50973279217826,80.35292040942144,52.878768936987726,38.79568037784526,16.066909836202882,41.250724072786674,50.84046116942834,74.76002391492185,57.95998461862339,82.38670854600282
2025-03-09 20:17:36.071000,1169.0,656.0,407.0,2512.0,1413.0,286.0,64.50973279217826,80.35292040942144,52.878768936987726,38.79568037784526,16.066909836202882,41.250724072786674,50.84046116942834,74.76002391492185,57.95998461862339,82.38670854600282
2025-03-09 20:17:36.071000,1170.0,654.0,400.0,2512.0,1414.0,288.0,64.50973279217826,80.35292040942144,52.878768936987726,38.79568037784526,16.066909836202882,41.250724072786674,50.84046116942834,74.76002391492185,57.95998461862339,82.38670854600282
2025-03-09 20:17:36.071000,1173.0,656.0,395.0,2512.0,1413.0,288.0,64.50973279217826,80.35292040942144,52.878768936987726,38.79568037784526,16.066909836202882,41.250724072786674,50.84046116942834,74.76002391492185,57.95998461862339,82.38670854600282
2025-03-09 20:17:36.079333,1171.0,655.0,406.0,2514.0,1414.0,288.0,64.45245821804717,80.2839092975024,52.78946527676391,38.769393226917686,16.043328933370844,41.20817513908222,50.88126048201382,74.72855259745856,57.92672667689959,82.24667706341074
2025-03-09 20:17:36.079333,1175.0,659.0,419.0,2512.0,1411.0,286.0,64.45245821804717,80.2839092975024,52.78946527676391,38.769393226917686,16.043328933370844,41.20817513908222,50.88126048201382,74.72855259745856,57.92672667689959,82.24667706341074
2025-03-09 20:17:36.079333,1174.0,662.0,432.0,2511.0,1413.0,288.0,64.45245821804717,80.2839092975024,52.78946527676391,38.769393226917686,16.043328933370844,41.20817513908222,50.88126048201382,74.72855259745856,57.92672667689959,82.24667706341074
2025-03-09 20:17:36.079333,1175.0,666.0,411.0,2512.0,1409.0,279.0,64.45245821804717,80.2839092975024,52.78946527676391,38.769393226917686,16.043328933370844,41.20817513908222,50.88126048201382,74.72855259745856,57.92672667689959,82.24667706341074
2025-03-09 20:17:36.087667,1185.0,666.0,400.0,2510.0,1408.0,285.0,64.39743191509808,80.21133913173972,52.71180902825413,38.75105050027177,16.022169768281927,41.17476151566411,50.907656812541966,74.69145128491495,57.890494082099025,82.11973005476587
2025-03-09 20:17:36.087667,1187.0,661.0,404.0,2512.0,1408.0,283.0,64.39743191509808,80.21133913173972,52.71180902825413,38.75105050027177,16.022169768281927,41.17476151566411,50.907656812541966,74.69145128491495,57.890494082099025,82.11973005476587
2025-03-09 20:17:36.087667,1190.0,668.0,406.0,2511.0,1408.0,284.0,64.39743191509808,80.21133913173972,52.71180902825413,38.75105050027177,16.022169768281927,41.17476151566411,50.907656812541966,74.69145128491495,57.890494082099025,82.11973005476587
2025-03-09 20:17:36.096000,1182.0,670.0,400.0,2512.0,1408.0,284.0,64.34702533531663,80.13756468716811,52.64500257845158,38.741042938628006,16.003988962803774,41.15135137289786,50.92179408121366,74.64997465608107,57.85178444413409,82.00909214222533
2025-03-09 20:17:36.096000,1187.0,661.0,404.0,2512.0,1408.0,284.0,64.34702533531663,80.13756468716811,52.64500257845158,38.741042938628006,16.003988962803774,41.15135137289786,50.92179408121366,74.64997465608107,57.85178444413409,82.00909214222533
2025-03-09 20:17:36.096000,1184.0,669.0,406.0,2510.0,1406.0,283.0,64.34702533531663,80.13756468716811,52.64500257845158,38.741042938628006,16.003988962803774,41.15135137289786,50.92179408121366,74.64997465608107,57.85178444413409,82.00909214222533
2025-03-09 20:17:36.104333,1188.0,672.0,398.0,2512.0,1403.0,283.0,64.30342591264618,80.06441615416996,52.58807815773336,38.737693262378905,15.988867421804137,41.1365443206773,50.92624079905268,74.60585492126346,57.80973069290598,81.91721761977917
2025-03-09 20:17:36.104333,1174.0,672.0,397.0,2509.0,1401.0,283.0,64.30342591264618,80.06441615416996,52.58807815773336,38.737693262378905,15.988867421804137,41.1365443206773,50.92624079905268,74.60585492126346,57.80973069290598,81.91721761977917
2025-03-09 20:17:36.104333,1174.0,671.0,387.0,2506.0,1398.0,286.0,64.30342591264618,80.06441615416996,52.58807815773336,38.737693262378905,15.988867421804137,41.1365443206773,50.92624079905268,74.60585492126346,57.80973069290598,81.91721761977917
2025-03-09 20:17:36.104333,1173.0,670.0,387.0,2509.0,1397.0,282.0,64.30342591264618,80.06441615416996,52.58807815773336,38.737693262378905,15.988867421804137,41.1365443206773,50.92624079905268,74.60585492126346,57.80973069290598,81.91721761977917
2025-03-09 20:17:36.112667,1171.0,678.0,399.0,2503.0,1394.0,283.0,64.26883578859749,79.99335016548311,52.539586588925836,38.73791735198012,15.976767942724795,41.12747466237171,50.92428503768018,74.56103524820651,57.76226422268177,81.84536321087991
2025-03-09 20:17:36.112667,1171.0,669.0,390.0,2509.0,1402.0,279.0,64.26883578859749,79.99335016548311,52.539586588925836,38.73791735198012,15.976767942724795,41.12747466237171,50.92428503768018,74.56103524820651,57.76226422268177,81.84536321087991
2025-03-09 20:17:36.112667,1173.0,673.0,393.0,2511.0,1396.0,278.0,64.26883578859749,79.99335016548311,52.539586588925836,38.73791735198012,15.976767942724795,41.12747466237171,50.92428503768018,74.56103524820651,57.76226422268177,81.84536321087991
2025-03-09 20:17:36.121000,1168.0,670.0,400.0,2511.0,1397.0,283.0,64.24594455797042,79.92668286543103,52.499156177104695,38.740622372731856,15.96695318079349,41.12278759515781,50.91837291845409,74.51882922638318,57.7100001129098,81.79391272032558
2025-03-09 20:17:36.121000,1167.0,673.0,390.0,2505.0,1390.0,275.0,64.24594455797042,79.92668286543103,52.499156177104695,38.740622372731856,15.96695318079349,41.12278759515781,50.91837291845409,74.51882922638318,57.7100001129098,81.79391272032558
2025-03-09 20:17:36.121000,1167.0,671.0,395.0,2505.0,1391.0,279.0,64.24594455797042,79.92668286543103,52.499156177104695,38.740622372731856,15.96695318079349,41.12278759515781,50.91837291845409,74.51882922638318,57.7100001129098,81.79391272032558
2025-03-09 20:17:36.121000,1162.0,669.0,396.0,2505.0,1392.0,279.0,64.24594455797042,79.92668286543103,52.499156177104695,38.740622372731856,15.96695318079349,41.12278759515781,50.91837291845409,74.51882922638318,57.7100001129098,81.79391272032558
2025-03-09 20:17:36.129333,1161.0,670.0,398.0,2507.0,1390.0,278.0,64.2371500953815,79.86672641252852,52.467231658935425,38.74612135170334,15.95884426900591,41.12228642204621,50.9104751921278,74.482960894295,57.65499579771635,81.76212455821788
2025-03-09 20:17:36.129333,1159.0,666.0,397.0,2507.0,1389.0,275.0,64.2371500953815,79.86672641252852,52.467231658935425,38.74612135170334,15.95884426900591,41.12228642204621,50.9104751921278,74.482960894295,57.65499579771635,81.76212455821788
2025-03-09 20:17:36.129333,1157.0,659.0,388.0,2503.0,1385.0,279.0,64.2371500953815,79.86672641252852,52.467231658935425,38.74612135170334,15.95884426900591,41.12228642204621,50.9104751921278,74.482960894295,57.65499579771635,81.76212455821788
2025-03-09 20:17:36.137667,1154.0,674.0,387.0,2503.0,1388.0,281.0,64.24379372868373,79.81486134579062,52.44457362373611,38.754462521696745,15.95214318133817,41.12577260961622,50.90133073859799,74.45552869627028,57.59842226846515,81.7484053478672
2025-03-09 20:17:36.137667,1142.0,663.0,395.0,2503.0,1377.0,274.0,64.24379372868373,79.81486134579062,52.44457362373611,38.754462521696745,15.95214318133817,41.12577260961622,50.90133073859799,74.45552869627028,57.59842226846515,81.7484053478672
2025-03-09 20:17:36.137667,1145.0,666.0,394.0,2503.0,1375.0,279.0,64.24379372868373,79.81486134579062,52.44457362373611,38.754462521696745,15.95214318133817,41.12577260961622,50.90133073859799,74.45552869627028,57.59842226846515,81.7484053478672
2025-03-09 20:17:36.137667,1141.0,671.0,393.0,2503.0,1372.0,275.0,64.24379372868373,79.81486134579062,52.44457362373611,38.754462521696745,15.95214318133817,41.12577260961622,50.90133073859799,74.45552869627028,57.59842226846515,81.7484053478672
2025-03-09 20:17:36.146000,1136.0,667.0,390.0,2502.0,1373.0,278.0,64.26707074979805,79.77234579584633,52.43147794998452,38.765694738033886,15.946848180058897,41.1334271508751,50.891494326806125,74.4374377738335,57.54083254870463,81.7518763484043
2025-03-09 20:17:36.146000,1137.0,662.0,388.0,2502.0,1373.0,272.0,64.26707074979805,79.77234579584633,52.43147794998452,38.765694738033886,15.946848180058897,41.1334271508751,50.891494326806125,74.4374377738335,57.54083254870463,81.7518763484043
2025-03-09 20:17:36.146000,1136.0,662.0,393.0,2501.0,1374.0,272.0,64.26707074979805,79.77234579584633,52.43147794998452,38.765694738033886,15.946848180058897,41.1334271508751,50.891494326806125,74.4374377738335,57.54083254870463,81.7518763484043
2025-03-09 20:17:36.154333,1133.0,663.0,386.0,2501.0,1374.0,273.0,64.30813961430194,79.74041133319383,52.428090944785374,38.781008215448566,15.942794370522652,41.14675040561284,50.88057779176264,74.42855682796343,57.48321341986804,81.77227040247999
2025-03-09 20:17:36.154333,1107.0,659.0,390.0,2501.0,1365.0,272.0,64.30813961430194,79.74041133319383,52.428090944785374,38.781008215448566,15.942794370522652,41.14675040561284,50.88057779176264,74.42855682796343,57.48321341986804,81.77227040247999
2025-03-09 20:17:36.154333,1104.0,658.0,387.0,2506.0,1363.0,276.0,64.30813961430194,79.74041133319383,52.428090944785374,38.781008215448566,15.942794370522652,41.14675040561284,50.88057779176264,74.42855682796343,57.48321341986804,81.77227040247999
2025-03-09 20:17:36.162667,1104.0,665.0,384.0,2503.0,1365.0,278.0,64.36690582973924,79.71957305145425,52.43410414670038,38.801497363088494,15.940285089781586,41.16729217889147,50.86817486675935,74.42759915917512,57.426289891526196,81.8089294241119
2025-03-09 20:17:36.162667,1099.0,656.0,384.0,2500.0,1361.0,274.0,64.36690582973924,79.71957305145425,52.43410414670038,38.801497363088494,15.940285089781586,41.16729217889147,50.86817486675935,74.42759915917512,57.426289891526196,81.8089294241119
2025-03-09 20:17:36.162667,1102.0,656.0,391.0,2500.0,1362.0,274.0,64.36690582973924,79.71957305145425,52.43410414670038,38.801497363088494,15.940285089781586,41.16729217889147,50.86817486675935,74.42759915917512,57.426289891526196,81.8089294241119
2025-03-09 20:17:36.162667,1099.0,656.0,395.0,2503.0,1361.0,275.0,64.36690582973924,79.71957305145425,52.43410414670038,38.801497363088494,15.940285089781586,41.16729217889147,50.86817486675935,74.42759915917512,57.426289891526196,81.8089294241119
2025-03-09 20:17:36.171000,1091.0,656.0,390.0,2503.0,1360.0,272.0,64.4423838970703,79.70981355682541,52.44883711967317,38.826508214766775,15.940014204013561,41.19496283634904,50.85455528067282,74.43293039015153,57.369551506084825,81.86115149165268
2025-03-09 20:17:36.171000,1070.0,653.0,393.0,2505.0,1357.0,277.0,64.4423838970703,79.70981355682541,52.44883711967317,38.826508214766775,15.940014204013561,41.19496283634904,50.85455528067282,74.43293039015153,57.369551506084825,81.86115149165268
2025-03-09 20:17:36.171000,1061.0,646.0,385.0,2499.0,1353.0,275.0,64.4423838970703,79.70981355682541,52.44883711967317,38.826508214766775,15.940014204013561,41.19496283634904,50.85455528067282,74.43293039015153,57.369551506084825,81.86115149165268
2025-03-09 20:17:36.179333,1062.0,653.0,389.0,2503.0,1355.0,272.0,64.53287329345443,79.71039111435856,52.47189785909697,38.853697891644536,15.9419667070659,41.227747888501085,50.839326190050485,74.44293211817048,57.31156452473811,81.92777855270602
2025-03-09 20:17:36.179333,1056.0,641.0,388.0,2501.0,1353.0,272.0,64.53287329345443,79.71039111435856,52.47189785909697,38.853697891644536,15.9419667070659,41.227747888501085,50.839326190050485,74.44293211817048,57.31156452473811,81.92777855270602
2025-03-09 20:17:36.179333,1052.0,642.0,385.0,2496.0,1355.0,279.0,64.53287329345443,79.71039111435856,52.47189785909697,38.853697891644536,15.9419667070659,41.227747888501085,50.839326190050485,74.44293211817048,57.31156452473811,81.92777855270602
2025-03-09 20:17:36.179333,1051.0,646.0,396.0,2495.0,1353.0,274.0,64.53287329345443,79.71039111435856,52.47189785909697,38.853697891644536,15.9419667070659,41.227747888501085,50.839326190050485,74.44293211817048,57.31156452473811,81.92777855270602
2025-03-09 20:17:36.187667,1047.0,645.0,387.0,2498.0,1351.0,277.0,64.63633555106159,79.71982643841339,52.50215970168614,38.88087077873861,15.945093571599513,41.26308079735631,50.82243018348912,74.45681120566577,57.25144157607976,82.00737588279614
2025-03-09 20:17:36.187667,1008.0,639.0,393.0,2502.0,1353.0,272.0,64.63633555106159,79.71982643841339,52.50215970168614,38.88087077873861,15.945093571599513,41.26308079735631,50.82243018348912,74.45681120566577,57.25144157607976,82.00737588279614
2025-03-09 20:17:36.187667,1003.0,633.0,394.0,2501.0,1348.0,278.0,64.63633555106159,79.71982643841339,52.50215970168614,38.88087077873861,15.945093571599513,41.26308079735631,50.82243018348912,74.45681120566577,57.25144157607976,82.00737588279614
2025-03-09 20:17:36.196000,999.0,633.0,387.0,2500.0,1351.0,277.0,64.75108664650153,79.73673258414128,52.53858326362701,38.90722021425072,15.948938512744933,41.299670668331956,50.8044487060992,74.47430041870959,57.18907297253947,82.09964754013765
2025-03-09 20:17:36.196000,996.0,629.0,394.0,2503.0,1350.0,273.0,64.75108664650153,79.73673258414128,52.53858326362701,38.90722021425072,15.948938512744933,41.299670668331956,50.8044487060992,74.47430041870959,57.18907297253947,82.09964754013765
2025-03-09 20:17:36.196000,995.0,638.0,395.0,2501.0,1350.0,275.0,64.75108664650153,79.73673258414128,52.53858326362701,38.90722021425072,15.948938512744933,41.299670668331956,50.8044487060992,74.47430041870959,57.18907297253947,82.09964754013765
2025-03-09 20:17:36.196000,991.0,631.0,385.0,2505.0,1350.0,278.0,64.75108664650153,79.73673258414128,52.53858326362701,38.90722021425072,15.948938512744933,41.299670668331956,50.8044487060992,74.47430041870959,57.18907297253947,82.09964754013765
2025-03-09 20:17:36.204333,990.0,629.0,392.0,2502.0,1349.0,274.0,64.87528761614047,79.75976098066837,52.58100326849909,38.932784116776524,15.953404368739848,41.33697040189033,50.78561093643173,74.49547199462451,57.125174390237405,82.20457278128085
2025-03-09 20:17:36.204333,952.0,624.0,387.0,2506.0,1352.0,273.0,64.87528761614047,79.75976098066837,52.58100326849909,38.932784116776524,15.953404368739848,41.33697040189033,50.78561093643173,74.49547199462451,57.125174390237405,82.20457278128085
2025-03-09 20:17:36.204333,945.0,624.0,390.0,2499.0,1347.0,278.0,64.87528761614047,79.75976098066837,52.58100326849909,38.932784116776524,15.953404368739848,41.33697040189033,50.78561093643173,74.49547199462451,57.125174390237405,82.20457278128085
2025-03-09 20:17:36.212667,944.0,622.0,385.0,2503.0,1348.0,274.0,65.00646110309059,79.78703146136672,52.62974259623395,38.957863355459104,15.958073753149007,41.37441511982439,50.76541288765214,74.52045921857709,57.060947945363175,82.32203062794348
2025-03-09 20:17:36.212667,943.0,624.0,391.0,2507.0,1349.0,277.0,65.00646110309059,79.78703146136672,52.62974259623395,38.957863355459104,15.958073753149007,41.37441511982439,50.76541288765214,74.52045921857709,57.060947945363175,82.32203062794348
2025-03-09 20:17:36.212667,943.0,619.0,389.0,2503.0,1349.0,273.0,65.00646110309059,79.78703146136672,52.62974259623395,38.957863355459104,15.958073753149007,41.37441511982439,50.76541288765214,74.52045921857709,57.060947945363175,82.32203062794348
2025-03-09 20:17:36.212667,940.0,614.0,393.0,2503.0,1349.0,274.0,65.00646110309059,79.78703146136672,52.62974259623395,38.957863355459104,15.958073753149007,41.37441511982439,50.76541288765214,74.52045921857709,57.060947945363175,82.32203062794348
2025-03-09 20:17:36.221000,937.0,613.0,394.0,2501.0,1349.0,274.0,65.14185224645125,79.8166557250482,52.68494730197634,38.98243848717995,15.962362174285238,41.411341729776545,50.74276970661743,74.54857637572803,56.99728540855364,82.4517795758833
2025-03-09 20:17:36.221000,934.0,619.0,389.0,2502.0,1347.0,274.0,65.14185224645125,79.8166557250482,52.68494730197634,38.98243848717995,15.962362174285238,41.411341729776545,50.74276970661743,74.54857637572803,56.99728540855364,82.4517795758833
2025-03-09 20:17:36.221000,901.0,603.0,387.0,2502.0,1348.0,282.0,65.14185224645125,79.8166557250482,52.68494730197634,38.98243848717995,15.962362174285238,41.411341729776545,50.74276970661743,74.54857637572803,56.99728540855364,82.4517795758833
2025-03-09 20:17:36.229333,899.0,606.0,388.0,2503.0,1347.0,280.0,65.27835785488918,79.84683550994198,52.74681119247115,39.00606593725204,15.965331381946212,41.446842246224634,50.71571054102705,74.57840283514665,56.93495386257092,82.59308134803146
2025-03-09 20:17:36.229333,902.0,606.0,393.0,2503.0,1355.0,272.0,65.27835785488918,79.84683550994198,52.74681119247115,39.00606593725204,15.965331381946212,41.446842246224634,50.71571054102705,74.57840283514665,56.93495386257092,82.59308134803146
2025-03-09 20:17:36.229333,896.0,606.0,386.0,2505.0,1349.0,286.0,65.27835785488918,79.84683550994198,52.74681119247115,39.00606593725204,15.965331381946212,41.446842246224634,50.71571054102705,74.57840283514665,56.93495386257092,82.59308134803146
2025-03-09 20:17:36.229333,893.0,603.0,379.0,2512.0,1348.0,279.0,65.27835785488918,79.84683550994198,52.74681119247115,39.00606593725204,15.965331381946212,41.446842246224634,50.71571054102705,74.57840283514665,56.93495386257092,82.59308134803146
2025-03-09 20:17:36.237667,894.0,601.0,388.0,2506.0,1350.0,282.0,65.41346084872764,79.87593922121165,52.81580500937963,39.02858739891302,15.966576023758893,41.48069445290684,50.681911030489864,74.60782026123044,56.87401763044789,82.74499675210586
2025-03-09 20:17:36.237667,889.0,603.0,384.0,2507.0,1350.0,278.0,65.41346084872764,79.87593922121165,52.81580500937963,39.02858739891302,15.966576023758893,41.48069445290684,50.681911030489864,74.60782026123044,56.87401763044789,82.74499675210586
2025-03-09 20:17:36.237667,860.0,593.0,385.0,2506.0,1346.0,279.0,65.41346084872764,79.87593922121165,52.81580500937963,39.02858739891302,15.966576023758893,41.48069445290684,50.681911030489864,74.60782026123044,56.87401763044789,82.74499675210586
2025-03-09 20:17:36.237667,857.0,589.0,379.0,2511.0,1347.0,283.0,65.41346084872764,79.87593922121165,52.81580500937963,39.02858739891302,15.966576023758893,41.48069445290684,50.681911030489864,74.60782026123044,56.87401763044789,82.74499675210586
2025-03-09 20:17:36.246000,851.0,580.0,381.0,2505.0,1348.0,283.0,65.54562189070387,79.90348241063396,52.89193727505249,39.052523108005744,15.966371110620784,41.51562081636581,50.63950505111818,74.6346555763444,56.81619084809752,82.90682475415448
2025-03-09 20:17:36.246000,847.0,592.0,384.0,2510.0,1348.0,282.0,65.54562189070387,79.90348241063396,52.89193727505249,39.052523108005744,15.966371110620784,41.51562081636581,50.63950505111818,74.6346555763444,56.81619084809752,82.90682475415448
2025-03-09 20:17:36.246000,846.0,589.0,386.0,2505.0,1347.0,287.0,65.54562189070387,79.90348241063396,52.89193727505249,39.052523108005744,15.966371110620784,41.51562081636581,50.63950505111818,74.6346555763444,56.81619084809752,82.90682475415448
2025-03-09 20:17:36.254333,846.0,587.0,384.0,2507.0,1348.0,279.0,65.67277542421938,79.92833646247338,52.973977703881125,39.08168160557675,15.965404512396837,41.55562166021619,50.58712639343253,74.65594223453891,56.763330981555974,83.0771592482069
2025-03-09 20:17:36.254333,839.0,589.0,383.0,2509.0,1344.0,281.0,65.67277542421938,79.92833646247338,52.973977703881125,39.08168160557675,15.965404512396837,41.55562166021619,50.58712639343253,74.65594223453891,56.763330981555974,83.0771592482069
2025-03-09 20:17:36.254333,842.0,589.0,388.0,2510.0,1350.0,285.0,65.67277542421938,79.92833646247338,52.973977703881125,39.08168160557675,15.965404512396837,41.55562166021619,50.58712639343253,74.65594223453891,56.763330981555974,83.0771592482069
2025-03-09 20:17:36.254333,812.0,577.0,383.0,2509.0,1344.0,283.0,65.67277542421938,79.92833646247338,52.973977703881125,39.08168160557675,15.965404512396837,41.55562166021619,50.58712639343253,74.65594223453891,56.763330981555974,83.0771592482069
2025-03-09 20:17:36.262667,807.0,576.0,383.0,2508.0,1347.0,283.0,65.7926796239269,79.94832716156715,53.05854692129734,39.11685651789983,15.964617637864963,41.60186920949326,50.52561004837451,74.66824067650334,56.71387573420742,83.25409950355308
2025-03-09 20:17:36.262667,805.0,580.0,383.0,2512.0,1345.0,287.0,65.7926796239269,79.94832716156715,53.05854692129734,39.11685651789983,15.964617637864963,41.60186920949326,50.52561004837451,74.66824067650334,56.71387573420742,83.25409950355308
2025-03-09 20:17:36.262667,804.0,575.0,381.0,2512.0,1348.0,278.0,65.7926796239269,79.94832716156715,53.05854692129734,39.11685651789983,15.964617637864963,41.60186920949326,50.52561004837451,74.66824067650334,56.71387573420742,83.25409950355308
2025-03-09 20:17:36.271000,798.0,571.0,385.0,2511.0,1348.0,286.0,65.90461442719315,79.9629970754745,53.14450759657337,39.156857373380866,15.964295289431679,41.65311421893788,50.456317842325774,74.67163115399123,56.66700390911429,83.43740825091461
2025-03-09 20:17:36.271000,801.0,570.0,384.0,2512.0,1347.0,291.0,65.90461442719315,79.9629970754745,53.14450759657337,39.156857373380866,15.964295289431679,41.65311421893788,50.456317842325774,74.67163115399123,56.66700390911429,83.43740825091461
2025-03-09 20:17:36.271000,799.0,575.0,381.0,2512.0,1346.0,288.0,65.90461442719315,79.9629970754745,53.14450759657337,39.156857373380866,15.964295289431679,41.65311421893788,50.456317842325774,74.67163115399123,56.66700390911429,83.43740825091461
2025-03-09 20:17:36.271000,795.0,576.0,384.0,2506.0,1345.0,282.0,65.90461442719315,79.9629970754745,53.14450759657337,39.156857373380866,15.964295289431679,41.65311421893788,50.456317842325774,74.67163115399123,56.66700390911429,83.43740825091461
2025-03-09 20:17:36.279333,770.0,563.0,383.0,2511.0,1345.0,286.0,66.00895757537312,79.9731687735117,53.233482877463295,39.20067067098945,15.965350110733144,41.70829542830539,50.38021428401563,74.66804507666058,56.62298686456406,83.62757365457226
2025-03-09 20:17:36.279333,765.0,562.0,383.0,2512.0,1348.0,283.0,66.00895757537312,79.9731687735117,53.233482877463295,39.20067067098945,15.965350110733144,41.70829542830539,50.38021428401563,74.66804507666058,56.62298686456406,83.62757365457226
2025-03-09 20:17:36.279333,763.0,564.0,385.0,2513.0,1347.0,294.0,66.00895757537312,79.9731687735117,53.233482877463295,39.20067067098945,15.965350110733144,41.70829542830539,50.38021428401563,74.66804507666058,56.62298686456406,83.62757365457226
2025-03-09 20:17:36.287667,757.0,570.0,383.0,2518.0,1348.0,287.0,66.10664997786733,79.98007949005435,53.327579379986645,39.24898425969046,15.96837305292194,41.767954082961126,50.29740854146556,74.65956073532776,56.58341268559551,83.82490925148943
2025-03-09 20:17:36.287667,758.0,563.0,385.0,2511.0,1347.0,288.0,66.10664997786733,79.98007949005435,53.327579379986645,39.24898425969046,15.96837305292194,41.767954082961126,50.29740854146556,74.65956073532776,56.58341268559551,83.82490925148943
2025-03-09 20:17:36.287667,761.0,561.0,381.0,2517.0,1350.0,288.0,66.10664997786733,79.98007949005435,53.327579379986645,39.24898425969046,15.96837305292194,41.767954082961126,50.29740854146556,74.65956073532776,56.58341268559551,83.82490925148943
2025-03-09 20:17:36.287667,755.0,563.0,383.0,2512.0,1350.0,289.0,66.10664997786733,79.98007949005435,53.327579379986645,39.24898425969046,15.96837305292194,41.767954082961126,50.29740854146556,74.65956073532776,56.58341268559551,83.82490925148943
2025-03-09 20:17:36.296000,731.0,561.0,384.0,2513.0,1349.0,291.0,66.19881173557714,79.98441601937822,53.42811368314549,39.30136988762217,15.972602876520485,41.83125559249897,50.20771113714939,74.64811872742524,56.5489455062881,84.0292251632901
2025-03-09 20:17:36.296000,729.0,558.0,384.0,2514.0,1347.0,291.0,66.19881173557714,79.98441601937822,53.42811368314549,39.30136988762217,15.972602876520485,41.83125559249897,50.20771113714939,74.64811872742524,56.5489455062881,84.0292251632901
2025-03-09 20:17:36.296000,727.0,559.0,384.0,2512.0,1351.0,288.0,66.19881173557714,79.98441601937822,53.42811368314549,39.30136988762217,15.972602876520485,41.83125559249897,50.20771113714939,74.64811872742524,56.5489455062881,84.0292251632901
2025-03-09 20:17:36.304333,725.0,553.0,384.0,2517.0,1351.0,291.0,66.28620206439176,79.98658564023017,53.535348282882644,39.3554560756543,15.976164866917593,41.89503527746124,50.111827984872,74.63637877695606,56.51972658949891,84.24048529994498
2025-03-09 20:17:36.304333,732.0,557.0,384.0,2517.0,1351.0,293.0,66.28620206439176,79.98658564023017,53.535348282882644,39.3554560756543,15.976164866917593,41.89503527746124,50.111827984872,74.63637877695606,56.51972658949891,84.24048529994498
2025-03-09 20:17:36.304333,722.0,554.0,387.0,2519.0,1353.0,291.0,66.28620206439176,79.98658564023017,53.535348282882644,39.3554560756543,15.976164866917593,41.89503527746124,50.111827984872,74.63637877695606,56.51972658949891,84.24048529994498
2025-03-09 20:17:36.304333,722.0,557.0,384.0,2515.0,1350.0,288.0,66.28620206439176,79.98658564023017,53.535348282882644,39.3554560756543,15.976164866917593,41.89503527746124,50.111827984872,74.63637877695606,56.51972658949891,84.24048529994498
2025-03-09 20:17:36.312667,720.0,557.0,382.0,2513.0,1351.0,289.0,66.3684987666548,79.98818470569789,53.650068835395494,39.40784117698608,15.978032923181154,41.95579344763662,50.01002552477147,74.62609847341784,56.496321654599754,84.46086523379601
2025-03-09 20:17:36.312667,704.0,547.0,387.0,2521.0,1349.0,302.0,66.3684987666548,79.98818470569789,53.650068835395494,39.40784117698608,15.978032923181154,41.95579344763662,50.01002552477147,74.62609847341784,56.496321654599754,84.46086523379601
2025-03-09 20:17:36.312667,704.0,547.0,389.0,2523.0,1347.0,302.0,66.3684987666548,79.98818470569789,53.650068835395494,39.40784117698608,15.978032923181154,41.95579344763662,50.01002552477147,74.62609847341784,56.496321654599754,84.46086523379601
2025-03-09 20:17:36.312667,701.0,541.0,392.0,2523.0,1346.0,295.0,66.3684987666548,79.98818470569789,53.650068835395494,39.40784117698608,15.978032923181154,41.95579344763662,50.01002552477147,74.62609847341784,56.496321654599754,84.46086523379601
2025-03-09 20:17:36.321000,699.0,547.0,383.0,2519.0,1347.0,302.0,66.44548271632537,79.99130994552648,53.77285086189441,39.45458126887531,15.978649234195103,42.010469606580465,49.90272294678221,74.6173044744587,56.47775571047562,84.69185836603519
2025-03-09 20:17:36.321000,701.0,553.0,386.0,2517.0,1347.0,294.0,66.44548271632537,79.99130994552648,53.77285086189441,39.45458126887531,15.978649234195103,42.010469606580465,49.90272294678221,74.6173044744587,56.47775571047562,84.69185836603519
2025-03-09 20:17:36.321000,698.0,545.0,386.0,2515.0,1348.0,302.0,66.44548271632537,79.99130994552648,53.77285086189441,39.45458126887531,15.978649234195103,42.010469606580465,49.90272294678221,74.6173044744587,56.47775571047562,84.69185836603519
2025-03-09 20:17:36.329333,698.0,542.0,383.0,2522.0,1344.0,299.0,66.51875074220743,79.99785173685875,53.90449651808274,39.49658795637908,15.978607820947541,42.06065844857215,49.78935761957142,74.60977967821925,56.464560478880465,84.93346175593092
2025-03-09 20:17:36.329333,682.0,542.0,386.0,2523.0,1342.0,299.0,66.51875074220743,79.99785173685875,53.90449651808274,39.49658795637908,15.978607820947541,42.06065844857215,49.78935761957142,74.60977967821925,56.464560478880465,84.93346175593092
2025-03-09 20:17:36.329333,682.0,542.0,390.0,2525.0,1341.0,300.0,66.51875074220743,79.99785173685875,53.90449651808274,39.49658795637908,15.978607820947541,42.06065844857215,49.78935761957142,74.60977967821925,56.464560478880465,84.93346175593092
2025-03-09 20:17:36.329333,677.0,542.0,391.0,2523.0,1344.0,301.0,66.51875074220743,79.99785173685875,53.90449651808274,39.49658795637908,15.978607820947541,42.06065844857215,49.78935761957142,74.60977967821925,56.464560478880465,84.93346175593092
2025-03-09 20:17:36.337667,678.0,533.0,397.0,2523.0,1344.0,302.0,66.59014390265133,80.00819543196035,54.04508766556237,39.53890379818423,15.977617959763876,42.11106351154104,49.66897035192721,74.60382201611675,56.45926446523849,85.18558285290212
2025-03-09 20:17:36.337667,678.0,538.0,394.0,2528.0,1341.0,298.0,66.59014390265133,80.00819543196035,54.04508766556237,39.53890379818423,15.977617959763876,42.11106351154104,49.66897035192721,74.60382201611675,56.45926446523849,85.18558285290212
2025-03-09 20:17:36.337667,672.0,533.0,394.0,2524.0,1342.0,301.0,66.59014390265133,80.00819543196035,54.04508766556237,39.53890379818423,15.977617959763876,42.11106351154104,49.66897035192721,74.60382201611675,56.45926446523849,85.18558285290212
2025-03-09 20:17:36.346000,674.0,544.0,387.0,2528.0,1341.0,320.0,66.6604142722607,80.02137322816642,54.194223070261245,39.58368533108329,15.97630235649054,42.163945939557834,49.541369169750176,74.59836740865934,56.461186930736325,85.44733064915914
2025-03-09 20:17:36.346000,673.0,547.0,391.0,2525.0,1345.0,302.0,66.6604142722607,80.02137322816642,54.194223070261245,39.58368533108329,15.97630235649054,42.163945939557834,49.541369169750176,74.59836740865934,56.461186930736325,85.44733064915914
2025-03-09 20:17:36.346000,660.0,537.0,396.0,2527.0,1333.0,295.0,66.6604142722607,80.02137322816642,54.194223070261245,39.58368533108329,15.97630235649054,42.163945939557834,49.541369169750176,74.59836740865934,56.461186930736325,85.44733064915914
2025-03-09 20:17:36.346000,658.0,530.0,387.0,2529.0,1334.0,297.0,66.6604142722607,80.02137322816642,54.194223070261245,39.58368533108329,15.97630235649054,42.163945939557834,49.541369169750176,74.59836740865934,56.461186930736325,85.44733064915914
2025-03-09 20:17:36.354333,657.0,529.0,393.0,2527.0,1334.0,333.0,66.72957967668705,80.0368972646198,54.35211891002961,39.6300809913556,15.976785354685463,42.21932928245601,49.40726694753195,74.5918899255358,56.46779577340802,85.71749487713039
2025-03-09 20:17:36.354333,656.0,528.0,393.0,2530.0,1331.0,291.0,66.72957967668705,80.0368972646198,54.35211891002961,39.6300809913556,15.976785354685463,42.21932928245601,49.40726694753195,74.5918899255358,56.46779577340802,85.71749487713039
2025-03-09 20:17:36.354333,658.0,532.0,398.0,2532.0,1338.0,302.0,66.72957967668705,80.0368972646198,54.35211891002961,39.6300809913556,15.976785354685463,42.21932928245601,49.40726694753195,74.5918899255358,56.46779577340802,85.71749487713039
2025-03-09 20:17:36.362667,656.0,537.0,391.0,2530.0,1334.0,314.0,66.79790984338541,80.05504510504859,54.52007419570121,39.67870155188879,15.979937590648486,42.278003857099826,49.2663664820133,74.58458394951498,56.47943810506863,85.99520688506632
2025-03-09 20:17:36.362667,658.0,528.0,389.0,2530.0,1331.0,297.0,66.79790984338541,80.05504510504859,54.52007419570121,39.67870155188879,15.979937590648486,42.278003857099826,49.2663664820133,74.58458394951498,56.47943810506863,85.99520688506632
2025-03-09 20:17:36.362667,641.0,528.0,390.0,2534.0,1329.0,302.0,66.79790984338541,80.05504510504859,54.52007419570121,39.67870155188879,15.979937590648486,42.278003857099826,49.2663664820133,74.58458394951498,56.47943810506863,85.99520688506632
2025-03-09 20:17:36.362667,644.0,528.0,387.0,2531.0,1328.0,304.0,66.79790984338541,80.05504510504859,54.52007419570121,39.67870155188879,15.979937590648486,42.278003857099826,49.2663664820133,74.58458394951498,56.47943810506863,85.99520688506632
2025-03-09 20:17:36.371000,640.0,527.0,385.0,2529.0,1328.0,304.0,66.86648618068921,80.07610128494497,54.7003686144146,39.73112576160601,15.9849511829931,42.3411938980412,49.1164882602564,74.57718664382968,56.497611537829954,86.27930290675444
2025-03-09 20:17:36.371000,640.0,528.0,384.0,2535.0,1329.0,304.0,66.86648618068921,80.07610128494497,54.7003686144146,39.73112576160601,15.9849511829931,42.3411938980412,49.1164882602564,74.57718664382968,56.497611537829954,86.27930290675444
2025-03-09 20:17:36.371000,641.0,533.0,385.0,2533.0,1328.0,302.0,66.86648618068921,80.07610128494497,54.7003686144146,39.73112576160601,15.9849511829931,42.3411938980412,49.1164882602564,74.57718664382968,56.497611537829954,86.27930290675444
2025-03-09 20:17:36.379333,639.0,511.0,395.0,2530.0,1328.0,304.0,66.93646334166915,80.10067747246856,54.894490633926814,39.78711579470721,15.990986780988049,42.408723005330025,48.95586947066659,74.5696892374144,56.52234392671347,86.56828923228828
2025-03-09 20:17:36.379333,635.0,526.0,383.0,2531.0,1328.0,302.0,66.93646334166915,80.10067747246856,54.894490633926814,39.78711579470721,15.990986780988049,42.408723005330025,48.95586947066659,74.5696892374144,56.52234392671347,86.56828923228828
2025-03-09 20:17:36.379333,638.0,528.0,385.0,2533.0,1328.0,302.0,66.93646334166915,80.10067747246856,54.894490633926814,39.78711579470721,15.990986780988049,42.408723005330025,48.95586947066659,74.5696892374144,56.52234392671347,86.56828923228828
2025-03-09 20:17:36.379333,626.0,523.0,383.0,2534.0,1323.0,303.0,66.93646334166915,80.10067747246856,54.894490633926814,39.78711579470721,15.990986780988049,42.408723005330025,48.95586947066659,74.5696892374144,56.52234392671347,86.56828923228828
2025-03-09 20:17:36.387667,630.0,526.0,389.0,2535.0,1323.0,306.0,67.00764931116323,80.12901952644854,55.10124456981105,39.845275460381224,15.998565795850896,42.479825071512764,48.785058812036084,74.56067009244607,56.551996135652246,86.86028285120996
2025-03-09 20:17:36.387667,624.0,526.0,387.0,2529.0,1326.0,304.0,67.00764931116323,80.12901952644854,55.10124456981105,39.845275460381224,15.998565795850896,42.479825071512764,48.785058812036084,74.56067009244607,56.551996135652246,86.86028285120996
2025-03-09 20:17:36.387667,627.0,527.0,390.0,2533.0,1325.0,304.0,67.00764931116323,80.12901952644854,55.10124456981105,39.845275460381224,15.998565795850896,42.479825071512764,48.785058812036084,74.56067009244607,56.551996135652246,86.86028285120996
2025-03-09 20:17:36.387667,625.0,528.0,389.0,2537.0,1319.0,303.0,67.00764931116323,80.12901952644854,55.10124456981105,39.845275460381224,15.998565795850896,42.479825071512764,48.785058812036084,74.56067009244607,56.551996135652246,86.86028285120996
2025-03-09 20:17:36.396000,624.0,522.0,395.0,2539.0,1321.0,317.0,67.07891603397437,80.16058662813754,55.3188330315996,39.90595175853314,16.00752129153714,42.554644564603656,48.60480477497312,74.54968860385337,56.58689519347411,87.15410058407544
2025-03-09 20:17:36.396000,624.0,524.0,389.0,2540.0,1319.0,305.0,67.07891603397437,80.16058662813754,55.3188330315996,39.90595175853314,16.00752129153714,42.554644564603656,48.60480477497312,74.54968860385337,56.58689519347411,87.15410058407544
2025-03-09 20:17:36.396000,618.0,511.0,389.0,2531.0,1312.0,308.0,67.07891603397437,80.16058662813754,55.3188330315996,39.90595175853314,16.00752129153714,42.554644564603656,48.60480477497312,74.54968860385337,56.58689519347411,87.15410058407544
2025-03-09 20:17:36.396000,617.0,511.0,391.0,2539.0,1312.0,309.0,67.07891603397437,80.16058662813754,55.3188330315996,39.90595175853314,16.00752129153714,42.554644564603656,48.60480477497312,74.54968860385337,56.58689519347411,87.15410058407544
2025-03-09 20:17:36.404333,611.0,528.0,389.0,2542.0,1311.0,313.0,67.14955536574625,80.19483518185113,55.548764098870244,39.96862033907969,16.018741030904515,42.63247880414016,48.41550806951079,74.53767866864132,56.62726448460969,87.44881900846886
2025-03-09 20:17:36.404333,614.0,511.0,391.0,2543.0,1311.0,301.0,67.14955536574625,80.19483518185113,55.548764098870244,39.96862033907969,16.018741030904515,42.63247880414016,48.41550806951079,74.53767866864132,56.62726448460969,87.44881900846886
2025-03-09 20:17:36.404333,613.0,511.0,390.0,2539.0,1313.0,299.0,67.14955536574625,80.19483518185113,55.548764098870244,39.96862033907969,16.018741030904515,42.63247880414016,48.41550806951079,74.53767866864132,56.62726448460969,87.44881900846886
2025-03-09 20:17:36.412667,613.0,510.0,394.0,2541.0,1312.0,306.0,67.21848219156828,80.23091607370903,55.79190536702607,40.03037728515007,16.034011260488885,42.71067116531589,48.219188959075325,74.52524409937674,56.67123609145675,87.74308468582338
2025-03-09 20:17:36.412667,610.0,509.0,393.0,2544.0,1312.0,305.0,67.21848219156828,80.23091607370903,55.79190536702607,40.03037728515007,16.034011260488885,42.71067116531589,48.219188959075325,74.52524409937674,56.67123609145675,87.74308468582338
2025-03-09 20:17:36.412667,611.0,505.0,393.0,2541.0,1309.0,304.0,67.21848219156828,80.23091607370903,55.79190536702607,40.03037728515007,16.034011260488885,42.71067116531589,48.219188959075325,74.52524409937674,56.67123609145675,87.74308468582338
2025-03-09 20:17:36.421000,603.0,507.0,385.0,2544.0,1305.0,310.0,67.28456749082136,80.2668122166268,56.044796651407744,40.09154849273259,16.053193497076357,42.78916937807942,48.017995153683586,74.51160880413879,56.71762103806022,88.03507662261144
2025-03-09 20:17:36.421000,602.0,511.0,387.0,2545.0,1303.0,310.0,67.28456749082136,80.2668122166268,56.044796651407744,40.09154849273259,16.053193497076357,42.78916937807942,48.017995153683586,74.51160880413879,56.71762103806022,88.03507662261144
2025-03-09 20:17:36.421000,602.0,508.0,385.0,2544.0,1302.0,302.0,67.28456749082136,80.2668122166268,56.044796651407744,40.09154849273259,16.053193497076357,42.78916937807942,48.017995153683586,74.51160880413879,56.71762103806022,88.03507662261144
2025-03-09 20:17:36.421000,601.0,509.0,399.0,2545.0,1303.0,303.0,67.28456749082136,80.2668122166268,56.044796651407744,40.09154849273259,16.053193497076357,42.78916937807942,48.017995153683586,74.51160880413879,56.71762103806022,88.03507662261144
2025-03-09 20:17:36.421000,597.0,511.0,389.0,2544.0,1299.0,317.0,67.28456749082136,80.2668122166268,56.044796651407744,40.09154849273259,16.053193497076357,42.78916937807942,48.017995153683586,74.51160880413879,56.71762103806022,88.03507662261144
2025-03-09 20:17:36.429333,593.0,507.0,385.0,2544.0,1302.0,306.0,67.34679514482188,80.29940431417091,56.30415636485581,40.15672930902091,16.074414660858125,42.87140753754949,47.81098349210187,74.4952001945784,56.76746812892268,88.32179231430285
2025-03-09 20:17:36.429333,597.0,511.0,390.0,2544.0,1302.0,307.0,67.34679514482188,80.29940431417091,56.30415636485581,40.15672930902091,16.074414660858125,42.87140753754949,47.81098349210187,74.4952001945784,56.76746812892268,88.32179231430285
2025-03-09 20:17:36.437667,593.0,507.0,389.0,2551.0,1296.0,315.0,67.40404800490153,80.32750151334862,56.57056188404863,40.226264896670784,16.097727228350642,42.95774652643385,47.59658743919464,74.47465963865663,56.8204293143921,88.6004108227205
2025-03-09 20:17:36.437667,595.0,506.0,391.0,2550.0,1296.0,314.0,67.40404800490153,80.32750151334862,56.57056188404863,40.226264896670784,16.097727228350642,42.95774652643385,47.59658743919464,74.47465963865663,56.8204293143921,88.6004108227205
2025-03-09 20:17:36.437667,595.0,511.0,394.0,2550.0,1295.0,317.0,67.40404800490153,80.32750151334862,56.57056188404863,40.226264896670784,16.097727228350642,42.95774652643385,47.59658743919464,74.47465963865663,56.8204293143921,88.6004108227205
2025-03-09 20:17:36.437667,593.0,510.0,383.0,2550.0,1296.0,317.0,67.40404800490153,80.32750151334862,56.57056188404863,40.226264896670784,16.097727228350642,42.95774652643385,47.59658743919464,74.47465963865663,56.8204293143921,88.6004108227205
2025-03-09 20:17:36.446000,593.0,507.0,389.0,2550.0,1296.0,315.0,67.45638102264205,80.3520668316581,56.845225198958865,40.29552667449626,16.1254329623822,43.045054269202765,47.37579739055939,74.44871797089719,56.87275446955812,88.86940752796176
2025-03-09 20:17:36.446000,590.0,506.0,390.0,2553.0,1295.0,319.0,67.45638102264205,80.3520668316581,56.845225198958865,40.29552667449626,16.1254329623822,43.045054269202765,47.37579739055939,74.44871797089719,56.87275446955812,88.86940752796176
2025-03-09 20:17:36.446000,592.0,503.0,389.0,2555.0,1296.0,311.0,67.45638102264205,80.3520668316581,56.845225198958865,40.29552667449626,16.1254329623822,43.045054269202765,47.37579739055939,74.44871797089719,56.87275446955812,88.86940752796176
2025-03-09 20:17:36.446000,591.0,511.0,391.0,2555.0,1295.0,330.0,67.45638102264205,80.3520668316581,56.845225198958865,40.29552667449626,16.1254329623822,43.045054269202765,47.37579739055939,74.44871797089719,56.87275446955812,88.86940752796176
2025-03-09 20:17:36.454333,590.0,510.0,386.0,2559.0,1289.0,325.0,67.5050610184809,80.3722863272157,57.127421315763925,40.36668677932052,16.156478753188804,43.1348287749493,47.1487870447212,74.41805962775918,56.92507330045748,89.12819157449253
2025-03-09 20:17:36.454333,587.0,502.0,387.0,2559.0,1287.0,321.0,67.5050610184809,80.3722863272157,57.127421315763925,40.36668677932052,16.156478753188804,43.1348287749493,47.1487870447212,74.41805962775918,56.92507330045748,89.12819157449253
2025-03-09 20:17:36.454333,585.0,502.0,395.0,2559.0,1287.0,309.0,67.5050610184809,80.3722863272157,57.127421315763925,40.36668677932052,16.156478753188804,43.1348287749493,47.1487870447212,74.41805962775918,56.92507330045748,89.12819157449253
2025-03-09 20:17:36.462667,582.0,506.0,385.0,2559.0,1282.0,329.0,67.55192115050002,80.38710069275967,57.414100631936876,40.44617372803037,16.18691084836042,43.23112948130185,46.91599647306259,74.38574725214384,56.982121454381826,89.37694327953166
2025-03-09 20:17:36.462667,589.0,510.0,389.0,2559.0,1287.0,323.0,67.55192115050002,80.38710069275967,57.414100631936876,40.44617372803037,16.18691084836042,43.23112948130185,46.91599647306259,74.38574725214384,56.982121454381826,89.37694327953166
2025-03-09 20:17:36.462667,586.0,498.0,394.0,2557.0,1283.0,339.0,67.55192115050002,80.38710069275967,57.414100631936876,40.44617372803037,16.18691084836042,43.23112948130185,46.91599647306259,74.38574725214384,56.982121454381826,89.37694327953166
2025-03-09 20:17:36.462667,582.0,502.0,385.0,2555.0,1283.0,336.0,67.55192115050002,80.38710069275967,57.414100631936876,40.44617372803037,16.18691084836042,43.23112948130185,46.91599647306259,74.38574725214384,56.982121454381826,89.37694327953166
2025-03-09 20:17:36.471000,577.0,502.0,386.0,2559.0,1286.0,343.0,67.59949392994587,80.39663411759824,57.70120817999244,40.53441115951839,16.215734763731014,43.334019732503855,46.68110798211807,74.35294369497181,57.042621215739665,89.6174297173858
2025-03-09 20:17:36.471000,581.0,496.0,387.0,2559.0,1283.0,285.0,67.59949392994587,80.39663411759824,57.70120817999244,40.53441115951839,16.215734763731014,43.334019732503855,46.68110798211807,74.35294369497181,57.042621215739665,89.6174297173858
2025-03-09 20:17:36.471000,576.0,508.0,384.0,2559.0,1283.0,330.0,67.59949392994587,80.39663411759824,57.70120817999244,40.53441115951839,16.215734763731014,43.334019732503855,46.68110798211807,74.35294369497181,57.042621215739665,89.6174297173858
2025-03-09 20:17:36.471000,576.0,502.0,383.0,2559.0,1284.0,318.0,67.59949392994587,80.39663411759824,57.70120817999244,40.53441115951839,16.215734763731014,43.334019732503855,46.68110798211807,74.35294369497181,57.042621215739665,89.6174297173858
2025-03-09 20:17:36.479333,576.0,503.0,391.0,2559.0,1282.0,333.0,67.64931708775335,80.4001736978947,57.98671586482908,40.62701177665937,16.24644227345385,43.44108079083479,46.448093315450805,74.3166393926814,57.09883932894523,89.85190161427097
2025-03-09 20:17:36.479333,576.0,499.0,387.0,2559.0,1283.0,330.0,67.64931708775335,80.4001736978947,57.98671586482908,40.62701177665937,16.24644227345385,43.44108079083479,46.448093315450805,74.3166393926814,57.09883932894523,89.85190161427097
2025-03-09 20:17:36.479333,576.0,499.0,391.0,2559.0,1283.0,327.0,67.64931708775335,80.4001736978947,57.98671586482908,40.62701177665937,16.24644227345385,43.44108079083479,46.448093315450805,74.3166393926814,57.09883932894523,89.85190161427097
2025-03-09 20:17:36.479333,574.0,506.0,385.0,2559.0,1281.0,339.0,67.64931708775335,80.4001736978947,57.98671586482908,40.62701177665937,16.24644227345385,43.44108079083479,46.448093315450805,74.3166393926814,57.09883932894523,89.85190161427097
2025-03-09 20:17:36.487667,572.0,502.0,392.0,2559.0,1285.0,340.0,67.7012684862734,80.39545040933905,58.26966441523841,40.71880482087483,16.28169046890547,43.54844901386422,46.219994306094726,74.27418084885305,57.14364467279047,90.0794925944933
2025-03-09 20:17:36.487667,567.0,496.0,385.0,2559.0,1283.0,338.0,67.7012684862734,80.39545040933905,58.26966441523841,40.71880482087483,16.28169046890547,43.54844901386422,46.219994306094726,74.27418084885305,57.14364467279047,90.0794925944933
2025-03-09 20:17:36.496000,565.0,502.0,393.0,2559.0,1285.0,337.0,67.7548319322344,80.37920731474877,58.548507214783946,40.80611516101454,16.320736092184774,43.6517017562233,46.00004103903716,74.22639406494211,57.17380881626188,90.29758904011472
2025-03-09 20:17:36.496000,567.0,502.0,385.0,2559.0,1282.0,336.0,67.7548319322344,80.37920731474877,58.548507214783946,40.80611516101454,16.320736092184774,43.6517017562233,46.00004103903716,74.22639406494211,57.17380881626188,90.29758904011472
2025-03-09 20:17:36.496000,570.0,497.0,385.0,2559.0,1284.0,343.0,67.7548319322344,80.37920731474877,58.548507214783946,40.80611516101454,16.320736092184774,43.6517017562233,46.00004103903716,74.22639406494211,57.17380881626188,90.29758904011472
2025-03-09 20:17:36.496000,564.0,496.0,385.0,2559.0,1284.0,340.0,67.7548319322344,80.37920731474877,58.548507214783946,40.80611516101454,16.320736092184774,43.6517017562233,46.00004103903716,74.22639406494211,57.17380881626188,90.29758904011472
2025-03-09 20:17:36.496000,566.0,497.0,389.0,2559.0,1286.0,340.0,67.7548319322344,80.37920731474877,58.548507214783946,40.80611516101454,16.320736092184774,43.6517017562233,46.00004103903716,74.22639406494211,57.17380881626188,90.29758904011472
2025-03-09 20:17:36.504333,561.0,497.0,382.0,2559.0,1286.0,349.0,67.80938345813799,80.34720168235688,58.81972804119004,40.890132577644856,16.362783207655596,43.75103469173606,45.79057153875115,74.17253052434238,57.187343257380604,90.50307583551562
2025-03-09 20:17:36.504333,560.0,501.0,387.0,2559.0,1283.0,352.0,67.80938345813799,80.34720168235688,58.81972804119004,40.890132577644856,16.362783207655596,43.75103469173606,45.79057153875115,74.17253052434238,57.187343257380604,90.50307583551562
2025-03-09 20:17:36.504333,560.0,499.0,384.0,2559.0,1281.0,351.0,67.80938345813799,80.34720168235688,58.81972804119004,40.890132577644856,16.362783207655596,43.75103469173606,45.79057153875115,74.17253052434238,57.187343257380604,90.50307583551562
2025-03-09 20:17:36.512667,559.0,496.0,387.0,2559.0,1285.0,353.0,67.86485968077007,80.29457117021308,59.07808066509749,40.97460939027824,16.407556815667913,43.849542705149744,45.5935725538393,74.10974076775581,57.181269018121085,90.69409942587899
2025-03-09 20:17:36.512667,559.0,495.0,387.0,2583.0,1284.0,354.0,67.86485968077007,80.29457117021308,59.07808066509749,40.97460939027824,16.407556815667913,43.849542705149744,45.5935725538393,74.10974076775581,57.181269018121085,90.69409942587899
2025-03-09 20:17:36.512667,560.0,496.0,393.0,2585.0,1286.0,355.0,67.86485968077007,80.29457117021308,59.07808066509749,40.97460939027824,16.407556815667913,43.849542705149744,45.5935725538393,74.10974076775581,57.181269018121085,90.69409942587899
2025-03-09 20:17:36.512667,559.0,492.0,382.0,2587.0,1286.0,356.0,67.86485968077007,80.29457117021308,59.07808066509749,40.97460939027824,16.407556815667913,43.849542705149744,45.5935725538393,74.10974076775581,57.181269018121085,90.69409942587899
2025-03-09 20:17:36.521000,560.0,496.0,385.0,2586.0,1287.0,358.0,67.91997253926729,80.21615408090403,59.31836064666149,41.06115990865796,16.45300211808672,43.947877313375905,45.40938472441342,74.03466409778807,57.15243562181399,90.8708379249384
2025-03-09 20:17:36.521000,551.0,494.0,384.0,2559.0,1293.0,366.0,67.91997253926729,80.21615408090403,59.31836064666149,41.06115990865796,16.45300211808672,43.947877313375905,45.40938472441342,74.03466409778807,57.15243562181399,90.8708379249384
2025-03-09 20:17:36.521000,549.0,495.0,387.0,2587.0,1291.0,362.0,67.91997253926729,80.21615408090403,59.31836064666149,41.06115990865796,16.45300211808672,43.947877313375905,45.40938472441342,74.03466409778807,57.15243562181399,90.8708379249384
2025-03-09 20:17:36.529333,557.0,496.0,389.0,2587.0,1292.0,367.0,67.97167526362983,80.10625462920112,59.53832815987434,41.15076624373006,16.496987562437447,44.046557664648724,45.23353152549843,73.94100792611108,57.09732990495114,91.03272172517231
2025-03-09 20:17:36.529333,549.0,511.0,388.0,2589.0,1294.0,368.0,67.97167526362983,80.10625462920112,59.53832815987434,41.15076624373006,16.496987562437447,44.046557664648724,45.23353152549843,73.94100792611108,57.09732990495114,91.03272172517231
2025-03-09 20:17:36.529333,551.0,490.0,386.0,2586.0,1294.0,368.0,67.97167526362983,80.10625462920112,59.53832815987434,41.15076624373006,16.496987562437447,44.046557664648724,45.23353152549843,73.94100792611108,57.09732990495114,91.03272172517231
2025-03-09 20:17:36.529333,553.0,493.0,389.0,2587.0,1294.0,368.0,67.97167526362983,80.10625462920112,59.53832815987434,41.15076624373006,16.496987562437447,44.046557664648724,45.23353152549843,73.94100792611108,57.09732990495114,91.03272172517231
2025-03-09 20:17:36.537667,550.0,498.0,387.0,2589.0,1293.0,370.0,68.01731121611297,79.96089952415778,59.736753844641036,41.24320382869478,16.53811079188028,44.145448448926196,45.06167236817188,73.82286912476854,57.012536109129975,91.17906795236775
2025-03-09 20:17:36.537667,544.0,494.0,389.0,2598.0,1308.0,379.0,68.01731121611297,79.96089952415778,59.736753844641036,41.24320382869478,16.53811079188028,44.145448448926196,45.06167236817188,73.82286912476854,57.012536109129975,91.17906795236775
2025-03-09 20:17:36.537667,541.0,494.0,394.0,2597.0,1311.0,379.0,68.01731121611297,79.96089952415778,59.736753844641036,41.24320382869478,16.53811079188028,44.145448448926196,45.06167236817188,73.82286912476854,57.012536109129975,91.17906795236775
2025-03-09 20:17:36.537667,544.0,495.0,385.0,2603.0,1308.0,377.0,68.01731121611297,79.96089952415778,59.736753844641036,41.24320382869478,16.53811079188028,44.145448448926196,45.06167236817188,73.82286912476854,57.012536109129975,91.17906795236775
2025-03-09 20:17:36.546000,546.0,496.0,384.0,2603.0,1312.0,382.0,68.05576725620723,79.78021343979518,59.91190067608996,41.336060928073955,16.57360027568774,44.241528904097805,44.893307692492996,73.68033820636182,56.898305268249864,91.31298116219459
2025-03-09 20:17:36.546000,541.0,494.0,387.0,2603.0,1313.0,378.0,68.05576725620723,79.78021343979518,59.91190067608996,41.336060928073955,16.57360027568774,44.241528904097805,44.893307692492996,73.68033820636182,56.898305268249864,91.31298116219459
2025-03-09 20:17:36.546000,542.0,498.0,384.0,2596.0,1314.0,377.0,68.05576725620723,79.78021343979518,59.91190067608996,41.336060928073955,16.57360027568774,44.241528904097805,44.893307692492996,73.68033820636182,56.898305268249864,91.31298116219459
2025-03-09 20:17:36.554333,542.0,493.0,388.0,2598.0,1315.0,384.0,68.0715149020374,79.55713636098949,60.056723335408876,41.427324081788825,16.59881972006933,44.331244641767704,44.72069159494842,73.50488175427749,56.75502747990028,91.41894029370943
2025-03-09 20:17:36.554333,543.0,491.0,387.0,2599.0,1317.0,379.0,68.0715149020374,79.55713636098949,60.056723335408876,41.427324081788825,16.59881972006933,44.331244641767704,44.72069159494842,73.50488175427749,56.75502747990028,91.41894029370943
2025-03-09 20:17:36.554333,534.0,495.0,389.0,2603.0,1330.0,396.0,68.0715149020374,79.55713636098949,60.056723335408876,41.427324081788825,16.59881972006933,44.331244641767704,44.72069159494842,73.50488175427749,56.75502747990028,91.41894029370943
2025-03-09 20:17:36.554333,534.0,496.0,384.0,2606.0,1328.0,396.0,68.0715149020374,79.55713636098949,60.056723335408876,41.427324081788825,16.59881972006933,44.331244641767704,44.72069159494842,73.50488175427749,56.75502747990028,91.41894029370943
2025-03-09 20:17:36.562667,529.0,495.0,390.0,2606.0,1333.0,400.0,68.03426129366913,79.27568121795466,60.160532289241004,41.515802098366485,16.609466480240982,44.41187477900687,44.526851250258495,73.27612247208492,56.58015566139279,91.46074811633595
2025-03-09 20:17:36.562667,531.0,493.0,382.0,2610.0,1330.0,400.0,68.03426129366913,79.27568121795466,60.160532289241004,41.515802098366485,16.609466480240982,44.41187477900687,44.526851250258495,73.27612247208492,56.58015566139279,91.46074811633595
2025-03-09 20:17:36.562667,528.0,490.0,389.0,2600.0,1334.0,397.0,68.03426129366913,79.27568121795466,60.160532289241004,41.515802098366485,16.609466480240982,44.41187477900687,44.526851250258495,73.27612247208492,56.58015566139279,91.46074811633595
2025-03-09 20:17:36.571000,530.0,480.0,385.0,2607.0,1334.0,400.0,67.93567112144181,78.93473459435347,60.220363979238876,41.598453937557856,16.6047880797571,44.480150463579996,44.309266710024936,72.99176502988556,56.3742786824303,91.43170425923029
2025-03-09 20:17:36.571000,528.0,491.0,391.0,2607.0,1338.0,407.0,67.93567112144181,78.93473459435347,60.220363979238876,41.598453937557856,16.6047880797571,44.480150463579996,44.309266710024936,72.99176502988556,56.3742786824303,91.43170425923029
2025-03-09 20:17:36.571000,526.0,490.0,395.0,2608.0,1355.0,421.0,67.93567112144181,78.93473459435347,60.220363979238876,41.598453937557856,16.6047880797571,44.480150463579996,44.309266710024936,72.99176502988556,56.3742786824303,91.43170425923029
2025-03-09 20:17:36.571000,511.0,489.0,386.0,2608.0,1357.0,425.0,67.93567112144181,78.93473459435347,60.220363979238876,41.598453937557856,16.6047880797571,44.480150463579996,44.309266710024936,72.99176502988556,56.3742786824303,91.43170425923029
2025-03-09 20:17:36.579333,511.0,487.0,384.0,2609.0,1353.0,426.0,67.79107964714406,78.55188199908066,60.24333381175494,41.675870783555936,16.585095348744286,44.53654467502178,44.07731963323164,72.67161046612185,56.149620719554534,91.3568546856877
2025-03-09 20:17:36.579333,511.0,495.0,384.0,2608.0,1359.0,425.0,67.79107964714406,78.55188199908066,60.24333381175494,41.675870783555936,16.585095348744286,44.53654467502178,44.07731963323164,72.67161046612185,56.149620719554534,91.3568546856877
2025-03-09 20:17:36.579333,511.0,492.0,384.0,2609.0,1358.0,429.0,67.79107964714406,78.55188199908066,60.24333381175494,41.675870783555936,16.585095348744286,44.53654467502178,44.07731963323164,72.67161046612185,56.149620719554534,91.3568546856877
2025-03-09 20:17:36.587667,511.0,492.0,385.0,2608.0,1360.0,431.0,67.61502208218991,78.14604808813061,60.238104468890555,41.75894676467882,16.54741382136309,44.58968966567834,43.834783507877304,72.3381322181657,55.92898444736542,91.25818522483561
2025-03-09 20:17:36.587667,511.0,495.0,385.0,2611.0,1360.0,432.0,67.61502208218991,78.14604808813061,60.238104468890555,41.75894676467882,16.54741382136309,44.58968966567834,43.834783507877304,72.3381322181657,55.92898444736542,91.25818522483561
2025-03-09 20:17:36.587667,511.0,489.0,391.0,2611.0,1363.0,432.0,67.61502208218991,78.14604808813061,60.238104468890555,41.75894676467882,16.54741382136309,44.58968966567834,43.834783507877304,72.3381322181657,55.92898444736542,91.25818522483561
2025-03-09 20:17:36.587667,499.0,493.0,389.0,2610.0,1379.0,448.0,67.61502208218991,78.14604808813061,60.238104468890555,41.75894676467882,16.54741382136309,44.58968966567834,43.834783507877304,72.3381322181657,55.92898444736542,91.25818522483561
2025-03-09 20:17:36.596000,509.0,489.0,383.0,2608.0,1382.0,445.0,67.41672494893862,77.73048222182638,60.211688595286475,41.85970202820189,16.487632139897652,44.64894551937839,43.580802134966866,72.00783891335911,55.73298881432408,91.14875614278768
2025-03-09 20:17:36.596000,499.0,490.0,382.0,2608.0,1383.0,448.0,67.41672494893862,77.73048222182638,60.211688595286475,41.85970202820189,16.487632139897652,44.64894551937839,43.580802134966866,72.00783891335911,55.73298881432408,91.14875614278768
2025-03-09 20:17:36.596000,499.0,487.0,381.0,2608.0,1386.0,447.0,67.41672494893862,77.73048222182638,60.211688595286475,41.85970202820189,16.487632139897652,44.64894551937839,43.580802134966866,72.00783891335911,55.73298881432408,91.14875614278768
2025-03-09 20:17:36.596000,499.0,490.0,387.0,2608.0,1384.0,455.0,67.41672494893862,77.73048222182638,60.211688595286475,41.85970202820189,16.487632139897652,44.64894551937839,43.580802134966866,72.00783891335911,55.73298881432408,91.14875614278768
2025-03-09 20:17:36.604333,498.0,487.0,389.0,2610.0,1389.0,452.0,67.20207020297543,77.31346663823298,60.17033636212954,41.98523856251972,16.402922291732907,44.719740477326255,43.313838724009784,71.69155621864782,55.57514930566447,91.03681734996455
2025-03-09 20:17:36.604333,499.0,485.0,384.0,2611.0,1390.0,455.0,67.20207020297543,77.31346663823298,60.17033636212954,41.98523856251972,16.402922291732907,44.719740477326255,43.313838724009784,71.69155621864782,55.57514930566447,91.03681734996455
2025-03-09 20:17:36.604333,497.0,487.0,385.0,2609.0,1387.0,454.0,67.20207020297543,77.31346663823298,60.17033636212954,41.98523856251972,16.402922291732907,44.719740477326255,43.313838724009784,71.69155621864782,55.57514930566447,91.03681734996455
2025-03-09 20:17:36.612667,492.0,489.0,381.0,2608.0,1394.0,458.0,66.97578450158743,76.90047628939458,60.11969287290298,42.14265528780927,16.289736260421797,44.80720976999426,43.031447652335075,71.39842441088844,55.46756936237667,90.92795931982364
2025-03-09 20:17:36.612667,493.0,489.0,389.0,2613.0,1393.0,460.0,66.97578450158743,76.90047628939458,60.11969287290298,42.14265528780927,16.289736260421797,44.80720976999426,43.031447652335075,71.39842441088844,55.46756936237667,90.92795931982364
2025-03-09 20:17:36.612667,493.0,490.0,387.0,2611.0,1399.0,461.0,66.97578450158743,76.90047628939458,60.11969287290298,42.14265528780927,16.289736260421797,44.80720976999426,43.031447652335075,71.39842441088844,55.46756936237667,90.92795931982364
2025-03-09 20:17:36.612667,487.0,489.0,378.0,2615.0,1398.0,464.0,66.97578450158743,76.90047628939458,60.11969287290298,42.14265528780927,16.289736260421797,44.80720976999426,43.031447652335075,71.39842441088844,55.46756936237667,90.92795931982364
2025-03-09 20:17:36.621000,489.0,491.0,389.0,2615.0,1401.0,463.0,66.74370742238214,76.49477417714904,60.06245829525702,42.34328717971693,16.143334253642983,44.92011067749776,42.7315584532001,71.13683984374084,55.42217886932901,90.82769739223897
2025-03-09 20:17:36.621000,485.0,492.0,385.0,2612.0,1399.0,463.0,66.74370742238214,76.49477417714904,60.06245829525702,42.34328717971693,16.143334253642983,44.92011067749776,42.7315584532001,71.13683984374084,55.42217886932901,90.82769739223897
2025-03-09 20:17:36.621000,487.0,489.0,381.0,2614.0,1399.0,460.0,66.74370742238214,76.49477417714904,60.06245829525702,42.34328717971693,16.143334253642983,44.92011067749776,42.7315584532001,71.13683984374084,55.42217886932901,90.82769739223897
2025-03-09 20:17:36.629333,482.0,491.0,386.0,2614.0,1411.0,464.0,66.5119542690449,76.09815392124413,59.99822000135494,42.60546356069466,15.956558812061367,45.07284391404895,42.41155295762831,70.91632710313249,55.454678053370706,90.74179832605678
2025-03-09 20:17:36.629333,487.0,481.0,396.0,2621.0,1410.0,465.0,66.5119542690449,76.09815392124413,59.99822000135494,42.60546356069466,15.956558812061367,45.07284391404895,42.41155295762831,70.91632710313249,55.454678053370706,90.74179832605678
2025-03-09 20:17:36.629333,485.0,482.0,397.0,2613.0,1410.0,467.0,66.5119542690449,76.09815392124413,59.99822000135494,42.60546356069466,15.956558812061367,45.07284391404895,42.41155295762831,70.91632710313249,55.454678053370706,90.74179832605678
2025-03-09 20:17:36.629333,482.0,483.0,400.0,2619.0,1413.0,468.0,66.5119542690449,76.09815392124413,59.99822000135494,42.60546356069466,15.956558812061367,45.07284391404895,42.41155295762831,70.91632710313249,55.454678053370706,90.74179832605678
2025-03-09 20:17:36.637667,481.0,491.0,401.0,2609.0,1414.0,464.0,66.28610034178915,75.71284897175725,59.9267253047269,42.89123749716879,15.756439363045416,45.24281352274517,42.09408684265721,70.71960183127062,55.51955291474004,90.67570151377309
2025-03-09 20:17:36.637667,484.0,486.0,407.0,2619.0,1414.0,466.0,66.28610034178915,75.71284897175725,59.9267253047269,42.89123749716879,15.756439363045416,45.24281352274517,42.09408684265721,70.71960183127062,55.51955291474004,90.67570151377309
2025-03-09 20:17:36.637667,479.0,485.0,410.0,2617.0,1418.0,471.0,66.28610034178915,75.71284897175725,59.9267253047269,42.89123749716879,15.756439363045416,45.24281352274517,42.09408684265721,70.71960183127062,55.51955291474004,90.67570151377309
2025-03-09 20:17:36.646000,483.0,482.0,399.0,2614.0,1418.0,475.0,66.07084290406564,75.34054629899887,59.84785347340366,43.102939071174866,15.604699270115269,45.366170494225805,41.826834392599785,70.49912949489274,55.5056756806066,90.63453625675706
2025-03-09 20:17:36.646000,477.0,485.0,429.0,2613.0,1431.0,479.0,66.07084290406564,75.34054629899887,59.84785347340366,43.102939071174866,15.604699270115269,45.366170494225805,41.826834392599785,70.49912949489274,55.5056756806066,90.63453625675706
2025-03-09 20:17:36.646000,478.0,489.0,413.0,2614.0,1432.0,480.0,66.07084290406564,75.34054629899887,59.84785347340366,43.102939071174866,15.604699270115269,45.366170494225805,41.826834392599785,70.49912949489274,55.5056756806066,90.63453625675706
2025-03-09 20:17:36.646000,474.0,471.0,403.0,2615.0,1434.0,481.0,66.07084290406564,75.34054629899887,59.84785347340366,43.102939071174866,15.604699270115269,45.366170494225805,41.826834392599785,70.49912949489274,55.5056756806066,90.63453625675706
2025-03-09 20:17:36.654333,476.0,484.0,435.0,2619.0,1434.0,484.0,65.86861180082064,74.98152908837758,59.76380560490434,43.19805767044986,15.528571409816063,45.41418312567309,41.628688327738935,70.23254905096748,55.36374097623984,90.62139949522782
2025-03-09 20:17:36.654333,475.0,485.0,431.0,2614.0,1435.0,486.0,65.86861180082064,74.98152908837758,59.76380560490434,43.19805767044986,15.528571409816063,45.41418312567309,41.628688327738935,70.23254905096748,55.36374097623984,90.62139949522782
2025-03-09 20:17:36.654333,471.0,483.0,412.0,2613.0,1433.0,495.0,65.86861180082064,74.98152908837758,59.76380560490434,43.19805767044986,15.528571409816063,45.41418312567309,41.628688327738935,70.23254905096748,55.36374097623984,90.62139949522782
2025-03-09 20:17:36.654333,476.0,486.0,411.0,2615.0,1439.0,491.0,65.86861180082064,74.98152908837758,59.76380560490434,43.19805767044986,15.528571409816063,45.41418312567309,41.628688327738935,70.23254905096748,55.36374097623984,90.62139949522782
2025-03-09 20:17:36.662667,469.0,491.0,472.0,2615.0,1456.0,497.0,65.68153541245294,74.63818229785903,59.679698010729794,43.18416052979527,15.524469679969101,45.39202502376812,41.49339104210094,69.92348351433692,55.10296881313273,90.63597851270548
2025-03-09 20:17:36.662667,468.0,484.0,438.0,2617.0,1456.0,496.0,65.68153541245294,74.63818229785903,59.679698010729794,43.18416052979527,15.524469679969101,45.39202502376812,41.49339104210094,69.92348351433692,55.10296881313273,90.63597851270548
2025-03-09 20:17:36.662667,464.0,480.0,433.0,2615.0,1456.0,499.0,65.68153541245294,74.63818229785903,59.679698010729794,43.18416052979527,15.524469679969101,45.39202502376812,41.49339104210094,69.92348351433692,55.10296881313273,90.63597851270548
2025-03-09 20:17:36.671000,465.0,481.0,444.0,2611.0,1456.0,499.0,65.51268888415598,74.31353849617973,59.60210221981346,43.05790786857425,15.594479547085275,45.29781312414307,41.4191428547745,69.57266785971477,54.72262391344148,90.6762194785717
2025-03-09 20:17:36.671000,469.0,487.0,475.0,2614.0,1456.0,497.0,65.51268888415598,74.31353849617973,59.60210221981346,43.05790786857425,15.594479547085275,45.29781312414307,41.4191428547745,69.57266785971477,54.72262391344148,90.6762194785717
2025-03-09 20:17:36.671000,466.0,482.0,437.0,2613.0,1458.0,498.0,65.51268888415598,74.31353849617973,59.60210221981346,43.05790786857425,15.594479547085275,45.29781312414307,41.4191428547745,69.57266785971477,54.72262391344148,90.6762194785717
2025-03-09 20:17:36.671000,467.0,475.0,431.0,2613.0,1458.0,496.0,65.51268888415598,74.31353849617973,59.60210221981346,43.05790786857425,15.594479547085275,45.29781312414307,41.4191428547745,69.57266785971477,54.72262391344148,90.6762194785717
2025-03-09 20:17:36.679333,465.0,487.0,438.0,2618.0,1462.0,510.0,65.36473684056712,74.00964771302945,59.53702995543263,42.86035966222362,15.711907214497437,45.158417141430874,41.385906910353846,69.20636406065864,54.27394915360684,90.73941264364912
2025-03-09 20:17:36.679333,464.0,481.0,485.0,2622.0,1469.0,510.0,65.36473684056712,74.00964771302945,59.53702995543263,42.86035966222362,15.711907214497437,45.158417141430874,41.385906910353846,69.20636406065864,54.27394915360684,90.73941264364912
2025-03-09 20:17:36.679333,464.0,484.0,479.0,2619.0,1467.0,506.0,65.36473684056712,74.00964771302945,59.53702995543263,42.86035966222362,15.711907214497437,45.158417141430874,41.385906910353846,69.20636406065864,54.27394915360684,90.73941264364912
2025-03-09 20:17:36.687667,464.0,486.0,476.0,2621.0,1468.0,506.0,65.2397305558011,73.72806419479721,59.48775822581282,42.681754246556096,15.81891443974985,45.032575817444865,41.35346359539718,68.87466085205111,53.862306167745814,90.82216930673435
2025-03-09 20:17:36.687667,464.0,478.0,475.0,2623.0,1470.0,509.0,65.2397305558011,73.72806419479721,59.48775822581282,42.681754246556096,15.81891443974985,45.032575817444865,41.35346359539718,68.87466085205111,53.862306167745814,90.82216930673435
2025-03-09 20:17:36.687667,464.0,481.0,499.0,2614.0,1468.0,510.0,65.2397305558011,73.72806419479721,59.48775822581282,42.681754246556096,15.81891443974985,45.032575817444865,41.35346359539718,68.87466085205111,53.862306167745814,90.82216930673435
2025-03-09 20:17:36.687667,464.0,480.0,495.0,2619.0,1470.0,511.0,65.2397305558011,73.72806419479721,59.48775822581282,42.681754246556096,15.81891443974985,45.032575817444865,41.35346359539718,68.87466085205111,53.862306167745814,90.82216930673435
2025-03-09 20:17:36.696000,464.0,477.0,496.0,2624.0,1469.0,509.0,65.13890956286374,73.4695774569831,59.454415024090835,42.56122988361634,15.892500236442793,44.946436086228836,41.305599084826994,68.59591789774669,53.52979495119132,90.92089382093289
2025-03-09 20:17:36.696000,464.0,479.0,445.0,2619.0,1474.0,511.0,65.13890956286374,73.4695774569831,59.454415024090835,42.56122988361634,15.892500236442793,44.946436086228836,41.305599084826994,68.59591789774669,53.52979495119132,90.92089382093289
2025-03-09 20:17:36.696000,462.0,482.0,432.0,2620.0,1472.0,511.0,65.13890956286374,73.4695774569831,59.454415024090835,42.56122988361634,15.892500236442793,44.946436086228836,41.305599084826994,68.59591789774669,53.52979495119132,90.92089382093289
2025-03-09 20:17:36.704333,462.0,485.0,442.0,2618.0,1475.0,509.0,65.06261924316087,73.23393364679404,59.43402501869322,42.49054809444973,15.941499377539929,44.896040695374644,41.24918533608709,68.36207207056563,53.26179522633783,91.0328274322172
2025-03-09 20:17:36.704333,464.0,480.0,451.0,2614.0,1478.0,511.0,65.06261924316087,73.23393364679404,59.43402501869322,42.49054809444973,15.941499377539929,44.896040695374644,41.24918533608709,68.36207207056563,53.26179522633783,91.0328274322172
2025-03-09 20:17:36.704333,464.0,480.0,422.0,2609.0,1472.0,501.0,65.06261924316087,73.23393364679404,59.43402501869322,42.49054809444973,15.941499377539929,44.896040695374644,41.24918533608709,68.36207207056563,53.26179522633783,91.0328274322172
2025-03-09 20:17:36.704333,463.0,486.0,415.0,2614.0,1477.0,511.0,65.06261924316087,73.23393364679404,59.43402501869322,42.49054809444973,15.941499377539929,44.896040695374644,41.24918533608709,68.36207207056563,53.26179522633783,91.0328274322172
2025-03-09 20:17:36.712667,463.0,481.0,443.0,2612.0,1475.0,505.0,65.01141250350892,73.02158985452105,59.42517718595653,42.4628693101267,15.971442229443277,44.87731891386612,41.189336583714564,68.16908310585957,53.04905844992261,91.15642152611977
2025-03-09 20:17:36.712667,462.0,480.0,423.0,2618.0,1474.0,511.0,65.01141250350892,73.02158985452105,59.42517718595653,42.4628693101267,15.971442229443277,44.87731891386612,41.189336583714564,68.16908310585957,53.04905844992261,91.15642152611977
2025-03-09 20:17:36.712667,461.0,487.0,419.0,2619.0,1486.0,511.0,65.01141250350892,73.02158985452105,59.42517718595653,42.4628693101267,15.971442229443277,44.87731891386612,41.189336583714564,68.16908310585957,53.04905844992261,91.15642152611977
2025-03-09 20:17:36.721000,461.0,475.0,413.0,2611.0,1483.0,510.0,64.9849637294076,72.83348176340287,59.426958100667214,42.466883024310135,15.986763945524672,44.881600192679336,41.13165548783927,68.01442754296183,52.88235944451143,91.29125567060525
2025-03-09 20:17:36.721000,462.0,477.0,382.0,2612.0,1482.0,537.0,64.9849637294076,72.83348176340287,59.426958100667214,42.466883024310135,15.986763945524672,44.881600192679336,41.13165548783927,68.01442754296183,52.88235944451143,91.29125567060525
2025-03-09 20:17:36.721000,461.0,476.0,368.0,2616.0,1478.0,510.0,64.9849637294076,72.83348176340287,59.426958100667214,42.466883024310135,15.986763945524672,44.881600192679336,41.13165548783927,68.01442754296183,52.88235944451143,91.29125567060525
2025-03-09 20:17:36.721000,463.0,473.0,337.0,2617.0,1482.0,511.0,64.9849637294076,72.83348176340287,59.426958100667214,42.466883024310135,15.986763945524672,44.881600192679336,41.13165548783927,68.01442754296183,52.88235944451143,91.29125567060525
2025-03-09 20:17:36.729333,461.0,483.0,425.0,2619.0,1481.0,528.0,64.98167069228816,72.6699994973811,59.437299330715625,42.4910865021066,15.991896304811242,44.900051669132914,41.08174743428059,67.89501403654211,52.75221449194948,91.43784500172428
2025-03-09 20:17:36.729333,460.0,482.0,425.0,2615.0,1483.0,511.0,64.98167069228816,72.6699994973811,59.437299330715625,42.4910865021066,15.991896304811242,44.900051669132914,41.08174743428059,67.89501403654211,52.75221449194948,91.43784500172428
2025-03-09 20:17:36.729333,458.0,475.0,400.0,2617.0,1484.0,511.0,64.98167069228816,72.6699994973811,59.437299330715625,42.4910865021066,15.991896304811242,44.900051669132914,41.08174743428059,67.89501403654211,52.75221449194948,91.43784500172428
2025-03-09 20:17:36.729333,461.0,475.0,398.0,2622.0,1487.0,510.0,64.98167069228816,72.6699994973811,59.437299330715625,42.4910865021066,15.991896304811242,44.900051669132914,41.08174743428059,67.89501403654211,52.75221449194948,91.43784500172428
2025-03-09 20:17:36.737667,458.0,477.0,396.0,2615.0,1487.0,511.0,65.00000376400297,72.53144441688889,59.45534179575247,42.52642891359374,15.991057211590876,44.92614839857104,41.04319091114229,67.80742270880452,52.65065539298108,91.59652893755126
2025-03-09 20:17:36.737667,462.0,475.0,384.0,2615.0,1486.0,511.0,65.00000376400297,72.53144441688889,59.45534179575247,42.52642891359374,15.991057211590876,44.92614839857104,41.04319091114229,67.80742270880452,52.65065539298108,91.59652893755126
2025-03-09 20:17:36.737667,461.0,482.0,394.0,2623.0,1488.0,502.0,65.00000376400297,72.53144441688889,59.45534179575247,42.52642891359374,15.991057211590876,44.92614839857104,41.04319091114229,67.80742270880452,52.65065539298108,91.59652893755126
2025-03-09 20:17:36.746000,458.0,486.0,381.0,2621.0,1487.0,511.0,65.03841373009912,72.41790669526557,59.48020845226172,42.564720686967995,15.988875465966082,44.95471095365132,41.01834077809972,67.74638073512494,52.568769215826684,91.76683837266583
2025-03-09 20:17:36.746000,457.0,477.0,368.0,2613.0,1488.0,511.0,65.03841373009912,72.41790669526557,59.48020845226172,42.564720686967995,15.988875465966082,44.95471095365132,41.01834077809972,67.74638073512494,52.568769215826684,91.76683837266583
2025-03-09 20:17:36.746000,457.0,483.0,390.0,2615.0,1488.0,511.0,65.03841373009912,72.41790669526557,59.48020845226172,42.564720686967995,15.988875465966082,44.95471095365132,41.01834077809972,67.74638073512494,52.568769215826684,91.76683837266583
2025-03-09 20:17:36.746000,459.0,476.0,380.0,2615.0,1494.0,523.0,65.03841373009912,72.41790669526557,59.48020845226172,42.564720686967995,15.988875465966082,44.95471095365132,41.01834077809972,67.74638073512494,52.568769215826684,91.76683837266583
2025-03-09 20:17:36.754333,457.0,489.0,380.0,2615.0,1490.0,527.0,65.09510096100695,72.32910976784626,59.50890894692528,42.60495992447942,15.98659641427395,44.98581853498977,41.007599864281886,67.70856876397086,52.503391096849526,91.9472910815742
2025-03-09 20:17:36.754333,462.0,479.0,384.0,2619.0,1489.0,511.0,65.09510096100695,72.32910976784626,59.50890894692528,42.60495992447942,15.98659641427395,44.98581853498977,41.007599864281886,67.70856876397086,52.503391096849526,91.9472910815742
2025-03-09 20:17:36.754333,454.0,475.0,371.0,2608.0,1491.0,510.0,65.09510096100695,72.32910976784626,59.50890894692528,42.60495992447942,15.98659641427395,44.98581853498977,41.007599864281886,67.70856876397086,52.503391096849526,91.9472910815742
2025-03-09 20:17:36.762667,455.0,473.0,367.0,2613.0,1493.0,509.0,65.16865947601798,72.26496082671784,59.538474069514756,42.652323032245434,15.983514452898534,45.02430853556277,41.00953191751011,67.69279605540476,52.45654333717414,92.13498903583913
2025-03-09 20:17:36.762667,457.0,480.0,367.0,2617.0,1495.0,529.0,65.16865947601798,72.26496082671784,59.538474069514756,42.652323032245434,15.983514452898534,45.02430853556277,41.00953191751011,67.69279605540476,52.45654333717414,92.13498903583913
2025-03-09 20:17:36.762667,457.0,476.0,343.0,2613.0,1494.0,528.0,65.16865947601798,72.26496082671784,59.538474069514756,42.652323032245434,15.983514452898534,45.02430853556277,41.00953191751011,67.69279605540476,52.45654333717414,92.13498903583913
2025-03-09 20:17:36.762667,459.0,479.0,375.0,2618.0,1502.0,538.0,65.16865947601798,72.26496082671784,59.538474069514756,42.652323032245434,15.983514452898534,45.02430853556277,41.00953191751011,67.69279605540476,52.45654333717414,92.13498903583913
2025-03-09 20:17:36.771000,453.0,477.0,378.0,2617.0,1503.0,525.0,65.25730218336425,72.22527308281964,59.566835355650745,42.70807336712816,15.979808802768591,45.07150160335833,41.02389099994479,67.69806444714894,52.428384264445725,92.32615565571743
2025-03-09 20:17:36.771000,457.0,475.0,379.0,2619.0,1504.0,527.0,65.25730218336425,72.22527308281964,59.566835355650745,42.70807336712816,15.979808802768591,45.07150160335833,41.02389099994479,67.69806444714894,52.428384264445725,92.32615565571743
2025-03-09 20:17:36.771000,457.0,481.0,393.0,2619.0,1505.0,528.0,65.25730218336425,72.22527308281964,59.566835355650745,42.70807336712816,15.979808802768591,45.07150160335833,41.02389099994479,67.69806444714894,52.428384264445725,92.32615565571743
2025-03-09 20:17:36.779333,457.0,476.0,395.0,2617.0,1506.0,528.0,65.35794688287315,72.2090390295619,59.59202500797763,42.76899470301517,15.976224261731996,45.124714911254046,41.05103861702952,67.72228966910207,52.416304257002906,92.51685547461156
2025-03-09 20:17:36.779333,454.0,483.0,391.0,2617.0,1509.0,528.0,65.35794688287315,72.2090390295619,59.59202500797763,42.76899470301517,15.976224261731996,45.124714911254046,41.05103861702952,67.72228966910207,52.416304257002906,92.51685547461156
2025-03-09 20:17:36.779333,457.0,477.0,373.0,2614.0,1506.0,528.0,65.35794688287315,72.2090390295619,59.59202500797763,42.76899470301517,15.976224261731996,45.124714911254046,41.05103861702952,67.72228966910207,52.416304257002906,92.51685547461156
2025-03-09 20:17:36.779333,459.0,480.0,396.0,2618.0,1510.0,525.0,65.35794688287315,72.2090390295619,59.59202500797763,42.76899470301517,15.976224261731996,45.124714911254046,41.05103861702952,67.72228966910207,52.416304257002906,92.51685547461156
2025-03-09 20:17:36.787667,455.0,477.0,385.0,2613.0,1520.0,529.0,65.46660379075485,72.2146797645895,59.6110131679774,42.832511827103914,15.97261569869254,45.18140340404141,41.09108938223882,67.76359205557604,52.41851171313829,92.7035671408285
2025-03-09 20:17:36.787667,457.0,479.0,382.0,2617.0,1523.0,528.0,65.46660379075485,72.2146797645895,59.6110131679774,42.832511827103914,15.97261569869254,45.18140340404141,41.09108938223882,67.76359205557604,52.41851171313829,92.7035671408285
2025-03-09 20:17:36.787667,458.0,478.0,389.0,2615.0,1525.0,528.0,65.46660379075485,72.2146797645895,59.6110131679774,42.832511827103914,15.97261569869254,45.18140340404141,41.09108938223882,67.76359205557604,52.41851171313829,92.7035671408285
2025-03-09 20:17:36.796000,457.0,482.0,400.0,2619.0,1526.0,533.0,65.58038173230395,72.24074810374353,59.62157616185255,42.898596392001544,15.96746891726108,45.24086859353221,41.142928053718904,67.82120870770683,52.43555172071328,92.8835965465408
2025-03-09 20:17:36.796000,451.0,478.0,384.0,2618.0,1529.0,528.0,65.58038173230395,72.24074810374353,59.62157616185255,42.898596392001544,15.96746891726108,45.24086859353221,41.142928053718904,67.82120870770683,52.43555172071328,92.8835965465408
2025-03-09 20:17:36.796000,451.0,479.0,391.0,2614.0,1530.0,528.0,65.58038173230395,72.24074810374353,59.62157616185255,42.898596392001544,15.96746891726108,45.24086859353221,41.142928053718904,67.82120870770683,52.43555172071328,92.8835965465408
2025-03-09 20:17:36.796000,455.0,481.0,384.0,2613.0,1526.0,528.0,65.58038173230395,72.24074810374353,59.62157616185255,42.898596392001544,15.96746891726108,45.24086859353221,41.142928053718904,67.82120870770683,52.43555172071328,92.8835965465408
2025-03-09 20:17:36.804333,449.0,483.0,388.0,2617.0,1535.0,534.0,65.6982387257546,72.28645528603367,59.62323122905113,42.967171609820916,15.959884543880593,45.302744804170295,41.205431244864755,67.89452614748846,52.46754780133115,93.05535383951306
2025-03-09 20:17:36.804333,450.0,480.0,400.0,2618.0,1535.0,538.0,65.6982387257546,72.28645528603367,59.62323122905113,42.967171609820916,15.959884543880593,45.302744804170295,41.205431244864755,67.89452614748846,52.46754780133115,93.05535383951306
2025-03-09 20:17:36.804333,452.0,480.0,390.0,2618.0,1535.0,539.0,65.6982387257546,72.28645528603367,59.62323122905113,42.967171609820916,15.959884543880593,45.302744804170295,41.205431244864755,67.89452614748846,52.46754780133115,93.05535383951306
2025-03-09 20:17:36.804333,455.0,479.0,398.0,2617.0,1535.0,537.0,65.6982387257546,72.28645528603367,59.62323122905113,42.967171609820916,15.959884543880593,45.302744804170295,41.205431244864755,67.89452614748846,52.46754780133115,93.05535383951306
2025-03-09 20:17:36.812667,453.0,478.0,396.0,2615.0,1535.0,535.0,65.81998388477857,72.3509200202064,59.615988069086995,43.03493076043136,15.951434174773029,45.3644193850237,41.28017219363507,67.98242012413853,52.51109242171637,93.218757665936
2025-03-09 20:17:36.812667,454.0,478.0,388.0,2617.0,1535.0,542.0,65.81998388477857,72.3509200202064,59.615988069086995,43.03493076043136,15.951434174773029,45.3644193850237,41.28017219363507,67.98242012413853,52.51109242171637,93.218757665936
2025-03-09 20:17:36.812667,458.0,479.0,386.0,2614.0,1535.0,548.0,65.81998388477857,72.3509200202064,59.615988069086995,43.03493076043136,15.951434174773029,45.3644193850237,41.28017219363507,67.98242012413853,52.51109242171637,93.218757665936
2025-03-09 20:17:36.821000,451.0,479.0,385.0,2620.0,1535.0,540.0,65.94562159166843,72.43313579975096,59.599087276905045,43.09616945464865,15.944903103799344,45.4213030505798,41.37120721405292,68.08385985425069,52.56057172019297,93.37528226317714
2025-03-09 20:17:36.821000,453.0,477.0,381.0,2614.0,1535.0,542.0,65.94562159166843,72.43313579975096,59.599087276905045,43.09616945464865,15.944903103799344,45.4213030505798,41.37120721405292,68.08385985425069,52.56057172019297,93.37528226317714
2025-03-09 20:17:36.821000,451.0,478.0,379.0,2614.0,1535.0,547.0,65.94562159166843,72.43313579975096,59.599087276905045,43.09616945464865,15.944903103799344,45.4213030505798,41.37120721405292,68.08385985425069,52.56057172019297,93.37528226317714
2025-03-09 20:17:36.821000,450.0,478.0,384.0,2621.0,1535.0,538.0,65.94562159166843,72.43313579975096,59.599087276905045,43.09616945464865,15.944903103799344,45.4213030505798,41.37120721405292,68.08385985425069,52.56057172019297,93.37528226317714
2025-03-09 20:17:36.829333,453.0,479.0,375.0,2617.0,1535.0,535.0,66.07524505537026,72.53193241847738,59.57233735667695,43.146035771366606,15.942357587781617,45.46951537629908,41.48110578061398,68.19733850007535,52.61094689472781,93.52707907785226
2025-03-09 20:17:36.829333,450.0,477.0,373.0,2615.0,1535.0,535.0,66.07524505537026,72.53193241847738,59.57233735667695,43.146035771366606,15.942357587781617,45.46951537629908,41.48110578061398,68.19733850007535,52.61094689472781,93.52707907785226
2025-03-09 20:17:36.829333,452.0,479.0,375.0,2615.0,1535.0,561.0,66.07524505537026,72.53193241847738,59.57233735667695,43.146035771366606,15.942357587781617,45.46951537629908,41.48110578061398,68.19733850007535,52.61094689472781,93.52707907785226
2025-03-09 20:17:36.837667,455.0,477.0,374.0,2619.0,1555.0,543.0,66.2080143459368,72.64602229105753,59.53663871258586,43.182640272951275,15.944351442865285,45.50743253774851,41.609203187127655,68.3214268602318,52.66038685724413,93.67530739060338
2025-03-09 20:17:36.837667,448.0,482.0,371.0,2614.0,1558.0,541.0,66.2080143459368,72.64602229105753,59.53663871258586,43.182640272951275,15.944351442865285,45.50743253774851,41.609203187127655,68.3214268602318,52.66038685724413,93.67530739060338
2025-03-09 20:17:36.837667,450.0,475.0,366.0,2617.0,1559.0,538.0,66.2080143459368,72.64602229105753,59.53663871258586,43.182640272951275,15.944351442865285,45.50743253774851,41.609203187127655,68.3214268602318,52.66038685724413,93.67530739060338
2025-03-09 20:17:36.837667,451.0,478.0,371.0,2619.0,1559.0,533.0,66.2080143459368,72.64602229105753,59.53663871258586,43.182640272951275,15.944351442865285,45.50743253774851,41.609203187127655,68.3214268602318,52.66038685724413,93.67530739060338
2025-03-09 20:17:36.846000,449.0,479.0,375.0,2622.0,1559.0,540.0,66.34209176704074,72.774157479806,59.49459874769648,43.20779077691062,15.950491167747385,45.53652889851698,41.75129141034787,68.45474464384964,52.710698026720735,93.8194201379681
2025-03-09 20:17:36.846000,448.0,479.0,372.0,2614.0,1559.0,543.0,66.34209176704074,72.774157479806,59.49459874769648,43.20779077691062,15.950491167747385,45.53652889851698,41.75129141034787,68.45474464384964,52.710698026720735,93.8194201379681
2025-03-09 20:17:36.846000,448.0,480.0,369.0,2618.0,1563.0,539.0,66.34209176704074,72.774157479806,59.49459874769648,43.20779077691062,15.950491167747385,45.53652889851698,41.75129141034787,68.45474464384964,52.710698026720735,93.8194201379681
2025-03-09 20:17:36.846000,447.0,481.0,373.0,2614.0,1558.0,544.0,66.34209176704074,72.774157479806,59.49459874769648,43.20779077691062,15.950491167747385,45.53652889851698,41.75129141034787,68.45474464384964,52.710698026720735,93.8194201379681
2025-03-09 20:17:36.854333,448.0,477.0,373.0,2615.0,1561.0,540.0,66.47569973899796,72.91558059454451,59.45099149866677,43.22541360208719,15.96014033760498,45.560060620303176,41.901225988864894,68.59671751648614,52.76636285137777,93.9582236422431
2025-03-09 20:17:36.854333,450.0,474.0,381.0,2613.0,1535.0,537.0,66.47569973899796,72.91558059454451,59.45099149866677,43.22541360208719,15.96014033760498,45.560060620303176,41.901225988864894,68.59671751648614,52.76636285137777,93.9582236422431
2025-03-09 20:17:36.854333,448.0,477.0,375.0,2619.0,1558.0,537.0,66.47569973899796,72.91558059454451,59.45099149866677,43.22541360208719,15.96014033760498,45.560060620303176,41.901225988864894,68.59671751648614,52.76636285137777,93.9582236422431
2025-03-09 20:17:36.862667,450.0,475.0,373.0,2614.0,1559.0,535.0,66.6074975823386,73.06987555797208,59.41047204303441,43.237825821034065,15.973174118464376,45.58013441568207,42.05369144403564,68.74638693063548,52.83041751592876,94.09095658450076
2025-03-09 20:17:36.862667,450.0,479.0,376.0,2612.0,1560.0,538.0,66.6074975823386,73.06987555797208,59.41047204303441,43.237825821034065,15.973174118464376,45.58013441568207,42.05369144403564,68.74638693063548,52.83041751592876,94.09095658450076
2025-03-09 20:17:36.862667,448.0,477.0,374.0,2614.0,1563.0,535.0,66.6074975823386,73.06987555797208,59.41047204303441,43.237825821034065,15.973174118464376,45.58013441568207,42.05369144403564,68.74638693063548,52.83041751592876,94.09095658450076
2025-03-09 20:17:36.862667,446.0,475.0,369.0,2614.0,1557.0,538.0,66.6074975823386,73.06987555797208,59.41047204303441,43.237825821034065,15.973174118464376,45.58013441568207,42.05369144403564,68.74638693063548,52.83041751592876,94.09095658450076
2025-03-09 20:17:36.871000,443.0,478.0,374.0,2613.0,1557.0,540.0,66.73647092689085,73.23593048475153,59.37570018000619,43.24533437182614,15.98978503047576,45.597255817702795,42.20529245027923,68.90172440765168,52.90283641730023,94.21727307204736
2025-03-09 20:17:36.871000,448.0,471.0,369.0,2621.0,1556.0,534.0,66.73647092689085,73.23593048475153,59.37570018000619,43.24533437182614,15.98978503047576,45.597255817702795,42.20529245027923,68.90172440765168,52.90283641730023,94.21727307204736
2025-03-09 20:17:36.871000,447.0,478.0,370.0,2615.0,1535.0,535.0,66.73647092689085,73.23593048475153,59.37570018000619,43.24533437182614,15.98978503047576,45.597255817702795,42.20529245027923,68.90172440765168,52.90283641730023,94.21727307204736
2025-03-09 20:17:36.871000,447.0,479.0,373.0,2614.0,1535.0,531.0,66.73647092689085,73.23593048475153,59.37570018000619,43.24533437182614,15.98978503047576,45.597255817702795,42.20529245027923,68.90172440765168,52.90283641730023,94.21727307204736
2025-03-09 20:17:36.879333,448.0,474.0,373.0,2617.0,1535.0,532.0,66.86198535675157,73.41260986233173,59.347040180744635,43.24744898486565,16.010343385344427,45.611220441936176,42.355033209180554,69.06095705336732,52.982174606292766,94.33676955739695
2025-03-09 20:17:36.879333,446.0,478.0,377.0,2612.0,1535.0,535.0,66.86198535675157,73.41260986233173,59.347040180744635,43.24744898486565,16.010343385344427,45.611220441936176,42.355033209180554,69.06095705336732,52.982174606292766,94.33676955739695
2025-03-09 20:17:36.879333,445.0,480.0,378.0,2611.0,1555.0,531.0,66.86198535675157,73.41260986233173,59.347040180744635,43.24744898486565,16.010343385344427,45.611220441936176,42.355033209180554,69.06095705336732,52.982174606292766,94.33676955739695
2025-03-09 20:17:36.887667,447.0,474.0,370.0,2611.0,1557.0,529.0,66.98321199832311,73.59881860053136,59.32245558582304,43.243283908520894,16.0349802024277,45.62135237372207,42.50366534218356,69.22258298570537,53.066343573343616,94.44835784435821
2025-03-09 20:17:36.887667,445.0,478.0,374.0,2617.0,1535.0,530.0,66.98321199832311,73.59881860053136,59.32245558582304,43.243283908520894,16.0349802024277,45.62135237372207,42.50366534218356,69.22258298570537,53.066343573343616,94.44835784435821
2025-03-09 20:17:36.887667,445.0,475.0,370.0,2615.0,1535.0,527.0,66.98321199832311,73.59881860053136,59.32245558582304,43.243283908520894,16.0349802024277,45.62135237372207,42.50366534218356,69.22258298570537,53.066343573343616,94.44835784435821
2025-03-09 20:17:36.896000,446.0,470.0,369.0,2614.0,1535.0,527.0,67.0989361369101,73.79288159510563,59.29957065016515,43.23293761717945,16.063669144114606,45.627732021906546,42.65166752773883,69.38495140623515,53.15361720971171,94.54963395588723
2025-03-09 20:17:36.896000,445.0,469.0,367.0,2617.0,1535.0,527.0,67.0989361369101,73.79288159510563,59.29957065016515,43.23293761717945,16.063669144114606,45.627732021906546,42.65166752773883,69.38495140623515,53.15361720971171,94.54963395588723
2025-03-09 20:17:36.896000,448.0,464.0,371.0,2612.0,1535.0,527.0,67.0989361369101,73.79288159510563,59.29957065016515,43.23293761717945,16.063669144114606,45.627732021906546,42.65166752773883,69.38495140623515,53.15361720971171,94.54963395588723
2025-03-09 20:17:36.896000,443.0,474.0,374.0,2613.0,1535.0,526.0,67.0989361369101,73.79288159510563,59.29957065016515,43.23293761717945,16.063669144114606,45.627732021906546,42.65166752773883,69.38495140623515,53.15361720971171,94.54963395588723
2025-03-09 20:17:36.896000,446.0,473.0,371.0,2615.0,1535.0,511.0,67.0989361369101,73.79288159510563,59.29957065016515,43.23293761717945,16.063669144114606,45.627732021906546,42.65166752773883,69.38495140623515,53.15361720971171,94.54963395588723
2025-03-09 20:17:36.904333,447.0,471.0,367.0,2615.0,1535.0,525.0,67.20765985989227,73.99266921913697,59.27655567615063,43.21698811550323,16.095895951649013,45.63056142773179,42.79884498733192,69.54671886679867,53.243109831170834,94.63810870938043
2025-03-09 20:17:36.904333,445.0,475.0,370.0,2618.0,1535.0,511.0,67.20765985989227,73.99266921913697,59.27655567615063,43.21698811550323,16.095895951649013,45.63056142773179,42.79884498733192,69.54671886679867,53.243109831170834,94.63810870938043
2025-03-09 20:17:36.904333,446.0,471.0,369.0,2611.0,1535.0,511.0,67.20765985989227,73.99266921913697,59.27655567615063,43.21698811550323,16.095895951649013,45.63056142773179,42.79884498733192,69.54671886679867,53.243109831170834,94.63810870938043
2025-03-09 20:17:36.912667,447.0,475.0,375.0,2613.0,1535.0,511.0,67.30773167780221,74.19618404673275,59.251318551434586,43.19473707390449,16.13059226440653,45.62860876804133,42.94545818313805,69.70710325251652,53.33393274374291,94.71172172060332
2025-03-09 20:17:36.912667,447.0,481.0,370.0,2613.0,1535.0,511.0,67.30773167780221,74.19618404673275,59.251318551434586,43.19473707390449,16.13059226440653,45.62860876804133,42.94545818313805,69.70710325251652,53.33393274374291,94.71172172060332
2025-03-09 20:17:36.912667,447.0,482.0,369.0,2611.0,1535.0,511.0,67.30773167780221,74.19618404673275,59.251318551434586,43.19473707390449,16.13059226440653,45.62860876804133,42.94545818313805,69.70710325251652,53.33393274374291,94.71172172060332
2025-03-09 20:17:36.921000,443.0,473.0,370.0,2608.0,1535.0,507.0,67.39739499938942,74.4014720518128,59.22205867380416,43.16551180529276,16.167033868534286,45.62076980104706,43.09172196038,69.86522003619176,53.42516986002949,94.7678091839267
2025-03-09 20:17:36.921000,443.0,474.0,370.0,2612.0,1535.0,511.0,67.39739499938942,74.4014720518128,59.22205867380416,43.16551180529276,16.167033868534286,45.62076980104706,43.09172196038,69.86522003619176,53.42516986002949,94.7678091839267
2025-03-09 20:17:36.921000,445.0,479.0,368.0,2617.0,1535.0,511.0,67.39739499938942,74.4014720518128,59.22205867380416,43.16551180529276,16.167033868534286,45.62076980104706,43.09172196038,69.86522003619176,53.42516986002949,94.7678091839267
2025-03-09 20:17:36.921000,447.0,478.0,369.0,2615.0,1531.0,511.0,67.39739499938942,74.4014720518128,59.22205867380416,43.16551180529276,16.167033868534286,45.62076980104706,43.09172196038,69.86522003619176,53.42516986002949,94.7678091839267
2025-03-09 20:17:36.929333,445.0,471.0,373.0,2614.0,1531.0,509.0,67.47552641426539,74.60717306399552,59.189245939767446,43.13064313965495,16.20555042254144,45.60798199303085,43.23715618823546,70.02099312241921,53.51760986967649,94.80392717846408
2025-03-09 20:17:36.929333,442.0,479.0,380.0,2613.0,1535.0,508.0,67.47552641426539,74.60717306399552,59.189245939767446,43.13064313965495,16.20555042254144,45.60798199303085,43.23715618823546,70.02099312241921,53.51760986967649,94.80392717846408
2025-03-09 20:17:36.929333,447.0,475.0,368.0,2614.0,1535.0,507.0,67.47552641426539,74.60717306399552,59.189245939767446,43.13064313965495,16.20555042254144,45.60798199303085,43.23715618823546,70.02099312241921,53.51760986967649,94.80392717846408
2025-03-09 20:17:36.929333,446.0,475.0,374.0,2613.0,1533.0,508.0,67.47552641426539,74.60717306399552,59.189245939767446,43.13064313965495,16.20555042254144,45.60798199303085,43.23715618823546,70.02099312241921,53.51760986967649,94.80392717846408
2025-03-09 20:17:36.937667,448.0,477.0,374.0,2619.0,1533.0,506.0,67.5417594019053,74.81242178671101,59.15591926490741,43.09190439295332,16.246325155171967,45.591812335183235,43.379090065044956,70.1739454819782,53.61275492982475,94.81807800809113
2025-03-09 20:17:36.937667,445.0,476.0,366.0,2621.0,1533.0,509.0,67.5417594019053,74.81242178671101,59.15591926490741,43.09190439295332,16.246325155171967,45.591812335183235,43.379090065044956,70.1739454819782,53.61275492982475,94.81807800809113
2025-03-09 20:17:36.937667,445.0,474.0,368.0,2617.0,1531.0,502.0,67.5417594019053,74.81242178671101,59.15591926490741,43.09190439295332,16.246325155171967,45.591812335183235,43.379090065044956,70.1739454819782,53.61275492982475,94.81807800809113
2025-03-09 20:17:36.946000,442.0,480.0,368.0,2613.0,1530.0,502.0,67.5951180951978,75.01598745343104,59.12303289123408,43.048608081367796,16.28819764015,45.57144119229706,43.51503307698972,70.32242931650862,53.71022692279802,94.80856219788932
2025-03-09 20:17:36.946000,447.0,473.0,368.0,2615.0,1526.0,505.0,67.5951180951978,75.01598745343104,59.12303289123408,43.048608081367796,16.28819764015,45.57144119229706,43.51503307698972,70.32242931650862,53.71022692279802,94.80856219788932
2025-03-09 20:17:36.946000,444.0,473.0,368.0,2617.0,1526.0,503.0,67.5951180951978,75.01598745343104,59.12303289123408,43.048608081367796,16.28819764015,45.57144119229706,43.51503307698972,70.32242931650862,53.71022692279802,94.80856219788932
2025-03-09 20:17:36.954333,448.0,474.0,368.0,2615.0,1526.0,505.0,67.63399096675383,75.21594313985939,59.089411993738764,42.99936082794556,16.330956866421197,45.54557305261184,43.64458181981725,70.46427548690566,53.807832322955136,94.7736873929564
2025-03-09 20:17:36.954333,445.0,475.0,369.0,2615.0,1521.0,503.0,67.63399096675383,75.21594313985939,59.089411993738764,42.99936082794556,16.330956866421197,45.54557305261184,43.64458181981725,70.46427548690566,53.807832322955136,94.7736873929564
2025-03-09 20:17:36.954333,448.0,473.0,368.0,2619.0,1527.0,502.0,67.63399096675383,75.21594313985939,59.089411993738764,42.99936082794556,16.330956866421197,45.54557305261184,43.64458181981725,70.46427548690566,53.807832322955136,94.7736873929564
2025-03-09 20:17:36.954333,448.0,474.0,374.0,2614.0,1525.0,500.0,67.63399096675383,75.21594313985939,59.089411993738764,42.99936082794556,16.330956866421197,45.54557305261184,43.64458181981725,70.46427548690566,53.807832322955136,94.7736873929564
2025-03-09 20:17:36.954333,447.0,473.0,362.0,2619.0,1520.0,498.0,67.63399096675383,75.21594313985939,59.089411993738764,42.99936082794556,16.330956866421197,45.54557305261184,43.64458181981725,70.46427548690566,53.807832322955136,94.7736873929564
2025-03-09 20:17:36.962667,444.0,477.0,372.0,2615.0,1525.0,497.0,67.65692406803451,75.41095185085157,59.053572475734526,42.94391218313887,16.375145514596376,45.514106163454585,43.76820891891558,70.59800136804228,53.90413278766921,94.7116629673598
2025-03-09 20:17:36.962667,447.0,478.0,369.0,2615.0,1521.0,502.0,67.65692406803451,75.41095185085157,59.053572475734526,42.94391218313887,16.375145514596376,45.514106163454585,43.76820891891558,70.59800136804228,53.90413278766921,94.7116629673598
2025-03-09 20:17:36.962667,447.0,468.0,374.0,2617.0,1521.0,502.0,67.65692406803451,75.41095185085157,59.053572475734526,42.94391218313887,16.375145514596376,45.514106163454585,43.76820891891558,70.59800136804228,53.90413278766921,94.7116629673598
2025-03-09 20:17:36.971000,450.0,471.0,370.0,2614.0,1520.0,496.0,67.66257925417347,75.60007430169101,59.01264953656113,42.88308891678817,16.41934240037379,45.477292393894025,43.886164362601974,70.72315468069961,53.99951954773831,94.62077872408467
2025-03-09 20:17:36.971000,448.0,479.0,369.0,2610.0,1520.0,496.0,67.66257925417347,75.60007430169101,59.01264953656113,42.88308891678817,16.41934240037379,45.477292393894025,43.886164362601974,70.72315468069961,53.99951954773831,94.62077872408467
2025-03-09 20:17:36.971000,448.0,478.0,375.0,2611.0,1520.0,498.0,67.66257925417347,75.60007430169101,59.01264953656113,42.88308891678817,16.41934240037379,45.477292393894025,43.886164362601974,70.72315468069961,53.99951954773831,94.62077872408467
2025-03-09 20:17:36.979333,452.0,471.0,374.0,2610.0,1520.0,505.0,67.65105133078231,75.78327868942368,58.96587580206338,42.81794940991379,16.461177029672186,45.43536331187952,43.99749056796605,70.84040132181549,54.09586388578447,94.50082846176029
2025-03-09 20:17:36.979333,451.0,478.0,368.0,2611.0,1520.0,506.0,67.65105133078231,75.78327868942368,58.96587580206338,42.81794940991379,16.461177029672186,45.43536331187952,43.99749056796605,70.84040132181549,54.09586388578447,94.50082846176029
2025-03-09 20:17:36.979333,454.0,477.0,370.0,2610.0,1520.0,493.0,67.65105133078231,75.78327868942368,58.96587580206338,42.81794940991379,16.461177029672186,45.43536331187952,43.99749056796605,70.84040132181549,54.09586388578447,94.50082846176029
2025-03-09 20:17:36.979333,452.0,476.0,368.0,2611.0,1520.0,495.0,67.65105133078231,75.78327868942368,58.96587580206338,42.81794940991379,16.461177029672186,45.43536331187952,43.99749056796605,70.84040132181549,54.09586388578447,94.50082846176029
2025-03-09 20:17:36.987667,454.0,470.0,367.0,2618.0,1515.0,485.0,67.62451113913019,75.9615989568821,58.915688511243985,42.74847401493339,16.50016842958132,45.387986033952544,44.1024056441479,70.95194782312551,54.19464514914618,94.35374231517623
2025-03-09 20:17:36.987667,454.0,474.0,368.0,2613.0,1518.0,494.0,67.62451113913019,75.9615989568821,58.915688511243985,42.74847401493339,16.50016842958132,45.387986033952544,44.1024056441479,70.95194782312551,54.19464514914618,94.35374231517623
2025-03-09 20:17:36.987667,453.0,471.0,368.0,2608.0,1520.0,494.0,67.62451113913019,75.9615989568821,58.915688511243985,42.74847401493339,16.50016842958132,45.387986033952544,44.1024056441479,70.95194782312551,54.19464514914618,94.35374231517623
2025-03-09 20:17:36.987667,455.0,478.0,370.0,2611.0,1519.0,493.0,67.62451113913019,75.9615989568821,58.915688511243985,42.74847401493339,16.50016842958132,45.387986033952544,44.1024056441479,70.95194782312551,54.19464514914618,94.35374231517623
2025-03-09 20:17:36.996000,462.0,475.0,369.0,2611.0,1512.0,490.0,67.58444149541621,76.13508030591552,58.86201304102755,42.67488257940848,16.536436444710077,45.33529093890109,44.2023794130822,71.05865890820725,54.29552933908002,94.18115230908714
2025-03-09 20:17:36.996000,459.0,473.0,370.0,2613.0,1515.0,483.0,67.58444149541621,76.13508030591552,58.86201304102755,42.67488257940848,16.536436444710077,45.33529093890109,44.2023794130822,71.05865890820725,54.29552933908002,94.18115230908714
2025-03-09 20:17:36.996000,462.0,479.0,368.0,2608.0,1516.0,495.0,67.58444149541621,76.13508030591552,58.86201304102755,42.67488257940848,16.536436444710077,45.33529093890109,44.2023794130822,71.05865890820725,54.29552933908002,94.18115230908714
2025-03-09 20:17:37.004333,464.0,478.0,368.0,2610.0,1515.0,490.0,67.53144122470991,76.30271482563218,58.803816353405026,42.60040026628396,16.567863130149295,45.27938780578048,44.29666647600038,71.16116343812347,54.40052015417286,93.98431857453649
2025-03-09 20:17:37.004333,462.0,479.0,371.0,2608.0,1514.0,490.0,67.53144122470991,76.30271482563218,58.803816353405026,42.60040026628396,16.567863130149295,45.27938780578048,44.29666647600038,71.16116343812347,54.40052015417286,93.98431857453649
2025-03-09 20:17:37.004333,464.0,478.0,368.0,2611.0,1513.0,483.0,67.53144122470991,76.30271482563218,58.803816353405026,42.60040026628396,16.567863130149295,45.27938780578048,44.29666647600038,71.16116343812347,54.40052015417286,93.98431857453649
2025-03-09 20:17:37.004333,464.0,476.0,368.0,2608.0,1519.0,490.0,67.53144122470991,76.30271482563218,58.803816353405026,42.60040026628396,16.567863130149295,45.27938780578048,44.29666647600038,71.16116343812347,54.40052015417286,93.98431857453649
2025-03-09 20:17:37.012667,463.0,476.0,370.0,2609.0,1514.0,486.0,67.46695802461917,76.46430813052254,58.74113044103778,42.53068175220981,16.591330635868125,45.224239907492084,44.383316993410645,71.26145607783178,54.51445352128257,93.76575266889779
2025-03-09 20:17:37.012667,470.0,480.0,368.0,2608.0,1505.0,485.0,67.46695802461917,76.46430813052254,58.74113044103778,42.53068175220981,16.591330635868125,45.224239907492084,44.383316993410645,71.26145607783178,54.51445352128257,93.76575266889779
2025-03-09 20:17:37.012667,467.0,474.0,371.0,2608.0,1505.0,483.0,67.46695802461917,76.46430813052254,58.74113044103778,42.53068175220981,16.591330635868125,45.224239907492084,44.383316993410645,71.26145607783178,54.51445352128257,93.76575266889779
2025-03-09 20:17:37.012667,474.0,478.0,367.0,2607.0,1504.0,483.0,67.46695802461917,76.46430813052254,58.74113044103778,42.53068175220981,16.591330635868125,45.224239907492084,44.383316993410645,71.26145607783178,54.51445352128257,93.76575266889779
2025-03-09 20:17:37.021000,476.0,478.0,367.0,2609.0,1506.0,483.0,67.39297428186089,76.62010488988216,58.674551514135146,42.47213734080871,16.603932645264543,45.17447007735981,44.46061277152168,71.36234353271226,54.64302097899305,93.52867187155408
2025-03-09 20:17:37.021000,469.0,476.0,370.0,2608.0,1505.0,485.0,67.39297428186089,76.62010488988216,58.674551514135146,42.47213734080871,16.603932645264543,45.17447007735981,44.46061277152168,71.36234353271226,54.64302097899305,93.52867187155408
2025-03-09 20:17:37.021000,471.0,481.0,368.0,2607.0,1501.0,487.0,67.39297428186089,76.62010488988216,58.674551514135146,42.47213734080871,16.603932645264543,45.17447007735981,44.46061277152168,71.36234353271226,54.64302097899305,93.52867187155408
2025-03-09 20:17:37.029333,475.0,476.0,367.0,2608.0,1505.0,482.0,67.30803070330059,76.76841569666519,58.605165972909425,42.4315752749945,16.602573923062145,45.134970923952494,44.52373523131741,71.4641755444398,54.79222676890778,93.27193580180972
2025-03-09 20:17:37.029333,487.0,480.0,377.0,2609.0,1498.0,479.0,67.30803070330059,76.76841569666519,58.605165972909425,42.4315752749945,16.602573923062145,45.134970923952494,44.52373523131741,71.4641755444398,54.79222676890778,93.27193580180972
2025-03-09 20:17:37.029333,486.0,478.0,368.0,2605.0,1498.0,477.0,67.30803070330059,76.76841569666519,58.605165972909425,42.4315752749945,16.602573923062145,45.134970923952494,44.52373523131741,71.4641755444398,54.79222676890778,93.27193580180972
2025-03-09 20:17:37.029333,487.0,483.0,384.0,2608.0,1500.0,475.0,67.30803070330059,76.76841569666519,58.605165972909425,42.4315752749945,16.602573923062145,45.134970923952494,44.52373523131741,71.4641755444398,54.79222676890778,93.27193580180972
2025-03-09 20:17:37.037667,487.0,475.0,376.0,2607.0,1494.0,479.0,67.20916382801626,76.90639145829219,58.535049706656125,42.41618228785529,16.583727790270448,45.11059791806416,44.56637000546852,71.56706368748694,54.96901293414601,92.99230868585532
2025-03-09 20:17:37.037667,491.0,476.0,394.0,2608.0,1499.0,475.0,67.20916382801626,76.90639145829219,58.535049706656125,42.41618228785529,16.583727790270448,45.11059791806416,44.56637000546852,71.56706368748694,54.96901293414601,92.99230868585532
2025-03-09 20:17:37.037667,491.0,479.0,384.0,2607.0,1495.0,475.0,67.20916382801626,76.90639145829219,58.535049706656125,42.41618228785529,16.583727790270448,45.11059791806416,44.56637000546852,71.56706368748694,54.96901293414601,92.99230868585532
2025-03-09 20:17:37.046000,493.0,481.0,374.0,2607.0,1493.0,481.0,67.10594646938763,77.03692955259793,58.4647035384702,42.432209568591965,16.54233766698877,45.10472041841446,44.59244523924631,71.68104144934189,55.180387371027614,92.70447768475655
2025-03-09 20:17:37.046000,492.0,480.0,370.0,2608.0,1491.0,471.0,67.10594646938763,77.03692955259793,58.4647035384702,42.432209568591965,16.54233766698877,45.10472041841446,44.59244523924631,71.68104144934189,55.180387371027614,92.70447768475655
2025-03-09 20:17:37.046000,501.0,480.0,380.0,2605.0,1486.0,466.0,67.10594646938763,77.03692955259793,58.4647035384702,42.432209568591965,16.54233766698877,45.10472041841446,44.59244523924631,71.68104144934189,55.180387371027614,92.70447768475655
2025-03-09 20:17:37.046000,508.0,479.0,368.0,2603.0,1483.0,464.0,67.10594646938763,77.03692955259793,58.4647035384702,42.432209568591965,16.54233766698877,45.10472041841446,44.59244523924631,71.68104144934189,55.180387371027614,92.70447768475655
2025-03-09 20:17:37.054333,507.0,481.0,371.0,2602.0,1482.0,470.0,67.0132064070904,77.16570376854614,58.392634412040024,42.487427271148206,16.471380111820434,45.12145795130564,44.609789689307355,71.82117039871135,55.435347615017335,92.43038644750438
2025-03-09 20:17:37.054333,508.0,482.0,382.0,2599.0,1482.0,464.0,67.0132064070904,77.16570376854614,58.392634412040024,42.487427271148206,16.471380111820434,45.12145795130564,44.609789689307355,71.82117039871135,55.435347615017335,92.43038644750438
2025-03-09 20:17:37.054333,508.0,478.0,369.0,2598.0,1477.0,464.0,67.0132064070904,77.16570376854614,58.392634412040024,42.487427271148206,16.471380111820434,45.12145795130564,44.609789689307355,71.82117039871135,55.435347615017335,92.43038644750438
2025-03-09 20:17:37.062667,507.0,479.0,354.0,2602.0,1482.0,464.0,66.9352940041637,77.29766981181542,58.32075555187168,42.53401536898321,16.4030545242429,45.13161025184893,44.641176568477974,71.96667648852484,55.68012636997613,92.17732292978557
2025-03-09 20:17:37.062667,511.0,483.0,348.0,2603.0,1481.0,465.0,66.9352940041637,77.29766981181542,58.32075555187168,42.53401536898321,16.4030545242429,45.13161025184893,44.641176568477974,71.96667648852484,55.68012636997613,92.17732292978557
2025-03-09 20:17:37.062667,528.0,482.0,363.0,2599.0,1471.0,454.0,66.9352940041637,77.29766981181542,58.32075555187168,42.53401536898321,16.4030545242429,45.13161025184893,44.641176568477974,71.96667648852484,55.68012636997613,92.17732292978557
2025-03-09 20:17:37.062667,529.0,487.0,362.0,2597.0,1471.0,463.0,66.9352940041637,77.29766981181542,58.32075555187168,42.53401536898321,16.4030545242429,45.13161025184893,44.641176568477974,71.96667648852484,55.68012636997613,92.17732292978557
2025-03-09 20:17:37.071000,530.0,482.0,346.0,2600.0,1472.0,457.0,66.87618943862115,77.43894705367504,58.25426797345505,42.46395617857116,16.41356877202058,45.07004769872388,44.73299364545034,72.06144020835286,55.78772791885292,91.95003361682532
2025-03-09 20:17:37.071000,529.0,481.0,349.0,2593.0,1470.0,456.0,66.87618943862115,77.43894705367504,58.25426797345505,42.46395617857116,16.41356877202058,45.07004769872388,44.73299364545034,72.06144020835286,55.78772791885292,91.95003361682532
2025-03-09 20:17:37.071000,528.0,483.0,346.0,2593.0,1469.0,454.0,66.87618943862115,77.43894705367504,58.25426797345505,42.46395617857116,16.41356877202058,45.07004769872388,44.73299364545034,72.06144020835286,55.78772791885292,91.95003361682532
2025-03-09 20:17:37.079333,533.0,487.0,344.0,2593.0,1469.0,454.0,66.84058735266242,77.58849558751875,58.19421527611859,42.27929553223403,16.506402764194135,44.940487150915104,44.8856649043644,72.10280366589437,55.7525328368132,91.75110836501918
2025-03-09 20:17:37.079333,534.0,483.0,350.0,2598.0,1471.0,455.0,66.84058735266242,77.58849558751875,58.19421527611859,42.27929553223403,16.506402764194135,44.940487150915104,44.8856649043644,72.10280366589437,55.7525328368132,91.75110836501918
2025-03-09 20:17:37.079333,537.0,483.0,354.0,2595.0,1469.0,449.0,66.84058735266242,77.58849558751875,58.19421527611859,42.27929553223403,16.506402764194135,44.940487150915104,44.8856649043644,72.10280366589437,55.7525328368132,91.75110836501918
2025-03-09 20:17:37.079333,550.0,490.0,351.0,2590.0,1461.0,447.0,66.84058735266242,77.58849558751875,58.19421527611859,42.27929553223403,16.506402764194135,44.940487150915104,44.8856649043644,72.10280366589437,55.7525328368132,91.75110836501918
2025-03-09 20:17:37.087667,550.0,482.0,353.0,2597.0,1461.0,448.0,66.82516639554781,77.74060471470413,58.13661829474815,42.085331974482166,16.60990012167518,44.80775602144014,45.05325945124682,72.14365905622368,55.69584141212248,91.57705928807687
2025-03-09 20:17:37.087667,554.0,486.0,352.0,2594.0,1461.0,446.0,66.82516639554781,77.74060471470413,58.13661829474815,42.085331974482166,16.60990012167518,44.80775602144014,45.05325945124682,72.14365905622368,55.69584141212248,91.57705928807687
2025-03-09 20:17:37.087667,557.0,489.0,351.0,2594.0,1461.0,448.0,66.82516639554781,77.74060471470413,58.13661829474815,42.085331974482166,16.60990012167518,44.80775602144014,45.05325945124682,72.14365905622368,55.69584141212248,91.57705928807687
2025-03-09 20:17:37.087667,557.0,487.0,357.0,2592.0,1459.0,444.0,66.82516639554781,77.74060471470413,58.13661829474815,42.085331974482166,16.60990012167518,44.80775602144014,45.05325945124682,72.14365905622368,55.69584141212248,91.57705928807687
2025-03-09 20:17:37.096000,558.0,484.0,349.0,2589.0,1456.0,448.0,66.82320720836054,77.892325596623,58.08067183307744,41.92161789826425,16.6920975211855,44.69357011499464,45.21381190315145,72.20537835642334,55.669652923605895,91.42461722687042
2025-03-09 20:17:37.096000,560.0,484.0,351.0,2597.0,1459.0,447.0,66.82320720836054,77.892325596623,58.08067183307744,41.92161789826425,16.6920975211855,44.69357011499464,45.21381190315145,72.20537835642334,55.669652923605895,91.42461722687042
2025-03-09 20:17:37.096000,570.0,486.0,352.0,2591.0,1446.0,439.0,66.82320720836054,77.892325596623,58.08067183307744,41.92161789826425,16.6920975211855,44.69357011499464,45.21381190315145,72.20537835642334,55.669652923605895,91.42461722687042
2025-03-09 20:17:37.104333,571.0,485.0,358.0,2592.0,1445.0,444.0,66.83098778859627,78.0426513397982,58.02771796113498,41.77712042036767,16.759416641929683,44.590513305277824,45.368466436867045,72.28083917981591,55.6627885512918,91.29082540245554
2025-03-09 20:17:37.104333,574.0,483.0,353.0,2587.0,1443.0,437.0,66.83098778859627,78.0426513397982,58.02771796113498,41.77712042036767,16.759416641929683,44.590513305277824,45.368466436867045,72.28083917981591,55.6627885512918,91.29082540245554
2025-03-09 20:17:37.104333,571.0,491.0,355.0,2590.0,1445.0,435.0,66.83098778859627,78.0426513397982,58.02771796113498,41.77712042036767,16.759416641929683,44.590513305277824,45.368466436867045,72.28083917981591,55.6627885512918,91.29082540245554
2025-03-09 20:17:37.104333,576.0,492.0,354.0,2587.0,1444.0,436.0,66.83098778859627,78.0426513397982,58.02771796113498,41.77712042036767,16.759416641929683,44.590513305277824,45.368466436867045,72.28083917981591,55.6627885512918,91.29082540245554
2025-03-09 20:17:37.112667,578.0,489.0,358.0,2591.0,1443.0,432.0,66.84721275066264,78.19219212155781,57.977026457866984,41.649255608570044,16.815330373001444,44.497683553388676,45.518771524635525,72.36727587750424,55.67161657862797,91.17304827880497
2025-03-09 20:17:37.112667,576.0,485.0,358.0,2590.0,1445.0,435.0,66.84721275066264,78.19219212155781,57.977026457866984,41.649255608570044,16.815330373001444,44.497683553388676,45.518771524635525,72.36727587750424,55.67161657862797,91.17304827880497
2025-03-09 20:17:37.112667,577.0,486.0,351.0,2593.0,1442.0,432.0,66.84721275066264,78.19219212155781,57.977026457866984,41.649255608570044,16.815330373001444,44.497683553388676,45.518771524635525,72.36727587750424,55.67161657862797,91.17304827880497
2025-03-09 20:17:37.121000,593.0,491.0,382.0,2587.0,1437.0,431.0,66.87074749205175,78.3417821986767,57.92791517452221,41.53774014011176,16.86146045766639,44.415541380642125,45.66516476208488,72.46339659340325,55.695591678176676,91.06971757223745
2025-03-09 20:17:37.121000,592.0,485.0,369.0,2582.0,1440.0,431.0,66.87074749205175,78.3417821986767,57.92791517452221,41.53774014011176,16.86146045766639,44.415541380642125,45.66516476208488,72.46339659340325,55.695591678176676,91.06971757223745
2025-03-09 20:17:37.121000,596.0,489.0,371.0,2589.0,1437.0,426.0,66.87074749205175,78.3417821986767,57.92791517452221,41.53774014011176,16.86146045766639,44.415541380642125,45.66516476208488,72.46339659340325,55.695591678176676,91.06971757223745
2025-03-09 20:17:37.121000,595.0,487.0,372.0,2583.0,1438.0,419.0,66.87074749205175,78.3417821986767,57.92791517452221,41.53774014011176,16.86146045766639,44.415541380642125,45.66516476208488,72.46339659340325,55.695591678176676,91.06971757223745
2025-03-09 20:17:37.129333,601.0,486.0,371.0,2583.0,1435.0,430.0,66.89917815029743,78.49076214048179,57.880259992444,41.440142061508325,16.899080550059704,44.34251528414401,45.80674700425488,72.56636522708828,55.73235998901074,90.97969899908973
2025-03-09 20:17:37.129333,603.0,494.0,371.0,2587.0,1435.0,427.0,66.89917815029743,78.49076214048179,57.880259992444,41.440142061508325,16.899080550059704,44.34251528414401,45.80674700425488,72.56636522708828,55.73235998901074,90.97969899908973
2025-03-09 20:17:37.129333,597.0,487.0,364.0,2583.0,1433.0,435.0,66.89917815029743,78.49076214048179,57.880259992444,41.440142061508325,16.899080550059704,44.34251528414401,45.80674700425488,72.56636522708828,55.73235998901074,90.97969899908973
2025-03-09 20:17:37.137667,611.0,490.0,368.0,2559.0,1427.0,425.0,66.92930298739942,78.63738644287024,57.83375153068014,41.35236163867388,16.928409884101058,44.27485301949438,45.94274364838034,72.67383683328883,55.77914827039793,90.90195186223137
2025-03-09 20:17:37.137667,617.0,496.0,368.0,2559.0,1428.0,426.0,66.92930298739942,78.63738644287024,57.83375153068014,41.35236163867388,16.928409884101058,44.27485301949438,45.94274364838034,72.67383683328883,55.77914827039793,90.90195186223137
2025-03-09 20:17:37.137667,617.0,487.0,359.0,2583.0,1425.0,419.0,66.92930298739942,78.63738644287024,57.83375153068014,41.35236163867388,16.928409884101058,44.27485301949438,45.94274364838034,72.67383683328883,55.77914827039793,90.90195186223137
2025-03-09 20:17:37.137667,617.0,491.0,361.0,2582.0,1428.0,421.0,66.92930298739942,78.63738644287024,57.83375153068014,41.35236163867388,16.928409884101058,44.27485301949438,45.94274364838034,72.67383683328883,55.77914827039793,90.90195186223137
2025-03-09 20:17:37.146000,619.0,496.0,355.0,2559.0,1430.0,422.0,66.95903841848104,78.77967538411424,57.7882638623001,41.273374312817076,16.94859944651659,44.21098119145354,46.072148508193685,72.78503861830748,55.835489614564736,90.83610700203248
2025-03-09 20:17:37.146000,621.0,492.0,357.0,2559.0,1426.0,420.0,66.95903841848104,78.77967538411424,57.7882638623001,41.273374312817076,16.94859944651659,44.21098119145354,46.072148508193685,72.78503861830748,55.835489614564736,90.83610700203248
2025-03-09 20:17:37.146000,622.0,493.0,359.0,2559.0,1424.0,421.0,66.95903841848104,78.77967538411424,57.7882638623001,41.273374312817076,16.94859944651659,44.21098119145354,46.072148508193685,72.78503861830748,55.835489614564736,90.83610700203248
2025-03-09 20:17:37.154333,624.0,494.0,357.0,2559.0,1425.0,417.0,66.98820854342796,78.91636529189297,57.742378450733945,41.203615787527795,16.959487014706657,44.15095522559633,46.19605374112287,72.89992329332321,55.900700450821915,90.78172670213634
2025-03-09 20:17:37.154333,626.0,489.0,354.0,2559.0,1423.0,416.0,66.98820854342796,78.91636529189297,57.742378450733945,41.203615787527795,16.959487014706657,44.15095522559633,46.19605374112287,72.89992329332321,55.900700450821915,90.78172670213634
2025-03-09 20:17:37.154333,628.0,486.0,365.0,2559.0,1424.0,407.0,66.98820854342796,78.91636529189297,57.742378450733945,41.203615787527795,16.959487014706657,44.15095522559633,46.19605374112287,72.89992329332321,55.900700450821915,90.78172670213634
2025-03-09 20:17:37.154333,630.0,495.0,355.0,2559.0,1424.0,403.0,66.98820854342796,78.91636529189297,57.742378450733945,41.203615787527795,16.959487014706657,44.15095522559633,46.19605374112287,72.89992329332321,55.900700450821915,90.78172670213634
2025-03-09 20:17:37.162667,627.0,491.0,361.0,2559.0,1423.0,415.0,67.01752796755567,79.04697659543066,57.693669913773135,41.13934402748657,16.96316374929439,44.09223063006983,46.31820299194378,73.01700217099489,55.96940774818773,90.73814852352976
2025-03-09 20:17:37.162667,629.0,496.0,363.0,2559.0,1423.0,410.0,67.01752796755567,79.04697659543066,57.693669913773135,41.13934402748657,16.96316374929439,44.09223063006983,46.31820299194378,73.01700217099489,55.96940774818773,90.73814852352976
2025-03-09 20:17:37.162667,629.0,494.0,365.0,2559.0,1423.0,410.0,67.01752796755567,79.04697659543066,57.693669913773135,41.13934402748657,16.96316374929439,44.09223063006983,46.31820299194378,73.01700217099489,55.96940774818773,90.73814852352976
2025-03-09 20:17:37.162667,630.0,487.0,365.0,2559.0,1423.0,413.0,67.01752796755567,79.04697659543066,57.693669913773135,41.13934402748657,16.96316374929439,44.09223063006983,46.31820299194378,73.01700217099489,55.96940774818773,90.73814852352976
2025-03-09 20:17:37.171000,639.0,495.0,367.0,2559.0,1418.0,399.0,67.04727931538446,79.17166375890999,57.64103229810315,41.073945372584326,16.962964770423007,44.03027073508319,46.44225572865198,73.13405667109504,56.03451574063722,90.70576998038621
2025-03-09 20:17:37.171000,640.0,496.0,361.0,2559.0,1414.0,405.0,67.04727931538446,79.17166375890999,57.64103229810315,41.073945372584326,16.962964770423007,44.03027073508319,46.44225572865198,73.13405667109504,56.03451574063722,90.70576998038621
2025-03-09 20:17:37.171000,643.0,495.0,368.0,2559.0,1417.0,405.0,67.04727931538446,79.17166375890999,57.64103229810315,41.073945372584326,16.962964770423007,44.03027073508319,46.44225572865198,73.13405667109504,56.03451574063722,90.70576998038621
2025-03-09 20:17:37.179333,640.0,491.0,366.0,2559.0,1415.0,400.0,67.07692933110033,79.28999337935869,57.58315562646024,41.00412583055674,16.960844090674886,43.96275920560153,46.57070625181314,73.24985149356196,56.09225725604231,90.68504542200266
2025-03-09 20:17:37.179333,644.0,495.0,369.0,2559.0,1418.0,400.0,67.07692933110033,79.28999337935869,57.58315562646024,41.00412583055674,16.960844090674886,43.96275920560153,46.57070625181314,73.24985149356196,56.09225725604231,90.68504542200266
2025-03-09 20:17:37.179333,642.0,495.0,369.0,2559.0,1418.0,410.0,67.07692933110033,79.28999337935869,57.58315562646024,41.00412583055674,16.960844090674886,43.96275920560153,46.57070625181314,73.24985149356196,56.09225725604231,90.68504542200266
2025-03-09 20:17:37.179333,649.0,489.0,370.0,2559.0,1414.0,400.0,67.07692933110033,79.28999337935869,57.58315562646024,41.00412583055674,16.960844090674886,43.96275920560153,46.57070625181314,73.24985149356196,56.09225725604231,90.68504542200266
2025-03-09 20:17:37.187667,643.0,494.0,357.0,2559.0,1417.0,399.0,67.10562920532834,79.40197373432247,57.51950954273723,40.92959327681251,16.957233931977886,43.8893344495445,46.70454367277957,73.36486756311132,56.142958195603946,90.67656564635902
2025-03-09 20:17:37.187667,656.0,496.0,350.0,2559.0,1410.0,399.0,67.10562920532834,79.40197373432247,57.51950954273723,40.92959327681251,16.957233931977886,43.8893344495445,46.70454367277957,73.36486756311132,56.142958195603946,90.67656564635902
2025-03-09 20:17:37.187667,656.0,496.0,349.0,2559.0,1407.0,395.0,67.10562920532834,79.40197373432247,57.51950954273723,40.92959327681251,16.957233931977886,43.8893344495445,46.70454367277957,73.36486756311132,56.142958195603946,90.67656564635902
2025-03-09 20:17:37.196000,662.0,496.0,340.0,2559.0,1408.0,395.0,67.13218472771145,79.50932653995721,57.45029401267743,40.84958253013814,16.953025401467613,43.80956956917079,46.844422170272495,73.4798794699672,56.18807456374383,90.68082235459597
2025-03-09 20:17:37.196000,659.0,494.0,347.0,2559.0,1409.0,390.0,67.13218472771145,79.50932653995721,57.45029401267743,40.84958253013814,16.953025401467613,43.80956956917079,46.844422170272495,73.4798794699672,56.18807456374383,90.68082235459597
2025-03-09 20:17:37.196000,659.0,495.0,352.0,2559.0,1408.0,401.0,67.13218472771145,79.50932653995721,57.45029401267743,40.84958253013814,16.953025401467613,43.80956956917079,46.844422170272495,73.4798794699672,56.18807456374383,90.68082235459597
2025-03-09 20:17:37.196000,661.0,494.0,357.0,2559.0,1409.0,394.0,67.13218472771145,79.50932653995721,57.45029401267743,40.84958253013814,16.953025401467613,43.80956956917079,46.844422170272495,73.4798794699672,56.18807456374383,90.68082235459597
2025-03-09 20:17:37.204333,662.0,496.0,354.0,2559.0,1408.0,391.0,67.15482524392925,79.61271938477275,57.37393175632575,40.76720681492439,16.947647782579597,43.726108673950094,46.98967328476278,73.59490521131539,56.23112318212032,90.69711677423108
2025-03-09 20:17:37.204333,672.0,499.0,382.0,2558.0,1404.0,386.0,67.15482524392925,79.61271938477275,57.37393175632575,40.76720681492439,16.947647782579597,43.726108673950094,46.98967328476278,73.59490521131539,56.23112318212032,90.69711677423108
2025-03-09 20:17:37.204333,669.0,496.0,384.0,2559.0,1406.0,383.0,67.15482524392925,79.61271938477275,57.37393175632575,40.76720681492439,16.947647782579597,43.726108673950094,46.98967328476278,73.59490521131539,56.23112318212032,90.69711677423108
2025-03-09 20:17:37.212667,671.0,493.0,387.0,2559.0,1402.0,390.0,67.1710403098782,79.70956584399478,57.287911821610216,40.688884370280476,16.93970023259429,43.64424292200876,47.137645691895294,73.70765398983198,56.27520799557039,90.72254987115222
2025-03-09 20:17:37.212667,671.0,501.0,384.0,2555.0,1399.0,384.0,67.1710403098782,79.70956584399478,57.287911821610216,40.688884370280476,16.93970023259429,43.64424292200876,47.137645691895294,73.70765398983198,56.27520799557039,90.72254987115222
2025-03-09 20:17:37.212667,674.0,500.0,385.0,2559.0,1401.0,385.0,67.1710403098782,79.70956584399478,57.287911821610216,40.688884370280476,16.93970023259429,43.64424292200876,47.137645691895294,73.70765398983198,56.27520799557039,90.72254987115222
2025-03-09 20:17:37.212667,673.0,499.0,374.0,2558.0,1398.0,385.0,67.1710403098782,79.70956584399478,57.287911821610216,40.688884370280476,16.93970023259429,43.64424292200876,47.137645691895294,73.70765398983198,56.27520799557039,90.72254987115222
2025-03-09 20:17:37.221000,672.0,497.0,373.0,2557.0,1397.0,384.0,67.17970060718771,79.79719090393857,57.19219782298878,40.617713223711014,16.929596914107172,43.56724782355147,47.28530570727487,73.81423600955684,56.31928069052511,90.75983356290519
2025-03-09 20:17:37.221000,672.0,496.0,370.0,2558.0,1399.0,384.0,67.17970060718771,79.79719090393857,57.19219782298878,40.617713223711014,16.929596914107172,43.56724782355147,47.28530570727487,73.81423600955684,56.31928069052511,90.75983356290519
2025-03-09 20:17:37.221000,678.0,497.0,385.0,2559.0,1394.0,379.0,67.17970060718771,79.79719090393857,57.19219782298878,40.617713223711014,16.929596914107172,43.56724782355147,47.28530570727487,73.81423600955684,56.31928069052511,90.75983356290519
2025-03-09 20:17:37.229333,681.0,498.0,384.0,2553.0,1393.0,374.0,67.18117230611416,79.87488129702442,57.08908471755538,40.55201888272097,16.91992715404407,43.49540226402909,47.430132330037644,73.90995370802473,56.35859577492841,90.81261851715992
2025-03-09 20:17:37.229333,681.0,503.0,379.0,2553.0,1395.0,376.0,67.18117230611416,79.87488129702442,57.08908471755538,40.55201888272097,16.91992715404407,43.49540226402909,47.430132330037644,73.90995370802473,56.35859577492841,90.81261851715992
2025-03-09 20:17:37.229333,682.0,496.0,384.0,2553.0,1394.0,381.0,67.18117230611416,79.87488129702442,57.08908471755538,40.55201888272097,16.91992715404407,43.49540226402909,47.430132330037644,73.90995370802473,56.35859577492841,90.81261851715992
2025-03-09 20:17:37.229333,682.0,505.0,385.0,2553.0,1395.0,421.0,67.18117230611416,79.87488129702442,57.08908471755538,40.55201888272097,16.91992715404407,43.49540226402909,47.430132330037644,73.90995370802473,56.35859577492841,90.81261851715992
2025-03-09 20:17:37.237667,682.0,499.0,390.0,2557.0,1392.0,359.0,67.17400712421751,79.94020971246619,56.97806249377585,40.4877953526199,16.914122784140968,43.42728124568927,47.570952158175494,73.98745283476609,56.38481535923607,90.87075057591665
2025-03-09 20:17:37.237667,685.0,498.0,386.0,2555.0,1395.0,364.0,67.17400712421751,79.94020971246619,56.97806249377585,40.4877953526199,16.914122784140968,43.42728124568927,47.570952158175494,73.98745283476609,56.38481535923607,90.87075057591665
2025-03-09 20:17:37.237667,693.0,504.0,390.0,2550.0,1388.0,368.0,67.17400712421751,79.94020971246619,56.97806249377585,40.4877953526199,16.914122784140968,43.42728124568927,47.570952158175494,73.98745283476609,56.38481535923607,90.87075057591665
2025-03-09 20:17:37.237667,690.0,506.0,397.0,2553.0,1391.0,350.0,67.17400712421751,79.94020971246619,56.97806249377585,40.4877953526199,16.914122784140968,43.42728124568927,47.570952158175494,73.98745283476609,56.38481535923607,90.87075057591665
2025-03-09 20:17:37.246000,694.0,498.0,399.0,2551.0,1392.0,383.0,67.15586661090678,79.99008261348699,56.85551397082393,40.42024943373386,16.91346384303923,43.359592177130196,47.708437586825255,74.04084222014427,56.390382038407864,90.92326090801077
2025-03-09 20:17:37.246000,694.0,511.0,398.0,2544.0,1391.0,366.0,67.15586661090678,79.99008261348699,56.85551397082393,40.42024943373386,16.91346384303923,43.359592177130196,47.708437586825255,74.04084222014427,56.390382038407864,90.92326090801077
2025-03-09 20:17:37.246000,692.0,509.0,401.0,2551.0,1391.0,365.0,67.15586661090678,79.99008261348699,56.85551397082393,40.42024943373386,16.91346384303923,43.359592177130196,47.708437586825255,74.04084222014427,56.390382038407864,90.92326090801077
2025-03-09 20:17:37.254333,698.0,502.0,400.0,2547.0,1392.0,372.0,67.12554430574055,80.02382824775499,56.719744869564636,40.3467935444363,16.916198963631384,43.28946648720826,47.84249699798,74.06956990807332,56.37434766601442,90.96563123450665
2025-03-09 20:17:37.254333,698.0,501.0,399.0,2550.0,1391.0,368.0,67.12554430574055,80.02382824775499,56.719744869564636,40.3467935444363,16.916198963631384,43.28946648720826,47.84249699798,74.06956990807332,56.37434766601442,90.96563123450665
2025-03-09 20:17:37.254333,701.0,506.0,399.0,2549.0,1392.0,371.0,67.12554430574055,80.02382824775499,56.719744869564636,40.3467935444363,16.916198963631384,43.28946648720826,47.84249699798,74.06956990807332,56.37434766601442,90.96563123450665
2025-03-09 20:17:37.254333,713.0,510.0,400.0,2545.0,1391.0,363.0,67.12554430574055,80.02382824775499,56.719744869564636,40.3467935444363,16.916198963631384,43.28946648720826,47.84249699798,74.06956990807332,56.37434766601442,90.96563123450665
2025-03-09 20:17:37.262667,714.0,509.0,400.0,2545.0,1391.0,359.0,67.08261190354793,80.04074595186866,56.571450758538504,40.27169704708264,16.91945130241913,43.21898304475518,47.97175634221382,74.07694928494612,56.3425203878908,90.99241569272932
2025-03-09 20:17:37.262667,710.0,511.0,400.0,2544.0,1391.0,366.0,67.08261190354793,80.04074595186866,56.571450758538504,40.27169704708264,16.91945130241913,43.21898304475518,47.97175634221382,74.07694928494612,56.3425203878908,90.99241569272932
2025-03-09 20:17:37.262667,715.0,507.0,396.0,2545.0,1389.0,362.0,67.08261190354793,80.04074595186866,56.571450758538504,40.27169704708264,16.91945130241913,43.21898304475518,47.97175634221382,74.07694928494612,56.3425203878908,90.99241569272932
2025-03-09 20:17:37.262667,720.0,505.0,390.0,2545.0,1390.0,357.0,67.08261190354793,80.04074595186866,56.571450758538504,40.27169704708264,16.91945130241913,43.21898304475518,47.97175634221382,74.07694928494612,56.3425203878908,90.99241569272932
2025-03-09 20:17:37.271000,718.0,499.0,385.0,2544.0,1391.0,359.0,67.02804947659854,80.04032441135078,56.411748038132465,40.202474190231946,16.920085170803958,43.1528398184765,48.0949955734907,74.06779540048413,56.302843350369336,91.00359434931018
2025-03-09 20:17:37.271000,719.0,510.0,391.0,2545.0,1390.0,355.0,67.02804947659854,80.04032441135078,56.411748038132465,40.202474190231946,16.920085170803958,43.1528398184765,48.0949955734907,74.06779540048413,56.302843350369336,91.00359434931018
2025-03-09 20:17:37.271000,720.0,511.0,387.0,2544.0,1391.0,362.0,67.02804947659854,80.04032441135078,56.411748038132465,40.202474190231946,16.920085170803958,43.1528398184765,48.0949955734907,74.06779540048413,56.302843350369336,91.00359434931018
2025-03-09 20:17:37.271000,730.0,511.0,402.0,2544.0,1382.0,347.0,67.02804947659854,80.04032441135078,56.411748038132465,40.202474190231946,16.920085170803958,43.1528398184765,48.0949955734907,74.06779540048413,56.302843350369336,91.00359434931018
2025-03-09 20:17:37.279333,733.0,511.0,386.0,2542.0,1379.0,354.0,66.96342479945686,80.02350626848649,56.24242686859754,40.140548150471034,16.91766261820129,43.09178207160819,48.21255613207138,74.0449792375543,56.257812542379774,91.00418049878512
2025-03-09 20:17:37.279333,738.0,511.0,384.0,2544.0,1381.0,354.0,66.96342479945686,80.02350626848649,56.24242686859754,40.140548150471034,16.91766261820129,43.09178207160819,48.21255613207138,74.0449792375543,56.257812542379774,91.00418049878512
2025-03-09 20:17:37.287667,734.0,526.0,390.0,2544.0,1382.0,353.0,66.88922900693821,79.99090810547214,56.06548834639624,40.083169725614546,16.91362298172107,43.03384894722374,48.32483252054318,74.00857570354064,56.20556921629228,90.99319278073739
2025-03-09 20:17:37.287667,739.0,511.0,391.0,2544.0,1379.0,351.0,66.88922900693821,79.99090810547214,56.06548834639624,40.083169725614546,16.91362298172107,43.03384894722374,48.32483252054318,74.00857570354064,56.20556921629228,90.99319278073739
2025-03-09 20:17:37.287667,738.0,511.0,376.0,2544.0,1378.0,351.0,66.88922900693821,79.99090810547214,56.06548834639624,40.083169725614546,16.91362298172107,43.03384894722374,48.32483252054318,74.00857570354064,56.20556921629228,90.99319278073739
2025-03-09 20:17:37.287667,739.0,525.0,377.0,2544.0,1379.0,351.0,66.88922900693821,79.99090810547214,56.06548834639624,40.083169725614546,16.91362298172107,43.03384894722374,48.32483252054318,74.00857570354064,56.20556921629228,90.99319278073739
2025-03-09 20:17:37.296000,751.0,523.0,385.0,2544.0,1376.0,351.0,66.80651943717776,79.94204153097907,55.88135338515532,40.02785405072089,16.9097820603239,42.97747814340796,48.433301597637225,73.95774540210476,56.14229252365003,90.96558952020519
2025-03-09 20:17:37.296000,754.0,511.0,386.0,2544.0,1375.0,350.0,66.80651943717776,79.94204153097907,55.88135338515532,40.02785405072089,16.9097820603239,42.97747814340796,48.433301597637225,73.95774540210476,56.14229252365003,90.96558952020519
2025-03-09 20:17:37.296000,750.0,511.0,386.0,2541.0,1375.0,349.0,66.80651943717776,79.94204153097907,55.88135338515532,40.02785405072089,16.9097820603239,42.97747814340796,48.433301597637225,73.95774540210476,56.14229252365003,90.96558952020519
2025-03-09 20:17:37.296000,752.0,526.0,367.0,2543.0,1378.0,349.0,66.80651943717776,79.94204153097907,55.88135338515532,40.02785405072089,16.9097820603239,42.97747814340796,48.433301597637225,73.95774540210476,56.14229252365003,90.96558952020519
2025-03-09 20:17:37.304333,755.0,526.0,363.0,2541.0,1375.0,349.0,66.71786101970129,79.87671267218991,55.68872774965869,39.973823341854484,16.906854897944395,42.922234326382736,48.540602362685746,73.89288426480101,56.06507402989749,90.91771606116424
2025-03-09 20:17:37.304333,754.0,527.0,359.0,2541.0,1376.0,343.0,66.71786101970129,79.87671267218991,55.68872774965869,39.973823341854484,16.906854897944395,42.922234326382736,48.540602362685746,73.89288426480101,56.06507402989749,90.91771606116424
2025-03-09 20:17:37.304333,762.0,511.0,364.0,2544.0,1376.0,347.0,66.71786101970129,79.87671267218991,55.68872774965869,39.973823341854484,16.906854897944395,42.922234326382736,48.540602362685746,73.89288426480101,56.06507402989749,90.91771606116424
2025-03-09 20:17:37.312667,753.0,528.0,380.0,2544.0,1377.0,347.0,66.62641934012966,79.79644397258365,55.48707611692345,39.92136873330625,16.905014055170504,42.86844080824256,48.64920923009834,73.81620066834024,55.97365751787272,90.84710147758521
2025-03-09 20:17:37.312667,759.0,526.0,375.0,2543.0,1379.0,343.0,66.62641934012966,79.79644397258365,55.48707611692345,39.92136873330625,16.905014055170504,42.86844080824256,48.64920923009834,73.81620066834024,55.97365751787272,90.84710147758521
2025-03-09 20:17:37.312667,764.0,528.0,397.0,2544.0,1373.0,341.0,66.62641934012966,79.79644397258365,55.48707611692345,39.92136873330625,16.905014055170504,42.86844080824256,48.64920923009834,73.81620066834024,55.97365751787272,90.84710147758521
2025-03-09 20:17:37.312667,757.0,529.0,400.0,2542.0,1377.0,342.0,66.62641934012966,79.79644397258365,55.48707611692345,39.92136873330625,16.905014055170504,42.86844080824256,48.64920923009834,73.81620066834024,55.97365751787272,90.84710147758521
2025-03-09 20:17:37.321000,758.0,527.0,414.0,2539.0,1373.0,341.0,66.53472217887456,79.70438829465309,55.2797330672736,39.870599277469516,16.90379726641144,42.81578579646038,48.75932018025661,73.7321547632324,55.8712776322484,90.75362174369963
2025-03-09 20:17:37.321000,759.0,524.0,423.0,2541.0,1374.0,343.0,66.53472217887456,79.70438829465309,55.2797330672736,39.870599277469516,16.90379726641144,42.81578579646038,48.75932018025661,73.7321547632324,55.8712776322484,90.75362174369963
2025-03-09 20:17:37.321000,757.0,528.0,404.0,2541.0,1374.0,341.0,66.53472217887456,79.70438829465309,55.2797330672736,39.870599277469516,16.90379726641144,42.81578579646038,48.75932018025661,73.7321547632324,55.8712776322484,90.75362174369963
2025-03-09 20:17:37.321000,757.0,511.0,429.0,2540.0,1374.0,344.0,66.53472217887456,79.70438829465309,55.2797330672736,39.870599277469516,16.90379726641144,42.81578579646038,48.75932018025661,73.7321547632324,55.8712776322484,90.75362174369963
2025-03-09 20:17:37.329333,771.0,529.0,432.0,2533.0,1371.0,337.0,66.44284593997746,79.60445346327701,55.07210609682517,39.820947057366865,16.902600640519612,42.763240455616554,48.868913396073026,73.64522355328192,55.76349052960634,90.63882314934013
2025-03-09 20:17:37.329333,771.0,529.0,433.0,2534.0,1370.0,337.0,66.44284593997746,79.60445346327701,55.07210609682517,39.820947057366865,16.902600640519612,42.763240455616554,48.868913396073026,73.64522355328192,55.76349052960634,90.63882314934013
2025-03-09 20:17:37.329333,774.0,535.0,382.0,2535.0,1371.0,338.0,66.44284593997746,79.60445346327701,55.07210609682517,39.820947057366865,16.902600640519612,42.763240455616554,48.868913396073026,73.64522355328192,55.76349052960634,90.63882314934013
2025-03-09 20:17:37.329333,771.0,531.0,368.0,2537.0,1369.0,336.0,66.44284593997746,79.60445346327701,55.07210609682517,39.820947057366865,16.902600640519612,42.763240455616554,48.868913396073026,73.64522355328192,55.76349052960634,90.63882314934013
2025-03-09 20:17:37.337667,777.0,528.0,382.0,2531.0,1369.0,340.0,66.35055583209862,79.50159673787667,54.86877740959032,39.771938913248654,16.90061847677451,42.709850031012735,48.976605333693705,73.56037536859638,55.65709662960116,90.50492183213868
2025-03-09 20:17:37.337667,778.0,531.0,386.0,2538.0,1365.0,342.0,66.35055583209862,79.50159673787667,54.86877740959032,39.771938913248654,16.90061847677451,42.709850031012735,48.976605333693705,73.56037536859638,55.65709662960116,90.50492183213868
2025-03-09 20:17:37.337667,779.0,530.0,375.0,2538.0,1366.0,338.0,66.35055583209862,79.50159673787667,54.86877740959032,39.771938913248654,16.90061847677451,42.709850031012735,48.976605333693705,73.56037536859638,55.65709662960116,90.50492183213868
2025-03-09 20:17:37.346000,779.0,532.0,388.0,2531.0,1374.0,337.0,66.25913241169123,79.40109036973917,54.672310059904945,39.721895500601484,16.898544711196095,42.65433455126585,49.0838565258749,73.48183751622312,55.55585833693437,90.35405295999294
2025-03-09 20:17:37.346000,787.0,543.0,368.0,2531.0,1365.0,336.0,66.25913241169123,79.40109036973917,54.672310059904945,39.721895500601484,16.898544711196095,42.65433455126585,49.0838565258749,73.48183751622312,55.55585833693437,90.35405295999294
2025-03-09 20:17:37.346000,789.0,541.0,369.0,2530.0,1363.0,336.0,66.25913241169123,79.40109036973917,54.672310059904945,39.721895500601484,16.898544711196095,42.65433455126585,49.0838565258749,73.48183751622312,55.55585833693437,90.35405295999294
2025-03-09 20:17:37.346000,789.0,541.0,391.0,2531.0,1365.0,338.0,66.25913241169123,79.40109036973917,54.672310059904945,39.721895500601484,16.898544711196095,42.65433455126585,49.0838565258749,73.48183751622312,55.55585833693437,90.35405295999294
2025-03-09 20:17:37.354333,786.0,544.0,394.0,2528.0,1367.0,337.0,66.16994608486132,79.30745664062636,54.48379465252734,39.668044049796826,16.89746218079914,42.594688373045905,49.19311065559107,73.41264615126218,55.46125287220385,90.18805936718474
2025-03-09 20:17:37.354333,789.0,537.0,379.0,2529.0,1366.0,335.0,66.16994608486132,79.30745664062636,54.48379465252734,39.668044049796826,16.89746218079914,42.594688373045905,49.19311065559107,73.41264615126218,55.46125287220385,90.18805936718474
2025-03-09 20:17:37.354333,794.0,539.0,381.0,2527.0,1369.0,337.0,66.16994608486132,79.30745664062636,54.48379465252734,39.668044049796826,16.89746218079914,42.594688373045905,49.19311065559107,73.41264615126218,55.46125287220385,90.18805936718474
2025-03-09 20:17:37.362667,791.0,541.0,378.0,2530.0,1368.0,341.0,66.08391964713377,79.22434225991958,54.3045384479084,39.60813693662657,16.898526029743582,42.52973031063914,49.30511358033132,73.35385371241037,55.37387823536115,90.009720968075
2025-03-09 20:17:37.362667,793.0,545.0,381.0,2528.0,1372.0,336.0,66.08391964713377,79.22434225991958,54.3045384479084,39.60813693662657,16.898526029743582,42.52973031063914,49.30511358033132,73.35385371241037,55.37387823536115,90.009720968075
2025-03-09 20:17:37.362667,791.0,541.0,391.0,2529.0,1371.0,336.0,66.08391964713377,79.22434225991958,54.3045384479084,39.60813693662657,16.898526029743582,42.52973031063914,49.30511358033132,73.35385371241037,55.37387823536115,90.009720968075
2025-03-09 20:17:37.371000,795.0,546.0,402.0,2528.0,1371.0,334.0,66.00188620500353,79.154169572001,54.13557370007967,39.54161114662448,16.90276416917697,42.46017905023115,49.41872464143687,73.3041505153419,55.29352355753728,89.82324982038583
2025-03-09 20:17:37.371000,791.0,542.0,410.0,2528.0,1371.0,336.0,66.00188620500353,79.154169572001,54.13557370007967,39.54161114662448,16.90276416917697,42.46017905023115,49.41872464143687,73.3041505153419,55.29352355753728,89.82324982038583
2025-03-09 20:17:37.371000,792.0,553.0,421.0,2524.0,1365.0,343.0,66.00188620500353,79.154169572001,54.13557370007967,39.54161114662448,16.90276416917697,42.46017905023115,49.41872464143687,73.3041505153419,55.29352355753728,89.82324982038583
2025-03-09 20:17:37.371000,793.0,543.0,432.0,2529.0,1368.0,336.0,66.00188620500353,79.154169572001,54.13557370007967,39.54161114662448,16.90276416917697,42.46017905023115,49.41872464143687,73.3041505153419,55.29352355753728,89.82324982038583
2025-03-09 20:17:37.379333,793.0,542.0,417.0,2530.0,1371.0,336.0,65.92412061165464,79.09777471908559,53.97773721765437,39.46999680109065,16.909952834927566,42.38829996682804,49.53071397447082,73.26102997912646,55.22060805002337,89.63265830794103
2025-03-09 20:17:37.379333,785.0,542.0,399.0,2528.0,1367.0,337.0,65.92412061165464,79.09777471908559,53.97773721765437,39.46999680109065,16.909952834927566,42.38829996682804,49.53071397447082,73.26102997912646,55.22060805002337,89.63265830794103
2025-03-09 20:17:37.379333,789.0,549.0,385.0,2525.0,1375.0,341.0,65.92412061165464,79.09777471908559,53.97773721765437,39.46999680109065,16.909952834927566,42.38829996682804,49.53071397447082,73.26102997912646,55.22060805002337,89.63265830794103
2025-03-09 20:17:37.379333,784.0,545.0,379.0,2527.0,1375.0,331.0,65.92412061165464,79.09777471908559,53.97773721765437,39.46999680109065,16.909952834927566,42.38829996682804,49.53071397447082,73.26102997912646,55.22060805002337,89.63265830794103
2025-03-09 20:17:37.387667,784.0,543.0,374.0,2527.0,1373.0,334.0,65.85118479283642,79.05450578578396,53.8328134875552,39.39759971360884,16.91981494845052,42.318607106292305,49.63672454441977,73.22189898957382,55.1562203323011,89.4405763618968
2025-03-09 20:17:37.387667,786.0,547.0,375.0,2527.0,1373.0,335.0,65.85118479283642,79.05450578578396,53.8328134875552,39.39759971360884,16.91981494845052,42.318607106292305,49.63672454441977,73.22189898957382,55.1562203323011,89.4405763618968
2025-03-09 20:17:37.387667,784.0,544.0,380.0,2523.0,1374.0,336.0,65.85118479283642,79.05450578578396,53.8328134875552,39.39759971360884,16.91981494845052,42.318607106292305,49.63672454441977,73.22189898957382,55.1562203323011,89.4405763618968
2025-03-09 20:17:37.387667,784.0,544.0,365.0,2527.0,1374.0,334.0,65.85118479283642,79.05450578578396,53.8328134875552,39.39759971360884,16.91981494845052,42.318607106292305,49.63672454441977,73.22189898957382,55.1562203323011,89.4405763618968
2025-03-09 20:17:37.396000,784.0,545.0,358.0,2527.0,1372.0,334.0,65.78389412518798,79.02342686369268,53.703524728311706,39.32906306292137,16.932734132757158,42.255485814868614,49.733791671300324,73.18613905851846,55.102053536150564,89.2497018294404
2025-03-09 20:17:37.396000,784.0,544.0,374.0,2519.0,1372.0,333.0,65.78389412518798,79.02342686369268,53.703524728311706,39.32906306292137,16.932734132757158,42.255485814868614,49.733791671300324,73.18613905851846,55.102053536150564,89.2497018294404
2025-03-09 20:17:37.396000,784.0,549.0,368.0,2523.0,1374.0,335.0,65.78389412518798,79.02342686369268,53.703524728311706,39.32906306292137,16.932734132757158,42.255485814868614,49.733791671300324,73.18613905851846,55.102053536150564,89.2497018294404
2025-03-09 20:17:37.404333,783.0,547.0,370.0,2523.0,1376.0,321.0,65.72173965622241,79.00340322633383,53.59107547440331,39.26603531210155,16.948492709152887,42.19999147678101,49.82084880906381,73.15411442464585,55.059179745810056,89.06261067872387
2025-03-09 20:17:37.404333,784.0,550.0,370.0,2519.0,1375.0,326.0,65.72173965622241,79.00340322633383,53.59107547440331,39.26603531210155,16.948492709152887,42.19999147678101,49.82084880906381,73.15411442464585,55.059179745810056,89.06261067872387
2025-03-09 20:17:37.404333,783.0,549.0,379.0,2522.0,1374.0,336.0,65.72173965622241,79.00340322633383,53.59107547440331,39.26603531210155,16.948492709152887,42.19999147678101,49.82084880906381,73.15411442464585,55.059179745810056,89.06261067872387
2025-03-09 20:17:37.404333,783.0,548.0,371.0,2522.0,1371.0,334.0,65.72173965622241,79.00340322633383,53.59107547440331,39.26603531210155,16.948492709152887,42.19999147678101,49.82084880906381,73.15411442464585,55.059179745810056,89.06261067872387
2025-03-09 20:17:37.412667,783.0,546.0,368.0,2520.0,1375.0,328.0,65.6637943942348,78.99366558619805,53.4953889640384,39.2081613530166,16.966301668268784,42.15126022187593,49.89761365820675,73.12616130449307,55.02795906535379,88.88175940456438
2025-03-09 20:17:37.412667,784.0,548.0,368.0,2523.0,1374.0,326.0,65.6637943942348,78.99366558619805,53.4953889640384,39.2081613530166,16.966301668268784,42.15126022187593,49.89761365820675,73.12616130449307,55.02795906535379,88.88175940456438
2025-03-09 20:17:37.412667,789.0,548.0,407.0,2518.0,1370.0,329.0,65.6637943942348,78.99366558619805,53.4953889640384,39.2081613530166,16.966301668268784,42.15126022187593,49.89761365820675,73.12616130449307,55.02795906535379,88.88175940456438
2025-03-09 20:17:37.421000,787.0,555.0,393.0,2517.0,1371.0,329.0,65.6096228645562,78.9941806863017,53.41535380404884,39.15482956844502,16.98595224165774,42.10869233207295,49.964734908191126,73.10207789770107,55.00811704074045,88.70954067788857
2025-03-09 20:17:37.421000,789.0,555.0,393.0,2519.0,1371.0,327.0,65.6096228645562,78.9941806863017,53.41535380404884,39.15482956844502,16.98595224165774,42.10869233207295,49.964734908191126,73.10207789770107,55.00811704074045,88.70954067788857
2025-03-09 20:17:37.421000,795.0,553.0,387.0,2513.0,1376.0,330.0,65.6096228645562,78.9941806863017,53.41535380404884,39.15482956844502,16.98595224165774,42.10869233207295,49.964734908191126,73.10207789770107,55.00811704074045,88.70954067788857
2025-03-09 20:17:37.421000,794.0,557.0,390.0,2514.0,1371.0,333.0,65.6096228645562,78.9941806863017,53.41535380404884,39.15482956844502,16.98595224165774,42.10869233207295,49.964734908191126,73.10207789770107,55.00811704074045,88.70954067788857
2025-03-09 20:17:37.429333,798.0,550.0,383.0,2515.0,1373.0,326.0,65.55882807828242,79.0046365642323,53.34912070632554,39.10487735100232,17.007522246906326,42.071472176115385,50.023111370684326,73.08072306039358,54.998113413496036,88.5475726362894
2025-03-09 20:17:37.429333,798.0,558.0,387.0,2522.0,1371.0,327.0,65.55882807828242,79.0046365642323,53.34912070632554,39.10487735100232,17.007522246906326,42.071472176115385,50.023111370684326,73.08072306039358,54.998113413496036,88.5475726362894
2025-03-09 20:17:37.429333,810.0,556.0,372.0,2513.0,1373.0,325.0,65.55882807828242,79.0046365642323,53.34912070632554,39.10487735100232,17.007522246906326,42.071472176115385,50.023111370684326,73.08072306039358,54.998113413496036,88.5475726362894
2025-03-09 20:17:37.437667,814.0,558.0,368.0,2512.0,1370.0,324.0,65.5111281009164,79.02516689694971,53.296614251020905,39.05604008553945,17.030751119481042,42.037774798635645,50.07218494677048,73.06116817331818,54.99633708652435,88.397354813619
2025-03-09 20:17:37.437667,810.0,553.0,373.0,2515.0,1370.0,326.0,65.5111281009164,79.02516689694971,53.296614251020905,39.05604008553945,17.030751119481042,42.037774798635645,50.07218494677048,73.06116817331818,54.99633708652435,88.397354813619
2025-03-09 20:17:37.437667,811.0,560.0,378.0,2512.0,1370.0,331.0,65.5111281009164,79.02516689694971,53.296614251020905,39.05604008553945,17.030751119481042,42.037774798635645,50.07218494677048,73.06116817331818,54.99633708652435,88.397354813619
2025-03-09 20:17:37.437667,812.0,557.0,374.0,2516.0,1371.0,325.0,65.5111281009164,79.02516689694971,53.296614251020905,39.05604008553945,17.030751119481042,42.037774798635645,50.07218494677048,73.06116817331818,54.99633708652435,88.397354813619
2025-03-09 20:17:37.446000,816.0,560.0,368.0,2512.0,1371.0,323.0,65.46545585347444,79.05524760085511,53.260477984046645,39.006259759581575,17.055419015586736,42.00552347868531,50.1097935415473,73.04334783913062,55.00210997367917,88.26048950055839
2025-03-09 20:17:37.446000,815.0,558.0,369.0,2515.0,1372.0,326.0,65.46545585347444,79.05524760085511,53.260477984046645,39.006259759581575,17.055419015586736,42.00552347868531,50.1097935415473,73.04334783913062,55.00210997367917,88.26048950055839
2025-03-09 20:17:37.446000,816.0,558.0,379.0,2514.0,1370.0,331.0,65.46545585347444,79.05524760085511,53.260477984046645,39.006259759581575,17.055419015586736,42.00552347868531,50.1097935415473,73.04334783913062,55.00210997367917,88.26048950055839
2025-03-09 20:17:37.446000,829.0,560.0,368.0,2508.0,1367.0,320.0,65.46545585347444,79.05524760085511,53.260477984046645,39.006259759581575,17.055419015586736,42.00552347868531,50.1097935415473,73.04334783913062,55.00210997367917,88.26048950055839
2025-03-09 20:17:37.454333,831.0,561.0,371.0,2512.0,1369.0,320.0,65.42039215507893,79.09180468004965,53.239582243807895,38.95424883217138,17.081711490263242,41.97303062622961,50.136784471773005,73.02644415852644,55.01261477810846,88.13751012802021
2025-03-09 20:17:37.454333,832.0,561.0,368.0,2510.0,1371.0,320.0,65.42039215507893,79.09180468004965,53.239582243807895,38.95424883217138,17.081711490263242,41.97303062622961,50.136784471773005,73.02644415852644,55.01261477810846,88.13751012802021
2025-03-09 20:17:37.454333,833.0,559.0,367.0,2509.0,1373.0,320.0,65.42039215507893,79.09180468004965,53.239582243807895,38.95424883217138,17.081711490263242,41.97303062622961,50.136784471773005,73.02644415852644,55.01261477810846,88.13751012802021
2025-03-09 20:17:37.462667,832.0,558.0,362.0,2512.0,1371.0,320.0,65.37608709700788,79.13208688078214,53.23051007669635,38.89908907056398,17.10928485030187,41.938991179721626,50.15558549814596,73.00975388352703,55.024258864533195,88.02791079870651
2025-03-09 20:17:37.462667,830.0,554.0,366.0,2512.0,1372.0,322.0,65.37608709700788,79.13208688078214,53.23051007669635,38.89908907056398,17.10928485030187,41.938991179721626,50.15558549814596,73.00975388352703,55.024258864533195,88.02791079870651
2025-03-09 20:17:37.462667,835.0,561.0,355.0,2512.0,1372.0,323.0,65.37608709700788,79.13208688078214,53.23051007669635,38.89908907056398,17.10928485030187,41.938991179721626,50.15558549814596,73.00975388352703,55.024258864533195,88.02791079870651
2025-03-09 20:17:37.462667,853.0,565.0,367.0,2512.0,1374.0,320.0,65.37608709700788,79.13208688078214,53.23051007669635,38.89908907056398,17.10928485030187,41.938991179721626,50.15558549814596,73.00975388352703,55.024258864533195,88.02791079870651
2025-03-09 20:17:37.471000,850.0,560.0,363.0,2509.0,1371.0,319.0,65.33288691678517,79.17471078849317,53.23120454595674,38.84234126531754,17.13753006178579,41.90457913372033,50.166705281333996,72.99260880851891,55.03637779088658,87.93137734066795
2025-03-09 20:17:37.471000,855.0,561.0,365.0,2511.0,1375.0,320.0,65.33288691678517,79.17471078849317,53.23120454595674,38.84234126531754,17.13753006178579,41.90457913372033,50.166705281333996,72.99260880851891,55.03637779088658,87.93137734066795
2025-03-09 20:17:37.471000,853.0,560.0,370.0,2511.0,1374.0,318.0,65.33288691678517,79.17471078849317,53.23120454595674,38.84234126531754,17.13753006178579,41.90457913372033,50.166705281333996,72.99260880851891,55.03637779088658,87.93137734066795
2025-03-09 20:17:37.479333,854.0,562.0,358.0,2506.0,1371.0,318.0,65.29119283470108,79.21972897622365,53.24242883152173,38.78819719570242,17.165669445612405,41.873196062769544,50.16872377357921,72.97581245446281,55.05228748503766,87.8491713259965
2025-03-09 20:17:37.479333,858.0,560.0,361.0,2512.0,1376.0,317.0,65.29119283470108,79.21972897622365,53.24242883152173,38.78819719570242,17.165669445612405,41.873196062769544,50.16872377357921,72.97581245446281,55.05228748503766,87.8491713259965
2025-03-09 20:17:37.479333,859.0,561.0,361.0,2509.0,1371.0,315.0,65.29119283470108,79.21972897622365,53.24242883152173,38.78819719570242,17.165669445612405,41.873196062769544,50.16872377357921,72.97581245446281,55.05228748503766,87.8491713259965
2025-03-09 20:17:37.479333,855.0,571.0,355.0,2511.0,1374.0,301.0,65.29119283470108,79.21972897622365,53.24242883152173,38.78819719570242,17.165669445612405,41.873196062769544,50.16872377357921,72.97581245446281,55.05228748503766,87.8491713259965
2025-03-09 20:17:37.487667,880.0,565.0,347.0,2507.0,1374.0,315.0,65.25198204038874,79.26723314713152,53.265954544240834,38.73885499658314,17.192772343911805,41.84626672099838,50.16024617598952,72.96093488614869,55.07394374636273,87.78213496600924
2025-03-09 20:17:37.487667,883.0,567.0,357.0,2511.0,1375.0,314.0,65.25198204038874,79.26723314713152,53.265954544240834,38.73885499658314,17.192772343911805,41.84626672099838,50.16024617598952,72.96093488614869,55.07394374636273,87.78213496600924
2025-03-09 20:17:37.487667,883.0,567.0,352.0,2505.0,1376.0,314.0,65.25198204038874,79.26723314713152,53.265954544240834,38.73885499658314,17.192772343911805,41.84626672099838,50.16024617598952,72.96093488614869,55.07394374636273,87.78213496600924
2025-03-09 20:17:37.496000,890.0,572.0,353.0,2509.0,1372.0,311.0,65.21561805705058,79.31661476000099,53.30227086431504,38.69431989534242,17.2179566583368,41.823124486456365,50.14112792149698,72.94921947852434,55.10142151167532,87.73004723189112
2025-03-09 20:17:37.496000,891.0,573.0,359.0,2506.0,1374.0,310.0,65.21561805705058,79.31661476000099,53.30227086431504,38.69431989534242,17.2179566583368,41.823124486456365,50.14112792149698,72.94921947852434,55.10142151167532,87.73004723189112
2025-03-09 20:17:37.496000,895.0,566.0,363.0,2508.0,1374.0,309.0,65.21561805705058,79.31661476000099,53.30227086431504,38.69431989534242,17.2179566583368,41.823124486456365,50.14112792149698,72.94921947852434,55.10142151167532,87.73004723189112
2025-03-09 20:17:37.496000,896.0,571.0,355.0,2506.0,1376.0,311.0,65.21561805705058,79.31661476000099,53.30227086431504,38.69431989534242,17.2179566583368,41.823124486456365,50.14112792149698,72.94921947852434,55.10142151167532,87.73004723189112
2025-03-09 20:17:37.504333,919.0,566.0,363.0,2503.0,1369.0,311.0,65.18251660670686,79.36726721949219,53.35079401508152,38.655283629347956,17.240548602629204,41.80384027195313,50.11199411351847,72.94164515456491,55.1349433633095,87.69171661521379
2025-03-09 20:17:37.504333,916.0,574.0,368.0,2509.0,1371.0,309.0,65.18251660670686,79.36726721949219,53.35079401508152,38.655283629347956,17.240548602629204,41.80384027195313,50.11199411351847,72.94164515456491,55.1349433633095,87.69171661521379
2025-03-09 20:17:37.504333,919.0,575.0,363.0,2509.0,1374.0,309.0,65.18251660670686,79.36726721949219,53.35079401508152,38.655283629347956,17.240548602629204,41.80384027195313,50.11199411351847,72.94164515456491,55.1349433633095,87.69171661521379
2025-03-09 20:17:37.504333,919.0,573.0,368.0,2508.0,1373.0,310.0,65.18251660670686,79.36726721949219,53.35079401508152,38.655283629347956,17.240548602629204,41.80384027195313,50.11199411351847,72.94164515456491,55.1349433633095,87.69171661521379
2025-03-09 20:17:37.512667,923.0,569.0,372.0,2505.0,1371.0,314.0,65.15374091922814,79.41831686257346,53.41023580281702,38.6218621551804,17.260884780771317,41.78850941714776,50.074353555088095,72.93822310195823,55.17266103897577,87.66528440822088
2025-03-09 20:17:37.512667,926.0,579.0,370.0,2505.0,1372.0,314.0,65.15374091922814,79.41831686257346,53.41023580281702,38.6218621551804,17.260884780771317,41.78850941714776,50.074353555088095,72.93822310195823,55.17266103897577,87.66528440822088
2025-03-09 20:17:37.512667,929.0,573.0,382.0,2501.0,1373.0,305.0,65.15374091922814,79.41831686257346,53.41023580281702,38.6218621551804,17.260884780771317,41.78850941714776,50.074353555088095,72.93822310195823,55.17266103897577,87.66528440822088
2025-03-09 20:17:37.521000,931.0,574.0,373.0,2506.0,1370.0,309.0,65.12998226055198,79.4687418379719,53.478379763273814,38.59250833754662,17.281037552759358,41.7765851042791,50.03093609394739,72.93728345794099,55.210236503230114,87.64931694392216
2025-03-09 20:17:37.521000,946.0,574.0,371.0,2502.0,1369.0,307.0,65.12998226055198,79.4687418379719,53.478379763273814,38.59250833754662,17.281037552759358,41.7765851042791,50.03093609394739,72.93728345794099,55.210236503230114,87.64931694392216
2025-03-09 20:17:37.521000,948.0,574.0,374.0,2505.0,1372.0,309.0,65.12998226055198,79.4687418379719,53.478379763273814,38.59250833754662,17.281037552759358,41.7765851042791,50.03093609394739,72.93728345794099,55.210236503230114,87.64931694392216
2025-03-09 20:17:37.521000,946.0,572.0,384.0,2502.0,1374.0,305.0,65.12998226055198,79.4687418379719,53.478379763273814,38.59250833754662,17.281037552759358,41.7765851042791,50.03093609394739,72.93728345794099,55.210236503230114,87.64931694392216
2025-03-09 20:17:37.529333,947.0,577.0,389.0,2505.0,1370.0,305.0,65.11159894699387,79.5179537419786,53.553903298197994,38.56659389081203,17.302670896265077,41.76828602944018,49.983205674054425,72.93723916980939,55.24491946913876,87.64280456533382
2025-03-09 20:17:37.529333,950.0,578.0,400.0,2501.0,1373.0,311.0,65.11159894699387,79.5179537419786,53.553903298197994,38.56659389081203,17.302670896265077,41.76828602944018,49.983205674054425,72.93723916980939,55.24491946913876,87.64280456533382
2025-03-09 20:17:37.529333,946.0,573.0,407.0,2502.0,1367.0,307.0,65.11159894699387,79.5179537419786,53.553903298197994,38.56659389081203,17.302670896265077,41.76828602944018,49.983205674054425,72.93723916980939,55.24491946913876,87.64280456533382
2025-03-09 20:17:37.537667,953.0,576.0,407.0,2506.0,1369.0,314.0,65.09948701964987,79.56575008117495,53.635471650575525,38.54468296301122,17.326428724348993,41.76465082251094,49.93189613648322,72.93693505931694,55.275286623879545,87.64499824447455
2025-03-09 20:17:37.537667,963.0,579.0,410.0,2503.0,1366.0,314.0,65.09948701964987,79.56575008117495,53.635471650575525,38.54468296301122,17.326428724348993,41.76465082251094,49.93189613648322,72.93693505931694,55.275286623879545,87.64499824447455
2025-03-09 20:17:37.537667,967.0,574.0,411.0,2502.0,1369.0,304.0,65.09948701964987,79.56575008117495,53.635471650575525,38.54468296301122,17.326428724348993,41.76465082251094,49.93189613648322,72.93693505931694,55.275286623879545,87.64499824447455
2025-03-09 20:17:37.537667,966.0,576.0,409.0,2501.0,1364.0,302.0,65.09948701964987,79.56575008117495,53.635471650575525,38.54468296301122,17.326428724348993,41.76465082251094,49.93189613648322,72.93693505931694,55.275286623879545,87.64499824447455
2025-03-09 20:17:37.546000,971.0,573.0,405.0,2503.0,1361.0,287.0,65.09461702417254,79.61174051774087,53.721927840931954,38.527171742303246,17.352226732036627,41.766114028380294,49.87768554831862,72.93603280248081,55.300288970865715,87.65462566201653
2025-03-09 20:17:37.546000,970.0,583.0,410.0,2505.0,1366.0,309.0,65.09461702417254,79.61174051774087,53.721927840931954,38.527171742303246,17.352226732036627,41.766114028380294,49.87768554831862,72.93603280248081,55.300288970865715,87.65462566201653
2025-03-09 20:17:37.546000,975.0,575.0,400.0,2503.0,1366.0,305.0,65.09461702417254,79.61174051774087,53.721927840931954,38.527171742303246,17.352226732036627,41.766114028380294,49.87768554831862,72.93603280248081,55.300288970865715,87.65462566201653
2025-03-09 20:17:37.554333,972.0,567.0,399.0,2499.0,1367.0,304.0,65.09763500743453,79.65497391377392,53.81195965811134,38.513767626730186,17.378975239652846,41.771932462540725,49.82108705251262,72.93470276421031,55.318866212796706,87.66934236930207
2025-03-09 20:17:37.554333,973.0,576.0,390.0,2503.0,1365.0,306.0,65.09763500743453,79.65497391377392,53.81195965811134,38.513767626730186,17.378975239652846,41.771932462540725,49.82108705251262,72.93470276421031,55.318866212796706,87.66934236930207
2025-03-09 20:17:37.554333,983.0,572.0,418.0,2502.0,1361.0,305.0,65.09763500743453,79.65497391377392,53.81195965811134,38.513767626730186,17.378975239652846,41.771932462540725,49.82108705251262,72.93470276421031,55.318866212796706,87.66934236930207
2025-03-09 20:17:37.554333,976.0,580.0,401.0,2502.0,1360.0,305.0,65.09763500743453,79.65497391377392,53.81195965811134,38.513767626730186,17.378975239652846,41.771932462540725,49.82108705251262,72.93470276421031,55.318866212796706,87.66934236930207
2025-03-09 20:17:37.562667,977.0,576.0,403.0,2502.0,1360.0,304.0,65.10978014844913,79.69454563097865,53.90359190729085,38.50450008940173,17.405609071531313,41.781733061804545,49.7631634751285,72.93305553651483,55.3296587608706,87.68666210254547
2025-03-09 20:17:37.562667,977.0,576.0,419.0,2506.0,1360.0,306.0,65.10978014844913,79.69454563097865,53.90359190729085,38.50450008940173,17.405609071531313,41.781733061804545,49.7631634751285,72.93305553651483,55.3296587608706,87.68666210254547
2025-03-09 20:17:37.562667,979.0,578.0,410.0,2500.0,1360.0,303.0,65.10978014844913,79.69454563097865,53.90359190729085,38.50450008940173,17.405609071531313,41.781733061804545,49.7631634751285,72.93305553651483,55.3296587608706,87.68666210254547
2025-03-09 20:17:37.571000,977.0,574.0,402.0,2501.0,1360.0,293.0,65.1321431077887,79.73001513104057,53.994956923137494,38.50004120287525,17.430585414445293,41.7955619090559,49.70462674384522,72.93157643917854,55.332657953690905,87.70512529856072
2025-03-09 20:17:37.571000,978.0,576.0,400.0,2495.0,1359.0,313.0,65.1321431077887,79.73001513104057,53.994956923137494,38.50004120287525,17.430585414445293,41.7955619090559,49.70462674384522,72.93157643917854,55.332657953690905,87.70512529856072
2025-03-09 20:17:37.571000,976.0,573.0,382.0,2501.0,1356.0,304.0,65.1321431077887,79.73001513104057,53.994956923137494,38.50004120287525,17.430585414445293,41.7955619090559,49.70462674384522,72.93157643917854,55.332657953690905,87.70512529856072
2025-03-09 20:17:37.571000,980.0,576.0,379.0,2503.0,1357.0,304.0,65.1321431077887,79.73001513104057,53.994956923137494,38.50004120287525,17.430585414445293,41.7955619090559,49.70462674384522,72.93157643917854,55.332657953690905,87.70512529856072
2025-03-09 20:17:37.579333,976.0,576.0,382.0,2497.0,1356.0,298.0,65.16435080226245,79.76169891985481,54.08403860443828,38.500118086563035,17.452261824629367,41.81262041547592,49.646108907208415,72.93064376095724,55.32902965543245,87.72508862089985
2025-03-09 20:17:37.579333,975.0,573.0,380.0,2505.0,1359.0,298.0,65.16435080226245,79.76169891985481,54.08403860443828,38.500118086563035,17.452261824629367,41.81262041547592,49.646108907208415,72.93064376095724,55.32902965543245,87.72508862089985
2025-03-09 20:17:37.579333,976.0,576.0,384.0,2505.0,1357.0,306.0,65.16435080226245,79.76169891985481,54.08403860443828,38.500118086563035,17.452261824629367,41.81262041547592,49.646108907208415,72.93064376095724,55.32902965543245,87.72508862089985
2025-03-09 20:17:37.579333,975.0,579.0,384.0,2499.0,1356.0,307.0,65.16435080226245,79.76169891985481,54.08403860443828,38.500118086563035,17.452261824629367,41.81262041547592,49.646108907208415,72.93064376095724,55.32902965543245,87.72508862089985
2025-03-09 20:17:37.587667,974.0,565.0,378.0,2503.0,1355.0,305.0,65.2049514326094,79.78953943700182,54.169603620046,38.50443456990148,17.469509874462783,41.83207860484366,49.5878910158959,72.9305010510655,55.32030657863916,87.74697179308819
2025-03-09 20:17:37.587667,976.0,573.0,378.0,2501.0,1354.0,305.0,65.2049514326094,79.78953943700182,54.169603620046,38.50443456990148,17.469509874462783,41.83207860484366,49.5878910158959,72.9305010510655,55.32030657863916,87.74697179308819
2025-03-09 20:17:37.587667,970.0,565.0,388.0,2503.0,1351.0,303.0,65.2049514326094,79.78953943700182,54.169603620046,38.50443456990148,17.469509874462783,41.83207860484366,49.5878910158959,72.9305010510655,55.32030657863916,87.74697179308819
2025-03-09 20:17:37.596000,970.0,571.0,394.0,2501.0,1350.0,304.0,65.25245112074084,79.81216393843005,54.250148572682555,38.513026637540364,17.482701763130315,41.85385365847347,49.53094716841333,72.9302163337445,55.3060349419945,87.76931650127823
2025-03-09 20:17:37.596000,971.0,576.0,393.0,2498.0,1350.0,294.0,65.25245112074084,79.81216393843005,54.250148572682555,38.513026637540364,17.482701763130315,41.85385365847347,49.53094716841333,72.9302163337445,55.3060349419945,87.76931650127823
2025-03-09 20:17:37.596000,975.0,569.0,387.0,2501.0,1345.0,290.0,65.25245112074084,79.81216393843005,54.250148572682555,38.513026637540364,17.482701763130315,41.85385365847347,49.53094716841333,72.9302163337445,55.3060349419945,87.76931650127823
2025-03-09 20:17:37.596000,967.0,573.0,383.0,2502.0,1347.0,303.0,65.25245112074084,79.81216393843005,54.250148572682555,38.513026637540364,17.482701763130315,41.85385365847347,49.53094716841333,72.9302163337445,55.3060349419945,87.76931650127823
2025-03-09 20:17:37.604333,970.0,570.0,386.0,2501.0,1348.0,303.0,65.30517845124267,79.82684323485029,54.32322017349174,38.5253412764855,17.492350472927516,41.877406243436305,49.4764529899922,72.92766654756151,55.283701653799696,87.7886262105584
2025-03-09 20:17:37.604333,967.0,571.0,385.0,2502.0,1347.0,302.0,65.30517845124267,79.82684323485029,54.32322017349174,38.5253412764855,17.492350472927516,41.877406243436305,49.4764529899922,72.92766654756151,55.283701653799696,87.7886262105584
2025-03-09 20:17:37.604333,967.0,569.0,383.0,2499.0,1346.0,304.0,65.30517845124267,79.82684323485029,54.32322017349174,38.5253412764855,17.492350472927516,41.877406243436305,49.4764529899922,72.92766654756151,55.283701653799696,87.7886262105584
2025-03-09 20:17:37.612667,954.0,562.0,373.0,2501.0,1344.0,302.0,65.36245215788108,79.83273428426548,54.388261013781005,38.54196485508504,17.49839744878341,41.90297672789546,49.42490998215481,72.92288510617361,55.25365707815155,87.80396722934775
2025-03-09 20:17:37.612667,953.0,563.0,371.0,2498.0,1344.0,303.0,65.36245215788108,79.83273428426548,54.388261013781005,38.54196485508504,17.49839744878341,41.90297672789546,49.42490998215481,72.92288510617361,55.25365707815155,87.80396722934775
2025-03-09 20:17:37.612667,948.0,565.0,368.0,2503.0,1344.0,303.0,65.36245215788108,79.83273428426548,54.388261013781005,38.54196485508504,17.49839744878341,41.90297672789546,49.42490998215481,72.92288510617361,55.25365707815155,87.80396722934775
2025-03-09 20:17:37.612667,953.0,565.0,368.0,2499.0,1343.0,303.0,65.36245215788108,79.83273428426548,54.388261013781005,38.54196485508504,17.49839744878341,41.90297672789546,49.42490998215481,72.92288510617361,55.25365707815155,87.80396722934775
2025-03-09 20:17:37.621000,951.0,567.0,370.0,2497.0,1344.0,302.0,65.42439458138013,79.83095771675528,54.446180156006236,38.564629048396434,17.50014131146456,41.93159759774059,49.37629892281487,72.9179369831177,55.21927099620459,87.81674336180969
2025-03-09 20:17:37.621000,947.0,560.0,368.0,2499.0,1344.0,304.0,65.42439458138013,79.83095771675528,54.446180156006236,38.564629048396434,17.50014131146456,41.93159759774059,49.37629892281487,72.9179369831177,55.21927099620459,87.81674336180969
2025-03-09 20:17:37.621000,947.0,564.0,370.0,2509.0,1343.0,304.0,65.42439458138013,79.83095771675528,54.446180156006236,38.564629048396434,17.50014131146456,41.93159759774059,49.37629892281487,72.9179369831177,55.21927099620459,87.81674336180969
2025-03-09 20:17:37.629333,933.0,559.0,365.0,2503.0,1341.0,303.0,65.49079105913773,79.82239833097968,54.49868282380504,38.59402294304158,17.497092870854853,41.963504153045506,49.32986980331743,72.91436889875952,55.183029215027915,87.82801614897856
2025-03-09 20:17:37.629333,929.0,560.0,370.0,2501.0,1341.0,301.0,65.49079105913773,79.82239833097968,54.49868282380504,38.59402294304158,17.497092870854853,41.963504153045506,49.32986980331743,72.91436889875952,55.183029215027915,87.82801614897856
2025-03-09 20:17:37.629333,929.0,560.0,368.0,2499.0,1339.0,302.0,65.49079105913773,79.82239833097968,54.49868282380504,38.59402294304158,17.497092870854853,41.963504153045506,49.32986980331743,72.91436889875952,55.183029215027915,87.82801614897856
2025-03-09 20:17:37.629333,925.0,558.0,369.0,2501.0,1342.0,304.0,65.49079105913773,79.82239833097968,54.49868282380504,38.59402294304158,17.497092870854853,41.963504153045506,49.32986980331743,72.91436889875952,55.183029215027915,87.82801614897856
2025-03-09 20:17:37.637667,934.0,564.0,368.0,2502.0,1335.0,304.0,65.56096501264895,79.80702008257346,54.546883894013945,38.62980351498464,17.489581849096062,41.99842441524744,49.28506894892205,72.91217238572702,55.14524897249349,87.83814315774299
2025-03-09 20:17:37.637667,920.0,560.0,359.0,2501.0,1335.0,304.0,65.56096501264895,79.80702008257346,54.546883894013945,38.62980351498464,17.489581849096062,41.99842441524744,49.28506894892205,72.91217238572702,55.14524897249349,87.83814315774299
2025-03-09 20:17:37.637667,919.0,558.0,368.0,2505.0,1334.0,304.0,65.56096501264895,79.80702008257346,54.546883894013945,38.62980351498464,17.489581849096062,41.99842441524744,49.28506894892205,72.91217238572702,55.14524897249349,87.83814315774299
2025-03-09 20:17:37.646000,918.0,555.0,369.0,2503.0,1333.0,285.0,65.63326419664641,79.78494552450941,54.59044605476686,38.67022330235641,17.477547505209333,42.03472857634068,49.242070071007255,72.91104865542596,55.106075433783694,87.84759750110236
2025-03-09 20:17:37.646000,895.0,550.0,373.0,2502.0,1330.0,309.0,65.63326419664641,79.78494552450941,54.59044605476686,38.67022330235641,17.477547505209333,42.03472857634068,49.242070071007255,72.91104865542596,55.106075433783694,87.84759750110236
2025-03-09 20:17:37.646000,896.0,554.0,367.0,2506.0,1333.0,306.0,65.63326419664641,79.78494552450941,54.59044605476686,38.67022330235641,17.477547505209333,42.03472857634068,49.242070071007255,72.91104865542596,55.106075433783694,87.84759750110236
2025-03-09 20:17:37.646000,896.0,550.0,368.0,2499.0,1329.0,304.0,65.63326419664641,79.78494552450941,54.59044605476686,38.67022330235641,17.477547505209333,42.03472857634068,49.242070071007255,72.91104865542596,55.106075433783694,87.84759750110236
2025-03-09 20:17:37.654333,894.0,545.0,371.0,2506.0,1330.0,313.0,65.70588117460403,79.75728167942891,54.62995882407014,38.71273014829907,17.461215011394085,42.0703335028669,49.200490407699505,72.91072409440461,55.0659645880836,87.85772057907283
2025-03-09 20:17:37.654333,886.0,559.0,371.0,2510.0,1333.0,333.0,65.70588117460403,79.75728167942891,54.62995882407014,38.71273014829907,17.461215011394085,42.0703335028669,49.200490407699505,72.91072409440461,55.0659645880836,87.85772057907283
2025-03-09 20:17:37.654333,891.0,551.0,369.0,2505.0,1331.0,305.0,65.70588117460403,79.75728167942891,54.62995882407014,38.71273014829907,17.461215011394085,42.0703335028669,49.200490407699505,72.91072409440461,55.0659645880836,87.85772057907283
2025-03-09 20:17:37.654333,884.0,547.0,368.0,2506.0,1330.0,306.0,65.70588117460403,79.75728167942891,54.62995882407014,38.71273014829907,17.461215011394085,42.0703335028669,49.200490407699505,72.91072409440461,55.0659645880836,87.85772057907283
2025-03-09 20:17:37.662667,861.0,544.0,363.0,2511.0,1328.0,303.0,65.77829965590007,79.72587515230687,54.667699858717164,38.75557660834102,17.44204382327861,42.10434087862826,49.15999792730943,72.9115156663789,55.02539848758569,87.87060004360173
2025-03-09 20:17:37.662667,860.0,546.0,363.0,2507.0,1329.0,304.0,65.77829965590007,79.72587515230687,54.667699858717164,38.75557660834102,17.44204382327861,42.10434087862826,49.15999792730943,72.9115156663789,55.02539848758569,87.87060004360173
2025-03-09 20:17:37.662667,854.0,545.0,368.0,2506.0,1328.0,306.0,65.77829965590007,79.72587515230687,54.667699858717164,38.75557660834102,17.44204382327861,42.10434087862826,49.15999792730943,72.9115156663789,55.02539848758569,87.87060004360173
2025-03-09 20:17:37.671000,850.0,538.0,370.0,2509.0,1328.0,309.0,65.84985163319013,79.69183568289404,54.70568146393503,38.79782249902768,17.421304715357724,42.136439560059685,49.11999207428735,72.91342418754978,54.984870191041544,87.88730560932179
2025-03-09 20:17:37.671000,852.0,540.0,368.0,2507.0,1329.0,309.0,65.84985163319013,79.69183568289404,54.70568146393503,38.79782249902768,17.421304715357724,42.136439560059685,49.11999207428735,72.91342418754978,54.984870191041544,87.88730560932179
2025-03-09 20:17:37.671000,848.0,538.0,369.0,2505.0,1329.0,306.0,65.84985163319013,79.69183568289404,54.70568146393503,38.79782249902768,17.421304715357724,42.136439560059685,49.11999207428735,72.91342418754978,54.984870191041544,87.88730560932179
2025-03-09 20:17:37.671000,846.0,539.0,368.0,2506.0,1329.0,304.0,65.84985163319013,79.69183568289404,54.70568146393503,38.79782249902768,17.421304715357724,42.136439560059685,49.11999207428735,72.91342418754978,54.984870191041544,87.88730560932179
2025-03-09 20:17:37.679333,845.0,539.0,371.0,2506.0,1328.0,319.0,65.91930459832194,79.65623513473889,54.74592448300161,38.83964177448638,17.399476014735814,42.167136817417706,49.07855231701417,72.91607590992834,54.94620371573506,87.90828068588439
2025-03-09 20:17:37.679333,816.0,539.0,367.0,2505.0,1329.0,315.0,65.91930459832194,79.65623513473889,54.74592448300161,38.83964177448638,17.399476014735814,42.167136817417706,49.07855231701417,72.91607590992834,54.94620371573506,87.90828068588439
2025-03-09 20:17:37.679333,814.0,546.0,368.0,2509.0,1328.0,306.0,65.91930459832194,79.65623513473889,54.74592448300161,38.83964177448638,17.399476014735814,42.167136817417706,49.07855231701417,72.91607590992834,54.94620371573506,87.90828068588439
2025-03-09 20:17:37.687667,815.0,533.0,369.0,2508.0,1328.0,310.0,65.98629216196049,79.61944443377614,54.7899756933578,38.88269980458179,17.377013914097382,42.198371130920776,49.03355033788976,72.91848429733466,54.91066260252042,87.93377399266114
2025-03-09 20:17:37.687667,814.0,540.0,368.0,2505.0,1328.0,304.0,65.98629216196049,79.61944443377614,54.7899756933578,38.88269980458179,17.377013914097382,42.198371130920776,49.03355033788976,72.91848429733466,54.91066260252042,87.93377399266114
2025-03-09 20:17:37.687667,809.0,542.0,368.0,2505.0,1328.0,311.0,65.98629216196049,79.61944443377614,54.7899756933578,38.88269980458179,17.377013914097382,42.198371130920776,49.03355033788976,72.91848429733466,54.91066260252042,87.93377399266114
2025-03-09 20:17:37.687667,803.0,535.0,368.0,2510.0,1328.0,308.0,65.98629216196049,79.61944443377614,54.7899756933578,38.88269980458179,17.377013914097382,42.198371130920776,49.03355033788976,72.91848429733466,54.91066260252042,87.93377399266114
2025-03-09 20:17:37.696000,801.0,534.0,368.0,2506.0,1328.0,304.0,66.05056172495809,79.58085005735664,54.83715348225643,38.927920516680615,17.354400162105637,42.23146326616683,48.984254784562346,72.9187422203766,54.87742680512893,87.96414092658881
2025-03-09 20:17:37.696000,781.0,531.0,368.0,2512.0,1327.0,309.0,66.05056172495809,79.58085005735664,54.83715348225643,38.927920516680615,17.354400162105637,42.23146326616683,48.984254784562346,72.9187422203766,54.87742680512893,87.96414092658881
2025-03-09 20:17:37.696000,774.0,534.0,367.0,2512.0,1327.0,307.0,66.05056172495809,79.58085005735664,54.83715348225643,38.927920516680615,17.354400162105637,42.23146326616683,48.984254784562346,72.9187422203766,54.87742680512893,87.96414092658881
2025-03-09 20:17:37.704333,778.0,529.0,368.0,2511.0,1327.0,309.0,66.11091707556488,79.54041610301046,54.886546675113124,38.97419193463113,17.330823253510026,42.26538667089917,48.92973220223198,72.91566638664126,54.84631788547304,88.00004861942911
2025-03-09 20:17:37.704333,775.0,539.0,368.0,2513.0,1326.0,310.0,66.11091707556488,79.54041610301046,54.886546675113124,38.97419193463113,17.330823253510026,42.26538667089917,48.92973220223198,72.91566638664126,54.84631788547304,88.00004861942911
2025-03-09 20:17:37.704333,771.0,528.0,366.0,2512.0,1323.0,310.0,66.11091707556488,79.54041610301046,54.886546675113124,38.97419193463113,17.330823253510026,42.26538667089917,48.92973220223198,72.91566638664126,54.84631788547304,88.00004861942911
2025-03-09 20:17:37.704333,769.0,533.0,370.0,2511.0,1322.0,314.0,66.11091707556488,79.54041610301046,54.886546675113124,38.97419193463113,17.330823253510026,42.26538667089917,48.92973220223198,72.91566638664126,54.84631788547304,88.00004861942911
2025-03-09 20:17:37.712667,766.0,531.0,368.0,2510.0,1327.0,309.0,66.16764578155501,79.4977932367908,54.93710291230433,39.02238735736063,17.305886634040636,42.30088842233273,48.87001251794884,72.9088028673676,54.81722284269903,88.04188751212116
2025-03-09 20:17:37.712667,766.0,526.0,365.0,2512.0,1327.0,309.0,66.16764578155501,79.4977932367908,54.93710291230433,39.02238735736063,17.305886634040636,42.30088842233273,48.87001251794884,72.9088028673676,54.81722284269903,88.04188751212116
2025-03-09 20:17:37.712667,739.0,528.0,367.0,2512.0,1324.0,307.0,66.16764578155501,79.4977932367908,54.93710291230433,39.02238735736063,17.305886634040636,42.30088842233273,48.87001251794884,72.9088028673676,54.81722284269903,88.04188751212116
2025-03-09 20:17:37.712667,740.0,525.0,368.0,2512.0,1326.0,304.0,66.16764578155501,79.4977932367908,54.93710291230433,39.02238735736063,17.305886634040636,42.30088842233273,48.87001251794884,72.9088028673676,54.81722284269903,88.04188751212116
2025-03-09 20:17:37.721000,737.0,528.0,368.0,2514.0,1326.0,313.0,66.22201544577955,79.45184273019777,54.989114916740455,39.07524441036457,17.280143071621975,42.340486519176046,48.805150931743526,72.89809003311353,54.78991189666013,88.09045250650533
2025-03-09 20:17:37.721000,737.0,528.0,366.0,2512.0,1325.0,311.0,66.22201544577955,79.45184273019777,54.989114916740455,39.07524441036457,17.280143071621975,42.340486519176046,48.805150931743526,72.89809003311353,54.78991189666013,88.09045250650533
2025-03-09 20:17:37.721000,732.0,529.0,368.0,2517.0,1324.0,309.0,66.22201544577955,79.45184273019777,54.989114916740455,39.07524441036457,17.280143071621975,42.340486519176046,48.805150931743526,72.89809003311353,54.78991189666013,88.09045250650533
2025-03-09 20:17:37.721000,730.0,529.0,365.0,2515.0,1323.0,307.0,66.22201544577955,79.45184273019777,54.989114916740455,39.07524441036457,17.280143071621975,42.340486519176046,48.805150931743526,72.89809003311353,54.78991189666013,88.09045250650533
2025-03-09 20:17:37.729333,730.0,529.0,368.0,2513.0,1323.0,320.0,66.27379844220425,79.40194383205743,55.04499819295258,39.13447857883159,17.25453060197205,42.38591896869557,48.733561576939195,72.88327271895436,54.76510763605735,88.14693197888805
2025-03-09 20:17:37.729333,706.0,511.0,370.0,2512.0,1321.0,308.0,66.27379844220425,79.40194383205743,55.04499819295258,39.13447857883159,17.25453060197205,42.38591896869557,48.733561576939195,72.88327271895436,54.76510763605735,88.14693197888805
2025-03-09 20:17:37.729333,709.0,511.0,367.0,2519.0,1317.0,306.0,66.27379844220425,79.40194383205743,55.04499819295258,39.13447857883159,17.25453060197205,42.38591896869557,48.733561576939195,72.88327271895436,54.76510763605735,88.14693197888805
2025-03-09 20:17:37.737667,704.0,511.0,369.0,2518.0,1316.0,310.0,66.32270726664278,79.34902095944668,55.10929088494443,39.19934219540445,17.229973313185145,42.43692006970756,48.65249110334076,72.86449217459781,54.74362759690559,88.21282165473077
2025-03-09 20:17:37.737667,701.0,528.0,368.0,2517.0,1321.0,309.0,66.32270726664278,79.34902095944668,55.10929088494443,39.19934219540445,17.229973313185145,42.43692006970756,48.65249110334076,72.86449217459781,54.74362759690559,88.21282165473077
2025-03-09 20:17:37.737667,703.0,511.0,367.0,2522.0,1323.0,307.0,66.32270726664278,79.34902095944668,55.10929088494443,39.19934219540445,17.229973313185145,42.43692006970756,48.65249110334076,72.86449217459781,54.74362759690559,88.21282165473077
2025-03-09 20:17:37.746000,700.0,511.0,368.0,2515.0,1318.0,308.0,66.36899533996824,79.29401970636067,55.18297098817461,39.26601633571288,17.2080430041349,42.49076137079012,48.56301333950872,72.84150602315042,54.72286463723467,88.28889236804038
2025-03-09 20:17:37.746000,701.0,511.0,368.0,2525.0,1319.0,307.0,66.36899533996824,79.29401970636067,55.18297098817461,39.26601633571288,17.2080430041349,42.49076137079012,48.56301333950872,72.84150602315042,54.72286463723467,88.28889236804038
2025-03-09 20:17:37.746000,695.0,511.0,368.0,2514.0,1325.0,310.0,66.36899533996824,79.29401970636067,55.18297098817461,39.26601633571288,17.2080430041349,42.49076137079012,48.56301333950872,72.84150602315042,54.72286463723467,88.28889236804038
2025-03-09 20:17:37.746000,679.0,511.0,371.0,2517.0,1318.0,305.0,66.36899533996824,79.29401970636067,55.18297098817461,39.26601633571288,17.2080430041349,42.49076137079012,48.56301333950872,72.84150602315042,54.72286463723467,88.28889236804038
2025-03-09 20:17:37.754333,682.0,511.0,368.0,2519.0,1318.0,310.0,66.41290431936216,79.2370063318273,55.26357903107021,39.33283931380076,17.189778258907033,42.546375466459764,48.46794934351628,72.81378883604629,54.70054241985742,88.37514596687531
2025-03-09 20:17:37.754333,680.0,510.0,371.0,2525.0,1320.0,312.0,66.41290431936216,79.2370063318273,55.26357903107021,39.33283931380076,17.189778258907033,42.546375466459764,48.46794934351628,72.81378883604629,54.70054241985742,88.37514596687531
2025-03-09 20:17:37.754333,677.0,503.0,369.0,2528.0,1318.0,309.0,66.41290431936216,79.2370063318273,55.26357903107021,39.33283931380076,17.189778258907033,42.546375466459764,48.46794934351628,72.81378883604629,54.70054241985742,88.37514596687531
2025-03-09 20:17:37.754333,679.0,511.0,366.0,2518.0,1317.0,304.0,66.41290431936216,79.2370063318273,55.26357903107021,39.33283931380076,17.189778258907033,42.546375466459764,48.46794934351628,72.81378883604629,54.70054241985742,88.37514596687531
2025-03-09 20:17:37.762667,678.0,510.0,367.0,2523.0,1315.0,309.0,66.45452458295354,79.17868417455999,55.351121669476164,39.39967935064554,17.17548875642779,42.60370966845365,48.36795466627251,72.78192505070749,54.677202391800414,88.47191473658012
2025-03-09 20:17:37.762667,673.0,507.0,372.0,2520.0,1319.0,305.0,66.45452458295354,79.17868417455999,55.351121669476164,39.39967935064554,17.17548875642779,42.60370966845365,48.36795466627251,72.78192505070749,54.677202391800414,88.47191473658012
2025-03-09 20:17:37.762667,662.0,504.0,368.0,2521.0,1314.0,310.0,66.45452458295354,79.17868417455999,55.351121669476164,39.39967935064554,17.17548875642779,42.60370966845365,48.36795466627251,72.78192505070749,54.677202391800414,88.47191473658012
2025-03-09 20:17:37.771000,656.0,510.0,366.0,2521.0,1312.0,304.0,66.49478629942912,79.12002443717162,55.445680963469776,39.46624133779927,17.164903951207567,42.66221704297689,48.2642655750487,72.74772531641686,54.6536882338673,88.58062996061211
2025-03-09 20:17:37.771000,659.0,511.0,375.0,2524.0,1311.0,307.0,66.49478629942912,79.12002443717162,55.445680963469776,39.46624133779927,17.164903951207567,42.66221704297689,48.2642655750487,72.74772531641686,54.6536882338673,88.58062996061211
2025-03-09 20:17:37.771000,659.0,510.0,368.0,2524.0,1310.0,306.0,66.49478629942912,79.12002443717162,55.445680963469776,39.46624133779927,17.164903951207567,42.66221704297689,48.2642655750487,72.74772531641686,54.6536882338673,88.58062996061211
2025-03-09 20:17:37.771000,658.0,503.0,373.0,2526.0,1311.0,307.0,66.49478629942912,79.12002443717162,55.445680963469776,39.46624133779927,17.164903951207567,42.66221704297689,48.2642655750487,72.74772531641686,54.6536882338673,88.58062996061211
2025-03-09 20:17:37.779333,656.0,507.0,368.0,2526.0,1310.0,311.0,66.53521034460094,79.0615978730392,55.54632114387388,39.53305086144776,17.157721723120922,42.72215109064329,48.158605906533325,72.71262319287911,54.630303387836854,88.70331245863109
2025-03-09 20:17:37.779333,656.0,506.0,368.0,2527.0,1313.0,304.0,66.53521034460094,79.0615978730392,55.54632114387388,39.53305086144776,17.157721723120922,42.72215109064329,48.158605906533325,72.71262319287911,54.630303387836854,88.70331245863109
2025-03-09 20:17:37.779333,656.0,509.0,370.0,2526.0,1310.0,293.0,66.53521034460094,79.0615978730392,55.54632114387388,39.53305086144776,17.157721723120922,42.72215109064329,48.158605906533325,72.71262319287911,54.630303387836854,88.70331245863109
2025-03-09 20:17:37.779333,645.0,505.0,368.0,2528.0,1307.0,311.0,66.53521034460094,79.0615978730392,55.54632114387388,39.53305086144776,17.157721723120922,42.72215109064329,48.158605906533325,72.71262319287911,54.630303387836854,88.70331245863109
2025-03-09 20:17:37.787667,640.0,507.0,366.0,2529.0,1306.0,307.0,66.57608816767069,79.00362457827612,55.65341208934505,39.60038683234231,17.153573962368625,42.7834778101067,48.05112691464235,72.67757883434065,54.60791434552974,88.84008391942187
2025-03-09 20:17:37.787667,641.0,503.0,369.0,2530.0,1303.0,307.0,66.57608816767069,79.00362457827612,55.65341208934505,39.60038683234231,17.153573962368625,42.7834778101067,48.05112691464235,72.67757883434065,54.60791434552974,88.84008391942187
2025-03-09 20:17:37.796000,641.0,499.0,366.0,2529.0,1301.0,297.0,66.61688545948164,78.94685195779904,55.769630294815116,39.668065472439025,17.15069427561168,42.84560747682047,47.938197588828345,72.6428142304243,54.588758617954745,88.99074398967768
2025-03-09 20:17:37.796000,640.0,502.0,368.0,2532.0,1301.0,305.0,66.61688545948164,78.94685195779904,55.769630294815116,39.668065472439025,17.15069427561168,42.84560747682047,47.938197588828345,72.6428142304243,54.588758617954745,88.99074398967768
2025-03-09 20:17:37.796000,640.0,501.0,368.0,2525.0,1299.0,303.0,66.61688545948164,78.94685195779904,55.769630294815116,39.668065472439025,17.15069427561168,42.84560747682047,47.938197588828345,72.6428142304243,54.588758617954745,88.99074398967768
2025-03-09 20:17:37.796000,634.0,508.0,372.0,2532.0,1298.0,307.0,66.61688545948164,78.94685195779904,55.769630294815116,39.668065472439025,17.15069427561168,42.84560747682047,47.938197588828345,72.6428142304243,54.588758617954745,88.99074398967768
2025-03-09 20:17:37.804333,624.0,499.0,374.0,2532.0,1298.0,315.0,66.65808662787771,78.89220450545618,55.89663787793848,39.73706718618805,17.146213124447,42.90893172614742,47.815615203290484,72.60813894454346,54.57529328029169,89.15535719653843
2025-03-09 20:17:37.804333,625.0,496.0,368.0,2532.0,1296.0,317.0,66.65808662787771,78.89220450545618,55.89663787793848,39.73706718618805,17.146213124447,42.90893172614742,47.815615203290484,72.60813894454346,54.57529328029169,89.15535719653843
2025-03-09 20:17:37.804333,624.0,502.0,368.0,2531.0,1296.0,306.0,66.65808662787771,78.89220450545618,55.89663787793848,39.73706718618805,17.146213124447,42.90893172614742,47.815615203290484,72.60813894454346,54.57529328029169,89.15535719653843
2025-03-09 20:17:37.804333,626.0,502.0,368.0,2539.0,1296.0,305.0,66.65808662787771,78.89220450545618,55.89663787793848,39.73706718618805,17.146213124447,42.90893172614742,47.815615203290484,72.60813894454346,54.57529328029169,89.15535719653843
2025-03-09 20:17:37.804333,624.0,506.0,370.0,2537.0,1296.0,310.0,66.65808662787771,78.89220450545618,55.89663787793848,39.73706718618805,17.146213124447,42.90893172614742,47.815615203290484,72.60813894454346,54.57529328029169,89.15535719653843
2025-03-09 20:17:37.812667,622.0,499.0,367.0,2535.0,1296.0,307.0,66.701412636338,78.84057386789442,56.03466797475223,39.80962389170072,17.139334324554493,42.97519982426904,47.68338880617306,72.57499185235613,54.569489147833096,89.33341151328256
2025-03-09 20:17:37.812667,624.0,497.0,368.0,2535.0,1296.0,304.0,66.701412636338,78.84057386789442,56.03466797475223,39.80962389170072,17.139334324554493,42.97519982426904,47.68338880617306,72.57499185235613,54.569489147833096,89.33341151328256
2025-03-09 20:17:37.812667,622.0,502.0,367.0,2538.0,1296.0,309.0,66.701412636338,78.84057386789442,56.03466797475223,39.80962389170072,17.139334324554493,42.97519982426904,47.68338880617306,72.57499185235613,54.569489147833096,89.33341151328256
2025-03-09 20:17:37.821000,609.0,498.0,368.0,2539.0,1290.0,307.0,66.7477649819538,78.79281749431897,56.18432239982225,39.88657359422236,17.131078281222997,43.045379250143974,47.54274417401296,72.54457385109724,54.57216859660994,89.52416604138922
2025-03-09 20:17:37.821000,607.0,496.0,371.0,2539.0,1292.0,309.0,66.7477649819538,78.79281749431897,56.18432239982225,39.88657359422236,17.131078281222997,43.045379250143974,47.54274417401296,72.54457385109724,54.57216859660994,89.52416604138922
2025-03-09 20:17:37.821000,611.0,503.0,374.0,2539.0,1289.0,314.0,66.7477649819538,78.79281749431897,56.18432239982225,39.88657359422236,17.131078281222997,43.045379250143974,47.54274417401296,72.54457385109724,54.57216859660994,89.52416604138922
2025-03-09 20:17:37.821000,610.0,499.0,368.0,2542.0,1293.0,311.0,66.7477649819538,78.79281749431897,56.18432239982225,39.88657359422236,17.131078281222997,43.045379250143974,47.54274417401296,72.54457385109724,54.57216859660994,89.52416604138922
2025-03-09 20:17:37.829333,609.0,496.0,368.0,2542.0,1290.0,307.0,66.79739907959565,78.74904350311071,56.3453671901963,39.966963005513996,17.12192222223339,43.11869681286059,47.39481679817331,72.51719611615304,54.582611798117185,89.7263073951927
2025-03-09 20:17:37.829333,608.0,500.0,369.0,2542.0,1290.0,312.0,66.79739907959565,78.74904350311071,56.3453671901963,39.966963005513996,17.12192222223339,43.11869681286059,47.39481679817331,72.51719611615304,54.582611798117185,89.7263073951927
2025-03-09 20:17:37.829333,604.0,496.0,368.0,2541.0,1291.0,304.0,66.79739907959565,78.74904350311071,56.3453671901963,39.966963005513996,17.12192222223339,43.11869681286059,47.39481679817331,72.51719611615304,54.582611798117185,89.7263073951927
2025-03-09 20:17:37.837667,594.0,497.0,370.0,2547.0,1287.0,311.0,66.85125326142172,78.7090042112412,56.51499308183342,40.04935932281815,17.112288659029428,43.19387118121181,47.24316149286367,72.49332488805187,54.598626262671075,89.93937259192705
2025-03-09 20:17:37.837667,595.0,496.0,368.0,2547.0,1287.0,316.0,66.85125326142172,78.7090042112412,56.51499308183342,40.04935932281815,17.112288659029428,43.19387118121181,47.24316149286367,72.49332488805187,54.598626262671075,89.93937259192705
2025-03-09 20:17:37.837667,596.0,496.0,370.0,2550.0,1286.0,314.0,66.85125326142172,78.7090042112412,56.51499308183342,40.04935932281815,17.112288659029428,43.19387118121181,47.24316149286367,72.49332488805187,54.598626262671075,89.93937259192705
2025-03-09 20:17:37.837667,592.0,496.0,370.0,2547.0,1281.0,305.0,66.85125326142172,78.7090042112412,56.51499308183342,40.04935932281815,17.112288659029428,43.19387118121181,47.24316149286367,72.49332488805187,54.598626262671075,89.93937259192705
2025-03-09 20:17:37.846000,592.0,496.0,369.0,2551.0,1285.0,313.0,66.91073648168606,78.67321034972554,56.69069049508108,40.132817640802976,17.102970225240163,43.27031829929141,47.09134646505434,72.47357421383576,54.61843698655554,90.16453693753182
2025-03-09 20:17:37.846000,592.0,494.0,373.0,2549.0,1283.0,315.0,66.91073648168606,78.67321034972554,56.69069049508108,40.132817640802976,17.102970225240163,43.27031829929141,47.09134646505434,72.47357421383576,54.61843698655554,90.16453693753182
2025-03-09 20:17:37.846000,594.0,497.0,371.0,2552.0,1283.0,320.0,66.91073648168606,78.67321034972554,56.69069049508108,40.132817640802976,17.102970225240163,43.27031829929141,47.09134646505434,72.47357421383576,54.61843698655554,90.16453693753182
2025-03-09 20:17:37.854333,592.0,498.0,369.0,2549.0,1283.0,318.0,66.97608118617471,78.64203636197747,56.87423580932216,40.21737931635987,17.094377010244237,43.34819742899225,46.938651945130395,72.45827381038185,54.64261601845194,90.4025338790292
2025-03-09 20:17:37.854333,588.0,494.0,368.0,2557.0,1283.0,320.0,66.97608118617471,78.64203636197747,56.87423580932216,40.21737931635987,17.094377010244237,43.34819742899225,46.938651945130395,72.45827381038185,54.64261601845194,90.4025338790292
2025-03-09 20:17:37.854333,583.0,496.0,369.0,2557.0,1283.0,320.0,66.97608118617471,78.64203636197747,56.87423580932216,40.21737931635987,17.094377010244237,43.34819742899225,46.938651945130395,72.45827381038185,54.64261601845194,90.4025338790292
2025-03-09 20:17:37.854333,579.0,494.0,370.0,2559.0,1282.0,320.0,66.97608118617471,78.64203636197747,56.87423580932216,40.21737931635987,17.094377010244237,43.34819742899225,46.938651945130395,72.45827381038185,54.64261601845194,90.4025338790292
2025-03-09 20:17:37.862667,581.0,496.0,371.0,2554.0,1281.0,320.0,67.04522860673264,78.61370425680288,57.070284277569634,40.30287065323192,17.086712098034713,43.42708334236344,46.78117092584393,72.44662106443312,54.67209863828439,90.65084649632816
2025-03-09 20:17:37.862667,577.0,494.0,380.0,2559.0,1283.0,321.0,67.04522860673264,78.61370425680288,57.070284277569634,40.30287065323192,17.086712098034713,43.42708334236344,46.78117092584393,72.44662106443312,54.67209863828439,90.65084649632816
2025-03-09 20:17:37.862667,579.0,495.0,371.0,2559.0,1284.0,323.0,67.04522860673264,78.61370425680288,57.070284277569634,40.30287065323192,17.086712098034713,43.42708334236344,46.78117092584393,72.44662106443312,54.67209863828439,90.65084649632816
2025-03-09 20:17:37.862667,579.0,496.0,367.0,2559.0,1279.0,322.0,67.04522860673264,78.61370425680288,57.070284277569634,40.30287065323192,17.086712098034713,43.42708334236344,46.78117092584393,72.44662106443312,54.67209863828439,90.65084649632816
2025-03-09 20:17:37.871000,573.0,490.0,368.0,2559.0,1280.0,336.0,67.11690062622033,78.58580670755515,57.28068273774266,40.3888721457953,17.079318093547922,43.50616284099783,46.61644197407105,72.4372894821599,54.7062844878422,90.9060674964519
2025-03-09 20:17:37.871000,569.0,496.0,368.0,2559.0,1282.0,330.0,67.11690062622033,78.58580670755515,57.28068273774266,40.3888721457953,17.079318093547922,43.50616284099783,46.61644197407105,72.4372894821599,54.7062844878422,90.9060674964519
2025-03-09 20:17:37.871000,571.0,491.0,371.0,2559.0,1281.0,329.0,67.11690062622033,78.58580670755515,57.28068273774266,40.3888721457953,17.079318093547922,43.50616284099783,46.61644197407105,72.4372894821599,54.7062844878422,90.9060674964519
2025-03-09 20:17:37.879333,569.0,492.0,373.0,2559.0,1285.0,326.0,67.1923174206968,78.55741701065996,57.504139281696226,40.47675039231618,17.071850461116963,43.58668872019663,46.444887397021745,72.42948467266613,54.74427884730015,91.16770708186552
2025-03-09 20:17:37.879333,570.0,486.0,370.0,2559.0,1283.0,330.0,67.1923174206968,78.55741701065996,57.504139281696226,40.47675039231618,17.071850461116963,43.58668872019663,46.444887397021745,72.42948467266613,54.74427884730015,91.16770708186552
2025-03-09 20:17:37.879333,570.0,496.0,371.0,2559.0,1279.0,333.0,67.1923174206968,78.55741701065996,57.504139281696226,40.47675039231618,17.071850461116963,43.58668872019663,46.444887397021745,72.42948467266613,54.74427884730015,91.16770708186552
2025-03-09 20:17:37.879333,566.0,490.0,368.0,2559.0,1280.0,335.0,67.1923174206968,78.55741701065996,57.504139281696226,40.47675039231618,17.071850461116963,43.58668872019663,46.444887397021745,72.42948467266613,54.74427884730015,91.16770708186552
2025-03-09 20:17:37.887667,570.0,494.0,371.0,2559.0,1281.0,336.0,67.27275449039631,78.5278179662923,57.73887644996557,40.56901590506878,17.064479780145522,43.6712284346838,46.26708974471449,72.42203894739167,54.78541758781724,91.43663995631003
2025-03-09 20:17:37.887667,560.0,488.0,371.0,2559.0,1281.0,342.0,67.27275449039631,78.5278179662923,57.73887644996557,40.56901590506878,17.064479780145522,43.6712284346838,46.26708974471449,72.42203894739167,54.78541758781724,91.43663995631003
2025-03-09 20:17:37.887667,560.0,492.0,371.0,2559.0,1285.0,337.0,67.27275449039631,78.5278179662923,57.73887644996557,40.56901590506878,17.064479780145522,43.6712284346838,46.26708974471449,72.42203894739167,54.78541758781724,91.43663995631003
2025-03-09 20:17:37.896000,560.0,490.0,374.0,2559.0,1282.0,339.0,67.35797873083571,78.49529154714857,57.984225419088546,40.66403946281349,17.057586712252476,43.75862149290586,46.08305057705315,72.41262900401121,54.826536939797194,91.71407832836212
2025-03-09 20:17:37.896000,559.0,484.0,371.0,2559.0,1286.0,338.0,67.35797873083571,78.49529154714857,57.984225419088546,40.66403946281349,17.057586712252476,43.75862149290586,46.08305057705315,72.41262900401121,54.826536939797194,91.71407832836212
2025-03-09 20:17:37.896000,560.0,490.0,375.0,2559.0,1285.0,336.0,67.35797873083571,78.49529154714857,57.984225419088546,40.66403946281349,17.057586712252476,43.75862149290586,46.08305057705315,72.41262900401121,54.826536939797194,91.71407832836212
2025-03-09 20:17:37.896000,558.0,487.0,378.0,2559.0,1286.0,341.0,67.35797873083571,78.49529154714857,57.984225419088546,40.66403946281349,17.057586712252476,43.75862149290586,46.08305057705315,72.41262900401121,54.826536939797194,91.71407832836212
2025-03-09 20:17:37.904333,558.0,491.0,372.0,2559.0,1286.0,336.0,67.44802819145713,78.45861745353716,58.24021102356414,40.75631437946548,17.05115101927357,43.843783492199066,45.89433378826009,72.40057427032896,54.86356544386383,92.0035994434803
2025-03-09 20:17:37.904333,550.0,485.0,373.0,2559.0,1293.0,342.0,67.44802819145713,78.45861745353716,58.24021102356414,40.75631437946548,17.05115101927357,43.843783492199066,45.89433378826009,72.40057427032896,54.86356544386383,92.0035994434803
2025-03-09 20:17:37.904333,548.0,491.0,380.0,2559.0,1295.0,346.0,67.44802819145713,78.45861745353716,58.24021102356414,40.75631437946548,17.05115101927357,43.843783492199066,45.89433378826009,72.40057427032896,54.86356544386383,92.0035994434803
2025-03-09 20:17:37.912667,551.0,486.0,374.0,2582.0,1296.0,346.0,67.54780111278458,78.41764392590595,58.50466193838059,40.845583662090746,17.04574472363114,43.92672920262007,45.70582811417626,72.38687984223641,54.89308472759628,92.31089482410944
2025-03-09 20:17:37.912667,546.0,484.0,382.0,2559.0,1296.0,350.0,67.54780111278458,78.41764392590595,58.50466193838059,40.845583662090746,17.04574472363114,43.92672920262007,45.70582811417626,72.38687984223641,54.89308472759628,92.31089482410944
2025-03-09 20:17:37.912667,547.0,487.0,371.0,2559.0,1296.0,349.0,67.54780111278458,78.41764392590595,58.50466193838059,40.845583662090746,17.04574472363114,43.92672920262007,45.70582811417626,72.38687984223641,54.89308472759628,92.31089482410944
2025-03-09 20:17:37.912667,550.0,491.0,382.0,2559.0,1297.0,349.0,67.54780111278458,78.41764392590595,58.50466193838059,40.845583662090746,17.04574472363114,43.92672920262007,45.70582811417626,72.38687984223641,54.89308472759628,92.31089482410944
2025-03-09 20:17:37.921000,547.0,487.0,373.0,2585.0,1297.0,349.0,67.66763245877625,78.37468110570991,58.77490480273625,40.93797873148698,17.042854584598597,44.01393519989716,45.52448415341154,72.37460642011364,54.91383961432075,92.64401832618138
2025-03-09 20:17:37.921000,547.0,492.0,368.0,2559.0,1297.0,352.0,67.66763245877625,78.37468110570991,58.77490480273625,40.93797873148698,17.042854584598597,44.01393519989716,45.52448415341154,72.37460642011364,54.91383961432075,92.64401832618138
2025-03-09 20:17:37.921000,541.0,485.0,368.0,2593.0,1310.0,373.0,67.66763245877625,78.37468110570991,58.77490480273625,40.93797873148698,17.042854584598597,44.01393519989716,45.52448415341154,72.37460642011364,54.91383961432075,92.64401832618138
2025-03-09 20:17:37.921000,539.0,486.0,364.0,2590.0,1307.0,359.0,67.66763245877625,78.37468110570991,58.77490480273625,40.93797873148698,17.042854584598597,44.01393519989716,45.52448415341154,72.37460642011364,54.91383961432075,92.64401832618138
2025-03-09 20:17:37.929333,537.0,486.0,348.0,2593.0,1313.0,357.0,67.80083862948084,78.32504746528679,59.04461799327967,41.03436439218686,17.042390003765796,44.1062781038195,45.34916377618444,72.35729217216434,54.92330519756313,92.99267644200776
2025-03-09 20:17:37.929333,535.0,477.0,366.0,2593.0,1311.0,364.0,67.80083862948084,78.32504746528679,59.04461799327967,41.03436439218686,17.042390003765796,44.1062781038195,45.34916377618444,72.35729217216434,54.92330519756313,92.99267644200776
2025-03-09 20:17:37.929333,541.0,487.0,375.0,2592.0,1312.0,322.0,67.80083862948084,78.32504746528679,59.04461799327967,41.03436439218686,17.042390003765796,44.1062781038195,45.34916377618444,72.35729217216434,54.92330519756313,92.99267644200776
2025-03-09 20:17:37.937667,533.0,491.0,375.0,2586.0,1314.0,373.0,67.92013110617563,78.25371755572256,59.30414519481053,41.129675316051255,17.042136960347204,44.197957882516754,45.16759099967984,72.31641247012944,54.916389462611384,93.32337987434768
2025-03-09 20:17:37.937667,537.0,490.0,385.0,2592.0,1315.0,364.0,67.92013110617563,78.25371755572256,59.30414519481053,41.129675316051255,17.042136960347204,44.197957882516754,45.16759099967984,72.31641247012944,54.916389462611384,93.32337987434768
2025-03-09 20:17:37.937667,529.0,485.0,375.0,2596.0,1330.0,354.0,67.92013110617563,78.25371755572256,59.30414519481053,41.129675316051255,17.042136960347204,44.197957882516754,45.16759099967984,72.31641247012944,54.916389462611384,93.32337987434768
2025-03-09 20:17:37.937667,528.0,490.0,382.0,2606.0,1330.0,373.0,67.92013110617563,78.25371755572256,59.30414519481053,41.129675316051255,17.042136960347204,44.197957882516754,45.16759099967984,72.31641247012944,54.916389462611384,93.32337987434768
2025-03-09 20:17:37.946000,527.0,481.0,397.0,2599.0,1330.0,366.0,68.01167036094103,78.15289724331987,59.54853655669298,41.22228584014814,17.040106696410103,44.28654279544346,44.97255009831371,72.2428678242828,54.8911366949668,93.61861539697571
2025-03-09 20:17:37.946000,525.0,483.0,389.0,2595.0,1331.0,379.0,68.01167036094103,78.15289724331987,59.54853655669298,41.22228584014814,17.040106696410103,44.28654279544346,44.97255009831371,72.2428678242828,54.8911366949668,93.61861539697571
2025-03-09 20:17:37.946000,525.0,486.0,362.0,2597.0,1330.0,384.0,68.01167036094103,78.15289724331987,59.54853655669298,41.22228584014814,17.040106696410103,44.28654279544346,44.97255009831371,72.2428678242828,54.8911366949668,93.61861539697571
2025-03-09 20:17:37.954333,527.0,482.0,368.0,2596.0,1334.0,365.0,68.07861873072058,78.02449295959323,59.77679920730863,41.31376292091763,17.035943749651775,44.373444594372614,44.76591436916027,72.13884153499258,54.84811310361562,93.88273015024315
2025-03-09 20:17:37.954333,527.0,490.0,368.0,2596.0,1336.0,385.0,68.07861873072058,78.02449295959323,59.77679920730863,41.31376292091763,17.035943749651775,44.373444594372614,44.76591436916027,72.13884153499258,54.84811310361562,93.88273015024315
2025-03-09 20:17:37.954333,525.0,482.0,368.0,2597.0,1331.0,379.0,68.07861873072058,78.02449295959323,59.77679920730863,41.31376292091763,17.035943749651775,44.373444594372614,44.76591436916027,72.13884153499258,54.84811310361562,93.88273015024315
2025-03-09 20:17:37.954333,507.0,490.0,367.0,2608.0,1346.0,391.0,68.07861873072058,78.02449295959323,59.77679920730863,41.31376292091763,17.035943749651775,44.373444594372614,44.76591436916027,72.13884153499258,54.84811310361562,93.88273015024315
2025-03-09 20:17:37.962667,511.0,486.0,368.0,2608.0,1347.0,378.0,68.12511148383676,77.8724099235307,59.98723312598618,41.40332491626654,17.03016089196124,44.45785473174105,44.55374710051952,72.00977372687596,54.78815758219903,94.1226446356254
2025-03-09 20:17:37.962667,511.0,483.0,368.0,2605.0,1350.0,391.0,68.12511148383676,77.8724099235307,59.98723312598618,41.40332491626654,17.03016089196124,44.45785473174105,44.55374710051952,72.00977372687596,54.78815758219903,94.1226446356254
2025-03-09 20:17:37.962667,509.0,482.0,351.0,2608.0,1355.0,381.0,68.12511148383676,77.8724099235307,59.98723312598618,41.40332491626654,17.03016089196124,44.45785473174105,44.55374710051952,72.00977372687596,54.78815758219903,94.1226446356254
2025-03-09 20:17:37.971000,506.0,484.0,336.0,2606.0,1357.0,394.0,68.15428471302769,77.70077785531565,60.17695901335511,41.48865522428533,17.02275753479522,44.53701552372881,44.343818194335405,71.8627140268549,54.71277583912707,94.34486045589563
2025-03-09 20:17:37.971000,506.0,485.0,341.0,2608.0,1360.0,400.0,68.15428471302769,77.70077785531565,60.17695901335511,41.48865522428533,17.02275753479522,44.53701552372881,44.343818194335405,71.8627140268549,54.71277583912707,94.34486045589563
2025-03-09 20:17:37.971000,508.0,483.0,342.0,2608.0,1358.0,391.0,68.15428471302769,77.70077785531565,60.17695901335511,41.48865522428533,17.02275753479522,44.53701552372881,44.343818194335405,71.8627140268549,54.71277583912707,94.34486045589563
2025-03-09 20:17:37.971000,509.0,482.0,338.0,2605.0,1359.0,400.0,68.15428471302769,77.70077785531565,60.17695901335511,41.48865522428533,17.02275753479522,44.53701552372881,44.343818194335405,71.8627140268549,54.71277583912707,94.34486045589563
2025-03-09 20:17:37.979333,498.0,483.0,367.0,2609.0,1369.0,403.0,68.16890123639598,77.51277786845539,60.3446745231486,41.57027778039661,17.013188668727878,44.61104943391604,44.13954835821154,71.70206048620099,54.624104216934505,94.55457867365041
2025-03-09 20:17:37.979333,499.0,478.0,355.0,2610.0,1374.0,401.0,68.16890123639598,77.51277786845539,60.3446745231486,41.57027778039661,17.013188668727878,44.61104943391604,44.13954835821154,71.70206048620099,54.624104216934505,94.55457867365041
2025-03-09 20:17:37.979333,496.0,479.0,363.0,2608.0,1372.0,400.0,68.16890123639598,77.51277786845539,60.3446745231486,41.57027778039661,17.013188668727878,44.61104943391604,44.13954835821154,71.70206048620099,54.624104216934505,94.55457867365041
2025-03-09 20:17:37.987667,496.0,479.0,371.0,2608.0,1371.0,410.0,68.17072174617898,77.30998778116606,60.49140843437021,41.650190220849275,17.001678492118902,44.681961346575626,43.94072603816969,71.52921865610116,54.52362969772415,94.75462513057234
2025-03-09 20:17:37.987667,496.0,487.0,375.0,2608.0,1376.0,403.0,68.17072174617898,77.30998778116606,60.49140843437021,41.650190220849275,17.001678492118902,44.681961346575626,43.94072603816969,71.52921865610116,54.52362969772415,94.75462513057234
2025-03-09 20:17:37.987667,496.0,484.0,400.0,2611.0,1374.0,410.0,68.17072174617898,77.30998778116606,60.49140843437021,41.650190220849275,17.001678492118902,44.681961346575626,43.94072603816969,71.52921865610116,54.52362969772415,94.75462513057234
2025-03-09 20:17:37.987667,496.0,483.0,387.0,2614.0,1376.0,410.0,68.17072174617898,77.30998778116606,60.49140843437021,41.650190220849275,17.001678492118902,44.681961346575626,43.94072603816969,71.52921865610116,54.52362969772415,94.75462513057234
2025-03-09 20:17:37.996000,491.0,483.0,351.0,2613.0,1387.0,419.0,68.16094915503497,77.0937768619395,60.62108638335309,41.728913539610055,16.989723455682316,44.750812838480115,43.74602973780424,71.34496061925354,54.412301841580536,94.94553876656678
2025-03-09 20:17:37.996000,490.0,479.0,350.0,2609.0,1385.0,422.0,68.16094915503497,77.0937768619395,60.62108638335309,41.728913539610055,16.989723455682316,44.750812838480115,43.74602973780424,71.34496061925354,54.412301841580536,94.94553876656678
2025-03-09 20:17:37.996000,487.0,479.0,366.0,2608.0,1386.0,400.0,68.16094915503497,77.0937768619395,60.62108638335309,41.728913539610055,16.989723455682316,44.750812838480115,43.74602973780424,71.34496061925354,54.412301841580536,94.94553876656678
2025-03-09 20:17:37.996000,490.0,484.0,360.0,2608.0,1387.0,420.0,68.16094915503497,77.0937768619395,60.62108638335309,41.728913539610055,16.989723455682316,44.750812838480115,43.74602973780424,71.34496061925354,54.412301841580536,94.94553876656678
2025-03-09 20:17:38.004333,486.0,481.0,360.0,2610.0,1391.0,422.0,68.14025799550357,76.86476862280361,60.73654015520936,41.806791451503514,16.979084297126317,44.81882768238553,43.553855579322025,71.14823551307963,54.28947516639741,95.12640396561423
2025-03-09 20:17:38.004333,485.0,482.0,350.0,2609.0,1391.0,409.0,68.14025799550357,76.86476862280361,60.73654015520936,41.806791451503514,16.979084297126317,44.81882768238553,43.553855579322025,71.14823551307963,54.28947516639741,95.12640396561423
2025-03-09 20:17:38.004333,487.0,477.0,368.0,2613.0,1392.0,426.0,68.14025799550357,76.86476862280361,60.73654015520936,41.806791451503514,16.979084297126317,44.81882768238553,43.553855579322025,71.14823551307963,54.28947516639741,95.12640396561423
2025-03-09 20:17:38.012667,483.0,480.0,351.0,2610.0,1385.0,431.0,68.10864505655988,76.6230956561891,60.8397703297942,41.884846029160485,16.970428621358298,44.887681503255074,43.361106159129456,70.93683291416237,54.15466467919005,95.29549661801654
2025-03-09 20:17:38.012667,477.0,484.0,359.0,2621.0,1393.0,430.0,68.10864505655988,76.6230956561891,60.8397703297942,41.884846029160485,16.970428621358298,44.887681503255074,43.361106159129456,70.93683291416237,54.15466467919005,95.29549661801654
2025-03-09 20:17:38.012667,479.0,480.0,350.0,2614.0,1392.0,433.0,68.10864505655988,76.6230956561891,60.8397703297942,41.884846029160485,16.970428621358298,44.887681503255074,43.361106159129456,70.93683291416237,54.15466467919005,95.29549661801654
2025-03-09 20:17:38.012667,481.0,478.0,346.0,2618.0,1393.0,432.0,68.10864505655988,76.6230956561891,60.8397703297942,41.884846029160485,16.970428621358298,44.887681503255074,43.361106159129456,70.93683291416237,54.15466467919005,95.29549661801654
2025-03-09 20:17:38.021000,480.0,480.0,337.0,2611.0,1398.0,438.0,68.06555133158416,76.36877815715162,60.93105495347358,41.96376197769819,16.963403750525668,44.958216641666745,43.16559311572097,70.70932274797885,54.00783458317074,95.45065368325689
2025-03-09 20:17:38.021000,479.0,481.0,334.0,2613.0,1398.0,437.0,68.06555133158416,76.36877815715162,60.93105495347358,41.96376197769819,16.963403750525668,44.958216641666745,43.16559311572097,70.70932274797885,54.00783458317074,95.45065368325689
2025-03-09 20:17:38.021000,480.0,476.0,338.0,2615.0,1395.0,432.0,68.06555133158416,76.36877815715162,60.93105495347358,41.96376197769819,16.963403750525668,44.958216641666745,43.16559311572097,70.70932274797885,54.00783458317074,95.45065368325689
2025-03-09 20:17:38.029333,478.0,474.0,336.0,2614.0,1395.0,436.0,68.00987150958966,76.10217730590202,61.009119345548484,42.04314929486649,16.955721032127705,45.02923965666226,42.96644874307668,70.46661560384038,53.85060979017049,95.58940282802664
2025-03-09 20:17:38.029333,470.0,475.0,362.0,2613.0,1398.0,448.0,68.00987150958966,76.10217730590202,61.009119345548484,42.04314929486649,16.955721032127705,45.02923965666226,42.96644874307668,70.46661560384038,53.85060979017049,95.58940282802664
2025-03-09 20:17:38.029333,465.0,474.0,362.0,2611.0,1401.0,444.0,68.00987150958966,76.10217730590202,61.009119345548484,42.04314929486649,16.955721032127705,45.02923965666226,42.96644874307668,70.46661560384038,53.85060979017049,95.58940282802664
2025-03-09 20:17:38.029333,469.0,476.0,362.0,2613.0,1402.0,441.0,68.00987150958966,76.10217730590202,61.009119345548484,42.04314929486649,16.955721032127705,45.02923965666226,42.96644874307668,70.46661560384038,53.85060979017049,95.58940282802664
2025-03-09 20:17:38.037667,470.0,480.0,377.0,2618.0,1403.0,438.0,67.93981497034669,75.82363678262665,61.07021123951092,42.12151311769167,16.943417898884125,45.09759460546774,42.76471536462597,70.21155457529348,53.68550149999092,95.71007661841001
2025-03-09 20:17:38.037667,471.0,475.0,380.0,2610.0,1406.0,430.0,67.93981497034669,75.82363678262665,61.07021123951092,42.12151311769167,16.943417898884125,45.09759460546774,42.76471536462597,70.21155457529348,53.68550149999092,95.71007661841001
2025-03-09 20:17:38.037667,471.0,480.0,387.0,2614.0,1407.0,439.0,67.93981497034669,75.82363678262665,61.07021123951092,42.12151311769167,16.943417898884125,45.09759460546774,42.76471536462597,70.21155457529348,53.68550149999092,95.71007661841001
2025-03-09 20:17:38.046000,464.0,480.0,394.0,2617.0,1405.0,439.0,67.85393150351275,75.53377430819687,61.110942127388036,42.19827583677121,16.924016007779777,45.161361590869696,42.5623650587853,69.94736780690283,53.51503761140566,95.81236858177954
2025-03-09 20:17:38.046000,471.0,483.0,391.0,2615.0,1408.0,442.0,67.85393150351275,75.53377430819687,61.110942127388036,42.19827583677121,16.924016007779777,45.161361590869696,42.5623650587853,69.94736780690283,53.51503761140566,95.81236858177954
2025-03-09 20:17:38.046000,466.0,477.0,381.0,2618.0,1419.0,451.0,67.85393150351275,75.53377430819687,61.110942127388036,42.19827583677121,16.924016007779777,45.161361590869696,42.5623650587853,69.94736780690283,53.51503761140566,95.81236858177954
2025-03-09 20:17:38.046000,465.0,484.0,375.0,2623.0,1421.0,449.0,67.85393150351275,75.53377430819687,61.110942127388036,42.19827583677121,16.924016007779777,45.161361590869696,42.5623650587853,69.94736780690283,53.51503761140566,95.81236858177954
2025-03-09 20:17:38.054333,465.0,478.0,394.0,2617.0,1423.0,451.0,67.75082133288292,75.23379892380207,61.130329328917895,42.273059401423666,16.896928388466897,45.219510245505504,42.36069369371635,69.67695929120501,53.3418388794711,95.89688676937688
2025-03-09 20:17:38.054333,465.0,478.0,377.0,2619.0,1424.0,458.0,67.75082133288292,75.23379892380207,61.130329328917895,42.273059401423666,16.896928388466897,45.219510245505504,42.36069369371635,69.67695929120501,53.3418388794711,95.89688676937688
2025-03-09 20:17:38.054333,463.0,477.0,371.0,2623.0,1424.0,431.0,67.75082133288292,75.23379892380207,61.130329328917895,42.273059401423666,16.896928388466897,45.219510245505504,42.36069369371635,69.67695929120501,53.3418388794711,95.89688676937688
2025-03-09 20:17:38.062667,465.0,475.0,374.0,2615.0,1424.0,455.0,67.62963847434447,74.92616405495626,61.12897103488844,42.344313703784636,16.86155255382889,45.26994439681494,42.16096253703597,69.40439160083663,53.16945610048072,95.96472187975448
2025-03-09 20:17:38.062667,464.0,477.0,370.0,2615.0,1427.0,485.0,67.62963847434447,74.92616405495626,61.12897103488844,42.344313703784636,16.86155255382889,45.26994439681494,42.16096253703597,69.40439160083663,53.16945610048072,95.96472187975448
2025-03-09 20:17:38.062667,464.0,470.0,381.0,2619.0,1439.0,468.0,67.62963847434447,74.92616405495626,61.12897103488844,42.344313703784636,16.86155255382889,45.26994439681494,42.16096253703597,69.40439160083663,53.16945610048072,95.96472187975448
2025-03-09 20:17:38.062667,458.0,481.0,393.0,2622.0,1445.0,468.0,67.62963847434447,74.92616405495626,61.12897103488844,42.344313703784636,16.86155255382889,45.26994439681494,42.16096253703597,69.40439160083663,53.16945610048072,95.96472187975448
2025-03-09 20:17:38.071000,464.0,479.0,375.0,2620.0,1440.0,476.0,67.49089207073014,74.61496111167413,61.10874003024794,42.40945766930158,16.81873633510463,45.310557732131855,41.96470102455949,69.13323777216199,53.000383225578936,96.01732981703276
2025-03-09 20:17:38.071000,462.0,473.0,403.0,2619.0,1442.0,466.0,67.49089207073014,74.61496111167413,61.10874003024794,42.40945766930158,16.81873633510463,45.310557732131855,41.96470102455949,69.13323777216199,53.000383225578936,96.01732981703276
2025-03-09 20:17:38.071000,464.0,479.0,407.0,2622.0,1446.0,477.0,67.49089207073014,74.61496111167413,61.10874003024794,42.40945766930158,16.81873633510463,45.310557732131855,41.96470102455949,69.13323777216199,53.000383225578936,96.01732981703276
2025-03-09 20:17:38.071000,463.0,480.0,414.0,2621.0,1446.0,474.0,67.49089207073014,74.61496111167413,61.10874003024794,42.40945766930158,16.81873633510463,45.310557732131855,41.96470102455949,69.13323777216199,53.000383225578936,96.01732981703276
2025-03-09 20:17:38.079333,464.0,479.0,426.0,2620.0,1441.0,476.0,67.33570397494474,74.3047640600155,61.07201762314178,42.46736442413064,16.770314196759273,45.341334949619416,41.77235093190967,68.86555918066385,52.83656477836535,96.05531217374558
2025-03-09 20:17:38.079333,458.0,475.0,421.0,2624.0,1443.0,477.0,67.33570397494474,74.3047640600155,61.07201762314178,42.46736442413064,16.770314196759273,45.341334949619416,41.77235093190967,68.86555918066385,52.83656477836535,96.05531217374558
2025-03-09 20:17:38.079333,462.0,480.0,422.0,2622.0,1456.0,493.0,67.33570397494474,74.3047640600155,61.07201762314178,42.46736442413064,16.770314196759273,45.341334949619416,41.77235093190967,68.86555918066385,52.83656477836535,96.05531217374558
2025-03-09 20:17:38.087667,458.0,483.0,409.0,2618.0,1457.0,495.0,67.16583654085335,73.9994976332976,61.02072898359984,42.51527245014379,16.719364551822064,45.36145011231587,41.585389518252136,68.60157666155916,52.67662077544965,96.07895520460049
2025-03-09 20:17:38.087667,463.0,473.0,371.0,2621.0,1459.0,494.0,67.16583654085335,73.9994976332976,61.02072898359984,42.51527245014379,16.719364551822064,45.36145011231587,41.585389518252136,68.60157666155916,52.67662077544965,96.07895520460049
2025-03-09 20:17:38.087667,458.0,474.0,363.0,2624.0,1458.0,497.0,67.16583654085335,73.9994976332976,61.02072898359984,42.51527245014379,16.719364551822064,45.36145011231587,41.585389518252136,68.60157666155916,52.67662077544965,96.07895520460049
2025-03-09 20:17:38.087667,462.0,471.0,362.0,2618.0,1457.0,495.0,67.16583654085335,73.9994976332976,61.02072898359984,42.51527245014379,16.719364551822064,45.36145011231587,41.585389518252136,68.60157666155916,52.67662077544965,96.07895520460049
2025-03-09 20:17:38.096000,461.0,475.0,364.0,2618.0,1461.0,496.0,66.98382350142194,73.70288401015293,60.95598762328368,42.54917132140356,16.66772570615754,45.36826667102142,41.40683369688086,68.34293962562087,52.5191857723442,96.08883393120904
2025-03-09 20:17:38.096000,461.0,473.0,368.0,2618.0,1459.0,497.0,66.98382350142194,73.70288401015293,60.95598762328368,42.54917132140356,16.66772570615754,45.36826667102142,41.40683369688086,68.34293962562087,52.5191857723442,96.08883393120904
2025-03-09 20:17:38.096000,461.0,473.0,362.0,2622.0,1469.0,502.0,66.98382350142194,73.70288401015293,60.95598762328368,42.54917132140356,16.66772570615754,45.36826667102142,41.40683369688086,68.34293962562087,52.5191857723442,96.08883393120904
2025-03-09 20:17:38.104333,456.0,482.0,362.0,2619.0,1469.0,505.0,66.79221998066734,73.41851956407704,60.87897883420354,42.57121115705918,16.612675802194804,45.36246841680529,41.237426693073196,68.0958047616364,52.37085722537955,96.08547174599279
2025-03-09 20:17:38.104333,454.0,481.0,371.0,2623.0,1467.0,497.0,66.79221998066734,73.41851956407704,60.87897883420354,42.57121115705918,16.612675802194804,45.36246841680529,41.237426693073196,68.0958047616364,52.37085722537955,96.08547174599279
2025-03-09 20:17:38.104333,458.0,470.0,368.0,2620.0,1471.0,503.0,66.79221998066734,73.41851956407704,60.87897883420354,42.57121115705918,16.612675802194804,45.36246841680529,41.237426693073196,68.0958047616364,52.37085722537955,96.08547174599279
2025-03-09 20:17:38.104333,455.0,479.0,373.0,2622.0,1467.0,501.0,66.79221998066734,73.41851956407704,60.87897883420354,42.57121115705918,16.612675802194804,45.36246841680529,41.237426693073196,68.0958047616364,52.37085722537955,96.08547174599279
2025-03-09 20:17:38.112667,457.0,479.0,384.0,2622.0,1468.0,511.0,66.59372271715749,73.15106684511447,60.79221588853593,42.58615640088948,16.551570717023345,45.34702595259681,41.0770244006979,67.86781209220818,52.24124670506217,96.0738973161744
2025-03-09 20:17:38.112667,460.0,475.0,381.0,2618.0,1466.0,505.0,66.59372271715749,73.15106684511447,60.79221588853593,42.58615640088948,16.551570717023345,45.34702595259681,41.0770244006979,67.86781209220818,52.24124670506217,96.0738973161744
2025-03-09 20:17:38.112667,451.0,479.0,368.0,2619.0,1470.0,506.0,66.59372271715749,73.15106684511447,60.79221588853593,42.58615640088948,16.551570717023345,45.34702595259681,41.0770244006979,67.86781209220818,52.24124670506217,96.0738973161744
2025-03-09 20:17:38.112667,459.0,480.0,409.0,2618.0,1466.0,503.0,66.59372271715749,73.15106684511447,60.79221588853593,42.58615640088948,16.551570717023345,45.34702595259681,41.0770244006979,67.86781209220818,52.24124670506217,96.0738973161744
2025-03-09 20:17:38.121000,459.0,481.0,415.0,2623.0,1466.0,507.0,66.391414184662,72.90530606978851,60.69897739032155,42.596950372486745,16.484981895535164,45.32495897554393,40.925785212829936,67.66322253165453,52.13557856538198,96.05206448639679
2025-03-09 20:17:38.121000,453.0,480.0,419.0,2615.0,1465.0,503.0,66.391414184662,72.90530606978851,60.69897739032155,42.596950372486745,16.484981895535164,45.32495897554393,40.925785212829936,67.66322253165453,52.13557856538198,96.05206448639679
2025-03-09 20:17:38.121000,453.0,472.0,406.0,2618.0,1468.0,507.0,66.391414184662,72.90530606978851,60.69897739032155,42.596950372486745,16.484981895535164,45.32495897554393,40.925785212829936,67.66322253165453,52.13557856538198,96.05206448639679
2025-03-09 20:17:38.129333,455.0,474.0,400.0,2620.0,1463.0,507.0,66.18921824418113,72.68351557185325,60.60239085545917,42.60538049705245,16.41500135684329,45.29913344472159,40.7839570964181,67.48235963493947,52.05376843369866,96.00524112001258
2025-03-09 20:17:38.129333,459.0,475.0,409.0,2623.0,1463.0,505.0,66.18921824418113,72.68351557185325,60.60239085545917,42.60538049705245,16.41500135684329,45.29913344472159,40.7839570964181,67.48235963493947,52.05376843369866,96.00524112001258
2025-03-09 20:17:38.129333,454.0,476.0,395.0,2615.0,1460.0,505.0,66.18921824418113,72.68351557185325,60.60239085545917,42.60538049705245,16.41500135684329,45.29913344472159,40.7839570964181,67.48235963493947,52.05376843369866,96.00524112001258
2025-03-09 20:17:38.137667,454.0,469.0,375.0,2615.0,1456.0,501.0,65.99205375226927,72.4865751619937,60.50397947653355,42.613812739287255,16.343068372229332,45.27253912922045,40.65330015051583,67.32569844135213,51.99462538392821,95.93350947198583
2025-03-09 20:17:38.137667,451.0,473.0,370.0,2614.0,1458.0,501.0,65.99205375226927,72.4865751619937,60.50397947653355,42.613812739287255,16.343068372229332,45.27253912922045,40.65330015051583,67.32569844135213,51.99462538392821,95.93350947198583
2025-03-09 20:17:38.137667,451.0,475.0,368.0,2621.0,1456.0,503.0,65.99205375226927,72.4865751619937,60.50397947653355,42.613812739287255,16.343068372229332,45.27253912922045,40.65330015051583,67.32569844135213,51.99462538392821,95.93350947198583
2025-03-09 20:17:38.137667,453.0,478.0,368.0,2615.0,1455.0,506.0,65.99205375226927,72.4865751619937,60.50397947653355,42.613812739287255,16.343068372229332,45.27253912922045,40.65330015051583,67.32569844135213,51.99462538392821,95.93350947198583
2025-03-09 20:17:38.146000,450.0,479.0,367.0,2619.0,1455.0,499.0,65.80434675979897,72.31576313487079,60.40361083623544,42.62317893293776,16.270517384318712,45.24676037362347,40.53712668191181,67.1941875611996,51.95643467628576,95.85048643412642
2025-03-09 20:17:38.146000,454.0,479.0,362.0,2618.0,1455.0,502.0,65.80434675979897,72.31576313487079,60.40361083623544,42.62317893293776,16.270517384318712,45.24676037362347,40.53712668191181,67.1941875611996,51.95643467628576,95.85048643412642
2025-03-09 20:17:38.146000,452.0,477.0,340.0,2617.0,1455.0,511.0,65.80434675979897,72.31576313487079,60.40361083623544,42.62317893293776,16.270517384318712,45.24676037362347,40.53712668191181,67.1941875611996,51.95643467628576,95.85048643412642
2025-03-09 20:17:38.146000,452.0,470.0,339.0,2621.0,1451.0,500.0,65.80434675979897,72.31576313487079,60.40361083623544,42.62317893293776,16.270517384318712,45.24676037362347,40.53712668191181,67.1941875611996,51.95643467628576,95.85048643412642
2025-03-09 20:17:38.154333,449.0,475.0,342.0,2613.0,1443.0,497.0,65.63013038119873,72.17216869051948,60.301594552458894,42.63148921677203,16.200682550057046,45.221613231143316,40.43934426199375,67.08671095604251,51.93413840551096,95.76405905403854
2025-03-09 20:17:38.154333,448.0,474.0,343.0,2614.0,1445.0,496.0,65.63013038119873,72.17216869051948,60.301594552458894,42.63148921677203,16.200682550057046,45.221613231143316,40.43934426199375,67.08671095604251,51.93413840551096,95.76405905403854
2025-03-09 20:17:38.154333,449.0,479.0,347.0,2615.0,1442.0,494.0,65.63013038119873,72.17216869051948,60.301594552458894,42.63148921677203,16.200682550057046,45.221613231143316,40.43934426199375,67.08671095604251,51.93413840551096,95.76405905403854
2025-03-09 20:17:38.162667,451.0,473.0,339.0,2615.0,1442.0,495.0,65.47299415573484,72.0556426580808,60.19949552294717,42.63798407533122,16.13735274082773,45.19784194106253,40.363074141193266,67.00203677919653,51.92316223571853,95.6776757173813
2025-03-09 20:17:38.162667,451.0,480.0,339.0,2621.0,1444.0,495.0,65.47299415573484,72.0556426580808,60.19949552294717,42.63798407533122,16.13735274082773,45.19784194106253,40.363074141193266,67.00203677919653,51.92316223571853,95.6776757173813
2025-03-09 20:17:38.162667,450.0,473.0,337.0,2617.0,1446.0,495.0,65.47299415573484,72.0556426580808,60.19949552294717,42.63798407533122,16.13735274082773,45.19784194106253,40.363074141193266,67.00203677919653,51.92316223571853,95.6776757173813
2025-03-09 20:17:38.162667,450.0,481.0,337.0,2619.0,1443.0,495.0,65.47299415573484,72.0556426580808,60.19949552294717,42.63798407533122,16.13735274082773,45.19784194106253,40.363074141193266,67.00203677919653,51.92316223571853,95.6776757173813
2025-03-09 20:17:38.171000,449.0,476.0,319.0,2618.0,1434.0,483.0,65.33524316623934,71.96527227465839,60.1002679363648,42.644597408388215,16.081201165688867,45.177266014495316,40.30775603508839,66.94031223369825,51.92355620213394,95.59312980739507
2025-03-09 20:17:38.171000,443.0,474.0,319.0,2617.0,1430.0,485.0,65.33524316623934,71.96527227465839,60.1002679363648,42.644597408388215,16.081201165688867,45.177266014495316,40.30775603508839,66.94031223369825,51.92355620213394,95.59312980739507
2025-03-09 20:17:38.171000,449.0,477.0,327.0,2611.0,1428.0,482.0,65.33524316623934,71.96527227465839,60.1002679363648,42.644597408388215,16.081201165688867,45.177266014495316,40.30775603508839,66.94031223369825,51.92355620213394,95.59312980739507
2025-03-09 20:17:38.171000,448.0,475.0,336.0,2613.0,1426.0,481.0,65.33524316623934,71.96527227465839,60.1002679363648,42.644597408388215,16.081201165688867,45.177266014495316,40.30775603508839,66.94031223369825,51.92355620213394,95.59312980739507
2025-03-09 20:17:38.179333,447.0,477.0,350.0,2619.0,1424.0,486.0,65.21708225657515,71.89849214932424,60.005207268180314,42.65448035861615,16.03060287687703,45.1623494833385,40.2696477708246,66.8994355626948,51.93568430674779,95.51140094626363
2025-03-09 20:17:38.179333,449.0,476.0,373.0,2617.0,1424.0,479.0,65.21708225657515,71.89849214932424,60.005207268180314,42.65448035861615,16.03060287687703,45.1623494833385,40.2696477708246,66.8994355626948,51.93568430674779,95.51140094626363
2025-03-09 20:17:38.179333,450.0,479.0,384.0,2609.0,1424.0,480.0,65.21708225657515,71.89849214932424,60.005207268180314,42.65448035861615,16.03060287687703,45.1623494833385,40.2696477708246,66.8994355626948,51.93568430674779,95.51140094626363
2025-03-09 20:17:38.187667,449.0,478.0,418.0,2609.0,1426.0,477.0,65.1183383031567,71.85184577970439,59.91399704378303,42.66703980996802,15.986402214826018,45.15342462041753,40.24671078926911,66.87367300665129,51.95391097155614,95.43496548574356
2025-03-09 20:17:38.187667,450.0,471.0,414.0,2608.0,1405.0,464.0,65.1183383031567,71.85184577970439,59.91399704378303,42.66703980996802,15.986402214826018,45.15342462041753,40.24671078926911,66.87367300665129,51.95391097155614,95.43496548574356
2025-03-09 20:17:38.187667,446.0,474.0,402.0,2614.0,1408.0,465.0,65.1183383031567,71.85184577970439,59.91399704378303,42.66703980996802,15.986402214826018,45.15342462041753,40.24671078926911,66.87367300665129,51.95391097155614,95.43496548574356
2025-03-09 20:17:38.196000,448.0,474.0,400.0,2614.0,1410.0,469.0,65.04057745080476,71.82423223957035,59.830468629318794,42.68011768004681,15.951595743681844,45.15011708206121,40.23718863223744,66.85870609682294,51.97306356178211,95.36557534747136
2025-03-09 20:17:38.196000,448.0,471.0,398.0,2611.0,1409.0,464.0,65.04057745080476,71.82423223957035,59.830468629318794,42.68011768004681,15.951595743681844,45.15011708206121,40.23718863223744,66.85870609682294,51.97306356178211,95.36557534747136
2025-03-09 20:17:38.196000,445.0,474.0,403.0,2613.0,1406.0,462.0,65.04057745080476,71.82423223957035,59.830468629318794,42.68011768004681,15.951595743681844,45.15011708206121,40.23718863223744,66.85870609682294,51.97306356178211,95.36557534747136
2025-03-09 20:17:38.196000,447.0,467.0,400.0,2611.0,1407.0,464.0,65.04057745080476,71.82423223957035,59.830468629318794,42.68011768004681,15.951595743681844,45.15011708206121,40.23718863223744,66.85870609682294,51.97306356178211,95.36557534747136
2025-03-09 20:17:38.196000,447.0,474.0,398.0,2609.0,1401.0,468.0,65.04057745080476,71.82423223957035,59.830468629318794,42.68011768004681,15.951595743681844,45.15011708206121,40.23718863223744,66.85870609682294,51.97306356178211,95.36557534747136
2025-03-09 20:17:38.204333,448.0,471.0,351.0,2608.0,1392.0,454.0,64.98406103539847,71.81531944885143,59.75786941893066,42.69787901907865,15.924477049884054,45.15564852018361,40.236588235287755,66.85493199005697,51.99712255971586,95.29816866210709
2025-03-09 20:17:38.204333,448.0,477.0,340.0,2608.0,1393.0,451.0,64.98406103539847,71.81531944885143,59.75786941893066,42.69787901907865,15.924477049884054,45.15564852018361,40.236588235287755,66.85493199005697,51.99712255971586,95.29816866210709
2025-03-09 20:17:38.204333,446.0,474.0,369.0,2609.0,1391.0,448.0,64.98406103539847,71.81531944885143,59.75786941893066,42.69787901907865,15.924477049884054,45.15564852018361,40.236588235287755,66.85493199005697,51.99712255971586,95.29816866210709
2025-03-09 20:17:38.212667,443.0,464.0,375.0,2611.0,1392.0,443.0,64.94634334228567,71.82450419731263,59.696228050939645,42.7241661341274,15.902473630870382,45.17233185339245,40.24155896725884,66.86350725449346,52.03114597802994,95.22047660428882
2025-03-09 20:17:38.212667,446.0,470.0,382.0,2608.0,1392.0,448.0,64.94634334228567,71.82450419731263,59.696228050939645,42.7241661341274,15.902473630870382,45.17233185339245,40.24155896725884,66.86350725449346,52.03114597802994,95.22047660428882
2025-03-09 20:17:38.212667,446.0,468.0,380.0,2608.0,1391.0,445.0,64.94634334228567,71.82450419731263,59.696228050939645,42.7241661341274,15.902473630870382,45.17233185339245,40.24155896725884,66.86350725449346,52.03114597802994,95.22047660428882
2025-03-09 20:17:38.221000,446.0,475.0,372.0,2608.0,1392.0,444.0,64.92377384348235,71.85151394975296,59.64530687834465,42.754210918519775,15.889025442091993,45.19706158321259,40.25249365756996,66.88109617678337,52.07104793262969,95.12540404269625
2025-03-09 20:17:38.221000,448.0,472.0,368.0,2610.0,1387.0,445.0,64.92377384348235,71.85151394975296,59.64530687834465,42.754210918519775,15.889025442091993,45.19706158321259,40.25249365756996,66.88109617678337,52.07104793262969,95.12540404269625
2025-03-09 20:17:38.221000,445.0,473.0,366.0,2608.0,1377.0,437.0,64.92377384348235,71.85151394975296,59.64530687834465,42.754210918519775,15.889025442091993,45.19706158321259,40.25249365756996,66.88109617678337,52.07104793262969,95.12540404269625
2025-03-09 20:17:38.221000,443.0,470.0,365.0,2603.0,1378.0,434.0,64.92377384348235,71.85151394975296,59.64530687834465,42.754210918519775,15.889025442091993,45.19706158321259,40.25249365756996,66.88109617678337,52.07104793262969,95.12540404269625
2025-03-09 20:17:38.221000,447.0,470.0,348.0,2608.0,1378.0,434.0,64.92377384348235,71.85151394975296,59.64530687834465,42.754210918519775,15.889025442091993,45.19706158321259,40.25249365756996,66.88109617678337,52.07104793262969,95.12540404269625
2025-03-09 20:17:38.229333,441.0,470.0,349.0,2608.0,1375.0,434.0,64.91248394904306,71.89578518502725,59.604644109553426,42.778373813393706,15.89082161186316,45.22347982892125,40.272360137159225,66.90208018409042,52.10728269503133,95.02255179026173
2025-03-09 20:17:38.229333,447.0,470.0,345.0,2608.0,1376.0,437.0,64.91248394904306,71.89578518502725,59.604644109553426,42.778373813393706,15.89082161186316,45.22347982892125,40.272360137159225,66.90208018409042,52.10728269503133,95.02255179026173
2025-03-09 20:17:38.229333,448.0,469.0,338.0,2609.0,1371.0,433.0,64.91248394904306,71.89578518502725,59.604644109553426,42.778373813393706,15.89082161186316,45.22347982892125,40.272360137159225,66.90208018409042,52.10728269503133,95.02255179026173
2025-03-09 20:17:38.237667,445.0,471.0,335.0,2608.0,1369.0,410.0,64.90906332983371,71.95613401617719,59.57313374384427,42.798218565881555,15.908542784674996,45.25314227644079,40.29948607911009,66.92456444987003,52.14034414016323,94.92087798017897
2025-03-09 20:17:38.237667,442.0,466.0,357.0,2607.0,1360.0,431.0,64.90906332983371,71.95613401617719,59.57313374384427,42.798218565881555,15.908542784674996,45.25314227644079,40.29948607911009,66.92456444987003,52.14034414016323,94.92087798017897
2025-03-09 20:17:38.237667,439.0,475.0,355.0,2608.0,1363.0,427.0,64.90906332983371,71.95613401617719,59.57313374384427,42.798218565881555,15.908542784674996,45.25314227644079,40.29948607911009,66.92456444987003,52.14034414016323,94.92087798017897
2025-03-09 20:17:38.237667,441.0,467.0,366.0,2608.0,1363.0,430.0,64.90906332983371,71.95613401617719,59.57313374384427,42.798218565881555,15.908542784674996,45.25314227644079,40.29948607911009,66.92456444987003,52.14034414016323,94.92087798017897
2025-03-09 20:17:38.246000,445.0,477.0,365.0,2608.0,1359.0,427.0,64.90984703856711,72.0307176025949,59.54705288230267,42.8191222500583,15.937461513219064,45.289079075796955,40.3306445123239,66.94931583182557,52.175879984134674,94.81340735576649
2025-03-09 20:17:38.246000,445.0,477.0,369.0,2602.0,1361.0,431.0,64.90984703856711,72.0307176025949,59.54705288230267,42.8191222500583,15.937461513219064,45.289079075796955,40.3306445123239,66.94931583182557,52.175879984134674,94.81340735576649
2025-03-09 20:17:38.246000,439.0,469.0,369.0,2607.0,1362.0,427.0,64.90984703856711,72.0307176025949,59.54705288230267,42.8191222500583,15.937461513219064,45.289079075796955,40.3306445123239,66.94931583182557,52.175879984134674,94.81340735576649
2025-03-09 20:17:38.254333,439.0,472.0,379.0,2608.0,1358.0,421.0,64.91040193900396,72.11703909062774,59.519071152569886,42.83212496819834,15.97509003283678,45.32224183840649,40.36887214801465,66.97399056704324,52.208324052445384,94.69090523286935
2025-03-09 20:17:38.254333,438.0,468.0,386.0,2608.0,1362.0,426.0,64.91040193900396,72.11703909062774,59.519071152569886,42.83212496819834,15.97509003283678,45.32224183840649,40.36887214801465,66.97399056704324,52.208324052445384,94.69090523286935
2025-03-09 20:17:38.254333,445.0,471.0,387.0,2607.0,1358.0,420.0,64.91040193900396,72.11703909062774,59.519071152569886,42.83212496819834,15.97509003283678,45.32224183840649,40.36887214801465,66.97399056704324,52.208324052445384,94.69090523286935
2025-03-09 20:17:38.254333,445.0,474.0,393.0,2608.0,1358.0,420.0,64.91040193900396,72.11703909062774,59.519071152569886,42.83212496819834,15.97509003283678,45.32224183840649,40.36887214801465,66.97399056704324,52.208324052445384,94.69090523286935
2025-03-09 20:17:38.262667,441.0,464.0,390.0,2607.0,1355.0,419.0,64.90631713924148,72.21232642809095,59.48032109441128,42.82803661967023,16.017116159182287,45.3426569557082,40.41768639661056,66.99722098369912,52.2328154348186,94.5508681156657
2025-03-09 20:17:38.262667,443.0,464.0,383.0,2608.0,1355.0,422.0,64.90631713924148,72.21232642809095,59.48032109441128,42.82803661967023,16.017116159182287,45.3426569557082,40.41768639661056,66.99722098369912,52.2328154348186,94.5508681156657
2025-03-09 20:17:38.262667,442.0,470.0,380.0,2607.0,1357.0,423.0,64.90631713924148,72.21232642809095,59.48032109441128,42.82803661967023,16.017116159182287,45.3426569557082,40.41768639661056,66.99722098369912,52.2328154348186,94.5508681156657
2025-03-09 20:17:38.271000,437.0,466.0,378.0,2605.0,1356.0,419.0,64.89614762232651,72.3153409800243,59.42800263826279,42.80901887521002,16.058774078640088,45.35015332895013,40.476415816601,67.02177797602755,52.25390721897949,94.39504197211777
2025-03-09 20:17:38.271000,437.0,467.0,375.0,2608.0,1355.0,418.0,64.89614762232651,72.3153409800243,59.42800263826279,42.80901887521002,16.058774078640088,45.35015332895013,40.476415816601,67.02177797602755,52.25390721897949,94.39504197211777
2025-03-09 20:17:38.271000,439.0,466.0,382.0,2606.0,1358.0,416.0,64.89614762232651,72.3153409800243,59.42800263826279,42.80901887521002,16.058774078640088,45.35015332895013,40.476415816601,67.02177797602755,52.25390721897949,94.39504197211777
2025-03-09 20:17:38.271000,438.0,467.0,373.0,2607.0,1357.0,417.0,64.89614762232651,72.3153409800243,59.42800263826279,42.80901887521002,16.058774078640088,45.35015332895013,40.476415816601,67.02177797602755,52.25390721897949,94.39504197211777
2025-03-09 20:17:38.279333,437.0,470.0,381.0,2605.0,1355.0,411.0,64.8817732362247,72.42680408220176,59.367840595992035,42.781968499132724,16.100263732868758,45.35051817325422,40.5422292207985,67.05103870685417,52.27825874489038,94.2257050925814
2025-03-09 20:17:38.279333,439.0,471.0,384.0,2607.0,1355.0,413.0,64.8817732362247,72.42680408220176,59.367840595992035,42.781968499132724,16.100263732868758,45.35051817325422,40.5422292207985,67.05103870685417,52.27825874489038,94.2257050925814
2025-03-09 20:17:38.279333,441.0,469.0,380.0,2608.0,1355.0,414.0,64.8817732362247,72.42680408220176,59.367840595992035,42.781968499132724,16.100263732868758,45.35051817325422,40.5422292207985,67.05103870685417,52.27825874489038,94.2257050925814
2025-03-09 20:17:38.279333,435.0,469.0,381.0,2606.0,1360.0,414.0,64.8817732362247,72.42680408220176,59.367840595992035,42.781968499132724,16.100263732868758,45.35051817325422,40.5422292207985,67.05103870685417,52.27825874489038,94.2257050925814
2025-03-09 20:17:38.287667,436.0,464.0,381.0,2606.0,1355.0,414.0,64.86437262398472,72.54749599744662,59.304687768277915,42.74987890372489,16.14360907295082,45.34704529291107,40.61317574432346,67.08558695426196,52.308147111367134,94.04302491776177
2025-03-09 20:17:38.287667,441.0,464.0,382.0,2605.0,1355.0,417.0,64.86437262398472,72.54749599744662,59.304687768277915,42.74987890372489,16.14360907295082,45.34704529291107,40.61317574432346,67.08558695426196,52.308147111367134,94.04302491776177
2025-03-09 20:17:38.287667,442.0,464.0,381.0,2598.0,1357.0,418.0,64.86437262398472,72.54749599744662,59.304687768277915,42.74987890372489,16.14360907295082,45.34704529291107,40.61317574432346,67.08558695426196,52.308147111367134,94.04302491776177
2025-03-09 20:17:38.296000,439.0,464.0,371.0,2604.0,1358.0,414.0,64.84349559414659,72.67741002910982,59.23999913185478,42.71111638705785,16.190395833955417,45.33897521455346,40.688591801819975,67.12374899403046,52.341851557128706,93.8470696364804
2025-03-09 20:17:38.296000,445.0,468.0,384.0,2608.0,1357.0,414.0,64.84349559414659,72.67741002910982,59.23999913185478,42.71111638705785,16.190395833955417,45.33897521455346,40.688591801819975,67.12374899403046,52.341851557128706,93.8470696364804
2025-03-09 20:17:38.296000,438.0,467.0,381.0,2606.0,1359.0,409.0,64.84349559414659,72.67741002910982,59.23999913185478,42.71111638705785,16.190395833955417,45.33897521455346,40.688591801819975,67.12374899403046,52.341851557128706,93.8470696364804
2025-03-09 20:17:38.296000,435.0,467.0,381.0,2606.0,1359.0,415.0,64.84349559414659,72.67741002910982,59.23999913185478,42.71111638705785,16.190395833955417,45.33897521455346,40.688591801819975,67.12374899403046,52.341851557128706,93.8470696364804
2025-03-09 20:17:38.304333,434.0,471.0,383.0,2608.0,1359.0,405.0,64.8190074540781,72.81584991256541,59.174610848320924,42.66637761460954,16.240757579576968,45.32705972853353,40.76729765509072,67.16457148661382,52.379251574572805,93.6388609230003
2025-03-09 20:17:38.304333,439.0,464.0,379.0,2607.0,1357.0,410.0,64.8190074540781,72.81584991256541,59.174610848320924,42.66637761460954,16.240757579576968,45.32705972853353,40.76729765509072,67.16457148661382,52.379251574572805,93.6388609230003
2025-03-09 20:17:38.304333,439.0,470.0,385.0,2609.0,1355.0,406.0,64.8190074540781,72.81584991256541,59.174610848320924,42.66637761460954,16.240757579576968,45.32705972853353,40.76729765509072,67.16457148661382,52.379251574572805,93.6388609230003
2025-03-09 20:17:38.312667,439.0,469.0,383.0,2606.0,1355.0,413.0,64.79174649512385,72.96214241164894,59.10900689222699,42.617361094129706,16.294429872530408,45.312670071675655,40.84905334781417,67.20827754211554,52.42091820388828,93.42007684838471
2025-03-09 20:17:38.312667,442.0,464.0,383.0,2608.0,1357.0,406.0,64.79174649512385,72.96214241164894,59.10900689222699,42.617361094129706,16.294429872530408,45.312670071675655,40.84905334781417,67.20827754211554,52.42091820388828,93.42007684838471
2025-03-09 20:17:38.312667,437.0,473.0,384.0,2605.0,1358.0,409.0,64.79174649512385,72.96214241164894,59.10900689222699,42.617361094129706,16.294429872530408,45.312670071675655,40.84905334781417,67.20827754211554,52.42091820388828,93.42007684838471
2025-03-09 20:17:38.312667,438.0,475.0,381.0,2605.0,1358.0,409.0,64.79174649512385,72.96214241164894,59.10900689222699,42.617361094129706,16.294429872530408,45.312670071675655,40.84905334781417,67.20827754211554,52.42091820388828,93.42007684838471
2025-03-09 20:17:38.321000,439.0,466.0,389.0,2608.0,1357.0,411.0,64.76298149146648,73.11602627027689,59.044984219709185,42.56403790860278,16.35148308458621,45.295554366948586,40.934162500436955,67.25601758431235,52.46720789623925,93.19255763278719
2025-03-09 20:17:38.321000,439.0,466.0,384.0,2606.0,1357.0,406.0,64.76298149146648,73.11602627027689,59.044984219709185,42.56403790860278,16.35148308458621,45.295554366948586,40.934162500436955,67.25601758431235,52.46720789623925,93.19255763278719
2025-03-09 20:17:38.321000,443.0,465.0,375.0,2608.0,1359.0,409.0,64.76298149146648,73.11602627027689,59.044984219709185,42.56403790860278,16.35148308458621,45.295554366948586,40.934162500436955,67.25601758431235,52.46720789623925,93.19255763278719
2025-03-09 20:17:38.329333,445.0,464.0,379.0,2605.0,1356.0,406.0,64.73323362388575,73.27658284896104,58.98259657383283,42.50754304707539,16.409589131018617,45.27548806907741,41.02270905877496,67.3101029705589,52.520440767383384,92.95821266218621
2025-03-09 20:17:38.329333,439.0,474.0,379.0,2605.0,1356.0,408.0,64.73323362388575,73.27658284896104,58.98259657383283,42.50754304707539,16.409589131018617,45.27548806907741,41.02270905877496,67.3101029705589,52.520440767383384,92.95821266218621
2025-03-09 20:17:38.329333,439.0,469.0,377.0,2608.0,1360.0,409.0,64.73323362388575,73.27658284896104,58.98259657383283,42.50754304707539,16.409589131018617,45.27548806907741,41.02270905877496,67.3101029705589,52.520440767383384,92.95821266218621
2025-03-09 20:17:38.329333,442.0,464.0,388.0,2606.0,1358.0,406.0,64.73323362388575,73.27658284896104,58.98259657383283,42.50754304707539,16.409589131018617,45.27548806907741,41.02270905877496,67.3101029705589,52.520440767383384,92.95821266218621
2025-03-09 20:17:38.337667,445.0,467.0,372.0,2608.0,1357.0,442.0,64.7030691388597,73.44227340464978,58.92052360221306,42.449092900600114,16.467657963289106,45.25281008981719,41.11610048736207,67.37162655734043,52.58090983111233,92.7215648910796
2025-03-09 20:17:38.337667,446.0,470.0,378.0,2602.0,1357.0,386.0,64.7030691388597,73.44227340464978,58.92052360221306,42.449092900600114,16.467657963289106,45.25281008981719,41.11610048736207,67.37162655734043,52.58090983111233,92.7215648910796
2025-03-09 20:17:38.337667,442.0,466.0,377.0,2602.0,1354.0,403.0,64.7030691388597,73.44227340464978,58.92052360221306,42.449092900600114,16.467657963289106,45.25281008981719,41.11610048736207,67.37162655734043,52.58090983111233,92.7215648910796
2025-03-09 20:17:38.346000,439.0,466.0,383.0,2603.0,1354.0,406.0,64.67348529931093,73.6125256780716,58.85923235178011,42.38835749798569,16.524511817323088,45.22657604354127,41.214771863407904,67.44189220764956,52.648961668489775,92.48812193135299
2025-03-09 20:17:38.346000,447.0,471.0,382.0,2597.0,1360.0,389.0,64.67348529931093,73.6125256780716,58.85923235178011,42.38835749798569,16.524511817323088,45.22657604354127,41.214771863407904,67.44189220764956,52.648961668489775,92.48812193135299
2025-03-09 20:17:38.346000,446.0,469.0,378.0,2605.0,1350.0,412.0,64.67348529931093,73.6125256780716,58.85923235178011,42.38835749798569,16.524511817323088,45.22657604354127,41.214771863407904,67.44189220764956,52.648961668489775,92.48812193135299
2025-03-09 20:17:38.346000,451.0,469.0,379.0,2599.0,1355.0,401.0,64.67348529931093,73.6125256780716,58.85923235178011,42.38835749798569,16.524511817323088,45.22657604354127,41.214771863407904,67.44189220764956,52.648961668489775,92.48812193135299
2025-03-09 20:17:38.354333,448.0,474.0,379.0,2601.0,1346.0,396.0,64.6452472435483,73.78761793207143,58.80008788709507,42.32445413427988,16.57869438835787,45.19554299237907,41.317539220100095,67.52161922270842,52.72522785178292,92.26212794790442
2025-03-09 20:17:38.354333,441.0,464.0,386.0,2602.0,1347.0,400.0,64.6452472435483,73.78761793207143,58.80008788709507,42.32445413427988,16.57869438835787,45.19554299237907,41.317539220100095,67.52161922270842,52.72522785178292,92.26212794790442
2025-03-09 20:17:38.354333,446.0,464.0,382.0,2598.0,1351.0,403.0,64.6452472435483,73.78761793207143,58.80008788709507,42.32445413427988,16.57869438835787,45.19554299237907,41.317539220100095,67.52161922270842,52.72522785178292,92.26212794790442
2025-03-09 20:17:38.354333,447.0,466.0,381.0,2607.0,1350.0,402.0,64.6452472435483,73.78761793207143,58.80008788709507,42.32445413427988,16.57869438835787,45.19554299237907,41.317539220100095,67.52161922270842,52.72522785178292,92.26212794790442
2025-03-09 20:17:38.362667,453.0,474.0,384.0,2606.0,1344.0,399.0,64.61870140664506,73.96798083823835,58.74588529342095,42.25689130392617,16.629373762901608,45.15897302246637,41.42234282892681,67.61151910924923,52.810944810892984,92.04685090542348
2025-03-09 20:17:38.362667,453.0,471.0,384.0,2603.0,1365.0,400.0,64.61870140664506,73.96798083823835,58.74588529342095,42.25689130392617,16.629373762901608,45.15897302246637,41.42234282892681,67.61151910924923,52.810944810892984,92.04685090542348
2025-03-09 20:17:38.362667,454.0,471.0,381.0,2598.0,1319.0,399.0,64.61870140664506,73.96798083823835,58.74588529342095,42.25689130392617,16.629373762901608,45.15897302246637,41.42234282892681,67.61151910924923,52.810944810892984,92.04685090542348
2025-03-09 20:17:38.371000,457.0,471.0,382.0,2601.0,1370.0,400.0,64.59387308968223,74.15350878531343,58.69782897845214,42.18460783375159,16.677438264715533,45.116128341989516,41.52929500046173,67.71147779757948,52.90519915734189,91.8438910403677
2025-03-09 20:17:38.371000,454.0,464.0,384.0,2605.0,1338.0,400.0,64.59387308968223,74.15350878531343,58.69782897845214,42.18460783375159,16.677438264715533,45.116128341989516,41.52929500046173,67.71147779757948,52.90519915734189,91.8438910403677
2025-03-09 20:17:38.371000,451.0,469.0,384.0,2599.0,1344.0,389.0,64.59387308968223,74.15350878531343,58.69782897845214,42.18460783375159,16.677438264715533,45.116128341989516,41.52929500046173,67.71147779757948,52.90519915734189,91.8438910403677
2025-03-09 20:17:38.371000,455.0,481.0,381.0,2599.0,1327.0,400.0,64.59387308968223,74.15350878531343,58.69782897845214,42.18460783375159,16.677438264715533,45.116128341989516,41.52929500046173,67.71147779757948,52.90519915734189,91.8438910403677
2025-03-09 20:17:38.379333,460.0,475.0,375.0,2597.0,1369.0,397.0,64.57066630671142,74.34349301494218,58.65509032516805,42.107080754596545,16.724797704815774,45.06732028345262,41.63954807240251,67.81969153602029,53.00514916210155,91.65273135282801
2025-03-09 20:17:38.379333,464.0,474.0,375.0,2595.0,1337.0,395.0,64.57066630671142,74.34349301494218,58.65509032516805,42.107080754596545,16.724797704815774,45.06732028345262,41.63954807240251,67.81969153602029,53.00514916210155,91.65273135282801
2025-03-09 20:17:38.379333,464.0,474.0,377.0,2593.0,1328.0,400.0,64.57066630671142,74.34349301494218,58.65509032516805,42.107080754596545,16.724797704815774,45.06732028345262,41.63954807240251,67.81969153602029,53.00514916210155,91.65273135282801
2025-03-09 20:17:38.387667,467.0,479.0,379.0,2597.0,1338.0,398.0,64.54870217857474,74.53711505215269,58.61640024974052,42.02539622580507,16.771293062513273,45.013486991206214,41.753280118343625,67.93550967758155,53.110467311164896,91.4715460884838
2025-03-09 20:17:38.387667,465.0,475.0,383.0,2593.0,1337.0,395.0,64.54870217857474,74.53711505215269,58.61640024974052,42.02539622580507,16.771293062513273,45.013486991206214,41.753280118343625,67.93550967758155,53.110467311164896,91.4715460884838
2025-03-09 20:17:38.387667,471.0,473.0,376.0,2593.0,1333.0,400.0,64.54870217857474,74.53711505215269,58.61640024974052,42.02539622580507,16.771293062513273,45.013486991206214,41.753280118343625,67.93550967758155,53.110467311164896,91.4715460884838
2025-03-09 20:17:38.387667,470.0,483.0,379.0,2591.0,1335.0,404.0,64.54870217857474,74.53711505215269,58.61640024974052,42.02539622580507,16.771293062513273,45.013486991206214,41.753280118343625,67.93550967758155,53.110467311164896,91.4715460884838
2025-03-09 20:17:38.396000,469.0,474.0,375.0,2598.0,1330.0,398.0,64.52715150654689,74.73331480221582,58.579791353064046,41.939447246915165,16.81498382540712,44.95360313706398,41.87100832876516,68.05965516280845,53.221735366317795,91.29844456792297
2025-03-09 20:17:38.396000,484.0,467.0,370.0,2595.0,1329.0,393.0,64.52715150654689,74.73331480221582,58.579791353064046,41.939447246915165,16.81498382540712,44.95360313706398,41.87100832876516,68.05965516280845,53.221735366317795,91.29844456792297
2025-03-09 20:17:38.396000,483.0,476.0,379.0,2595.0,1328.0,394.0,64.52715150654689,74.73331480221582,58.579791353064046,41.939447246915165,16.81498382540712,44.95360313706398,41.87100832876516,68.05965516280845,53.221735366317795,91.29844456792297
2025-03-09 20:17:38.404333,481.0,473.0,380.0,2596.0,1328.0,391.0,64.50642140558074,74.93197242791298,58.545923112170485,41.84790574997916,16.855376018100756,44.88618151708679,41.992849576991944,68.1927555203832,53.33853480503181,91.13235853831013
2025-03-09 20:17:38.404333,483.0,477.0,379.0,2594.0,1328.0,394.0,64.50642140558074,74.93197242791298,58.545923112170485,41.84790574997916,16.855376018100756,44.88618151708679,41.992849576991944,68.1927555203832,53.33853480503181,91.13235853831013
2025-03-09 20:17:38.404333,487.0,481.0,373.0,2593.0,1327.0,381.0,64.50642140558074,74.93197242791298,58.545923112170485,41.84790574997916,16.855376018100756,44.88618151708679,41.992849576991944,68.1927555203832,53.33853480503181,91.13235853831013
2025-03-09 20:17:38.404333,486.0,479.0,373.0,2595.0,1328.0,386.0,64.50642140558074,74.93197242791298,58.545923112170485,41.84790574997916,16.855376018100756,44.88618151708679,41.992849576991944,68.1927555203832,53.33853480503181,91.13235853831013
2025-03-09 20:17:38.412667,491.0,474.0,379.0,2592.0,1328.0,378.0,64.48718437134107,75.13367394760688,58.517116316015354,41.75066617379777,16.89232501971374,44.811133639489604,42.117364255927036,68.33526008171188,53.46147698584731,90.97213104997569
2025-03-09 20:17:38.412667,494.0,476.0,368.0,2590.0,1328.0,391.0,64.48718437134107,75.13367394760688,58.517116316015354,41.75066617379777,16.89232501971374,44.811133639489604,42.117364255927036,68.33526008171188,53.46147698584731,90.97213104997569
2025-03-09 20:17:38.412667,503.0,469.0,367.0,2591.0,1317.0,387.0,64.48718437134107,75.13367394760688,58.517116316015354,41.75066617379777,16.89232501971374,44.811133639489604,42.117364255927036,68.33526008171188,53.46147698584731,90.97213104997569
2025-03-09 20:17:38.421000,509.0,474.0,362.0,2594.0,1323.0,384.0,64.46849716633402,75.33754080169322,58.492605179106924,41.64861094365454,16.9257006104804,44.729319377332914,42.24365508738616,68.48577557635953,53.590157872915576,90.81487039426143
2025-03-09 20:17:38.421000,507.0,482.0,370.0,2592.0,1319.0,387.0,64.46849716633402,75.33754080169322,58.492605179106924,41.64861094365454,16.9257006104804,44.729319377332914,42.24365508738616,68.48577557635953,53.590157872915576,90.81487039426143
2025-03-09 20:17:38.421000,511.0,480.0,363.0,2593.0,1321.0,385.0,64.46849716633402,75.33754080169322,58.492605179106924,41.64861094365454,16.9257006104804,44.729319377332914,42.24365508738616,68.48577557635953,53.590157872915576,90.81487039426143
2025-03-09 20:17:38.421000,511.0,478.0,366.0,2587.0,1319.0,384.0,64.46849716633402,75.33754080169322,58.492605179106924,41.64861094365454,16.9257006104804,44.729319377332914,42.24365508738616,68.48577557635953,53.590157872915576,90.81487039426143
2025-03-09 20:17:38.429333,511.0,475.0,361.0,2594.0,1316.0,384.0,64.44883367623088,75.54159346676265,58.4698880760847,41.54349148231043,16.9560635026567,44.64280231403902,42.37103574238799,68.6408647564075,53.722619982314264,90.65627404302441
2025-03-09 20:17:38.429333,511.0,476.0,367.0,2589.0,1316.0,385.0,64.44883367623088,75.54159346676265,58.4698880760847,41.54349148231043,16.9560635026567,44.64280231403902,42.37103574238799,68.6408647564075,53.722619982314264,90.65627404302441
2025-03-09 20:17:38.429333,538.0,477.0,375.0,2583.0,1310.0,379.0,64.44883367623088,75.54159346676265,58.4698880760847,41.54349148231043,16.9560635026567,44.64280231403902,42.37103574238799,68.6408647564075,53.722619982314264,90.65627404302441
2025-03-09 20:17:38.429333,542.0,478.0,371.0,2582.0,1305.0,378.0,64.44883367623088,75.54159346676265,58.4698880760847,41.54349148231043,16.9560635026567,44.64280231403902,42.37103574238799,68.6408647564075,53.722619982314264,90.65627404302441
2025-03-09 20:17:38.437667,541.0,477.0,369.0,2559.0,1310.0,380.0,64.42519705185502,75.74333752950353,58.44733044830642,41.43633085977627,16.983178908464147,44.55265590882035,42.49702990090801,68.79666801223463,53.85755920662185,90.49135237198794
2025-03-09 20:17:38.437667,546.0,479.0,377.0,2586.0,1309.0,377.0,64.42519705185502,75.74333752950353,58.44733044830642,41.43633085977627,16.983178908464147,44.55265590882035,42.49702990090801,68.79666801223463,53.85755920662185,90.49135237198794
2025-03-09 20:17:38.437667,543.0,476.0,373.0,2559.0,1307.0,382.0,64.42519705185502,75.74333752950353,58.44733044830642,41.43633085977627,16.983178908464147,44.55265590882035,42.49702990090801,68.79666801223463,53.85755920662185,90.49135237198794
2025-03-09 20:17:38.446000,550.0,481.0,375.0,2589.0,1305.0,373.0,64.39222612388072,75.93951399612553,58.42357027381324,41.327257122219194,17.00637159883263,44.458883350716135,42.617698092723735,68.94852800232388,53.99414609145943,90.31350743053109
2025-03-09 20:17:38.446000,550.0,477.0,382.0,2559.0,1303.0,377.0,64.39222612388072,75.93951399612553,58.42357027381324,41.327257122219194,17.00637159883263,44.458883350716135,42.617698092723735,68.94852800232388,53.99414609145943,90.31350743053109
2025-03-09 20:17:38.446000,553.0,483.0,382.0,2587.0,1305.0,374.0,64.39222612388072,75.93951399612553,58.42357027381324,41.327257122219194,17.00637159883263,44.458883350716135,42.617698092723735,68.94852800232388,53.99414609145943,90.31350743053109
2025-03-09 20:17:38.446000,574.0,481.0,350.0,2559.0,1296.0,430.0,64.39222612388072,75.93951399612553,58.42357027381324,41.327257122219194,17.00637159883263,44.458883350716135,42.617698092723735,68.94852800232388,53.99414609145943,90.31350743053109
2025-03-09 20:17:38.454333,576.0,479.0,337.0,2559.0,1297.0,352.0,64.36018604445312,76.13882278880186,58.40396233677541,41.21844655666552,17.02519532738636,44.36346313224154,42.73647316768434,69.10617789179443,54.1385685016643,90.13353617526454
2025-03-09 20:17:38.454333,576.0,476.0,338.0,2559.0,1296.0,370.0,64.36018604445312,76.13882278880186,58.40396233677541,41.21844655666552,17.02519532738636,44.36346313224154,42.73647316768434,69.10617789179443,54.1385685016643,90.13353617526454
2025-03-09 20:17:38.454333,577.0,480.0,326.0,2559.0,1296.0,368.0,64.36018604445312,76.13882278880186,58.40396233677541,41.21844655666552,17.02519532738636,44.36346313224154,42.73647316768434,69.10617789179443,54.1385685016643,90.13353617526454
2025-03-09 20:17:38.462667,582.0,484.0,341.0,2559.0,1297.0,369.0,64.35166451109504,76.35562693684776,58.39502482628835,41.113794692003935,17.040512363364858,44.27037385998641,42.86500642613437,69.2874806905129,54.2971347020652,89.979215701372
2025-03-09 20:17:38.462667,584.0,481.0,337.0,2559.0,1296.0,374.0,64.35166451109504,76.35562693684776,58.39502482628835,41.113794692003935,17.040512363364858,44.27037385998641,42.86500642613437,69.2874806905129,54.2971347020652,89.979215701372
2025-03-09 20:17:38.462667,583.0,480.0,342.0,2582.0,1296.0,380.0,64.35166451109504,76.35562693684776,58.39502482628835,41.113794692003935,17.040512363364858,44.27037385998641,42.86500642613437,69.2874806905129,54.2971347020652,89.979215701372
2025-03-09 20:17:38.462667,609.0,479.0,320.0,2559.0,1288.0,365.0,64.35166451109504,76.35562693684776,58.39502482628835,41.113794692003935,17.040512363364858,44.27037385998641,42.86500642613437,69.2874806905129,54.2971347020652,89.979215701372
2025-03-09 20:17:38.471000,609.0,484.0,320.0,2559.0,1289.0,367.0,64.36888600597554,76.58522875308769,58.39329369096165,41.01605025254691,17.053001571481246,44.18236726270774,43.00488091439082,69.48901602060691,54.4642026665257,89.85709007201338
2025-03-09 20:17:38.471000,613.0,483.0,330.0,2559.0,1291.0,365.0,64.36888600597554,76.58522875308769,58.39329369096165,41.01605025254691,17.053001571481246,44.18236726270774,43.00488091439082,69.48901602060691,54.4642026665257,89.85709007201338
2025-03-09 20:17:38.471000,617.0,492.0,336.0,2559.0,1289.0,366.0,64.36888600597554,76.58522875308769,58.39329369096165,41.01605025254691,17.053001571481246,44.18236726270774,43.00488091439082,69.48901602060691,54.4642026665257,89.85709007201338
2025-03-09 20:17:38.479333,620.0,487.0,351.0,2559.0,1290.0,367.0,64.40266872155817,76.81896181197925,58.39415626244621,40.924121195084126,17.063252272007883,44.098583022281026,43.15207820120352,69.7009368027143,54.63349670976595,89.75844663727383
2025-03-09 20:17:38.479333,621.0,485.0,355.0,2559.0,1293.0,363.0,64.40266872155817,76.81896181197925,58.39415626244621,40.924121195084126,17.063252272007883,44.098583022281026,43.15207820120352,69.7009368027143,54.63349670976595,89.75844663727383
2025-03-09 20:17:38.479333,621.0,491.0,346.0,2559.0,1290.0,366.0,64.40266872155817,76.81896181197925,58.39415626244621,40.924121195084126,17.063252272007883,44.098583022281026,43.15207820120352,69.7009368027143,54.63349670976595,89.75844663727383
2025-03-09 20:17:38.479333,622.0,486.0,344.0,2559.0,1287.0,363.0,64.40266872155817,76.81896181197925,58.39415626244621,40.924121195084126,17.063252272007883,44.098583022281026,43.15207820120352,69.7009368027143,54.63349670976595,89.75844663727383
2025-03-09 20:17:38.487667,641.0,485.0,368.0,2559.0,1281.0,359.0,64.44868059883046,77.05559440778373,58.39724856989331,40.83362876005392,17.071339681747236,44.01484147397414,43.30577749505513,69.92176363699944,54.80361561574341,89.68072564114536
2025-03-09 20:17:38.487667,646.0,484.0,368.0,2559.0,1281.0,358.0,64.44868059883046,77.05559440778373,58.39724856989331,40.83362876005392,17.071339681747236,44.01484147397414,43.30577749505513,69.92176363699944,54.80361561574341,89.68072564114536
2025-03-09 20:17:38.487667,651.0,487.0,368.0,2559.0,1279.0,356.0,64.44868059883046,77.05559440778373,58.39724856989331,40.83362876005392,17.071339681747236,44.01484147397414,43.30577749505513,69.92176363699944,54.80361561574341,89.68072564114536
2025-03-09 20:17:38.496000,651.0,485.0,367.0,2559.0,1282.0,354.0,64.50316326005162,77.29338593216308,58.40242984796008,40.741919166870574,17.077584219054998,43.92879308659305,43.464300519013406,70.1489839785491,54.97287415123204,89.62457082802254
2025-03-09 20:17:38.496000,651.0,486.0,368.0,2559.0,1284.0,358.0,64.50316326005162,77.29338593216308,58.40242984796008,40.741919166870574,17.077584219054998,43.92879308659305,43.464300519013406,70.1489839785491,54.97287415123204,89.62457082802254
2025-03-09 20:17:38.496000,654.0,492.0,371.0,2559.0,1276.0,357.0,64.50316326005162,77.29338593216308,58.40242984796008,40.741919166870574,17.077584219054998,43.92879308659305,43.464300519013406,70.1489839785491,54.97287415123204,89.62457082802254
2025-03-09 20:17:38.496000,657.0,494.0,373.0,2559.0,1281.0,357.0,64.50316326005162,77.29338593216308,58.40242984796008,40.741919166870574,17.077584219054998,43.92879308659305,43.464300519013406,70.1489839785491,54.97287415123204,89.62457082802254
2025-03-09 20:17:38.504333,675.0,494.0,369.0,2556.0,1279.0,351.0,64.56396296633447,77.53110653657876,58.4119175092882,40.65019945739201,17.08328631988417,43.842169453218524,43.6241142915117,70.3797277466368,55.14097895251155,89.58974656768223
2025-03-09 20:17:38.504333,676.0,487.0,375.0,2559.0,1279.0,351.0,64.56396296633447,77.53110653657876,58.4119175092882,40.65019945739201,17.08328631988417,43.842169453218524,43.6241142915117,70.3797277466368,55.14097895251155,89.58974656768223
2025-03-09 20:17:38.504333,677.0,492.0,368.0,2559.0,1276.0,350.0,64.56396296633447,77.53110653657876,58.4119175092882,40.65019945739201,17.08328631988417,43.842169453218524,43.6241142915117,70.3797277466368,55.14097895251155,89.58974656768223
2025-03-09 20:17:38.504333,679.0,492.0,373.0,2559.0,1276.0,348.0,64.56396296633447,77.53110653657876,58.4119175092882,40.65019945739201,17.08328631988417,43.842169453218524,43.6241142915117,70.3797277466368,55.14097895251155,89.58974656768223
2025-03-09 20:17:38.512667,685.0,489.0,379.0,2559.0,1277.0,349.0,64.62952014053752,77.76853072051516,58.42755371937988,40.55773902635679,17.0898808195157,43.75497817411123,43.78328903599592,70.61215838718968,55.30710893623251,89.57214568584008
2025-03-09 20:17:38.512667,690.0,489.0,378.0,2554.0,1274.0,350.0,64.62952014053752,77.76853072051516,58.42755371937988,40.55773902635679,17.0898808195157,43.75497817411123,43.78328903599592,70.61215838718968,55.30710893623251,89.57214568584008
2025-03-09 20:17:38.512667,683.0,490.0,381.0,2559.0,1276.0,351.0,64.62952014053752,77.76853072051516,58.42755371937988,40.55773902635679,17.0898808195157,43.75497817411123,43.78328903599592,70.61215838718968,55.30710893623251,89.57214568584008
2025-03-09 20:17:38.521000,685.0,492.0,381.0,2559.0,1276.0,347.0,64.69556612758917,78.00485417163029,58.44854414509354,40.459162722831984,17.097217058044105,43.66216514817447,43.941518234368054,70.84487560555445,55.46953540747603,89.56676407225171
2025-03-09 20:17:38.521000,698.0,493.0,373.0,2557.0,1270.0,342.0,64.69556612758917,78.00485417163029,58.44854414509354,40.459162722831984,17.097217058044105,43.66216514817447,43.941518234368054,70.84487560555445,55.46953540747603,89.56676407225171
2025-03-09 20:17:38.521000,704.0,494.0,377.0,2554.0,1269.0,339.0,64.69556612758917,78.00485417163029,58.44854414509354,40.459162722831984,17.097217058044105,43.66216514817447,43.941518234368054,70.84487560555445,55.46953540747603,89.56676407225171
2025-03-09 20:17:38.521000,706.0,497.0,369.0,2549.0,1269.0,342.0,64.69556612758917,78.00485417163029,58.44854414509354,40.459162722831984,17.097217058044105,43.66216514817447,43.941518234368054,70.84487560555445,55.46953540747603,89.56676407225171
2025-03-09 20:17:38.529333,709.0,495.0,366.0,2548.0,1268.0,339.0,64.75743628889192,78.23961362923102,58.475378702911954,40.35082728492987,17.10574244262227,43.560379938075265,44.09773506230277,71.07675424184933,55.628180601638356,89.57051814272319
2025-03-09 20:17:38.529333,711.0,492.0,368.0,2551.0,1268.0,341.0,64.75743628889192,78.23961362923102,58.475378702911954,40.35082728492987,17.10574244262227,43.560379938075265,44.09773506230277,71.07675424184933,55.628180601638356,89.57051814272319
2025-03-09 20:17:38.529333,713.0,497.0,369.0,2550.0,1267.0,338.0,64.75743628889192,78.23961362923102,58.475378702911954,40.35082728492987,17.10574244262227,43.560379938075265,44.09773506230277,71.07675424184933,55.628180601638356,89.57051814272319
2025-03-09 20:17:38.537667,713.0,491.0,368.0,2549.0,1267.0,338.0,64.8131481908705,78.47283900214609,58.50637000917456,40.232410688920076,17.116990563039113,43.44974963341297,44.25376282202468,71.30717822176254,55.78281560284495,89.5815172664371
2025-03-09 20:17:38.537667,737.0,501.0,370.0,2547.0,1262.0,336.0,64.8131481908705,78.47283900214609,58.50637000917456,40.232410688920076,17.116990563039113,43.44974963341297,44.25376282202468,71.30717822176254,55.78281560284495,89.5815172664371
2025-03-09 20:17:38.537667,738.0,497.0,368.0,2544.0,1263.0,336.0,64.8131481908705,78.47283900214609,58.50637000917456,40.232410688920076,17.116990563039113,43.44974963341297,44.25376282202468,71.30717822176254,55.78281560284495,89.5815172664371
2025-03-09 20:17:38.537667,740.0,499.0,367.0,2547.0,1264.0,336.0,64.8131481908705,78.47283900214609,58.50637000917456,40.232410688920076,17.116990563039113,43.44974963341297,44.25376282202468,71.30717822176254,55.78281560284495,89.5815172664371
2025-03-09 20:17:38.546000,742.0,498.0,368.0,2546.0,1264.0,330.0,64.86272848948533,78.7030498341991,58.53447218283458,40.11939137445425,17.12445585148789,43.341458851915654,44.40872496849828,71.5392526076783,55.94484929872153,89.59600169763597
2025-03-09 20:17:38.546000,739.0,496.0,365.0,2547.0,1262.0,335.0,64.86272848948533,78.7030498341991,58.53447218283458,40.11939137445425,17.12445585148789,43.341458851915654,44.40872496849828,71.5392526076783,55.94484929872153,89.59600169763597
2025-03-09 20:17:38.546000,742.0,495.0,368.0,2550.0,1263.0,334.0,64.86272848948533,78.7030498341991,58.53447218283458,40.11939137445425,17.12445585148789,43.341458851915654,44.40872496849828,71.5392526076783,55.94484929872153,89.59600169763597
2025-03-09 20:17:38.554333,745.0,501.0,368.0,2549.0,1262.0,333.0,64.90620769638099,78.92786482164954,58.5529061210855,40.02233882457806,17.123984082653667,43.243327635818424,44.56268449988833,71.77333869091191,56.119903639005095,89.60896767936687
2025-03-09 20:17:38.554333,750.0,499.0,365.0,2553.0,1263.0,331.0,64.90620769638099,78.92786482164954,58.5529061210855,40.02233882457806,17.123984082653667,43.243327635818424,44.56268449988833,71.77333869091191,56.119903639005095,89.60896767936687
2025-03-09 20:17:38.554333,765.0,504.0,368.0,2544.0,1255.0,329.0,64.90620769638099,78.92786482164954,58.5529061210855,40.02233882457806,17.123984082653667,43.243327635818424,44.56268449988833,71.77333869091191,56.119903639005095,89.60896767936687
2025-03-09 20:17:38.554333,766.0,503.0,367.0,2545.0,1254.0,327.0,64.90620769638099,78.92786482164954,58.5529061210855,40.02233882457806,17.123984082653667,43.243327635818424,44.56268449988833,71.77333869091191,56.119903639005095,89.60896767936687
2025-03-09 20:17:38.562667,770.0,502.0,368.0,2541.0,1253.0,321.0,64.9433046708321,79.14651797618653,58.55999932439216,39.91919347591906,17.126285330290557,43.14040991423303,44.72406032574342,71.99998543792061,56.28459190969051,89.61833907600452
2025-03-09 20:17:38.562667,771.0,503.0,367.0,2543.0,1253.0,326.0,64.9433046708321,79.14651797618653,58.55999932439216,39.91919347591906,17.126285330290557,43.14040991423303,44.72406032574342,71.99998543792061,56.28459190969051,89.61833907600452
2025-03-09 20:17:38.562667,769.0,502.0,368.0,2543.0,1251.0,323.0,64.9433046708321,79.14651797618653,58.55999932439216,39.91919347591906,17.126285330290557,43.14040991423303,44.72406032574342,71.99998543792061,56.28459190969051,89.61833907600452
2025-03-09 20:17:38.562667,773.0,502.0,368.0,2545.0,1251.0,321.0,64.9433046708321,79.14651797618653,58.55999932439216,39.91919347591906,17.126285330290557,43.14040991423303,44.72406032574342,71.99998543792061,56.28459190969051,89.61833907600452
2025-03-09 20:17:38.571000,775.0,502.0,371.0,2544.0,1252.0,321.0,64.97460587232597,79.3590075070661,58.556894112256806,39.79978256623158,17.13588067589522,43.026429112160976,44.89319478277788,72.21264754105509,56.42725133769483,89.62374642934438
2025-03-09 20:17:38.571000,785.0,509.0,368.0,2542.0,1242.0,320.0,64.97460587232597,79.3590075070661,58.556894112256806,39.79978256623158,17.13588067589522,43.026429112160976,44.89319478277788,72.21264754105509,56.42725133769483,89.62374642934438
2025-03-09 20:17:38.571000,789.0,503.0,368.0,2540.0,1238.0,318.0,64.97460587232597,79.3590075070661,58.556894112256806,39.79978256623158,17.13588067589522,43.026429112160976,44.89319478277788,72.21264754105509,56.42725133769483,89.62374642934438
2025-03-09 20:17:38.571000,787.0,509.0,367.0,2543.0,1238.0,317.0,64.97460587232597,79.3590075070661,58.556894112256806,39.79978256623158,17.13588067589522,43.026429112160976,44.89319478277788,72.21264754105509,56.42725133769483,89.62374642934438
2025-03-09 20:17:38.579333,798.0,507.0,369.0,2543.0,1241.0,317.0,65.00060515158694,79.56416363424894,58.54765644375938,39.677168412455586,17.146603730345547,42.911072548826155,45.0598198077293,72.41263733562528,56.55891939972458,89.62403757529177
2025-03-09 20:17:38.579333,799.0,501.0,368.0,2544.0,1234.0,315.0,65.00060515158694,79.56416363424894,58.54765644375938,39.677168412455586,17.146603730345547,42.911072548826155,45.0598198077293,72.41263733562528,56.55891939972458,89.62403757529177
2025-03-09 20:17:38.579333,795.0,504.0,374.0,2544.0,1234.0,317.0,65.00060515158694,79.56416363424894,58.54765644375938,39.677168412455586,17.146603730345547,42.911072548826155,45.0598198077293,72.41263733562528,56.55891939972458,89.62403757529177
2025-03-09 20:17:38.587667,802.0,510.0,370.0,2544.0,1234.0,317.0,65.0218968737556,79.76135222978759,58.53943916370346,39.55896589418018,17.156956201804082,42.80037923877595,45.2167462658241,72.60156629440696,56.68631481710117,89.61860828134255
2025-03-09 20:17:38.587667,799.0,501.0,371.0,2540.0,1232.0,310.0,65.0218968737556,79.76135222978759,58.53943916370346,39.55896589418018,17.156956201804082,42.80037923877595,45.2167462658241,72.60156629440696,56.68631481710117,89.61860828134255
2025-03-09 20:17:38.587667,832.0,511.0,369.0,2538.0,1232.0,307.0,65.0218968737556,79.76135222978759,58.53943916370346,39.55896589418018,17.156956201804082,42.80037923877595,45.2167462658241,72.60156629440696,56.68631481710117,89.61860828134255
2025-03-09 20:17:38.596000,832.0,511.0,368.0,2539.0,1232.0,311.0,65.03909596161189,79.95050246401613,58.5358204842735,39.44623106402416,17.16812348179574,42.69564585402743,45.36217143302528,72.77958741375787,56.809864534310776,89.60669216400389
2025-03-09 20:17:38.596000,834.0,508.0,373.0,2535.0,1227.0,310.0,65.03909596161189,79.95050246401613,58.5358204842735,39.44623106402416,17.16812348179574,42.69564585402743,45.36217143302528,72.77958741375787,56.809864534310776,89.60669216400389
2025-03-09 20:17:38.596000,833.0,511.0,368.0,2535.0,1221.0,304.0,65.03909596161189,79.95050246401613,58.5358204842735,39.44623106402416,17.16812348179574,42.69564585402743,45.36217143302528,72.77958741375787,56.809864534310776,89.60669216400389
2025-03-09 20:17:38.596000,835.0,511.0,366.0,2542.0,1227.0,305.0,65.03909596161189,79.95050246401613,58.5358204842735,39.44623106402416,17.16812348179574,42.69564585402743,45.36217143302528,72.77958741375787,56.809864534310776,89.60669216400389
2025-03-09 20:17:38.596000,844.0,523.0,365.0,2539.0,1223.0,305.0,65.03909596161189,79.95050246401613,58.5358204842735,39.44623106402416,17.16812348179574,42.69564585402743,45.36217143302528,72.77958741375787,56.809864534310776,89.60669216400389
2025-03-09 20:17:38.604333,845.0,509.0,365.0,2540.0,1229.0,310.0,65.05041566925554,80.12894742045465,58.53322088417716,39.335499996025305,17.181708827024096,42.59435888843217,45.498584343669904,72.9432822328712,56.92391096451838,89.58549868124506
2025-03-09 20:17:38.604333,884.0,528.0,370.0,2534.0,1216.0,301.0,65.05041566925554,80.12894742045465,58.53322088417716,39.335499996025305,17.181708827024096,42.59435888843217,45.498584343669904,72.9432822328712,56.92391096451838,89.58549868124506
2025-03-09 20:17:38.612667,887.0,511.0,369.0,2532.0,1214.0,304.0,65.05326769178336,80.29091963517519,58.52388877021905,39.22386895050017,17.19852674987516,42.493760713915755,45.6309827296797,73.08851128763521,57.02100838205437,89.55114235508967
2025-03-09 20:17:38.612667,887.0,511.0,372.0,2533.0,1216.0,301.0,65.05326769178336,80.29091963517519,58.52388877021905,39.22386895050017,17.19852674987516,42.493760713915755,45.6309827296797,73.08851128763521,57.02100838205437,89.55114235508967
2025-03-09 20:17:38.612667,895.0,528.0,381.0,2535.0,1219.0,304.0,65.05326769178336,80.29091963517519,58.52388877021905,39.22386895050017,17.19852674987516,42.493760713915755,45.6309827296797,73.08851128763521,57.02100838205437,89.55114235508967
2025-03-09 20:17:38.612667,896.0,528.0,370.0,2534.0,1219.0,302.0,65.05326769178336,80.29091963517519,58.52388877021905,39.22386895050017,17.19852674987516,42.493760713915755,45.6309827296797,73.08851128763521,57.02100838205437,89.55114235508967
2025-03-09 20:17:38.621000,898.0,523.0,369.0,2534.0,1213.0,303.0,65.04863225986496,80.43307206322906,58.501789101802956,39.1132686306696,17.21710469519498,42.39476237769792,45.76275188533785,73.21451827634604,57.098798606413794,89.5012221644689
2025-03-09 20:17:38.621000,905.0,526.0,375.0,2535.0,1213.0,302.0,65.04863225986496,80.43307206322906,58.501789101802956,39.1132686306696,17.21710469519498,42.39476237769792,45.76275188533785,73.21451827634604,57.098798606413794,89.5012221644689
2025-03-09 20:17:38.621000,908.0,528.0,371.0,2533.0,1210.0,304.0,65.04863225986496,80.43307206322906,58.501789101802956,39.1132686306696,17.21710469519498,42.39476237769792,45.76275188533785,73.21451827634604,57.098798606413794,89.5012221644689
2025-03-09 20:17:38.621000,944.0,537.0,386.0,2526.0,1202.0,298.0,65.04863225986496,80.43307206322906,58.501789101802956,39.1132686306696,17.21710469519498,42.39476237769792,45.76275188533785,73.21451827634604,57.098798606413794,89.5012221644689
2025-03-09 20:17:38.629333,942.0,530.0,399.0,2528.0,1202.0,298.0,65.04012020845578,80.5561930738489,58.46435155427459,39.00658300326334,17.23492455321878,42.299222139023065,45.89514629705354,73.32330490980662,57.15877169736682,89.4349722678237
2025-03-09 20:17:38.629333,949.0,531.0,404.0,2526.0,1200.0,291.0,65.04012020845578,80.5561930738489,58.46435155427459,39.00658300326334,17.23492455321878,42.299222139023065,45.89514629705354,73.32330490980662,57.15877169736682,89.4349722678237
2025-03-09 20:17:38.629333,949.0,534.0,400.0,2529.0,1200.0,293.0,65.04012020845578,80.5561930738489,58.46435155427459,39.00658300326334,17.23492455321878,42.299222139023065,45.89514629705354,73.32330490980662,57.15877169736682,89.4349722678237
2025-03-09 20:17:38.629333,960.0,529.0,404.0,2527.0,1201.0,292.0,65.04012020845578,80.5561930738489,58.46435155427459,39.00658300326334,17.23492455321878,42.299222139023065,45.89514629705354,73.32330490980662,57.15877169736682,89.4349722678237
2025-03-09 20:17:38.637667,955.0,529.0,391.0,2527.0,1200.0,295.0,65.0323021579284,80.66116134179175,58.407641435696185,38.905083655579325,17.25098192569542,42.20803103734492,46.03240576660835,73.41687804858617,57.19993638601222,89.35187927372881
2025-03-09 20:17:38.637667,959.0,531.0,394.0,2530.0,1200.0,288.0,65.0323021579284,80.66116134179175,58.407641435696185,38.905083655579325,17.25098192569542,42.20803103734492,46.03240576660835,73.41687804858617,57.19993638601222,89.35187927372881
2025-03-09 20:17:38.637667,966.0,531.0,400.0,2531.0,1200.0,291.0,65.0323021579284,80.66116134179175,58.407641435696185,38.905083655579325,17.25098192569542,42.20803103734492,46.03240576660835,73.41687804858617,57.19993638601222,89.35187927372881
2025-03-09 20:17:38.646000,990.0,546.0,411.0,2527.0,1197.0,291.0,65.02849371449908,80.74892754985095,58.33136503375978,38.80997956995966,17.265246962247492,42.122166111626605,46.176590707536405,73.49742511274458,57.22245633793556,89.25134901621065
2025-03-09 20:17:38.646000,995.0,539.0,419.0,2527.0,1190.0,288.0,65.02849371449908,80.74892754985095,58.33136503375978,38.80997956995966,17.265246962247492,42.122166111626605,46.176590707536405,73.49742511274458,57.22245633793556,89.25134901621065
2025-03-09 20:17:38.646000,996.0,534.0,421.0,2527.0,1186.0,289.0,65.02849371449908,80.74892754985095,58.33136503375978,38.80997956995966,17.265246962247492,42.122166111626605,46.176590707536405,73.49742511274458,57.22245633793556,89.25134901621065
2025-03-09 20:17:38.646000,1007.0,541.0,410.0,2527.0,1196.0,288.0,65.02849371449908,80.74892754985095,58.33136503375978,38.80997956995966,17.265246962247492,42.122166111626605,46.176590707536405,73.49742511274458,57.22245633793556,89.25134901621065
2025-03-09 20:17:38.654333,1005.0,543.0,428.0,2527.0,1194.0,292.0,65.02748221012037,80.82123219772862,58.24228922618267,38.7225385909735,17.277372797988477,42.04238114729022,46.32276579816199,73.56719639129346,57.231498975361745,89.13252714427225
2025-03-09 20:17:38.654333,1007.0,545.0,418.0,2523.0,1193.0,291.0,65.02748221012037,80.82123219772862,58.24228922618267,38.7225385909735,17.277372797988477,42.04238114729022,46.32276579816199,73.56719639129346,57.231498975361745,89.13252714427225
2025-03-09 20:17:38.654333,1009.0,532.0,415.0,2525.0,1190.0,287.0,65.02748221012037,80.82123219772862,58.24228922618267,38.7225385909735,17.277372797988477,42.04238114729022,46.32276579816199,73.56719639129346,57.231498975361745,89.13252714427225
2025-03-09 20:17:38.662667,1047.0,551.0,418.0,2521.0,1187.0,286.0,65.02773065176699,80.87909692956931,58.14385569749388,38.642753605200035,17.287017840037183,41.968219070948656,46.46867197881594,73.62791525314846,57.230353587511914,88.99424189590722
2025-03-09 20:17:38.662667,1040.0,547.0,425.0,2515.0,1186.0,286.0,65.02773065176699,80.87909692956931,58.14385569749388,38.642753605200035,17.287017840037183,41.968219070948656,46.46867197881594,73.62791525314846,57.230353587511914,88.99424189590722
2025-03-09 20:17:38.662667,1047.0,546.0,418.0,2518.0,1186.0,285.0,65.02773065176699,80.87909692956931,58.14385569749388,38.642753605200035,17.287017840037183,41.968219070948656,46.46867197881594,73.62791525314846,57.230353587511914,88.99424189590722
2025-03-09 20:17:38.671000,1051.0,548.0,431.0,2519.0,1185.0,285.0,65.03004390088896,80.92264096977016,58.033465502837146,38.56930815593672,17.29354852685206,41.89781316398939,46.61801546310538,73.68175446428776,57.21861689275637,88.83542230660501
2025-03-09 20:17:38.671000,1057.0,546.0,418.0,2519.0,1187.0,282.0,65.03004390088896,80.92264096977016,58.033465502837146,38.56930815593672,17.29354852685206,41.89781316398939,46.61801546310538,73.68175446428776,57.21861689275637,88.83542230660501
2025-03-09 20:17:38.671000,1059.0,555.0,406.0,2519.0,1185.0,291.0,65.03004390088896,80.92264096977016,58.033465502837146,38.56930815593672,17.29354852685206,41.89781316398939,46.61801546310538,73.68175446428776,57.21861689275637,88.83542230660501
2025-03-09 20:17:38.671000,1065.0,555.0,406.0,2518.0,1187.0,293.0,65.03004390088896,80.92264096977016,58.033465502837146,38.56930815593672,17.29354852685206,41.89781316398939,46.61801546310538,73.68175446428776,57.21861689275637,88.83542230660501
2025-03-09 20:17:38.679333,1083.0,558.0,369.0,2515.0,1181.0,278.0,65.0364435442603,80.95252201372361,57.90845756117772,38.500508241694206,17.296849371831154,41.82933978365767,46.77511036491085,73.73078791023809,57.194830992386585,88.65516473210761
2025-03-09 20:17:38.679333,1079.0,559.0,379.0,2516.0,1182.0,284.0,65.0364435442603,80.95252201372361,57.90845756117772,38.500508241694206,17.296849371831154,41.82933978365767,46.77511036491085,73.73078791023809,57.194830992386585,88.65516473210761
2025-03-09 20:17:38.679333,1083.0,559.0,383.0,2519.0,1181.0,282.0,65.0364435442603,80.95252201372361,57.90845756117772,38.500508241694206,17.296849371831154,41.82933978365767,46.77511036491085,73.73078791023809,57.194830992386585,88.65516473210761
2025-03-09 20:17:38.679333,1085.0,558.0,371.0,2519.0,1185.0,287.0,65.0364435442603,80.95252201372361,57.90845756117772,38.500508241694206,17.296849371831154,41.82933978365767,46.77511036491085,73.73078791023809,57.194830992386585,88.65516473210761
2025-03-09 20:17:38.687667,1083.0,560.0,368.0,2518.0,1179.0,289.0,65.04891846876058,80.9706011971926,57.767605635731755,38.434702921363865,17.29781572565901,41.761719449873276,46.943171375389305,73.7764427188306,57.15782514673746,88.45324977464459
2025-03-09 20:17:38.687667,1087.0,560.0,372.0,2519.0,1183.0,281.0,65.04891846876058,80.9706011971926,57.767605635731755,38.434702921363865,17.29781572565901,41.761719449873276,46.943171375389305,73.7764427188306,57.15782514673746,88.45324977464459
2025-03-09 20:17:38.687667,1087.0,560.0,367.0,2515.0,1184.0,286.0,65.04891846876058,80.9706011971926,57.767605635731755,38.434702921363865,17.29781572565901,41.761719449873276,46.943171375389305,73.7764427188306,57.15782514673746,88.45324977464459
2025-03-09 20:17:38.696000,1088.0,558.0,379.0,2514.0,1174.0,277.0,65.06767086648286,80.9781144183061,57.60985436624461,38.371032178742034,17.296866736435284,41.69449337786141,47.12347774538801,73.81893989242431,57.10741912804678,88.23739345035862
2025-03-09 20:17:38.696000,1088.0,557.0,368.0,2515.0,1170.0,298.0,65.06767086648286,80.9781144183061,57.60985436624461,38.371032178742034,17.296866736435284,41.69449337786141,47.12347774538801,73.81893989242431,57.10741912804678,88.23739345035862
2025-03-09 20:17:38.696000,1087.0,561.0,375.0,2513.0,1171.0,278.0,65.06767086648286,80.9781144183061,57.60985436624461,38.371032178742034,17.296866736435284,41.69449337786141,47.12347774538801,73.81893989242431,57.10741912804678,88.23739345035862
2025-03-09 20:17:38.704333,1087.0,560.0,368.0,2519.0,1173.0,279.0,65.09224477849436,80.97497500350705,57.43409478123852,38.30982009547992,17.29406019332533,41.62804923608322,47.31625922367597,73.85770221816506,57.043531671649006,88.02029425700199
2025-03-09 20:17:38.704333,1087.0,555.0,375.0,2515.0,1169.0,273.0,65.09224477849436,80.97497500350705,57.43409478123852,38.30982009547992,17.29406019332533,41.62804923608322,47.31625922367597,73.85770221816506,57.043531671649006,88.02029425700199
2025-03-09 20:17:38.704333,1086.0,561.0,371.0,2518.0,1169.0,277.0,65.09224477849436,80.97497500350705,57.43409478123852,38.30982009547992,17.29406019332533,41.62804923608322,47.31625922367597,73.85770221816506,57.043531671649006,88.02029425700199
2025-03-09 20:17:38.704333,1086.0,560.0,371.0,2516.0,1168.0,280.0,65.09224477849436,80.97497500350705,57.43409478123852,38.30982009547992,17.29406019332533,41.62804923608322,47.31625922367597,73.85770221816506,57.043531671649006,88.02029425700199
2025-03-09 20:17:38.712667,1082.0,560.0,373.0,2512.0,1168.0,274.0,65.12276571494746,80.96107028358496,57.24072695297518,38.25176716030991,17.289371917938617,41.56293807669823,47.52111842387534,73.89294976819275,56.96652305373197,87.80189312908811
2025-03-09 20:17:38.712667,1083.0,561.0,375.0,2513.0,1168.0,278.0,65.12276571494746,80.96107028358496,57.24072695297518,38.25176716030991,17.289371917938617,41.56293807669823,47.52111842387534,73.89294976819275,56.96652305373197,87.80189312908811
2025-03-09 20:17:38.712667,1083.0,561.0,383.0,2513.0,1167.0,273.0,65.12276571494746,80.96107028358496,57.24072695297518,38.25176716030991,17.289371917938617,41.56293807669823,47.52111842387534,73.89294976819275,56.96652305373197,87.80189312908811
2025-03-09 20:17:38.712667,1083.0,567.0,386.0,2513.0,1167.0,273.0,65.12276571494746,80.96107028358496,57.24072695297518,38.25176716030991,17.289371917938617,41.56293807669823,47.52111842387534,73.89294976819275,56.96652305373197,87.80189312908811
2025-03-09 20:17:38.721000,1083.0,570.0,387.0,2512.0,1164.0,276.0,65.15961346026194,80.9366847105155,57.03137738887355,38.19760952326339,17.282099559957246,41.49949891270812,47.736559092421864,73.92558416515801,56.8776284983192,87.57129153081867
2025-03-09 20:17:38.721000,1083.0,562.0,383.0,2512.0,1166.0,274.0,65.15961346026194,80.9366847105155,57.03137738887355,38.19760952326339,17.282099559957246,41.49949891270812,47.736559092421864,73.92558416515801,56.8776284983192,87.57129153081867
2025-03-09 20:17:38.721000,1081.0,561.0,379.0,2512.0,1167.0,278.0,65.15961346026194,80.9366847105155,57.03137738887355,38.19760952326339,17.282099559957246,41.49949891270812,47.736559092421864,73.92558416515801,56.8776284983192,87.57129153081867
2025-03-09 20:17:38.729333,1082.0,571.0,404.0,2512.0,1167.0,273.0,65.20288081296813,80.90262380569774,56.80764640480445,38.14761338903191,17.271465058752078,41.43785325474845,47.96058245008246,73.95601289753193,56.77810992428124,87.3199199971416
2025-03-09 20:17:38.729333,1082.0,571.0,407.0,2513.0,1159.0,272.0,65.20288081296813,80.90262380569774,56.80764640480445,38.14761338903191,17.271465058752078,41.43785325474845,47.96058245008246,73.95601289753193,56.77810992428124,87.3199199971416
2025-03-09 20:17:38.729333,1086.0,573.0,406.0,2512.0,1159.0,273.0,65.20288081296813,80.90262380569774,56.80764640480445,38.14761338903191,17.271465058752078,41.43785325474845,47.96058245008246,73.95601289753193,56.77810992428124,87.3199199971416
2025-03-09 20:17:38.737667,1085.0,571.0,373.0,2513.0,1159.0,272.0,65.2529235026418,80.86063717667956,56.570744971582265,38.10241549831462,17.256830336086026,41.378496851347506,48.19208588355759,73.98542814524933,56.67020904472805,87.04712427520333
2025-03-09 20:17:38.737667,1078.0,569.0,366.0,2511.0,1164.0,272.0,65.2529235026418,80.86063717667956,56.570744971582265,38.10241549831462,17.256830336086026,41.378496851347506,48.19208588355759,73.98542814524933,56.67020904472805,87.04712427520333
2025-03-09 20:17:38.737667,1081.0,561.0,354.0,2510.0,1158.0,278.0,65.2529235026418,80.86063717667956,56.570744971582265,38.10241549831462,17.256830336086026,41.378496851347506,48.19208588355759,73.98542814524933,56.67020904472805,87.04712427520333
2025-03-09 20:17:38.737667,1079.0,570.0,354.0,2512.0,1158.0,272.0,65.2529235026418,80.86063717667956,56.570744971582265,38.10241549831462,17.256830336086026,41.378496851347506,48.19208588355759,73.98542814524933,56.67020904472805,87.04712427520333
2025-03-09 20:17:38.746000,1071.0,567.0,391.0,2509.0,1164.0,256.0,65.31009882322144,80.812334670067,56.32225647287579,38.06217189602752,17.23878500041821,41.321889701178115,48.430624513689644,74.01468237846065,56.55513071163402,86.75697079582766
2025-03-09 20:17:38.746000,1078.0,566.0,398.0,2510.0,1168.0,277.0,65.31009882322144,80.812334670067,56.32225647287579,38.06217189602752,17.23878500041821,41.321889701178115,48.430624513689644,74.01468237846065,56.55513071163402,86.75697079582766
2025-03-09 20:17:38.746000,1074.0,570.0,397.0,2511.0,1166.0,272.0,65.31009882322144,80.812334670067,56.32225647287579,38.06217189602752,17.23878500041821,41.321889701178115,48.430624513689644,74.01468237846065,56.55513071163402,86.75697079582766
2025-03-09 20:17:38.754333,1072.0,570.0,400.0,2512.0,1166.0,304.0,65.3732638296164,80.75833143246321,56.064279275123035,38.02530047719196,17.21805870181172,41.26697597512836,48.67477218357042,74.04337953883649,56.43276964425432,86.45129510594809
2025-03-09 20:17:38.754333,1072.0,573.0,421.0,2511.0,1165.0,289.0,65.3732638296164,80.75833143246321,56.064279275123035,38.02530047719196,17.21805870181172,41.26697597512836,48.67477218357042,74.04337953883649,56.43276964425432,86.45129510594809
2025-03-09 20:17:38.754333,1072.0,566.0,419.0,2512.0,1162.0,272.0,65.3732638296164,80.75833143246321,56.064279275123035,38.02530047719196,17.21805870181172,41.26697597512836,48.67477218357042,74.04337953883649,56.43276964425432,86.45129510594809
2025-03-09 20:17:38.754333,1074.0,576.0,421.0,2512.0,1165.0,284.0,65.3732638296164,80.75833143246321,56.064279275123035,38.02530047719196,17.21805870181172,41.26697597512836,48.67477218357042,74.04337953883649,56.43276964425432,86.45129510594809
2025-03-09 20:17:38.762667,1063.0,572.0,395.0,2507.0,1162.0,270.0,65.44083721069393,80.69961350448436,55.79989038146721,37.98899889494728,17.19572155045869,41.2118019360421,48.92258425291541,74.07092612207023,56.302706409924696,86.1317946425449
2025-03-09 20:17:38.762667,1066.0,576.0,399.0,2503.0,1171.0,272.0,65.44083721069393,80.69961350448436,55.79989038146721,37.98899889494728,17.19572155045869,41.2118019360421,48.92258425291541,74.07092612207023,56.302706409924696,86.1317946425449
2025-03-09 20:17:38.762667,1058.0,576.0,400.0,2506.0,1200.0,270.0,65.44083721069393,80.69961350448436,55.79989038146721,37.98899889494728,17.19572155045869,41.2118019360421,48.92258425291541,74.07092612207023,56.302706409924696,86.1317946425449
2025-03-09 20:17:38.771000,1055.0,569.0,405.0,2503.0,1159.0,272.0,65.510810010171,80.63643373049618,55.53006754777162,37.95033721801225,17.1726365018076,41.1542901883472,49.17298215742576,74.0957822895238,56.16361159199833,85.80144723586265
2025-03-09 20:17:38.771000,1059.0,570.0,400.0,2510.0,1161.0,269.0,65.510810010171,80.63643373049618,55.53006754777162,37.95033721801225,17.1726365018076,41.1542901883472,49.17298215742576,74.0957822895238,56.16361159199833,85.80144723586265
2025-03-09 20:17:38.771000,1056.0,567.0,400.0,2505.0,1164.0,270.0,65.510810010171,80.63643373049618,55.53006754777162,37.95033721801225,17.1726365018076,41.1542901883472,49.17298215742576,74.0957822895238,56.16361159199833,85.80144723586265
2025-03-09 20:17:38.771000,1057.0,576.0,400.0,2509.0,1170.0,263.0,65.510810010171,80.63643373049618,55.53006754777162,37.95033721801225,17.1726365018076,41.1542901883472,49.17298215742576,74.0957822895238,56.16361159199833,85.80144723586265
2025-03-09 20:17:38.779333,1040.0,576.0,413.0,2508.0,1154.0,269.0,65.58028891812397,80.56754298635256,55.25562708639476,37.908172646726506,17.149448001583036,41.09391340807346,49.423374352485204,74.11493944591054,56.01433528736421,85.46331129859864
2025-03-09 20:17:38.779333,1040.0,572.0,412.0,2503.0,1168.0,266.0,65.58028891812397,80.56754298635256,55.25562708639476,37.908172646726506,17.149448001583036,41.09391340807346,49.423374352485204,74.11493944591054,56.01433528736421,85.46331129859864
2025-03-09 20:17:38.779333,1035.0,563.0,410.0,2507.0,1169.0,273.0,65.58028891812397,80.56754298635256,55.25562708639476,37.908172646726506,17.149448001583036,41.09391340807346,49.423374352485204,74.11493944591054,56.01433528736421,85.46331129859864
2025-03-09 20:17:38.787667,1035.0,573.0,418.0,2497.0,1169.0,267.0,65.64721186855502,80.49164402825359,54.97818695388266,37.863581817216776,17.127048794168932,41.032138276337925,49.67079706331582,74.12588002698253,55.854803912214024,85.11999774764824
2025-03-09 20:17:38.787667,1023.0,567.0,414.0,2505.0,1169.0,269.0,65.64721186855502,80.49164402825359,54.97818695388266,37.863581817216776,17.127048794168932,41.032138276337925,49.67079706331582,74.12588002698253,55.854803912214024,85.11999774764824
2025-03-09 20:17:38.787667,1023.0,571.0,418.0,2501.0,1171.0,265.0,65.64721186855502,80.49164402825359,54.97818695388266,37.863581817216776,17.127048794168932,41.032138276337925,49.67079706331582,74.12588002698253,55.854803912214024,85.11999774764824
2025-03-09 20:17:38.796000,1023.0,566.0,411.0,2505.0,1170.0,271.0,65.71052394549025,80.40862024892786,54.69955473909454,37.81741088201491,17.105222170365014,40.969644937206844,49.91303354432685,74.12835370176764,55.68648041752468,84.7741061329192
2025-03-09 20:17:38.796000,1003.0,575.0,407.0,2505.0,1181.0,269.0,65.71052394549025,80.40862024892786,54.69955473909454,37.81741088201491,17.105222170365014,40.969644937206844,49.91303354432685,74.12835370176764,55.68648041752468,84.7741061329192
2025-03-09 20:17:38.796000,1002.0,572.0,413.0,2502.0,1182.0,263.0,65.71052394549025,80.40862024892786,54.69955473909454,37.81741088201491,17.105222170365014,40.969644937206844,49.91303354432685,74.12835370176764,55.68648041752468,84.7741061329192
2025-03-09 20:17:38.796000,1000.0,570.0,406.0,2505.0,1174.0,266.0,65.71052394549025,80.40862024892786,54.69955473909454,37.81741088201491,17.105222170365014,40.969644937206844,49.91303354432685,74.12835370176764,55.68648041752468,84.7741061329192
2025-03-09 20:17:38.804333,995.0,571.0,406.0,2505.0,1177.0,258.0,65.77013642368476,80.31923000974217,54.42149256609137,37.769628873834364,17.08321862801837,40.90585544082354,50.149378442319424,74.12424543631242,55.511369638595234,84.42908240658808
2025-03-09 20:17:38.804333,991.0,571.0,405.0,2502.0,1181.0,267.0,65.77013642368476,80.31923000974217,54.42149256609137,37.769628873834364,17.08321862801837,40.90585544082354,50.149378442319424,74.12424543631242,55.511369638595234,84.42908240658808
2025-03-09 20:17:38.804333,992.0,567.0,405.0,2511.0,1175.0,272.0,65.77013642368476,80.31923000974217,54.42149256609137,37.769628873834364,17.08321862801837,40.90585544082354,50.149378442319424,74.12424543631242,55.511369638595234,84.42908240658808
2025-03-09 20:17:38.812667,994.0,561.0,402.0,2509.0,1189.0,269.0,65.82712073417542,80.22551104955005,54.14691482544012,37.72026539642599,17.06056472066464,40.84032511864002,50.37948522376902,74.11679550570338,55.33221504918414,84.08969836079247
2025-03-09 20:17:38.812667,988.0,564.0,401.0,2502.0,1183.0,260.0,65.82712073417542,80.22551104955005,54.14691482544012,37.72026539642599,17.06056472066464,40.84032511864002,50.37948522376902,74.11679550570338,55.33221504918414,84.08969836079247
2025-03-09 20:17:38.812667,970.0,569.0,379.0,2501.0,1185.0,266.0,65.82712073417542,80.22551104955005,54.14691482544012,37.72026539642599,17.06056472066464,40.84032511864002,50.37948522376902,74.11679550570338,55.33221504918414,84.08969836079247
2025-03-09 20:17:38.812667,967.0,574.0,371.0,2505.0,1192.0,250.0,65.82712073417542,80.22551104955005,54.14691482544012,37.72026539642599,17.06056472066464,40.84032511864002,50.37948522376902,74.11679550570338,55.33221504918414,84.08969836079247
2025-03-09 20:17:38.821000,967.0,569.0,369.0,2501.0,1183.0,263.0,65.88209281075632,80.12995821790187,53.878896095732145,37.669740223843746,17.03646767241346,40.7730744968736,50.60199239950888,74.10872056865351,55.1526657708406,83.76130758974271
2025-03-09 20:17:38.821000,966.0,564.0,374.0,2500.0,1195.0,262.0,65.88209281075632,80.12995821790187,53.878896095732145,37.669740223843746,17.03646767241346,40.7730744968736,50.60199239950888,74.10872056865351,55.1526657708406,83.76130758974271
2025-03-09 20:17:38.821000,960.0,565.0,364.0,2501.0,1184.0,268.0,65.88209281075632,80.12995821790187,53.878896095732145,37.669740223843746,17.03646767241346,40.7730744968736,50.60199239950888,74.10872056865351,55.1526657708406,83.76130758974271
2025-03-09 20:17:38.821000,960.0,570.0,370.0,2505.0,1189.0,258.0,65.88209281075632,80.12995821790187,53.878896095732145,37.669740223843746,17.03646767241346,40.7730744968736,50.60199239950888,74.10872056865351,55.1526657708406,83.76130758974271
2025-03-09 20:17:38.829333,960.0,574.0,373.0,2501.0,1183.0,272.0,65.93450142411416,80.03420674055269,53.619373905196674,37.619519582145465,17.01016012427742,40.7050849481327,50.815325517894856,74.10154461924157,54.97672466196766,83.44952774076474
2025-03-09 20:17:38.829333,942.0,566.0,381.0,2503.0,1199.0,259.0,65.93450142411416,80.03420674055269,53.619373905196674,37.619519582145465,17.01016012427742,40.7050849481327,50.815325517894856,74.10154461924157,54.97672466196766,83.44952774076474
2025-03-09 20:17:38.829333,944.0,566.0,387.0,2506.0,1199.0,267.0,65.93450142411416,80.03420674055269,53.619373905196674,37.619519582145465,17.01016012427742,40.7050849481327,50.815325517894856,74.10154461924157,54.97672466196766,83.44952774076474
2025-03-09 20:17:38.837667,941.0,573.0,386.0,2502.0,1198.0,275.0,65.9833975507845,79.93901692081062,53.36938346629667,37.572125875763156,16.981817015395677,40.6388110296244,51.01788680879765,74.09498007984284,54.807484493072444,83.15983445098907
2025-03-09 20:17:38.837667,937.0,570.0,384.0,2502.0,1197.0,262.0,65.9833975507845,79.93901692081062,53.36938346629667,37.572125875763156,16.981817015395677,40.6388110296244,51.01788680879765,74.09498007984284,54.807484493072444,83.15983445098907
2025-03-09 20:17:38.837667,941.0,571.0,386.0,2501.0,1201.0,262.0,65.9833975507845,79.93901692081062,53.36938346629667,37.572125875763156,16.981817015395677,40.6388110296244,51.01788680879765,74.09498007984284,54.807484493072444,83.15983445098907
2025-03-09 20:17:38.837667,938.0,566.0,388.0,2503.0,1194.0,262.0,65.9833975507845,79.93901692081062,53.36938346629667,37.572125875763156,16.981817015395677,40.6388110296244,51.01788680879765,74.09498007984284,54.807484493072444,83.15983445098907
2025-03-09 20:17:38.846000,932.0,572.0,386.0,2502.0,1207.0,263.0,66.02709523391755,79.84500501483926,53.13171625519805,37.529810079178986,16.952936474632764,40.57720564789905,51.20646729365254,74.08709123727952,54.647302267756274,82.89662940864697
2025-03-09 20:17:38.846000,929.0,566.0,385.0,2497.0,1201.0,261.0,66.02709523391755,79.84500501483926,53.13171625519805,37.529810079178986,16.952936474632764,40.57720564789905,51.20646729365254,74.08709123727952,54.647302267756274,82.89662940864697
2025-03-09 20:17:38.846000,913.0,566.0,391.0,2499.0,1199.0,262.0,66.02709523391755,79.84500501483926,53.13171625519805,37.529810079178986,16.952936474632764,40.57720564789905,51.20646729365254,74.08709123727952,54.647302267756274,82.89662940864697
2025-03-09 20:17:38.854333,915.0,567.0,397.0,2501.0,1202.0,269.0,66.06252877240718,79.7524898361157,52.910608216582695,37.493994961523605,16.92493123181099,40.522397284754604,51.37632377414981,74.07550076851653,54.49896080742034,82.66313930558928
2025-03-09 20:17:38.854333,915.0,567.0,393.0,2498.0,1200.0,267.0,66.06252877240718,79.7524898361157,52.910608216582695,37.493994961523605,16.92493123181099,40.522397284754604,51.37632377414981,74.07550076851653,54.49896080742034,82.66313930558928
2025-03-09 20:17:38.854333,911.0,572.0,390.0,2498.0,1203.0,263.0,66.06252877240718,79.7524898361157,52.910608216582695,37.493994961523605,16.92493123181099,40.522397284754604,51.37632377414981,74.07550076851653,54.49896080742034,82.66313930558928
2025-03-09 20:17:38.854333,912.0,573.0,381.0,2499.0,1194.0,258.0,66.06252877240718,79.7524898361157,52.910608216582695,37.493994961523605,16.92493123181099,40.522397284754604,51.37632377414981,74.07550076851653,54.49896080742034,82.66313930558928
2025-03-09 20:17:38.862667,909.0,571.0,384.0,2499.0,1202.0,261.0,66.08609546980985,79.66086421432526,52.71034360122268,37.465063069010235,16.898718395140257,40.475268028347074,51.52235307497698,74.05759814067099,54.364404493418476,82.46248461183586
2025-03-09 20:17:38.862667,912.0,565.0,387.0,2500.0,1202.0,262.0,66.08609546980985,79.66086421432526,52.71034360122268,37.465063069010235,16.898718395140257,40.475268028347074,51.52235307497698,74.05759814067099,54.364404493418476,82.46248461183586
2025-03-09 20:17:38.862667,898.0,569.0,391.0,2503.0,1200.0,259.0,66.08609546980985,79.66086421432526,52.71034360122268,37.465063069010235,16.898718395140257,40.475268028347074,51.52235307497698,74.05759814067099,54.364404493418476,82.46248461183586
2025-03-09 20:17:38.871000,895.0,569.0,388.0,2499.0,1211.0,257.0,66.09500803328574,79.56916300735256,52.533428047689625,37.44216288234597,16.874598238447515,40.435242509511575,51.64126355716804,74.03138870539647,54.24409871646689,82.29736091715924
2025-03-09 20:17:38.871000,891.0,562.0,386.0,2499.0,1213.0,255.0,66.09500803328574,79.56916300735256,52.533428047689625,37.44216288234597,16.874598238447515,40.435242509511575,51.64126355716804,74.03138870539647,54.24409871646689,82.29736091715924
2025-03-09 20:17:38.871000,896.0,567.0,389.0,2499.0,1207.0,260.0,66.09500803328574,79.56916300735256,52.533428047689625,37.44216288234597,16.874598238447515,40.435242509511575,51.64126355716804,74.03138870539647,54.24409871646689,82.29736091715924
2025-03-09 20:17:38.871000,895.0,566.0,395.0,2497.0,1205.0,259.0,66.09500803328574,79.56916300735256,52.533428047689625,37.44216288234597,16.874598238447515,40.435242509511575,51.64126355716804,74.03138870539647,54.24409871646689,82.29736091715924
2025-03-09 20:17:38.879333,892.0,571.0,390.0,2499.0,1214.0,260.0,66.08859765902815,79.47779923222735,52.38070749774252,37.423868344307415,16.85233305707147,40.40109960663312,51.73219628894198,73.99656949079849,54.138212586255676,82.17010497912882
2025-03-09 20:17:38.879333,891.0,557.0,389.0,2495.0,1207.0,283.0,66.08859765902815,79.47779923222735,52.38070749774252,37.423868344307415,16.85233305707147,40.40109960663312,51.73219628894198,73.99656949079849,54.138212586255676,82.17010497912882
2025-03-09 20:17:38.879333,889.0,574.0,390.0,2494.0,1200.0,252.0,66.08859765902815,79.47779923222735,52.38070749774252,37.423868344307415,16.85233305707147,40.40109960663312,51.73219628894198,73.99656949079849,54.138212586255676,82.17010497912882
2025-03-09 20:17:38.887667,878.0,569.0,387.0,2496.0,1203.0,257.0,66.06843811195631,79.3880912602404,52.25122371163241,37.408257609288896,16.831549821656576,40.37116383630064,51.796941574743606,73.9541690954564,54.04579877640689,82.0821048128756
2025-03-09 20:17:38.887667,879.0,564.0,388.0,2495.0,1202.0,256.0,66.06843811195631,79.3880912602404,52.25122371163241,37.408257609288896,16.831549821656576,40.37116383630064,51.796941574743606,73.9541690954564,54.04579877640689,82.0821048128756
2025-03-09 20:17:38.887667,875.0,567.0,390.0,2496.0,1199.0,257.0,66.06843811195631,79.3880912602404,52.25122371163241,37.408257609288896,16.831549821656576,40.37116383630064,51.796941574743606,73.9541690954564,54.04579877640689,82.0821048128756
2025-03-09 20:17:38.887667,873.0,560.0,393.0,2496.0,1200.0,263.0,66.06843811195631,79.3880912602404,52.25122371163241,37.408257609288896,16.831549821656576,40.37116383630064,51.796941574743606,73.9541690954564,54.04579877640689,82.0821048128756
2025-03-09 20:17:38.896000,869.0,569.0,397.0,2497.0,1216.0,258.0,66.03754186182735,79.30131876940705,52.14289548636845,37.39340219694745,16.812513089315217,40.343839720125914,51.83945392183931,73.905920720666,53.964502183737174,82.03418675098109
2025-03-09 20:17:38.896000,870.0,571.0,393.0,2495.0,1200.0,254.0,66.03754186182735,79.30131876940705,52.14289548636845,37.39340219694745,16.812513089315217,40.343839720125914,51.83945392183931,73.905920720666,53.964502183737174,82.03418675098109
2025-03-09 20:17:38.896000,865.0,563.0,390.0,2499.0,1198.0,256.0,66.03754186182735,79.30131876940705,52.14289548636845,37.39340219694745,16.812513089315217,40.343839720125914,51.83945392183931,73.905920720666,53.964502183737174,82.03418675098109
2025-03-09 20:17:38.896000,847.0,569.0,389.0,2496.0,1200.0,257.0,66.03754186182735,79.30131876940705,52.14289548636845,37.39340219694745,16.812513089315217,40.343839720125914,51.83945392183931,73.905920720666,53.964502183737174,82.03418675098109
2025-03-09 20:17:38.904333,846.0,560.0,395.0,2496.0,1200.0,256.0,65.99986708200753,79.21828865495279,52.05334606653963,37.378757695867286,16.795769540985148,40.318879850234836,51.86393367333918,73.85342736184653,53.89147166965148,82.0257039415663
2025-03-09 20:17:38.904333,843.0,564.0,387.0,2496.0,1200.0,256.0,65.99986708200753,79.21828865495279,52.05334606653963,37.378757695867286,16.795769540985148,40.318879850234836,51.86393367333918,73.85342736184653,53.89147166965148,82.0257039415663
2025-03-09 20:17:38.904333,844.0,566.0,384.0,2494.0,1200.0,256.0,65.99986708200753,79.21828865495279,52.05334606653963,37.378757695867286,16.795769540985148,40.318879850234836,51.86393367333918,73.85342736184653,53.89147166965148,82.0257039415663
2025-03-09 20:17:38.912667,840.0,570.0,387.0,2497.0,1200.0,256.0,65.95947953863627,79.13987265746323,51.98071881560352,37.364804950834966,16.7815602098262,40.297002505330795,51.87345187106665,73.79799479526464,53.824553430599885,82.05419239571219
2025-03-09 20:17:38.912667,837.0,560.0,391.0,2496.0,1200.0,257.0,65.95947953863627,79.13987265746323,51.98071881560352,37.364804950834966,16.7815602098262,40.297002505330795,51.87345187106665,73.79799479526464,53.824553430599885,82.05419239571219
2025-03-09 20:17:38.912667,841.0,562.0,389.0,2493.0,1201.0,256.0,65.95947953863627,79.13987265746323,51.98071881560352,37.364804950834966,16.7815602098262,40.297002505330795,51.87345187106665,73.79799479526464,53.824553430599885,82.05419239571219
2025-03-09 20:17:38.912667,836.0,563.0,386.0,2487.0,1201.0,256.0,65.95947953863627,79.13987265746323,51.98071881560352,37.364804950834966,16.7815602098262,40.297002505330795,51.87345187106665,73.79799479526464,53.824553430599885,82.05419239571219
2025-03-09 20:17:38.921000,817.0,563.0,389.0,2488.0,1200.0,255.0,65.91920216329261,79.06722625606693,51.924239131419476,37.352567379088335,16.77010845604831,40.279386673594054,51.869785482836036,73.74078722027255,53.7633356100502,82.11678347026822
2025-03-09 20:17:38.921000,816.0,560.0,385.0,2492.0,1200.0,257.0,65.91920216329261,79.06722625606693,51.924239131419476,37.352567379088335,16.77010845604831,40.279386673594054,51.869785482836036,73.74078722027255,53.7633356100502,82.11678347026822
2025-03-09 20:17:38.921000,816.0,558.0,391.0,2488.0,1200.0,255.0,65.91920216329261,79.06722625606693,51.924239131419476,37.352567379088335,16.77010845604831,40.279386673594054,51.869785482836036,73.74078722027255,53.7633356100502,82.11678347026822
2025-03-09 20:17:38.929333,811.0,560.0,395.0,2491.0,1200.0,256.0,65.88069935210193,79.00080393472793,51.88366487845246,37.3431776948988,16.761539832909058,40.26705524575881,51.85398587037585,73.68280354011397,53.70793135482967,82.20923039214779
2025-03-09 20:17:38.929333,812.0,561.0,394.0,2496.0,1200.0,254.0,65.88069935210193,79.00080393472793,51.88366487845246,37.3431776948988,16.761539832909058,40.26705524575881,51.85398587037585,73.68280354011397,53.70793135482967,82.20923039214779
2025-03-09 20:17:38.929333,815.0,562.0,387.0,2492.0,1200.0,257.0,65.88069935210193,79.00080393472793,51.88366487845246,37.3431776948988,16.761539832909058,40.26705524575881,51.85398587037585,73.68280354011397,53.70793135482967,82.20923039214779
2025-03-09 20:17:38.929333,807.0,560.0,390.0,2490.0,1199.0,254.0,65.88069935210193,79.00080393472793,51.88366487845246,37.3431776948988,16.761539832909058,40.26705524575881,51.85398587037585,73.68280354011397,53.70793135482967,82.20923039214779
2025-03-09 20:17:38.937667,794.0,559.0,389.0,2487.0,1199.0,255.0,65.84563479199343,78.94081219716772,51.858528475726075,37.337288711653954,16.755645748856363,40.260467620398664,51.82709728743532,73.62501329831053,53.65801038991036,82.32684766561387
2025-03-09 20:17:38.937667,796.0,560.0,382.0,2490.0,1198.0,252.0,65.84563479199343,78.94081219716772,51.858528475726075,37.337288711653954,16.755645748856363,40.260467620398664,51.82709728743532,73.62501329831053,53.65801038991036,82.32684766561387
2025-03-09 20:17:38.937667,795.0,560.0,391.0,2492.0,1198.0,254.0,65.84563479199343,78.94081219716772,51.858528475726075,37.337288711653954,16.755645748856363,40.260467620398664,51.82709728743532,73.62501329831053,53.65801038991036,82.32684766561387
2025-03-09 20:17:38.946000,791.0,565.0,387.0,2487.0,1196.0,256.0,65.81602072278713,78.88816878678013,51.84906605145359,37.33478853766652,16.752231039371473,40.259428692773945,51.79017007669951,73.56896210733565,53.61332538892941,82.46550345717597
2025-03-09 20:17:38.946000,795.0,562.0,387.0,2486.0,1195.0,256.0,65.81602072278713,78.88816878678013,51.84906605145359,37.33478853766652,16.752231039371473,40.259428692773945,51.79017007669951,73.56896210733565,53.61332538892941,82.46550345717597
2025-03-09 20:17:38.946000,793.0,559.0,394.0,2487.0,1196.0,255.0,65.81602072278713,78.88816878678013,51.84906605145359,37.33478853766652,16.752231039371473,40.259428692773945,51.79017007669951,73.56896210733565,53.61332538892941,82.46550345717597
2025-03-09 20:17:38.946000,794.0,560.0,388.0,2488.0,1198.0,255.0,65.81602072278713,78.88816878678013,51.84906605145359,37.33478853766652,16.752231039371473,40.259428692773945,51.79017007669951,73.56896210733565,53.61332538892941,82.46550345717597
2025-03-09 20:17:38.954333,789.0,560.0,388.0,2489.0,1196.0,251.0,65.79435964254291,78.84445388103428,51.855538781034426,37.33489340316306,16.751369564161116,40.26328389123998,51.74490091123316,73.51660251667275,53.57335888715126,82.62095114155532
2025-03-09 20:17:38.954333,785.0,561.0,379.0,2486.0,1193.0,250.0,65.79435964254291,78.84445388103428,51.855538781034426,37.33489340316306,16.751369564161116,40.26328389123998,51.74490091123316,73.51660251667275,53.57335888715126,82.62095114155532
2025-03-09 20:17:38.954333,784.0,560.0,393.0,2485.0,1193.0,254.0,65.79435964254291,78.84445388103428,51.855538781034426,37.33489340316306,16.751369564161116,40.26328389123998,51.74490091123316,73.51660251667275,53.57335888715126,82.62095114155532
2025-03-09 20:17:38.962667,786.0,563.0,386.0,2487.0,1185.0,251.0,65.78128032595895,78.80901773690762,51.87645816872077,37.3374578061943,16.753024674227138,40.27169164291784,51.69293586259137,73.46826519555482,53.536956112729776,82.7888015780354
2025-03-09 20:17:38.962667,786.0,560.0,387.0,2485.0,1185.0,253.0,65.78128032595895,78.80901773690762,51.87645816872077,37.3374578061943,16.753024674227138,40.27169164291784,51.69293586259137,73.46826519555482,53.536956112729776,82.7888015780354
2025-03-09 20:17:38.962667,785.0,562.0,388.0,2492.0,1189.0,254.0,65.78128032595895,78.80901773690762,51.87645816872077,37.3374578061943,16.753024674227138,40.27169164291784,51.69293586259137,73.46826519555482,53.536956112729776,82.7888015780354
2025-03-09 20:17:38.962667,786.0,554.0,390.0,2489.0,1188.0,256.0,65.78128032595895,78.80901773690762,51.87645816872077,37.3374578061943,16.753024674227138,40.27169164291784,51.69293586259137,73.46826519555482,53.536956112729776,82.7888015780354
2025-03-09 20:17:38.971000,785.0,560.0,394.0,2487.0,1184.0,256.0,65.77508022055856,78.77919527134195,51.909749314885026,37.34263737344849,16.757168244373428,40.28431373264925,51.63514607290686,73.4228255534728,53.50281589838071,82.96451813707093
2025-03-09 20:17:38.971000,785.0,558.0,406.0,2484.0,1180.0,259.0,65.77508022055856,78.77919527134195,51.909749314885026,37.34263737344849,16.757168244373428,40.28431373264925,51.63514607290686,73.4228255534728,53.50281589838071,82.96451813707093
2025-03-09 20:17:38.971000,785.0,557.0,407.0,2487.0,1181.0,252.0,65.77508022055856,78.77919527134195,51.909749314885026,37.34263737344849,16.757168244373428,40.28431373264925,51.63514607290686,73.4228255534728,53.50281589838071,82.96451813707093
2025-03-09 20:17:38.971000,784.0,556.0,405.0,2487.0,1181.0,256.0,65.77508022055856,78.77919527134195,51.909749314885026,37.34263737344849,16.757168244373428,40.28431373264925,51.63514607290686,73.4228255534728,53.50281589838071,82.96451813707093
2025-03-09 20:17:38.979333,786.0,559.0,401.0,2489.0,1178.0,253.0,65.77459626974237,78.7531008813683,51.95346589057256,37.349741697991846,16.763486435304195,40.30024166343398,51.57213371924013,73.37908084706892,53.46932240690443,83.14313027816623
2025-03-09 20:17:38.979333,783.0,560.0,402.0,2486.0,1174.0,252.0,65.77459626974237,78.7531008813683,51.95346589057256,37.349741697991846,16.763486435304195,40.30024166343398,51.57213371924013,73.37908084706892,53.46932240690443,83.14313027816623
2025-03-09 20:17:38.979333,784.0,564.0,402.0,2490.0,1180.0,256.0,65.77459626974237,78.7531008813683,51.95346589057256,37.349741697991846,16.763486435304195,40.30024166343398,51.57213371924013,73.37908084706892,53.46932240690443,83.14313027816623
2025-03-09 20:17:38.987667,784.0,560.0,411.0,2490.0,1174.0,256.0,65.779651421459,78.72997037381313,52.00578372535285,37.357634744272005,16.77215778206673,40.31855419524909,51.505147884069736,73.33614454602149,53.434566394379296,83.32076126256631
2025-03-09 20:17:38.987667,780.0,560.0,405.0,2489.0,1175.0,256.0,65.779651421459,78.72997037381313,52.00578372535285,37.357634744272005,16.77215778206673,40.31855419524909,51.505147884069736,73.33614454602149,53.434566394379296,83.32076126256631
2025-03-09 20:17:38.987667,781.0,554.0,410.0,2486.0,1168.0,249.0,65.779651421459,78.72997037381313,52.00578372535285,37.357634744272005,16.77215778206673,40.31855419524909,51.505147884069736,73.33614454602149,53.434566394379296,83.32076126256631
2025-03-09 20:17:38.987667,779.0,560.0,400.0,2486.0,1170.0,251.0,65.779651421459,78.72997037381313,52.00578372535285,37.357634744272005,16.77215778206673,40.31855419524909,51.505147884069736,73.33614454602149,53.434566394379296,83.32076126256631
2025-03-09 20:17:38.996000,782.0,556.0,403.0,2489.0,1168.0,262.0,65.79011175139978,78.71009726623247,52.06548025031594,37.36854606687799,16.78043574084169,40.34051958187783,51.43256164323109,73.29419543746789,53.40164228070949,83.49659283566066
2025-03-09 20:17:38.996000,779.0,555.0,409.0,2489.0,1168.0,255.0,65.79011175139978,78.71009726623247,52.06548025031594,37.36854606687799,16.78043574084169,40.34051958187783,51.43256164323109,73.29419543746789,53.40164228070949,83.49659283566066
2025-03-09 20:17:38.996000,781.0,553.0,401.0,2483.0,1168.0,253.0,65.79011175139978,78.71009726623247,52.06548025031594,37.36854606687799,16.78043574084169,40.34051958187783,51.43256164323109,73.29419543746789,53.40164228070949,83.49659283566066
2025-03-09 20:17:38.996000,781.0,560.0,401.0,2486.0,1168.0,250.0,65.79011175139978,78.71009726623247,52.06548025031594,37.36854606687799,16.78043574084169,40.34051958187783,51.43256164323109,73.29419543746789,53.40164228070949,83.49659283566066
2025-03-09 20:17:39.004333,778.0,555.0,404.0,2483.0,1169.0,253.0,65.80578979092049,78.69410188279164,52.131552882749446,37.38567035146716,16.785031327519132,40.36797333940864,51.352434576142294,73.25412906806051,53.375203351749796,83.6708543560815
2025-03-09 20:17:39.004333,778.0,556.0,400.0,2483.0,1166.0,254.0,65.80578979092049,78.69410188279164,52.131552882749446,37.38567035146716,16.785031327519132,40.36797333940864,51.352434576142294,73.25412906806051,53.375203351749796,83.6708543560815
2025-03-09 20:17:39.004333,775.0,559.0,401.0,2486.0,1168.0,254.0,65.80578979092049,78.69410188279164,52.131552882749446,37.38567035146716,16.785031327519132,40.36797333940864,51.352434576142294,73.25412906806051,53.375203351749796,83.6708543560815
2025-03-09 20:17:39.012667,779.0,556.0,405.0,2480.0,1163.0,261.0,65.82560551492917,78.68102888777901,52.202473479937716,37.40672059306399,16.7890653274224,40.39946435944085,51.268638460911426,73.21540354729098,53.352050297912584,83.84164862855177
2025-03-09 20:17:39.012667,776.0,557.0,401.0,2485.0,1163.0,255.0,65.82560551492917,78.68102888777901,52.202473479937716,37.40672059306399,16.7890653274224,40.39946435944085,51.268638460911426,73.21540354729098,53.352050297912584,83.84164862855177
2025-03-09 20:17:39.012667,777.0,555.0,400.0,2482.0,1167.0,256.0,65.82560551492917,78.68102888777901,52.202473479937716,37.40672059306399,16.7890653274224,40.39946435944085,51.268638460911426,73.21540354729098,53.352050297912584,83.84164862855177
2025-03-09 20:17:39.012667,777.0,557.0,404.0,2486.0,1167.0,256.0,65.82560551492917,78.68102888777901,52.202473479937716,37.40672059306399,16.7890653274224,40.39946435944085,51.268638460911426,73.21540354729098,53.352050297912584,83.84164862855177
2025-03-09 20:17:39.021000,773.0,555.0,406.0,2483.0,1164.0,256.0,65.84767366173283,78.6689865097963,52.2770070918903,37.4293622647109,16.795029181511005,40.433303006585504,51.18366277681045,73.17667961641017,53.32881648559594,84.00709480856422
2025-03-09 20:17:39.021000,773.0,559.0,400.0,2482.0,1165.0,259.0,65.84767366173283,78.6689865097963,52.2770070918903,37.4293622647109,16.795029181511005,40.433303006585504,51.18366277681045,73.17667961641017,53.32881648559594,84.00709480856422
2025-03-09 20:17:39.021000,768.0,555.0,406.0,2483.0,1158.0,257.0,65.84767366173283,78.6689865097963,52.2770070918903,37.4293622647109,16.795029181511005,40.433303006585504,51.18366277681045,73.17667961641017,53.32881648559594,84.00709480856422
2025-03-09 20:17:39.021000,768.0,550.0,406.0,2491.0,1159.0,262.0,65.84767366173283,78.6689865097963,52.2770070918903,37.4293622647109,16.795029181511005,40.433303006585504,51.18366277681045,73.17667961641017,53.32881648559594,84.00709480856422
2025-03-09 20:17:39.029333,763.0,555.0,400.0,2487.0,1158.0,256.0,65.87018186803633,78.65651052446113,52.353932213823434,37.45406631166107,16.802350829059545,40.46966316419352,51.09671037044657,73.13651320911285,53.30563443864672,84.16694905240409
2025-03-09 20:17:39.029333,762.0,555.0,406.0,2484.0,1159.0,256.0,65.87018186803633,78.65651052446113,52.353932213823434,37.45406631166107,16.802350829059545,40.46966316419352,51.09671037044657,73.13651320911285,53.30563443864672,84.16694905240409
2025-03-09 20:17:39.037667,763.0,549.0,406.0,2487.0,1163.0,269.0,65.89163127691569,78.64239604189353,52.431609900620096,37.48164209944936,16.81066337111663,40.5092602212255,51.00713362368735,73.0931182688316,53.28248458026315,84.32082941047092
2025-03-09 20:17:39.037667,766.0,553.0,403.0,2489.0,1162.0,263.0,65.89163127691569,78.64239604189353,52.431609900620096,37.48164209944936,16.81066337111663,40.5092602212255,51.00713362368735,73.0931182688316,53.28248458026315,84.32082941047092
2025-03-09 20:17:39.037667,763.0,557.0,400.0,2489.0,1158.0,255.0,65.89163127691569,78.64239604189353,52.431609900620096,37.48164209944936,16.81066337111663,40.5092602212255,51.00713362368735,73.0931182688316,53.28248458026315,84.32082941047092
2025-03-09 20:17:39.037667,766.0,555.0,402.0,2491.0,1161.0,261.0,65.89163127691569,78.64239604189353,52.431609900620096,37.48164209944936,16.81066337111663,40.5092602212255,51.00713362368735,73.0931182688316,53.28248458026315,84.32082941047092
2025-03-09 20:17:39.046000,753.0,545.0,405.0,2487.0,1162.0,266.0,65.91111185076004,78.62658506760069,52.5104633387741,37.5131074517284,16.81927869242114,40.5528832117844,50.91321112922764,73.04592187206384,53.260865854440205,84.46849590831
2025-03-09 20:17:39.046000,755.0,548.0,397.0,2489.0,1166.0,258.0,65.91111185076004,78.62658506760069,52.5104633387741,37.5131074517284,16.81927869242114,40.5528832117844,50.91321112922764,73.04592187206384,53.260865854440205,84.46849590831
2025-03-09 20:17:39.046000,752.0,542.0,403.0,2486.0,1163.0,258.0,65.91111185076004,78.62658506760069,52.5104633387741,37.5131074517284,16.81927869242114,40.5528832117844,50.91321112922764,73.04592187206384,53.260865854440205,84.46849590831
2025-03-09 20:17:39.046000,751.0,551.0,402.0,2486.0,1163.0,259.0,65.91111185076004,78.62658506760069,52.5104633387741,37.5131074517284,16.81927869242114,40.5528832117844,50.91321112922764,73.04592187206384,53.260865854440205,84.46849590831
2025-03-09 20:17:39.046000,750.0,549.0,406.0,2485.0,1163.0,261.0,65.91111185076004,78.62658506760069,52.5104633387741,37.5131074517284,16.81927869242114,40.5528832117844,50.91321112922764,73.04592187206384,53.260865854440205,84.46849590831
2025-03-09 20:17:39.054333,750.0,544.0,400.0,2481.0,1165.0,259.0,65.92806751002118,78.61037865641553,52.593142456448305,37.54870091762979,16.826648298897048,40.59996630802514,50.812883485109275,72.99702499313439,53.24443605527098,84.61125568682522
2025-03-09 20:17:39.054333,752.0,549.0,409.0,2485.0,1165.0,256.0,65.92806751002118,78.61037865641553,52.593142456448305,37.54870091762979,16.826648298897048,40.59996630802514,50.812883485109275,72.99702499313439,53.24443605527098,84.61125568682522
2025-03-09 20:17:39.054333,738.0,542.0,400.0,2490.0,1163.0,262.0,65.92806751002118,78.61037865641553,52.593142456448305,37.54870091762979,16.826648298897048,40.59996630802514,50.812883485109275,72.99702499313439,53.24443605527098,84.61125568682522
2025-03-09 20:17:39.062667,738.0,544.0,400.0,2481.0,1163.0,259.0,65.94097943481307,78.59510873026993,52.68261135520961,37.58704013394279,16.831721219788058,40.64836271338626,50.70491571285004,72.94912804444158,53.23668113018519,84.75150314977753
2025-03-09 20:17:39.062667,741.0,543.0,400.0,2485.0,1169.0,262.0,65.94097943481307,78.59510873026993,52.68261135520961,37.58704013394279,16.831721219788058,40.64836271338626,50.70491571285004,72.94912804444158,53.23668113018519,84.75150314977753
2025-03-09 20:17:39.062667,734.0,553.0,403.0,2489.0,1167.0,262.0,65.94097943481307,78.59510873026993,52.68261135520961,37.58704013394279,16.831721219788058,40.64836271338626,50.70491571285004,72.94912804444158,53.23668113018519,84.75150314977753
2025-03-09 20:17:39.071000,739.0,538.0,402.0,2486.0,1165.0,261.0,65.94865042142531,78.58207832554524,52.78146092051179,37.62675851366391,16.834828880617195,40.69664131648547,50.58872702125276,72.90388180089954,53.239667268841124,84.89190560557945
2025-03-09 20:17:39.071000,737.0,542.0,401.0,2490.0,1167.0,260.0,65.94865042142531,78.58207832554524,52.78146092051179,37.62675851366391,16.834828880617195,40.69664131648547,50.58872702125276,72.90388180089954,53.239667268841124,84.89190560557945
2025-03-09 20:17:39.071000,736.0,547.0,398.0,2486.0,1168.0,263.0,65.94865042142531,78.58207832554524,52.78146092051179,37.62675851366391,16.834828880617195,40.69664131648547,50.58872702125276,72.90388180089954,53.239667268841124,84.89190560557945
2025-03-09 20:17:39.071000,737.0,538.0,400.0,2485.0,1168.0,265.0,65.94865042142531,78.58207832554524,52.78146092051179,37.62675851366391,16.834828880617195,40.69664131648547,50.58872702125276,72.90388180089954,53.239667268841124,84.89190560557945
2025-03-09 20:17:39.079333,723.0,543.0,405.0,2487.0,1168.0,266.0,65.9515866124678,78.57319295729424,52.89119279278481,37.66697002692855,16.836341411773393,40.74417056790816,50.464522060727944,72.86273260841477,53.25456946473253,85.03531039408624
2025-03-09 20:17:39.079333,721.0,535.0,398.0,2491.0,1164.0,266.0,65.9515866124678,78.57319295729424,52.89119279278481,37.66697002692855,16.836341411773393,40.74417056790816,50.464522060727944,72.86273260841477,53.25456946473253,85.03531039408624
2025-03-09 20:17:39.079333,726.0,534.0,400.0,2487.0,1162.0,263.0,65.9515866124678,78.57319295729424,52.89119279278481,37.66697002692855,16.836341411773393,40.74417056790816,50.464522060727944,72.86273260841477,53.25456946473253,85.03531039408624
2025-03-09 20:17:39.079333,727.0,537.0,400.0,2486.0,1163.0,266.0,65.9515866124678,78.57319295729424,52.89119279278481,37.66697002692855,16.836341411773393,40.74417056790816,50.464522060727944,72.86273260841477,53.25456946473253,85.03531039408624
2025-03-09 20:17:39.087667,721.0,534.0,399.0,2489.0,1163.0,265.0,65.95045317756441,78.56952340100176,53.012746530353915,37.706754131234604,16.8369512949771,40.79062805501139,50.33219345418549,72.82565561418974,53.280846570791084,85.18365673888378
2025-03-09 20:17:39.087667,720.0,542.0,398.0,2488.0,1162.0,267.0,65.95045317756441,78.56952340100176,53.012746530353915,37.706754131234604,16.8369512949771,40.79062805501139,50.33219345418549,72.82565561418974,53.280846570791084,85.18365673888378
2025-03-09 20:17:39.087667,719.0,536.0,399.0,2489.0,1158.0,269.0,65.95045317756441,78.56952340100176,53.012746530353915,37.706754131234604,16.8369512949771,40.79062805501139,50.33219345418549,72.82565561418974,53.280846570791084,85.18365673888378
2025-03-09 20:17:39.096000,710.0,532.0,397.0,2491.0,1161.0,267.0,65.94541315336541,78.570500164813,53.14610969686723,37.7458121866698,16.83770307279365,40.836391059541576,50.19144613789707,72.79101520014723,53.31647863818479,85.33727396675488
2025-03-09 20:17:39.096000,708.0,535.0,399.0,2491.0,1161.0,267.0,65.94541315336541,78.570500164813,53.14610969686723,37.7458121866698,16.83770307279365,40.836391059541576,50.19144613789707,72.79101520014723,53.31647863818479,85.33727396675488
2025-03-09 20:17:39.096000,705.0,528.0,397.0,2489.0,1159.0,271.0,65.94541315336541,78.570500164813,53.14610969686723,37.7458121866698,16.83770307279365,40.836391059541576,50.19144613789707,72.79101520014723,53.31647863818479,85.33727396675488
2025-03-09 20:17:39.096000,708.0,527.0,403.0,2487.0,1152.0,272.0,65.94541315336541,78.570500164813,53.14610969686723,37.7458121866698,16.83770307279365,40.836391059541576,50.19144613789707,72.79101520014723,53.31647863818479,85.33727396675488
2025-03-09 20:17:39.104333,705.0,531.0,400.0,2493.0,1165.0,266.0,65.93616274723328,78.57506544691202,53.29021234156248,37.78388279300209,16.83893074500176,40.88159445803452,50.041993338520946,72.75690375734656,53.359494217843476,85.49534320093935
2025-03-09 20:17:39.104333,705.0,534.0,400.0,2489.0,1153.0,266.0,65.93616274723328,78.57506544691202,53.29021234156248,37.78388279300209,16.83893074500176,40.88159445803452,50.041993338520946,72.75690375734656,53.359494217843476,85.49534320093935
2025-03-09 20:17:39.104333,701.0,530.0,400.0,2491.0,1153.0,269.0,65.93616274723328,78.57506544691202,53.29021234156248,37.78388279300209,16.83893074500176,40.88159445803452,50.041993338520946,72.75690375734656,53.359494217843476,85.49534320093935
2025-03-09 20:17:39.112667,703.0,532.0,400.0,2493.0,1156.0,272.0,65.92148118160394,78.58238657989168,53.44358511552939,37.82033134735894,16.83986768078067,40.92556995083423,49.88315603250091,72.72185118187858,53.409194561825664,85.65624146827662
2025-03-09 20:17:39.112667,693.0,533.0,400.0,2490.0,1153.0,272.0,65.92148118160394,78.58238657989168,53.44358511552939,37.82033134735894,16.83986768078067,40.92556995083423,49.88315603250091,72.72185118187858,53.409194561825664,85.65624146827662
2025-03-09 20:17:39.112667,690.0,528.0,400.0,2495.0,1152.0,266.0,65.92148118160394,78.58238657989168,53.44358511552939,37.82033134735894,16.83986768078067,40.92556995083423,49.88315603250091,72.72185118187858,53.409194561825664,85.65624146827662
2025-03-09 20:17:39.112667,691.0,530.0,399.0,2491.0,1153.0,258.0,65.92148118160394,78.58238657989168,53.44358511552939,37.82033134735894,16.83986768078067,40.92556995083423,49.88315603250091,72.72185118187858,53.409194561825664,85.65624146827662
2025-03-09 20:17:39.121000,693.0,525.0,401.0,2490.0,1150.0,267.0,65.90084266202038,78.59168397682812,53.605810566372206,37.85599823883233,16.839999486412157,40.96901297211506,49.71376721619022,72.68478574363932,53.46558021632233,85.81762825616238
2025-03-09 20:17:39.121000,691.0,528.0,400.0,2491.0,1152.0,271.0,65.90084266202038,78.59168397682812,53.605810566372206,37.85599823883233,16.839999486412157,40.96901297211506,49.71376721619022,72.68478574363932,53.46558021632233,85.81762825616238
2025-03-09 20:17:39.121000,690.0,529.0,400.0,2491.0,1153.0,266.0,65.90084266202038,78.59168397682812,53.605810566372206,37.85599823883233,16.839999486412157,40.96901297211506,49.71376721619022,72.68478574363932,53.46558021632233,85.81762825616238
2025-03-09 20:17:39.129333,688.0,526.0,405.0,2491.0,1151.0,269.0,65.87455778669425,78.60255517688873,53.77823389527567,37.8928317060671,16.839189139010514,41.01351509592134,49.532540828091804,72.64597208025589,53.52975517976707,85.98385569316126
2025-03-09 20:17:39.129333,687.0,525.0,400.0,2495.0,1141.0,271.0,65.87455778669425,78.60255517688873,53.77823389527567,37.8928317060671,16.839189139010514,41.01351509592134,49.532540828091804,72.64597208025589,53.52975517976707,85.98385569316126
2025-03-09 20:17:39.129333,684.0,529.0,402.0,2494.0,1142.0,267.0,65.87455778669425,78.60255517688873,53.77823389527567,37.8928317060671,16.839189139010514,41.01351509592134,49.532540828091804,72.64597208025589,53.52975517976707,85.98385569316126
2025-03-09 20:17:39.129333,682.0,528.0,400.0,2496.0,1152.0,267.0,65.87455778669425,78.60255517688873,53.77823389527567,37.8928317060671,16.839189139010514,41.01351509592134,49.532540828091804,72.64597208025589,53.52975517976707,85.98385569316126
2025-03-09 20:17:39.137667,685.0,531.0,402.0,2494.0,1145.0,269.0,65.84242448073647,78.61389695908103,53.961619388684404,37.93230724754279,16.8372978889451,41.060238810829155,49.338215454684345,72.60497784319692,53.601972792822956,86.15916016669259
2025-03-09 20:17:39.137667,682.0,511.0,404.0,2498.0,1147.0,270.0,65.84242448073647,78.61389695908103,53.961619388684404,37.93230724754279,16.8372978889451,41.060238810829155,49.338215454684345,72.60497784319692,53.601972792822956,86.15916016669259
2025-03-09 20:17:39.137667,678.0,511.0,404.0,2490.0,1145.0,270.0,65.84242448073647,78.61389695908103,53.961619388684404,37.93230724754279,16.8372978889451,41.060238810829155,49.338215454684345,72.60497784319692,53.601972792822956,86.15916016669259
2025-03-09 20:17:39.137667,681.0,528.0,402.0,2494.0,1139.0,268.0,65.84242448073647,78.61389695908103,53.961619388684404,37.93230724754279,16.8372978889451,41.060238810829155,49.338215454684345,72.60497784319692,53.601972792822956,86.15916016669259
2025-03-09 20:17:39.146000,676.0,527.0,407.0,2492.0,1152.0,267.0,65.80480903579169,78.62418981676451,54.15518073168219,37.97522153683386,16.834830979805265,41.10995883202707,49.131356612436754,72.5610454974641,53.68058709496294,86.33621411079162
2025-03-09 20:17:39.146000,674.0,525.0,400.0,2498.0,1145.0,270.0,65.80480903579169,78.62418981676451,54.15518073168219,37.97522153683386,16.834830979805265,41.10995883202707,49.131356612436754,72.5610454974641,53.68058709496294,86.33621411079162
2025-03-09 20:17:39.146000,676.0,511.0,401.0,2496.0,1143.0,267.0,65.80480903579169,78.62418981676451,54.15518073168219,37.97522153683386,16.834830979805265,41.10995883202707,49.131356612436754,72.5610454974641,53.68058709496294,86.33621411079162
2025-03-09 20:17:39.154333,674.0,528.0,403.0,2498.0,1142.0,284.0,65.76279013572979,78.63305778577848,54.359067188302234,38.021743789613026,16.832939817383142,41.16323768666723,48.91280213201465,72.5138984084042,53.763934633298305,86.50963589358157
2025-03-09 20:17:39.154333,675.0,524.0,400.0,2497.0,1145.0,271.0,65.76279013572979,78.63305778577848,54.359067188302234,38.021743789613026,16.832939817383142,41.16323768666723,48.91280213201465,72.5138984084042,53.763934633298305,86.50963589358157
2025-03-09 20:17:39.154333,673.0,511.0,399.0,2499.0,1145.0,261.0,65.76279013572979,78.63305778577848,54.359067188302234,38.021743789613026,16.832939817383142,41.16323768666723,48.91280213201465,72.5138984084042,53.763934633298305,86.50963589358157
2025-03-09 20:17:39.154333,673.0,511.0,400.0,2496.0,1142.0,277.0,65.76279013572979,78.63305778577848,54.359067188302234,38.021743789613026,16.832939817383142,41.16323768666723,48.91280213201465,72.5138984084042,53.763934633298305,86.50963589358157
2025-03-09 20:17:39.162667,678.0,523.0,403.0,2499.0,1143.0,273.0,65.71677465821539,78.64039147190526,54.57292972622249,38.07123458073869,16.832101397122567,41.21960056671216,48.68356053690459,72.46368594071096,53.85097303535619,86.68053460751783
2025-03-09 20:17:39.162667,671.0,510.0,403.0,2502.0,1143.0,269.0,65.71677465821539,78.64039147190526,54.57292972622249,38.07123458073869,16.832101397122567,41.21960056671216,48.68356053690459,72.46368594071096,53.85097303535619,86.68053460751783
2025-03-09 20:17:39.162667,671.0,511.0,403.0,2503.0,1141.0,272.0,65.71677465821539,78.64039147190526,54.57292972622249,38.07123458073869,16.832101397122567,41.21960056671216,48.68356053690459,72.46368594071096,53.85097303535619,86.68053460751783
2025-03-09 20:17:39.162667,668.0,511.0,401.0,2509.0,1138.0,272.0,65.71677465821539,78.64039147190526,54.57292972622249,38.07123458073869,16.832101397122567,41.21960056671216,48.68356053690459,72.46368594071096,53.85097303535619,86.68053460751783
2025-03-09 20:17:39.171000,673.0,523.0,400.0,2506.0,1137.0,272.0,65.66700007318975,78.64552848386505,54.796347463994955,38.12328743627176,16.832779064582805,41.2787204564428,48.44451699859513,72.41029318889909,53.9404333852621,86.84989013295267
2025-03-09 20:17:39.171000,677.0,526.0,398.0,2503.0,1147.0,272.0,65.66700007318975,78.64552848386505,54.796347463994955,38.12328743627176,16.832779064582805,41.2787204564428,48.44451699859513,72.41029318889909,53.9404333852621,86.84989013295267
2025-03-09 20:17:39.171000,671.0,523.0,405.0,2502.0,1143.0,274.0,65.66700007318975,78.64552848386505,54.796347463994955,38.12328743627176,16.832779064582805,41.2787204564428,48.44451699859513,72.41029318889909,53.9404333852621,86.84989013295267
2025-03-09 20:17:39.179333,670.0,509.0,403.0,2503.0,1142.0,272.0,65.61403836906373,78.648049538907,55.02737430355406,38.17834615059827,16.835580308203095,41.3411006309206,48.19783435158093,72.35377064646809,54.03127464901023,87.01853324304095
2025-03-09 20:17:39.179333,669.0,511.0,402.0,2506.0,1130.0,270.0,65.61403836906373,78.648049538907,55.02737430355406,38.17834615059827,16.835580308203095,41.3411006309206,48.19783435158093,72.35377064646809,54.03127464901023,87.01853324304095
2025-03-09 20:17:39.179333,667.0,511.0,414.0,2507.0,1133.0,271.0,65.61403836906373,78.648049538907,55.02737430355406,38.17834615059827,16.835580308203095,41.3411006309206,48.19783435158093,72.35377064646809,54.03127464901023,87.01853324304095
2025-03-09 20:17:39.179333,667.0,511.0,400.0,2505.0,1130.0,270.0,65.61403836906373,78.648049538907,55.02737430355406,38.17834615059827,16.835580308203095,41.3411006309206,48.19783435158093,72.35377064646809,54.03127464901023,87.01853324304095
2025-03-09 20:17:39.187667,663.0,511.0,409.0,2503.0,1136.0,271.0,65.5579414168587,78.64736748065567,55.262498686109176,38.23770369657815,16.840642147959407,41.40785033704803,47.94604320010849,72.29394964713596,54.12308632176988,87.18598695621681
2025-03-09 20:17:39.187667,662.0,511.0,400.0,2505.0,1135.0,267.0,65.5579414168587,78.64736748065567,55.262498686109176,38.23770369657815,16.840642147959407,41.40785033704803,47.94604320010849,72.29394964713596,54.12308632176988,87.18598695621681
2025-03-09 20:17:39.187667,667.0,511.0,395.0,2503.0,1134.0,270.0,65.5579414168587,78.64736748065567,55.262498686109176,38.23770369657815,16.840642147959407,41.40785033704803,47.94604320010849,72.29394964713596,54.12308632176988,87.18598695621681
2025-03-09 20:17:39.196000,661.0,510.0,398.0,2507.0,1109.0,275.0,65.49822973046878,78.64292800243717,55.500491014491466,38.303552640401946,16.846887514715533,41.480280462890555,47.689343380981484,72.23163275740231,54.21785672816558,87.35083430011652
2025-03-09 20:17:39.196000,663.0,510.0,379.0,2501.0,1135.0,272.0,65.49822973046878,78.64292800243717,55.500491014491466,38.303552640401946,16.846887514715533,41.480280462890555,47.689343380981484,72.23163275740231,54.21785672816558,87.35083430011652
2025-03-09 20:17:39.196000,663.0,511.0,397.0,2510.0,1125.0,279.0,65.49822973046878,78.64292800243717,55.500491014491466,38.303552640401946,16.846887514715533,41.480280462890555,47.689343380981484,72.23163275740231,54.21785672816558,87.35083430011652
2025-03-09 20:17:39.196000,661.0,509.0,394.0,2507.0,1121.0,272.0,65.49822973046878,78.64292800243717,55.500491014491466,38.303552640401946,16.846887514715533,41.480280462890555,47.689343380981484,72.23163275740231,54.21785672816558,87.35083430011652
2025-03-09 20:17:39.204333,663.0,511.0,392.0,2514.0,1122.0,276.0,65.43460592981985,78.63525902707902,55.74259169999937,38.37473962304767,16.854526021053406,41.55721967320273,47.42792279446244,72.16792069380104,54.31605308374399,87.51899597583507
2025-03-09 20:17:39.204333,666.0,507.0,394.0,2511.0,1123.0,274.0,65.43460592981985,78.63525902707902,55.74259169999937,38.37473962304767,16.854526021053406,41.55721967320273,47.42792279446244,72.16792069380104,54.31605308374399,87.51899597583507
2025-03-09 20:17:39.204333,663.0,510.0,397.0,2512.0,1121.0,279.0,65.43460592981985,78.63525902707902,55.74259169999937,38.37473962304767,16.854526021053406,41.55721967320273,47.42792279446244,72.16792069380104,54.31605308374399,87.51899597583507
2025-03-09 20:17:39.212667,659.0,510.0,395.0,2511.0,1123.0,275.0,65.36645811144975,78.62548327523625,55.98963928607452,38.44507822327962,16.86511602606067,41.63340405781184,47.16448071891743,72.10400008824907,54.41496865406129,87.69684563394755
2025-03-09 20:17:39.212667,664.0,508.0,391.0,2511.0,1119.0,277.0,65.36645811144975,78.62548327523625,55.98963928607452,38.44507822327962,16.86511602606067,41.63340405781184,47.16448071891743,72.10400008824907,54.41496865406129,87.69684563394755
2025-03-09 20:17:39.212667,661.0,503.0,387.0,2512.0,1119.0,273.0,65.36645811144975,78.62548327523625,55.98963928607452,38.44507822327962,16.86511602606067,41.63340405781184,47.16448071891743,72.10400008824907,54.41496865406129,87.69684563394755
2025-03-09 20:17:39.212667,658.0,507.0,384.0,2514.0,1104.0,275.0,65.36645811144975,78.62548327523625,55.98963928607452,38.44507822327962,16.86511602606067,41.63340405781184,47.16448071891743,72.10400008824907,54.41496865406129,87.69684563394755
2025-03-09 20:17:39.221000,660.0,510.0,398.0,2513.0,1110.0,269.0,65.29325787661932,78.61466685369503,56.241648314825845,38.511582666114236,16.87853320128668,41.70635996178347,46.89898646764386,72.03959587144098,54.51372466646278,87.87776044675076
2025-03-09 20:17:39.221000,660.0,510.0,390.0,2514.0,1113.0,314.0,65.29325787661932,78.61466685369503,56.241648314825845,38.511582666114236,16.87853320128668,41.70635996178347,46.89898646764386,72.03959587144098,54.51372466646278,87.87776044675076
2025-03-09 20:17:39.221000,662.0,509.0,385.0,2513.0,1110.0,272.0,65.29325787661932,78.61466685369503,56.241648314825845,38.511582666114236,16.87853320128668,41.70635996178347,46.89898646764386,72.03959587144098,54.51372466646278,87.87776044675076
2025-03-09 20:17:39.229333,659.0,508.0,390.0,2513.0,1109.0,272.0,65.21646482662564,78.60288742736769,56.49732356036161,38.576658974115595,16.891999686968312,41.77797634661235,46.62866188892409,71.97338743755527,54.6131308895352,88.05621522593115
2025-03-09 20:17:39.229333,659.0,501.0,382.0,2514.0,1108.0,272.0,65.21646482662564,78.60288742736769,56.49732356036161,38.576658974115595,16.891999686968312,41.77797634661235,46.62866188892409,71.97338743755527,54.6131308895352,88.05621522593115
2025-03-09 20:17:39.229333,659.0,503.0,390.0,2517.0,1105.0,283.0,65.21646482662564,78.60288742736769,56.49732356036161,38.576658974115595,16.891999686968312,41.77797634661235,46.62866188892409,71.97338743755527,54.6131308895352,88.05621522593115
2025-03-09 20:17:39.229333,658.0,501.0,394.0,2519.0,1099.0,278.0,65.21646482662564,78.60288742736769,56.49732356036161,38.576658974115595,16.891999686968312,41.77797634661235,46.62866188892409,71.97338743755527,54.6131308895352,88.05621522593115
2025-03-09 20:17:39.237667,662.0,506.0,386.0,2521.0,1102.0,276.0,65.14069457552841,78.58911004325084,56.75447944820461,38.642413116333984,16.90397502322979,41.849796524580256,46.35501157162347,71.90579230909721,54.71098278539985,88.23414322826244
2025-03-09 20:17:39.237667,657.0,506.0,388.0,2513.0,1099.0,278.0,65.14069457552841,78.58911004325084,56.75447944820461,38.642413116333984,16.90397502322979,41.849796524580256,46.35501157162347,71.90579230909721,54.71098278539985,88.23414322826244
2025-03-09 20:17:39.237667,658.0,503.0,389.0,2513.0,1095.0,272.0,65.14069457552841,78.58911004325084,56.75447944820461,38.642413116333984,16.90397502322979,41.849796524580256,46.35501157162347,71.90579230909721,54.71098278539985,88.23414322826244
2025-03-09 20:17:39.246000,656.0,503.0,398.0,2521.0,1103.0,277.0,65.07071894181037,78.57359759533712,57.01197886994164,38.708960282646515,16.914699673642904,41.921887018431775,46.08195700859966,71.83894544198363,54.8049632020843,88.41574438102774
2025-03-09 20:17:39.246000,659.0,503.0,390.0,2517.0,1100.0,271.0,65.07071894181037,78.57359759533712,57.01197886994164,38.708960282646515,16.914699673642904,41.921887018431775,46.08195700859966,71.83894544198363,54.8049632020843,88.41574438102774
2025-03-09 20:17:39.246000,659.0,502.0,395.0,2522.0,1109.0,275.0,65.07071894181037,78.57359759533712,57.01197886994164,38.708960282646515,16.914699673642904,41.921887018431775,46.08195700859966,71.83894544198363,54.8049632020843,88.41574438102774
2025-03-09 20:17:39.246000,659.0,505.0,391.0,2522.0,1099.0,281.0,65.07071894181037,78.57359759533712,57.01197886994164,38.708960282646515,16.914699673642904,41.921887018431775,46.08195700859966,71.83894544198363,54.8049632020843,88.41574438102774
2025-03-09 20:17:39.254333,657.0,502.0,394.0,2526.0,1092.0,279.0,65.00860424664312,78.55604199009046,57.26716594638342,38.77621879143867,16.925183358036133,41.99465992650409,45.81270015739501,71.77237527052128,54.89230315291898,88.60413666911764
2025-03-09 20:17:39.254333,656.0,500.0,393.0,2526.0,1109.0,277.0,65.00860424664312,78.55604199009046,57.26716594638342,38.77621879143867,16.925183358036133,41.99465992650409,45.81270015739501,71.77237527052128,54.89230315291898,88.60413666911764
2025-03-09 20:17:39.254333,656.0,502.0,385.0,2528.0,1095.0,277.0,65.00860424664312,78.55604199009046,57.26716594638342,38.77621879143867,16.925183358036133,41.99465992650409,45.81270015739501,71.77237527052128,54.89230315291898,88.60413666911764
2025-03-09 20:17:39.254333,656.0,496.0,391.0,2528.0,1089.0,275.0,65.00860424664312,78.55604199009046,57.26716594638342,38.77621879143867,16.925183358036133,41.99465992650409,45.81270015739501,71.77237527052128,54.89230315291898,88.60413666911764
2025-03-09 20:17:39.262667,654.0,502.0,394.0,2529.0,1110.0,283.0,64.95409560791836,78.53419357194508,57.51755657918591,38.84971452477246,16.934011604332344,42.0726638576678,45.54572469775107,71.70431938671148,54.97452432321967,88.79718743178219
2025-03-09 20:17:39.262667,656.0,501.0,393.0,2527.0,1116.0,275.0,64.95409560791836,78.53419357194508,57.51755657918591,38.84971452477246,16.934011604332344,42.0726638576678,45.54572469775107,71.70431938671148,54.97452432321967,88.79718743178219
2025-03-09 20:17:39.262667,653.0,501.0,389.0,2528.0,1089.0,278.0,64.95409560791836,78.53419357194508,57.51755657918591,38.84971452477246,16.934011604332344,42.0726638576678,45.54572469775107,71.70431938671148,54.97452432321967,88.79718743178219
2025-03-09 20:17:39.271000,653.0,495.0,395.0,2531.0,1088.0,283.0,64.90639532106259,78.50611944208802,57.763686573025986,38.9361648351861,16.93842697957619,42.16088722220856,45.27647710996202,71.63421345486026,55.05621039756202,88.99396722123542
2025-03-09 20:17:39.271000,647.0,496.0,394.0,2531.0,1088.0,278.0,64.90639532106259,78.50611944208802,57.763686573025986,38.9361648351861,16.93842697957619,42.16088722220856,45.27647710996202,71.63421345486026,55.05621039756202,88.99396722123542
2025-03-09 20:17:39.271000,646.0,496.0,390.0,2532.0,1088.0,290.0,64.90639532106259,78.50611944208802,57.763686573025986,38.9361648351861,16.93842697957619,42.16088722220856,45.27647710996202,71.63421345486026,55.05621039756202,88.99396722123542
2025-03-09 20:17:39.271000,649.0,499.0,395.0,2533.0,1088.0,256.0,64.90639532106259,78.50611944208802,57.763686573025986,38.9361648351861,16.93842697957619,42.16088722220856,45.27647710996202,71.63421345486026,55.05621039756202,88.99396722123542
2025-03-09 20:17:39.279333,653.0,502.0,394.0,2530.0,1088.0,272.0,64.86506241182778,78.47147327495463,58.00747071186441,39.033790683544,16.938781623910042,42.25779103968985,45.00405626697423,71.5617917842853,55.13655436817001,89.19779527446475
2025-03-09 20:17:39.279333,651.0,497.0,395.0,2538.0,1099.0,284.0,64.86506241182778,78.47147327495463,58.00747071186441,39.033790683544,16.938781623910042,42.25779103968985,45.00405626697423,71.5617917842853,55.13655436817001,89.19779527446475
2025-03-09 20:17:39.279333,651.0,491.0,395.0,2540.0,1093.0,303.0,64.86506241182778,78.47147327495463,58.00747071186441,39.033790683544,16.938781623910042,42.25779103968985,45.00405626697423,71.5617917842853,55.13655436817001,89.19779527446475
2025-03-09 20:17:39.287667,647.0,497.0,391.0,2544.0,1088.0,240.0,64.82870564954607,78.4286922529379,58.25111229859251,39.13932804281928,16.936348735877125,42.3606488749206,44.7279148760381,71.4859103016962,55.21301647370092,89.4101675107521
2025-03-09 20:17:39.287667,651.0,494.0,399.0,2543.0,1085.0,286.0,64.82870564954607,78.4286922529379,58.25111229859251,39.13932804281928,16.936348735877125,42.3606488749206,44.7279148760381,71.4859103016962,55.21301647370092,89.4101675107521
2025-03-09 20:17:39.287667,647.0,497.0,395.0,2539.0,1088.0,288.0,64.82870564954607,78.4286922529379,58.25111229859251,39.13932804281928,16.936348735877125,42.3606488749206,44.7279148760381,71.4859103016962,55.21301647370092,89.4101675107521
2025-03-09 20:17:39.287667,647.0,497.0,392.0,2543.0,1087.0,294.0,64.82870564954607,78.4286922529379,58.25111229859251,39.13932804281928,16.936348735877125,42.3606488749206,44.7279148760381,71.4859103016962,55.21301647370092,89.4101675107521
2025-03-09 20:17:39.296000,649.0,495.0,390.0,2543.0,1082.0,291.0,64.7964542631369,78.37437534889007,58.49652820610898,39.25106690137901,16.931617755707446,42.46769953064925,44.44700004791311,71.40499943092239,55.28269692163827,89.63425913670339
2025-03-09 20:17:39.296000,647.0,497.0,395.0,2544.0,1083.0,289.0,64.7964542631369,78.37437534889007,58.49652820610898,39.25106690137901,16.931617755707446,42.46769953064925,44.44700004791311,71.40499943092239,55.28269692163827,89.63425913670339
2025-03-09 20:17:39.296000,646.0,495.0,394.0,2546.0,1082.0,292.0,64.7964542631369,78.37437534889007,58.49652820610898,39.25106690137901,16.931617755707446,42.46769953064925,44.44700004791311,71.40499943092239,55.28269692163827,89.63425913670339
2025-03-09 20:17:39.304333,642.0,496.0,393.0,2544.0,1083.0,292.0,64.77161763721772,78.30640712694154,58.74236558340501,39.36672034722449,16.92616515050952,42.57738855241611,44.16514772269824,71.31804055743945,55.33954599066097,89.8752803522353
2025-03-09 20:17:39.304333,643.0,496.0,393.0,2549.0,1082.0,294.0,64.77161763721772,78.30640712694154,58.74236558340501,39.36672034722449,16.92616515050952,42.57738855241611,44.16514772269824,71.31804055743945,55.33954599066097,89.8752803522353
2025-03-09 20:17:39.304333,647.0,486.0,397.0,2553.0,1083.0,295.0,64.77161763721772,78.30640712694154,58.74236558340501,39.36672034722449,16.92616515050952,42.57738855241611,44.16514772269824,71.31804055743945,55.33954599066097,89.8752803522353
2025-03-09 20:17:39.304333,645.0,494.0,386.0,2551.0,1079.0,299.0,64.77161763721772,78.30640712694154,58.74236558340501,39.36672034722449,16.92616515050952,42.57738855241611,44.16514772269824,71.31804055743945,55.33954599066097,89.8752803522353
2025-03-09 20:17:39.312667,647.0,491.0,396.0,2549.0,1080.0,294.0,64.75966092977002,78.22426849547422,58.98391918991558,39.485009617060015,16.92179126804782,42.6894381311114,43.889475545057756,71.22464733689023,55.377233181968805,90.13581309774979
2025-03-09 20:17:39.312667,645.0,496.0,387.0,2554.0,1077.0,294.0,64.75966092977002,78.22426849547422,58.98391918991558,39.485009617060015,16.92179126804782,42.6894381311114,43.889475545057756,71.22464733689023,55.377233181968805,90.13581309774979
2025-03-09 20:17:39.312667,643.0,494.0,387.0,2550.0,1079.0,298.0,64.75966092977002,78.22426849547422,58.98391918991558,39.485009617060015,16.92179126804782,42.6894381311114,43.889475545057756,71.22464733689023,55.377233181968805,90.13581309774979
2025-03-09 20:17:39.312667,640.0,493.0,389.0,2547.0,1078.0,298.0,64.75966092977002,78.22426849547422,58.98391918991558,39.485009617060015,16.92179126804782,42.6894381311114,43.889475545057756,71.22464733689023,55.377233181968805,90.13581309774979
2025-03-09 20:17:39.321000,645.0,494.0,390.0,2550.0,1079.0,301.0,64.76435736384245,78.12711971436698,59.21510279948869,39.6051685794939,16.91956451193137,42.8037830533374,43.62660381855926,71.12379759392954,55.39038086653868,90.41869795741442
2025-03-09 20:17:39.321000,643.0,496.0,394.0,2551.0,1085.0,304.0,64.76435736384245,78.12711971436698,59.21510279948869,39.6051685794939,16.91956451193137,42.8037830533374,43.62660381855926,71.12379759392954,55.39038086653868,90.41869795741442
2025-03-09 20:17:39.321000,640.0,488.0,395.0,2555.0,1085.0,298.0,64.76435736384245,78.12711971436698,59.21510279948869,39.6051685794939,16.91956451193137,42.8037830533374,43.62660381855926,71.12379759392954,55.39038086653868,90.41869795741442
2025-03-09 20:17:39.329333,642.0,490.0,393.0,2559.0,1088.0,301.0,64.78942565446917,78.01585119923065,59.43360572867107,39.72874210514575,16.919189844426747,42.921813815911676,43.380113872047225,71.01695926773391,55.37876261682759,90.72826005125627
2025-03-09 20:17:39.329333,642.0,495.0,391.0,2559.0,1086.0,304.0,64.78942565446917,78.01585119923065,59.43360572867107,39.72874210514575,16.919189844426747,42.921813815911676,43.380113872047225,71.01695926773391,55.37876261682759,90.72826005125627
2025-03-09 20:17:39.329333,640.0,490.0,390.0,2559.0,1081.0,304.0,64.78942565446917,78.01585119923065,59.43360572867107,39.72874210514575,16.919189844426747,42.921813815911676,43.380113872047225,71.01695926773391,55.37876261682759,90.72826005125627
2025-03-09 20:17:39.329333,640.0,490.0,387.0,2559.0,1079.0,302.0,64.78942565446917,78.01585119923065,59.43360572867107,39.72874210514575,16.919189844426747,42.921813815911676,43.380113872047225,71.01695926773391,55.37876261682759,90.72826005125627
2025-03-09 20:17:39.337667,638.0,496.0,393.0,2558.0,1088.0,304.0,64.83962323439984,77.8942988372727,59.64255606375603,39.85765755365697,16.91892260271736,43.04423353748773,43.15209301546582,70.91101276620365,55.3482024678232,91.06962265822264
2025-03-09 20:17:39.337667,625.0,496.0,391.0,2559.0,1099.0,309.0,64.83962323439984,77.8942988372727,59.64255606375603,39.85765755365697,16.91892260271736,43.04423353748773,43.15209301546582,70.91101276620365,55.3482024678232,91.06962265822264
2025-03-09 20:17:39.337667,624.0,485.0,389.0,2559.0,1099.0,313.0,64.83962323439984,77.8942988372727,59.64255606375603,39.85765755365697,16.91892260271736,43.04423353748773,43.15209301546582,70.91101276620365,55.3482024678232,91.06962265822264
2025-03-09 20:17:39.346000,626.0,486.0,394.0,2559.0,1098.0,309.0,64.91934256252213,77.76767591590547,59.845940237973686,39.99058562622868,16.91570168045879,43.167699902417404,42.94670077321257,70.8169673515512,55.306796392928,91.44993886511483
2025-03-09 20:17:39.346000,624.0,495.0,392.0,2559.0,1103.0,313.0,64.91934256252213,77.76767591590547,59.845940237973686,39.99058562622868,16.91570168045879,43.167699902417404,42.94670077321257,70.8169673515512,55.306796392928,91.44993886511483
2025-03-09 20:17:39.346000,624.0,491.0,395.0,2559.0,1100.0,319.0,64.91934256252213,77.76767591590547,59.845940237973686,39.99058562622868,16.91570168045879,43.167699902417404,42.94670077321257,70.8169673515512,55.306796392928,91.44993886511483
2025-03-09 20:17:39.346000,624.0,485.0,396.0,2559.0,1104.0,314.0,64.91934256252213,77.76767591590547,59.845940237973686,39.99058562622868,16.91570168045879,43.167699902417404,42.94670077321257,70.8169673515512,55.306796392928,91.44993886511483
2025-03-09 20:17:39.354333,624.0,489.0,395.0,2559.0,1105.0,315.0,65.02001380016607,77.6347686235929,60.044000550389306,40.123566532755824,16.90848201229643,43.28763356644485,42.76167241810604,70.73412487395065,55.25770582059738,91.85970048019341
2025-03-09 20:17:39.354333,624.0,493.0,394.0,2559.0,1104.0,311.0,65.02001380016607,77.6347686235929,60.044000550389306,40.123566532755824,16.90848201229643,43.28763356644485,42.76167241810604,70.73412487395065,55.25770582059738,91.85970048019341
2025-03-09 20:17:39.354333,610.0,491.0,385.0,2559.0,1115.0,321.0,65.02001380016607,77.6347686235929,60.044000550389306,40.123566532755824,16.90848201229643,43.28763356644485,42.76167241810604,70.73412487395065,55.25770582059738,91.85970048019341
2025-03-09 20:17:39.362667,607.0,485.0,395.0,2559.0,1120.0,326.0,65.11900982855376,77.48646506583545,60.233591715455084,40.25164327670988,16.896706696244753,43.39920969514907,42.58495932355585,70.64876461513482,55.199699057983125,92.26828637621747
2025-03-09 20:17:39.362667,606.0,485.0,398.0,2559.0,1124.0,330.0,65.11900982855376,77.48646506583545,60.233591715455084,40.25164327670988,16.896706696244753,43.39920969514907,42.58495932355585,70.64876461513482,55.199699057983125,92.26828637621747
2025-03-09 20:17:39.362667,605.0,489.0,395.0,2582.0,1117.0,325.0,65.11900982855376,77.48646506583545,60.233591715455084,40.25164327670988,16.896706696244753,43.39920969514907,42.58495932355585,70.64876461513482,55.199699057983125,92.26828637621747
2025-03-09 20:17:39.362667,602.0,481.0,394.0,2559.0,1121.0,332.0,65.11900982855376,77.48646506583545,60.233591715455084,40.25164327670988,16.896706696244753,43.39920969514907,42.58495932355585,70.64876461513482,55.199699057983125,92.26828637621747
2025-03-09 20:17:39.371000,602.0,487.0,389.0,2559.0,1129.0,330.0,65.20382699999038,77.31585030330952,60.40584532843409,40.371470076766,16.880034383900426,43.499437105381695,42.413615840468744,70.55079392573114,55.12733546399509,92.65790088437848
2025-03-09 20:17:39.371000,603.0,494.0,385.0,2582.0,1126.0,335.0,65.20382699999038,77.31585030330952,60.40584532843409,40.371470076766,16.880034383900426,43.499437105381695,42.413615840468744,70.55079392573114,55.12733546399509,92.65790088437848
2025-03-09 20:17:39.371000,599.0,485.0,387.0,2559.0,1130.0,333.0,65.20382699999038,77.31585030330952,60.40584532843409,40.371470076766,16.880034383900426,43.499437105381695,42.413615840468744,70.55079392573114,55.12733546399509,92.65790088437848
2025-03-09 20:17:39.379333,590.0,485.0,390.0,2590.0,1145.0,338.0,65.2742194605098,77.11898880109239,60.54906872089732,40.48273191143791,16.859531806920582,43.5889984948172,42.25331654754341,70.43414774808731,55.03133910023586,93.02774488878913
2025-03-09 20:17:39.379333,587.0,480.0,385.0,2590.0,1140.0,353.0,65.2742194605098,77.11898880109239,60.54906872089732,40.48273191143791,16.859531806920582,43.5889984948172,42.25331654754341,70.43414774808731,55.03133910023586,93.02774488878913
2025-03-09 20:17:39.379333,589.0,484.0,400.0,2589.0,1149.0,339.0,65.2742194605098,77.11898880109239,60.54906872089732,40.48273191143791,16.859531806920582,43.5889984948172,42.25331654754341,70.43414774808731,55.03133910023586,93.02774488878913
2025-03-09 20:17:39.379333,587.0,488.0,395.0,2589.0,1145.0,339.0,65.2742194605098,77.11898880109239,60.54906872089732,40.48273191143791,16.859531806920582,43.5889984948172,42.25331654754341,70.43414774808731,55.03133910023586,93.02774488878913
2025-03-09 20:17:39.387667,581.0,481.0,394.0,2590.0,1143.0,342.0,65.33096004995085,76.89292305255812,60.659732630043344,40.5871367243522,16.835923276766994,43.67028853793612,42.103899690867436,70.29400421794837,54.90634998103974,93.37900913733469
2025-03-09 20:17:39.387667,583.0,480.0,393.0,2591.0,1149.0,342.0,65.33096004995085,76.89292305255812,60.659732630043344,40.5871367243522,16.835923276766994,43.67028853793612,42.103899690867436,70.29400421794837,54.90634998103974,93.37900913733469
2025-03-09 20:17:39.387667,579.0,481.0,395.0,2590.0,1149.0,343.0,65.33096004995085,76.89292305255812,60.659732630043344,40.5871367243522,16.835923276766994,43.67028853793612,42.103899690867436,70.29400421794837,54.90634998103974,93.37900913733469
2025-03-09 20:17:39.387667,564.0,485.0,397.0,2594.0,1162.0,353.0,65.33096004995085,76.89292305255812,60.659732630043344,40.5871367243522,16.835923276766994,43.67028853793612,42.103899690867436,70.29400421794837,54.90634998103974,93.37900913733469
2025-03-09 20:17:39.396000,566.0,481.0,398.0,2594.0,1163.0,348.0,65.37327505900022,76.63617154789969,60.741052406385464,40.68737228012831,16.809138838716223,43.746030915780835,41.96006095386407,70.12768065654193,54.75267450130762,93.7127514286476
2025-03-09 20:17:39.396000,567.0,480.0,399.0,2598.0,1168.0,348.0,65.37327505900022,76.63617154789969,60.741052406385464,40.68737228012831,16.809138838716223,43.746030915780835,41.96006095386407,70.12768065654193,54.75267450130762,93.7127514286476
2025-03-09 20:17:39.396000,563.0,485.0,395.0,2593.0,1167.0,350.0,65.37327505900022,76.63617154789969,60.741052406385464,40.68737228012831,16.809138838716223,43.746030915780835,41.96006095386407,70.12768065654193,54.75267450130762,93.7127514286476
2025-03-09 20:17:39.404333,560.0,483.0,397.0,2593.0,1159.0,353.0,65.3999402395828,76.34821902035402,60.79693018134488,40.78633194803523,16.77970258601221,43.81918081563199,41.8168705278428,69.9336183031521,54.57206013926295,94.03014770255233
2025-03-09 20:17:39.404333,560.0,486.0,394.0,2597.0,1173.0,353.0,65.3999402395828,76.34821902035402,60.79693018134488,40.78633194803523,16.77970258601221,43.81918081563199,41.8168705278428,69.9336183031521,54.57206013926295,94.03014770255233
2025-03-09 20:17:39.404333,560.0,486.0,386.0,2595.0,1168.0,355.0,65.3999402395828,76.34821902035402,60.79693018134488,40.78633194803523,16.77970258601221,43.81918081563199,41.8168705278428,69.9336183031521,54.57206013926295,94.03014770255233
2025-03-09 20:17:39.404333,556.0,483.0,385.0,2596.0,1173.0,354.0,65.3999402395828,76.34821902035402,60.79693018134488,40.78633194803523,16.77970258601221,43.81918081563199,41.8168705278428,69.9336183031521,54.57206013926295,94.03014770255233
2025-03-09 20:17:39.412667,543.0,483.0,393.0,2597.0,1186.0,362.0,65.40950670254792,76.0286385265714,60.82856694549252,40.886193708652364,16.747798466776125,43.89189920760236,41.67135617931689,69.71052380887244,54.36555582411602,94.33244452602413
2025-03-09 20:17:39.412667,545.0,486.0,381.0,2604.0,1186.0,362.0,65.40950670254792,76.0286385265714,60.82856694549252,40.886193708652364,16.747798466776125,43.89189920760236,41.67135617931689,69.71052380887244,54.36555582411602,94.33244452602413
2025-03-09 20:17:39.412667,544.0,482.0,383.0,2602.0,1191.0,363.0,65.40950670254792,76.0286385265714,60.82856694549252,40.886193708652364,16.747798466776125,43.89189920760236,41.67135617931689,69.71052380887244,54.36555582411602,94.33244452602413
2025-03-09 20:17:39.412667,539.0,484.0,384.0,2605.0,1189.0,398.0,65.40950670254792,76.0286385265714,60.82856694549252,40.886193708652364,16.747798466776125,43.89189920760236,41.67135617931689,69.71052380887244,54.36555582411602,94.33244452602413
2025-03-09 20:17:39.421000,537.0,479.0,389.0,2601.0,1189.0,365.0,65.39977134783658,75.67707332943651,60.831754239030744,40.98755532374415,16.71342888796116,43.964706170575425,41.52485298120046,69.4576874385609,54.13253770059499,94.62085038258768
2025-03-09 20:17:39.421000,543.0,480.0,397.0,2599.0,1193.0,365.0,65.39977134783658,75.67707332943651,60.831754239030744,40.98755532374415,16.71342888796116,43.964706170575425,41.52485298120046,69.4576874385609,54.13253770059499,94.62085038258768
2025-03-09 20:17:39.421000,541.0,485.0,389.0,2606.0,1191.0,367.0,65.39977134783658,75.67707332943651,60.831754239030744,40.98755532374415,16.71342888796116,43.964706170575425,41.52485298120046,69.4576874385609,54.13253770059499,94.62085038258768
2025-03-09 20:17:39.429333,525.0,476.0,336.0,2605.0,1203.0,369.0,65.37191336566548,75.29604845519913,60.804856730631165,41.0875807624176,16.67696531899378,44.034959149872265,41.38167045319042,69.1783724377762,53.8727788052739,94.89884937007608
2025-03-09 20:17:39.429333,511.0,481.0,342.0,2607.0,1205.0,376.0,65.37191336566548,75.29604845519913,60.804856730631165,41.0875807624176,16.67696531899378,44.034959149872265,41.38167045319042,69.1783724377762,53.8727788052739,94.89884937007608
2025-03-09 20:17:39.429333,528.0,478.0,338.0,2608.0,1207.0,375.0,65.37191336566548,75.29604845519913,60.804856730631165,41.0875807624176,16.67696531899378,44.034959149872265,41.38167045319042,69.1783724377762,53.8727788052739,94.89884937007608
2025-03-09 20:17:39.437667,511.0,480.0,361.0,2608.0,1205.0,380.0,65.33037548631317,74.89074576556358,60.75117089439469,41.179540801560606,16.63919107874245,44.09664285764152,41.246814401069166,68.87865332022109,53.58642959486136,95.17082953683655
2025-03-09 20:17:39.437667,525.0,480.0,366.0,2606.0,1212.0,379.0,65.33037548631317,74.89074576556358,60.75117089439469,41.179540801560606,16.63919107874245,44.09664285764152,41.246814401069166,68.87865332022109,53.58642959486136,95.17082953683655
2025-03-09 20:17:39.437667,523.0,478.0,369.0,2608.0,1214.0,385.0,65.33037548631317,74.89074576556358,60.75117089439469,41.179540801560606,16.63919107874245,44.09664285764152,41.246814401069166,68.87865332022109,53.58642959486136,95.17082953683655
2025-03-09 20:17:39.437667,523.0,482.0,368.0,2609.0,1215.0,379.0,65.33037548631317,74.89074576556358,60.75117089439469,41.179540801560606,16.63919107874245,44.09664285764152,41.246814401069166,68.87865332022109,53.58642959486136,95.17082953683655
2025-03-09 20:17:39.446000,511.0,485.0,368.0,2608.0,1216.0,379.0,65.27776116467267,74.4646227447295,60.6711674160881,41.25699708399203,16.600265418117008,44.14394769822507,41.124682831970304,68.5621832936283,53.27219684742671,95.43842049137693
2025-03-09 20:17:39.446000,507.0,481.0,343.0,2613.0,1232.0,389.0,65.27776116467267,74.4646227447295,60.6711674160881,41.25699708399203,16.600265418117008,44.14394769822507,41.124682831970304,68.5621832936283,53.27219684742671,95.43842049137693
2025-03-09 20:17:39.446000,503.0,482.0,338.0,2610.0,1232.0,390.0,65.27776116467267,74.4646227447295,60.6711674160881,41.25699708399203,16.600265418117008,44.14394769822507,41.124682831970304,68.5621832936283,53.27219684742671,95.43842049137693
2025-03-09 20:17:39.446000,501.0,481.0,342.0,2613.0,1233.0,393.0,65.27776116467267,74.4646227447295,60.6711674160881,41.25699708399203,16.600265418117008,44.14394769822507,41.124682831970304,68.5621832936283,53.27219684742671,95.43842049137693
2025-03-09 20:17:39.454333,498.0,481.0,342.0,2612.0,1237.0,388.0,65.21420635721644,74.01922818384755,60.56183117460806,41.31757659680228,16.559707913281958,44.174700763247515,41.01788728825903,68.22997311208098,52.9290855934971,95.70093177666662
2025-03-09 20:17:39.454333,497.0,474.0,342.0,2611.0,1238.0,390.0,65.21420635721644,74.01922818384755,60.56183117460806,41.31757659680228,16.559707913281958,44.174700763247515,41.01788728825903,68.22997311208098,52.9290855934971,95.70093177666662
2025-03-09 20:17:39.454333,496.0,480.0,353.0,2608.0,1237.0,394.0,65.21420635721644,74.01922818384755,60.56183117460806,41.31757659680228,16.559707913281958,44.174700763247515,41.01788728825903,68.22997311208098,52.9290855934971,95.70093177666662
2025-03-09 20:17:39.462667,496.0,478.0,352.0,2614.0,1237.0,398.0,65.13975276694634,73.5554694452679,60.42037052067814,41.362763625278525,16.51643599006221,44.19002733912108,40.92711609468182,67.882796051857,52.55797908026779,95.95690442844082
2025-03-09 20:17:39.462667,487.0,478.0,367.0,2618.0,1259.0,401.0,65.13975276694634,73.5554694452679,60.42037052067814,41.362763625278525,16.51643599006221,44.19002733912108,40.92711609468182,67.882796051857,52.55797908026779,95.95690442844082
2025-03-09 20:17:39.462667,490.0,474.0,368.0,2613.0,1254.0,403.0,65.13975276694634,73.5554694452679,60.42037052067814,41.362763625278525,16.51643599006221,44.19002733912108,40.92711609468182,67.882796051857,52.55797908026779,95.95690442844082
2025-03-09 20:17:39.462667,486.0,476.0,368.0,2614.0,1255.0,404.0,65.13975276694634,73.5554694452679,60.42037052067814,41.362763625278525,16.51643599006221,44.19002733912108,40.92711609468182,67.882796051857,52.55797908026779,95.95690442844082
2025-03-09 20:17:39.471000,487.0,481.0,358.0,2613.0,1263.0,400.0,65.05469391243547,73.07487744711655,60.24664810633731,41.39541568275497,16.470231699209304,44.19253248665028,40.85176722585242,67.52199272674085,52.16132426096852,96.20423988967984
2025-03-09 20:17:39.471000,484.0,477.0,371.0,2614.0,1259.0,403.0,65.05469391243547,73.07487744711655,60.24664810633731,41.39541568275497,16.470231699209304,44.19253248665028,40.85176722585242,67.52199272674085,52.16132426096852,96.20423988967984
2025-03-09 20:17:39.471000,483.0,477.0,378.0,2612.0,1259.0,401.0,65.05469391243547,73.07487744711655,60.24664810633731,41.39541568275497,16.470231699209304,44.19253248665028,40.85176722585242,67.52199272674085,52.16132426096852,96.20423988967984
2025-03-09 20:17:39.471000,489.0,471.0,368.0,2614.0,1265.0,401.0,65.05469391243547,73.07487744711655,60.24664810633731,41.39541568275497,16.470231699209304,44.19253248665028,40.85176722585242,67.52199272674085,52.16132426096852,96.20423988967984
2025-03-09 20:17:39.479333,484.0,474.0,374.0,2615.0,1264.0,403.0,64.95857352836889,72.58003606087699,60.04188669931749,41.418417699738015,16.42197923922712,44.185015693807074,40.79129664573481,67.14998466112317,51.74300442176351,96.44037218896804
2025-03-09 20:17:39.479333,476.0,480.0,391.0,2613.0,1273.0,411.0,64.95857352836889,72.58003606087699,60.04188669931749,41.418417699738015,16.42197923922712,44.185015693807074,40.79129664573481,67.14998466112317,51.74300442176351,96.44037218896804
2025-03-09 20:17:39.479333,474.0,478.0,387.0,2611.0,1273.0,412.0,64.95857352836889,72.58003606087699,60.04188669931749,41.418417699738015,16.42197923922712,44.185015693807074,40.79129664573481,67.14998466112317,51.74300442176351,96.44037218896804
2025-03-09 20:17:39.487667,474.0,481.0,385.0,2619.0,1266.0,415.0,64.85092611751726,72.07483787110708,59.80942381999758,41.434890964509385,16.370489075847058,44.16947139307069,40.74371691930978,66.77214851180092,51.31114141276153,96.66291922298333
2025-03-09 20:17:39.487667,477.0,481.0,377.0,2618.0,1272.0,415.0,64.85092611751726,72.07483787110708,59.80942381999758,41.434890964509385,16.370489075847058,44.16947139307069,40.74371691930978,66.77214851180092,51.31114141276153,96.66291922298333
2025-03-09 20:17:39.487667,474.0,477.0,374.0,2613.0,1273.0,410.0,64.85092611751726,72.07483787110708,59.80942381999758,41.434890964509385,16.370489075847058,44.16947139307069,40.74371691930978,66.77214851180092,51.31114141276153,96.66291922298333
2025-03-09 20:17:39.496000,469.0,474.0,395.0,2613.0,1273.0,406.0,64.73216825470864,71.56519668628745,59.55675850104223,41.447685408611534,16.314288923178754,44.147702834612666,40.704659620948064,66.39509504724845,50.87659905946893,96.86836045777444
2025-03-09 20:17:39.496000,473.0,478.0,384.0,2613.0,1275.0,411.0,64.73216825470864,71.56519668628745,59.55675850104223,41.447685408611534,16.314288923178754,44.147702834612666,40.704659620948064,66.39509504724845,50.87659905946893,96.86836045777444
2025-03-09 20:17:39.496000,467.0,478.0,332.0,2611.0,1281.0,411.0,64.73216825470864,71.56519668628745,59.55675850104223,41.447685408611534,16.314288923178754,44.147702834612666,40.704659620948064,66.39509504724845,50.87659905946893,96.86836045777444
2025-03-09 20:17:39.496000,467.0,476.0,325.0,2611.0,1271.0,415.0,64.73216825470864,71.56519668628745,59.55675850104223,41.447685408611534,16.314288923178754,44.147702834612666,40.704659620948064,66.39509504724845,50.87659905946893,96.86836045777444
2025-03-09 20:17:39.504333,467.0,479.0,317.0,2614.0,1280.0,412.0,64.603322015802,71.05842828322135,59.29351966546912,41.458995583412644,16.253429993274004,44.121599245918695,40.669552977532035,66.02543504595877,50.45038672306928,97.05193619749308
2025-03-09 20:17:39.504333,465.0,481.0,323.0,2615.0,1271.0,409.0,64.603322015802,71.05842828322135,59.29351966546912,41.458995583412644,16.253429993274004,44.121599245918695,40.669552977532035,66.02543504595877,50.45038672306928,97.05193619749308
2025-03-09 20:17:39.504333,467.0,479.0,335.0,2611.0,1279.0,417.0,64.603322015802,71.05842828322135,59.29351966546912,41.458995583412644,16.253429993274004,44.121599245918695,40.669552977532035,66.02543504595877,50.45038672306928,97.05193619749308
2025-03-09 20:17:39.504333,465.0,474.0,333.0,2613.0,1275.0,411.0,64.603322015802,71.05842828322135,59.29351966546912,41.458995583412644,16.253429993274004,44.121599245918695,40.669552977532035,66.02543504595877,50.45038672306928,97.05193619749308
2025-03-09 20:17:39.512667,464.0,467.0,339.0,2615.0,1275.0,407.0,64.46592514430725,70.56147001209833,59.02694047465549,41.471097794402674,16.188078825250727,44.09338549417397,40.63519298795354,65.6687379428728,50.04170781746273,97.21054122182844
2025-03-09 20:17:39.512667,464.0,473.0,358.0,2611.0,1281.0,407.0,64.46592514430725,70.56147001209833,59.02694047465549,41.471097794402674,16.188078825250727,44.09338549417397,40.63519298795354,65.6687379428728,50.04170781746273,97.21054122182844
2025-03-09 20:17:39.512667,464.0,480.0,423.0,2615.0,1267.0,411.0,64.46592514430725,70.56147001209833,59.02694047465549,41.471097794402674,16.188078825250727,44.09338549417397,40.63519298795354,65.6687379428728,50.04170781746273,97.21054122182844
2025-03-09 20:17:39.521000,463.0,477.0,423.0,2613.0,1269.0,411.0,64.32275266273628,70.08084755827917,58.76109603282456,41.484874431135246,16.119327076095917,44.06465593630513,40.60141283224786,65.32911962573007,49.655750063844756,97.34457510235626
2025-03-09 20:17:39.521000,464.0,474.0,432.0,2613.0,1269.0,405.0,64.32275266273628,70.08084755827917,58.76109603282456,41.484874431135246,16.119327076095917,44.06465593630513,40.60141283224786,65.32911962573007,49.655750063844756,97.34457510235626
2025-03-09 20:17:39.521000,464.0,474.0,447.0,2614.0,1267.0,407.0,64.32275266273628,70.08084755827917,58.76109603282456,41.484874431135246,16.119327076095917,44.06465593630513,40.60141283224786,65.32911962573007,49.655750063844756,97.34457510235626
2025-03-09 20:17:39.521000,462.0,471.0,448.0,2613.0,1264.0,401.0,64.32275266273628,70.08084755827917,58.76109603282456,41.484874431135246,16.119327076095917,44.06465593630513,40.60141283224786,65.32911962573007,49.655750063844756,97.34457510235626
2025-03-09 20:17:39.529333,462.0,473.0,475.0,2618.0,1264.0,403.0,64.17776525217249,69.62346576909499,58.49768632199195,41.496429421941755,16.051104459946405,44.03425234155996,40.571822386356125,65.00793438403099,49.29083234658208,97.45647292720635
2025-03-09 20:17:39.529333,464.0,480.0,530.0,2611.0,1265.0,404.0,64.17776525217249,69.62346576909499,58.49768632199195,41.496429421941755,16.051104459946405,44.03425234155996,40.571822386356125,65.00793438403099,49.29083234658208,97.45647292720635
2025-03-09 20:17:39.529333,460.0,473.0,461.0,2611.0,1258.0,400.0,64.17776525217249,69.62346576909499,58.49768632199195,41.496429421941755,16.051104459946405,44.03425234155996,40.571822386356125,65.00793438403099,49.29083234658208,97.45647292720635
2025-03-09 20:17:39.529333,460.0,478.0,473.0,2614.0,1258.0,400.0,64.17776525217249,69.62346576909499,58.49768632199195,41.496429421941755,16.051104459946405,44.03425234155996,40.571822386356125,65.00793438403099,49.29083234658208,97.45647292720635
2025-03-09 20:17:39.537667,464.0,471.0,511.0,2613.0,1254.0,398.0,64.03552153760458,69.19621391674886,58.23837370125009,41.50453902524544,15.985486924299153,44.00274076862007,40.54902201997689,64.707747153039,48.94783326633344,97.54959278587977
2025-03-09 20:17:39.537667,458.0,468.0,507.0,2613.0,1253.0,399.0,64.03552153760458,69.19621391674886,58.23837370125009,41.50453902524544,15.985486924299153,44.00274076862007,40.54902201997689,64.707747153039,48.94783326633344,97.54959278587977
2025-03-09 20:17:39.537667,463.0,473.0,549.0,2613.0,1254.0,399.0,64.03552153760458,69.19621391674886,58.23837370125009,41.50453902524544,15.985486924299153,44.00274076862007,40.54902201997689,64.707747153039,48.94783326633344,97.54959278587977
2025-03-09 20:17:39.537667,459.0,467.0,558.0,2613.0,1249.0,398.0,64.03552153760458,69.19621391674886,58.23837370125009,41.50453902524544,15.985486924299153,44.00274076862007,40.54902201997689,64.707747153039,48.94783326633344,97.54959278587977
2025-03-09 20:17:39.546000,458.0,476.0,554.0,2613.0,1262.0,397.0,63.89990197308714,68.80368309857481,57.98484348650779,41.516114696076265,15.919446040411147,43.975517822820066,40.53203217167828,64.43432706375066,48.635560339493736,97.62745678976106
2025-03-09 20:17:39.546000,463.0,479.0,509.0,2615.0,1232.0,400.0,63.89990197308714,68.80368309857481,57.98484348650779,41.516114696076265,15.919446040411147,43.975517822820066,40.53203217167828,64.43432706375066,48.635560339493736,97.62745678976106
2025-03-09 20:17:39.546000,460.0,469.0,426.0,2610.0,1241.0,386.0,63.89990197308714,68.80368309857481,57.98484348650779,41.516114696076265,15.919446040411147,43.975517822820066,40.53203217167828,64.43432706375066,48.635560339493736,97.62745678976106
2025-03-09 20:17:39.554333,458.0,475.0,432.0,2611.0,1237.0,389.0,63.77292545758646,68.44725149511808,57.73651131424949,41.5353538036685,15.851239103705222,43.95553361806209,40.52203055621059,64.19139949944976,48.35845852629246,97.69222819288859
2025-03-09 20:17:39.554333,459.0,469.0,443.0,2609.0,1239.0,422.0,63.77292545758646,68.44725149511808,57.73651131424949,41.5353538036685,15.851239103705222,43.95553361806209,40.52203055621059,64.19139949944976,48.35845852629246,97.69222819288859
2025-03-09 20:17:39.554333,463.0,471.0,438.0,2610.0,1239.0,379.0,63.77292545758646,68.44725149511808,57.73651131424949,41.5353538036685,15.851239103705222,43.95553361806209,40.52203055621059,64.19139949944976,48.35845852629246,97.69222819288859
2025-03-09 20:17:39.554333,457.0,471.0,437.0,2608.0,1235.0,384.0,63.77292545758646,68.44725149511808,57.73651131424949,41.5353538036685,15.851239103705222,43.95553361806209,40.52203055621059,64.19139949944976,48.35845852629246,97.69222819288859
2025-03-09 20:17:39.562667,459.0,473.0,459.0,2616.0,1239.0,383.0,63.6563194166162,68.12707299060324,57.49381403241263,41.561818500852034,15.782532533697578,43.94254159101277,40.52228601564624,63.980614527056844,48.11572053527916,97.74472100965589
2025-03-09 20:17:39.562667,459.0,470.0,454.0,2610.0,1235.0,379.0,63.6563194166162,68.12707299060324,57.49381403241263,41.561818500852034,15.782532533697578,43.94254159101277,40.52228601564624,63.980614527056844,48.11572053527916,97.74472100965589
2025-03-09 20:17:39.562667,455.0,463.0,415.0,2611.0,1227.0,382.0,63.6563194166162,68.12707299060324,57.49381403241263,41.561818500852034,15.782532533697578,43.94254159101277,40.52228601564624,63.980614527056844,48.11572053527916,97.74472100965589
2025-03-09 20:17:39.571000,459.0,473.0,419.0,2618.0,1227.0,375.0,63.55270957398709,67.8443371031607,57.26185675611578,41.59533663224306,15.715954441636626,43.936972554696915,40.53356796538987,63.8036269807244,47.90791851436116,97.78499946131703
2025-03-09 20:17:39.571000,459.0,475.0,401.0,2609.0,1234.0,362.0,63.55270957398709,67.8443371031607,57.26185675611578,41.59533663224306,15.715954441636626,43.936972554696915,40.53356796538987,63.8036269807244,47.90791851436116,97.78499946131703
2025-03-09 20:17:39.571000,459.0,471.0,402.0,2609.0,1226.0,378.0,63.55270957398709,67.8443371031607,57.26185675611578,41.59533663224306,15.715954441636626,43.936972554696915,40.53356796538987,63.8036269807244,47.90791851436116,97.78499946131703
2025-03-09 20:17:39.571000,458.0,469.0,409.0,2608.0,1221.0,374.0,63.55270957398709,67.8443371031607,57.26185675611578,41.59533663224306,15.715954441636626,43.936972554696915,40.53356796538987,63.8036269807244,47.90791851436116,97.78499946131703
2025-03-09 20:17:39.579333,455.0,471.0,421.0,2608.0,1227.0,371.0,63.462987211666515,67.60043086293184,57.04346761324364,41.63584987168649,15.65197362083315,43.93902269539749,40.55488002305802,63.66111646394376,47.73653873378517,97.81195487201978
2025-03-09 20:17:39.579333,454.0,469.0,410.0,2609.0,1201.0,373.0,63.462987211666515,67.60043086293184,57.04346761324364,41.63584987168649,15.65197362083315,43.93902269539749,40.55488002305802,63.66111646394376,47.73653873378517,97.81195487201978
2025-03-09 20:17:39.579333,459.0,471.0,416.0,2611.0,1230.0,371.0,63.462987211666515,67.60043086293184,57.04346761324364,41.63584987168649,15.65197362083315,43.93902269539749,40.55488002305802,63.66111646394376,47.73653873378517,97.81195487201978
2025-03-09 20:17:39.587667,449.0,467.0,412.0,2610.0,1229.0,368.0,63.386318592777684,67.39682167297276,56.838775348693304,41.68356985031836,15.588719446168362,43.94848660870365,40.584397241723494,63.553835414572355,47.604568082524246,97.82437187098267
2025-03-09 20:17:39.587667,455.0,471.0,417.0,2608.0,1223.0,368.0,63.386318592777684,67.39682167297276,56.838775348693304,41.68356985031836,15.588719446168362,43.94848660870365,40.584397241723494,63.553835414572355,47.604568082524246,97.82437187098267
2025-03-09 20:17:39.587667,449.0,467.0,405.0,2608.0,1230.0,365.0,63.386318592777684,67.39682167297276,56.838775348693304,41.68356985031836,15.588719446168362,43.94848660870365,40.584397241723494,63.553835414572355,47.604568082524246,97.82437187098267
2025-03-09 20:17:39.587667,450.0,468.0,400.0,2609.0,1223.0,361.0,63.386318592777684,67.39682167297276,56.838775348693304,41.68356985031836,15.588719446168362,43.94848660870365,40.584397241723494,63.553835414572355,47.604568082524246,97.82437187098267
2025-03-09 20:17:39.596000,453.0,470.0,400.0,2610.0,1219.0,365.0,63.32309469629932,67.23522872106838,56.650793425126466,41.7403421232979,15.525166058919243,43.966866718488475,40.619306974022166,63.48298619686293,47.516134501112624,97.82092699204357
2025-03-09 20:17:39.596000,451.0,471.0,406.0,2609.0,1221.0,363.0,63.32309469629932,67.23522872106838,56.650793425126466,41.7403421232979,15.525166058919243,43.966866718488475,40.619306974022166,63.48298619686293,47.516134501112624,97.82092699204357
2025-03-09 20:17:39.596000,450.0,475.0,406.0,2607.0,1228.0,367.0,63.32309469629932,67.23522872106838,56.650793425126466,41.7403421232979,15.525166058919243,43.966866718488475,40.619306974022166,63.48298619686293,47.516134501112624,97.82092699204357
2025-03-09 20:17:39.596000,449.0,471.0,410.0,2609.0,1209.0,361.0,63.32309469629932,67.23522872106838,56.650793425126466,41.7403421232979,15.525166058919243,43.966866718488475,40.619306974022166,63.48298619686293,47.516134501112624,97.82092699204357
2025-03-09 20:17:39.604333,449.0,464.0,403.0,2608.0,1213.0,354.0,63.27469778835183,67.1167518400383,56.483610731544786,41.81054996473555,15.459880699662794,43.99782725483921,40.65575376194371,63.449881594122914,47.476433546533464,97.79900610693481
2025-03-09 20:17:39.604333,449.0,467.0,411.0,2607.0,1214.0,356.0,63.27469778835183,67.1167518400383,56.483610731544786,41.81054996473555,15.459880699662794,43.99782725483921,40.65575376194371,63.449881594122914,47.476433546533464,97.79900610693481
2025-03-09 20:17:39.604333,451.0,468.0,410.0,2608.0,1216.0,359.0,63.27469778835183,67.1167518400383,56.483610731544786,41.81054996473555,15.459880699662794,43.99782725483921,40.65575376194371,63.449881594122914,47.476433546533464,97.79900610693481
2025-03-09 20:17:39.612667,452.0,468.0,415.0,2608.0,1214.0,353.0,63.24244739760992,67.04238218008888,56.34053984678733,41.90073003069996,15.389657930141098,44.04635930918189,40.68917557539008,63.45686492252656,47.492979084451875,97.75666954464451
2025-03-09 20:17:39.612667,449.0,471.0,411.0,2608.0,1213.0,358.0,63.24244739760992,67.04238218008888,56.34053984678733,41.90073003069996,15.389657930141098,44.04635930918189,40.68917557539008,63.45686492252656,47.492979084451875,97.75666954464451
2025-03-09 20:17:39.612667,451.0,469.0,407.0,2608.0,1213.0,355.0,63.24244739760992,67.04238218008888,56.34053984678733,41.90073003069996,15.389657930141098,44.04635930918189,40.68917557539008,63.45686492252656,47.492979084451875,97.75666954464451
2025-03-09 20:17:39.612667,450.0,467.0,405.0,2605.0,1194.0,356.0,63.24244739760992,67.04238218008888,56.34053984678733,41.90073003069996,15.389657930141098,44.04635930918189,40.68917557539008,63.45686492252656,47.492979084451875,97.75666954464451
2025-03-09 20:17:39.621000,448.0,468.0,394.0,2606.0,1206.0,339.0,63.22676237050576,67.01265373238508,56.22298834550235,42.01839674347417,15.311249531932852,44.11822552758063,40.715854084251255,63.5064500196132,47.57352767394522,97.6931399735854
2025-03-09 20:17:39.621000,451.0,470.0,394.0,2607.0,1210.0,333.0,63.22676237050576,67.01265373238508,56.22298834550235,42.01839674347417,15.311249531932852,44.11822552758063,40.715854084251255,63.5064500196132,47.57352767394522,97.6931399735854
2025-03-09 20:17:39.621000,449.0,465.0,396.0,2608.0,1207.0,343.0,63.22676237050576,67.01265373238508,56.22298834550235,42.01839674347417,15.311249531932852,44.11822552758063,40.715854084251255,63.5064500196132,47.57352767394522,97.6931399735854
2025-03-09 20:17:39.629333,448.0,471.0,395.0,2608.0,1207.0,339.0,63.22774338770414,67.02790032875502,56.13145749215641,42.17043448715936,15.220214415859125,44.21828533620877,40.73205553232842,63.60151594510398,47.72613949544667,97.60796879043633
2025-03-09 20:17:39.629333,447.0,474.0,400.0,2605.0,1217.0,336.0,63.22774338770414,67.02790032875502,56.13145749215641,42.17043448715936,15.220214415859125,44.21828533620877,40.73205553232842,63.60151594510398,47.72613949544667,97.60796879043633
2025-03-09 20:17:39.629333,449.0,466.0,399.0,2608.0,1199.0,346.0,63.22774338770414,67.02790032875502,56.13145749215641,42.17043448715936,15.220214415859125,44.21828533620877,40.73205553232842,63.60151594510398,47.72613949544667,97.60796879043633
2025-03-09 20:17:39.629333,450.0,470.0,401.0,2607.0,1202.0,337.0,63.22774338770414,67.02790032875502,56.13145749215641,42.17043448715936,15.220214415859125,44.21828533620877,40.73205553232842,63.60151594510398,47.72613949544667,97.60796879043633
2025-03-09 20:17:39.637667,446.0,469.0,370.0,2606.0,1209.0,335.0,63.24518564857391,67.08764606505817,56.06518040280633,42.36497363014737,15.10748912122384,44.351059848751426,40.7321535722169,63.74665845656018,47.962291159561424,97.50199538654854
2025-03-09 20:17:39.637667,446.0,464.0,384.0,2607.0,1200.0,336.0,63.24518564857391,67.08764606505817,56.06518040280633,42.36497363014737,15.10748912122384,44.351059848751426,40.7321535722169,63.74665845656018,47.962291159561424,97.50199538654854
2025-03-09 20:17:39.637667,447.0,467.0,399.0,2608.0,1200.0,337.0,63.24518564857391,67.08764606505817,56.06518040280633,42.36497363014737,15.10748912122384,44.351059848751426,40.7321535722169,63.74665845656018,47.962291159561424,97.50199538654854
2025-03-09 20:17:39.646000,447.0,477.0,417.0,2605.0,1200.0,342.0,63.27728340269121,67.18941574774726,56.02072400097296,42.55460955397137,14.997353976957276,44.483942470443615,40.73308524396824,63.917901237554254,48.229407574507235,97.37751926446016
2025-03-09 20:17:39.646000,448.0,465.0,433.0,2603.0,1197.0,337.0,63.27728340269121,67.18941574774726,56.02072400097296,42.55460955397137,14.997353976957276,44.483942470443615,40.73308524396824,63.917901237554254,48.229407574507235,97.37751926446016
2025-03-09 20:17:39.646000,448.0,464.0,466.0,2605.0,1194.0,337.0,63.27728340269121,67.18941574774726,56.02072400097296,42.55460955397137,14.997353976957276,44.483942470443615,40.73308524396824,63.917901237554254,48.229407574507235,97.37751926446016
2025-03-09 20:17:39.646000,449.0,469.0,471.0,2605.0,1197.0,333.0,63.27728340269121,67.18941574774726,56.02072400097296,42.55460955397137,14.997353976957276,44.483942470443615,40.73308524396824,63.917901237554254,48.229407574507235,97.37751926446016
2025-03-09 20:17:39.654333,448.0,468.0,447.0,2607.0,1191.0,336.0,63.32172647463897,67.32962191458248,55.9960734368764,42.6347300389749,14.953719464084454,44.546886432810616,40.775462327248626,64.05960281107326,48.40576419747915,97.2363348478382
2025-03-09 20:17:39.654333,447.0,466.0,418.0,2601.0,1181.0,327.0,63.32172647463897,67.32962191458248,55.9960734368764,42.6347300389749,14.953719464084454,44.546886432810616,40.775462327248626,64.05960281107326,48.40576419747915,97.2363348478382
2025-03-09 20:17:39.654333,448.0,467.0,414.0,2604.0,1197.0,333.0,63.32172647463897,67.32962191458248,55.9960734368764,42.6347300389749,14.953719464084454,44.546886432810616,40.775462327248626,64.05960281107326,48.40576419747915,97.2363348478382
2025-03-09 20:17:39.662667,448.0,469.0,423.0,2601.0,1223.0,328.0,63.376574190326075,67.50454304498557,55.99351837762786,42.554035993246536,15.013548935204527,44.506535990639584,40.879082969866126,64.14124220308041,48.427480862987395,97.07887988899924
2025-03-09 20:17:39.662667,443.0,467.0,416.0,2602.0,1182.0,329.0,63.376574190326075,67.50454304498557,55.99351837762786,42.554035993246536,15.013548935204527,44.506535990639584,40.879082969866126,64.14124220308041,48.427480862987395,97.07887988899924
2025-03-09 20:17:39.662667,446.0,469.0,421.0,2602.0,1183.0,325.0,63.376574190326075,67.50454304498557,55.99351837762786,42.554035993246536,15.013548935204527,44.506535990639584,40.879082969866126,64.14124220308041,48.427480862987395,97.07887988899924
2025-03-09 20:17:39.662667,444.0,468.0,416.0,2602.0,1191.0,326.0,63.376574190326075,67.50454304498557,55.99351837762786,42.554035993246536,15.013548935204527,44.506535990639584,40.879082969866126,64.14124220308041,48.427480862987395,97.07887988899924
2025-03-09 20:17:39.671000,443.0,468.0,422.0,2605.0,1188.0,327.0,63.43953263775401,67.71048395614761,56.01417789896394,42.368747624973054,15.145585543386591,44.40086580644399,41.02152551366194,64.18965516558265,48.35628343708078,96.90611290268494
2025-03-09 20:17:39.671000,443.0,470.0,418.0,2603.0,1187.0,323.0,63.43953263775401,67.71048395614761,56.01417789896394,42.368747624973054,15.145585543386591,44.40086580644399,41.02152551366194,64.18965516558265,48.35628343708078,96.90611290268494
2025-03-09 20:17:39.671000,445.0,470.0,419.0,2603.0,1170.0,319.0,63.43953263775401,67.71048395614761,56.01417789896394,42.368747624973054,15.145585543386591,44.40086580644399,41.02152551366194,64.18965516558265,48.35628343708078,96.90611290268494
2025-03-09 20:17:39.671000,446.0,464.0,414.0,2601.0,1186.0,304.0,63.43953263775401,67.71048395614761,56.01417789896394,42.368747624973054,15.145585543386591,44.40086580644399,41.02152551366194,64.18965516558265,48.35628343708078,96.90611290268494
2025-03-09 20:17:39.679333,442.0,465.0,417.0,2605.0,1178.0,331.0,63.50677127257814,67.94325100627428,56.05461564332919,42.18590495927805,15.282319956617858,44.29964846330979,41.1609934007312,64.25900701377024,48.31433940004218,96.71902749573572
2025-03-09 20:17:39.679333,443.0,467.0,427.0,2604.0,1181.0,375.0,63.50677127257814,67.94325100627428,56.05461564332919,42.18590495927805,15.282319956617858,44.29964846330979,41.1609934007312,64.25900701377024,48.31433940004218,96.71902749573572
2025-03-09 20:17:39.679333,446.0,473.0,423.0,2601.0,1184.0,320.0,63.50677127257814,67.94325100627428,56.05461564332919,42.18590495927805,15.282319956617858,44.29964846330979,41.1609934007312,64.25900701377024,48.31433940004218,96.71902749573572
2025-03-09 20:17:39.687667,447.0,466.0,414.0,2602.0,1185.0,320.0,63.57441422720469,68.19866465953132,56.10925791182023,42.04876858319998,15.395132637932704,44.229907057872325,41.28178886199932,64.36948911550087,48.3492568454924,96.5185768886601
2025-03-09 20:17:39.687667,446.0,470.0,413.0,2602.0,1182.0,330.0,63.57441422720469,68.19866465953132,56.10925791182023,42.04876858319998,15.395132637932704,44.229907057872325,41.28178886199932,64.36948911550087,48.3492568454924,96.5185768886601
2025-03-09 20:17:39.687667,443.0,464.0,412.0,2599.0,1183.0,320.0,63.57441422720469,68.19866465953132,56.10925791182023,42.04876858319998,15.395132637932704,44.229907057872325,41.28178886199932,64.36948911550087,48.3492568454924,96.5185768886601
2025-03-09 20:17:39.687667,443.0,470.0,414.0,2603.0,1182.0,318.0,63.57441422720469,68.19866465953132,56.10925791182023,42.04876858319998,15.395132637932704,44.229907057872325,41.28178886199932,64.36948911550087,48.3492568454924,96.5185768886601
2025-03-09 20:17:39.696000,442.0,469.0,417.0,2607.0,1174.0,320.0,63.64095993438929,68.47447752626373,56.174415257170025,41.94242392501096,15.492077676445522,44.18113342206456,41.39080769111973,64.51204654570144,48.442154328151666,96.30744479439264
2025-03-09 20:17:39.696000,442.0,471.0,416.0,2603.0,1179.0,308.0,63.64095993438929,68.47447752626373,56.174415257170025,41.94242392501096,15.492077676445522,44.18113342206456,41.39080769111973,64.51204654570144,48.442154328151666,96.30744479439264
2025-03-09 20:17:39.696000,443.0,467.0,415.0,2603.0,1177.0,320.0,63.64095993438929,68.47447752626373,56.174415257170025,41.94242392501096,15.492077676445522,44.18113342206456,41.39080769111973,64.51204654570144,48.442154328151666,96.30744479439264
2025-03-09 20:17:39.704333,442.0,468.0,417.0,2599.0,1175.0,323.0,63.705843345856536,68.77106897960282,56.24991256415575,41.85691231857914,15.579116820379152,44.14689504655162,41.49119701975652,64.68079356512727,48.58170533201639,96.08622850107271
2025-03-09 20:17:39.704333,446.0,470.0,417.0,2601.0,1175.0,317.0,63.705843345856536,68.77106897960282,56.24991256415575,41.85691231857914,15.579116820379152,44.14689504655162,41.49119701975652,64.68079356512727,48.58170533201639,96.08622850107271
2025-03-09 20:17:39.704333,441.0,467.0,416.0,2607.0,1178.0,318.0,63.705843345856536,68.77106897960282,56.24991256415575,41.85691231857914,15.579116820379152,44.14689504655162,41.49119701975652,64.68079356512727,48.58170533201639,96.08622850107271
2025-03-09 20:17:39.704333,437.0,463.0,413.0,2603.0,1171.0,320.0,63.705843345856536,68.77106897960282,56.24991256415575,41.85691231857914,15.579116820379152,44.14689504655162,41.49119701975652,64.68079356512727,48.58170533201639,96.08622850107271
2025-03-09 20:17:39.712667,445.0,470.0,412.0,2604.0,1179.0,319.0,63.76993651418,69.08886261624718,56.3355811716347,41.78569719547392,15.659952951675404,44.122758950674516,41.586344861720605,64.87316046750325,48.760585322249206,95.85701728035183
2025-03-09 20:17:39.712667,443.0,468.0,416.0,2601.0,1177.0,320.0,63.76993651418,69.08886261624718,56.3355811716347,41.78569719547392,15.659952951675404,44.122758950674516,41.586344861720605,64.87316046750325,48.760585322249206,95.85701728035183
2025-03-09 20:17:39.712667,439.0,466.0,411.0,2599.0,1178.0,320.0,63.76993651418,69.08886261624718,56.3355811716347,41.78569719547392,15.659952951675404,44.122758950674516,41.586344861720605,64.87316046750325,48.760585322249206,95.85701728035183
2025-03-09 20:17:39.721000,446.0,471.0,410.0,2601.0,1180.0,317.0,63.83464468853756,69.42785731511356,56.43082023753248,41.72273870835181,15.736731132808222,44.10384814946291,41.680443001136226,65.08869588039629,48.97304688835181,95.62578785044708
2025-03-09 20:17:39.721000,444.0,465.0,416.0,2603.0,1182.0,317.0,63.83464468853756,69.42785731511356,56.43082023753248,41.72273870835181,15.736731132808222,44.10384814946291,41.680443001136226,65.08869588039629,48.97304688835181,95.62578785044708
2025-03-09 20:17:39.721000,439.0,466.0,416.0,2603.0,1179.0,319.0,63.83464468853756,69.42785731511356,56.43082023753248,41.72273870835181,15.736731132808222,44.10384814946291,41.680443001136226,65.08869588039629,48.97304688835181,95.62578785044708
2025-03-09 20:17:39.721000,439.0,463.0,415.0,2602.0,1179.0,315.0,63.83464468853756,69.42785731511356,56.43082023753248,41.72273870835181,15.736731132808222,44.10384814946291,41.680443001136226,65.08869588039629,48.97304688835181,95.62578785044708
2025-03-09 20:17:39.729333,442.0,464.0,414.0,2603.0,1180.0,314.0,63.90171143720371,69.78768814729389,56.53432143219585,41.66319553080243,15.811537724875455,44.08659958847707,41.777412364507484,65.32609001850707,49.21285053235404,95.39958549263501
2025-03-09 20:17:39.729333,446.0,469.0,416.0,2598.0,1178.0,319.0,63.90171143720371,69.78768814729389,56.53432143219585,41.66319553080243,15.811537724875455,44.08659958847707,41.777412364507484,65.32609001850707,49.21285053235404,95.39958549263501
2025-03-09 20:17:39.729333,442.0,464.0,416.0,2600.0,1179.0,317.0,63.90171143720371,69.78768814729389,56.53432143219585,41.66319553080243,15.811537724875455,44.08659958847707,41.777412364507484,65.32609001850707,49.21285053235404,95.39958549263501
2025-03-09 20:17:39.737667,446.0,467.0,417.0,2597.0,1179.0,318.0,63.97598218248169,70.16704811882585,56.64262439708789,41.60485929215941,15.88644360816184,44.070142955027094,41.88305687226286,65.5833807219688,49.471569138178374,95.1881567279312
2025-03-09 20:17:39.737667,443.0,470.0,412.0,2599.0,1177.0,315.0,63.97598218248169,70.16704811882585,56.64262439708789,41.60485929215941,15.88644360816184,44.070142955027094,41.88305687226286,65.5833807219688,49.471569138178374,95.1881567279312
2025-03-09 20:17:39.737667,443.0,474.0,413.0,2598.0,1179.0,317.0,63.97598218248169,70.16704811882585,56.64262439708789,41.60485929215941,15.88644360816184,44.070142955027094,41.88305687226286,65.5833807219688,49.471569138178374,95.1881567279312
2025-03-09 20:17:39.737667,444.0,471.0,418.0,2598.0,1175.0,318.0,63.97598218248169,70.16704811882585,56.64262439708789,41.60485929215941,15.88644360816184,44.070142955027094,41.88305687226286,65.5833807219688,49.471569138178374,95.1881567279312
2025-03-09 20:17:39.746000,445.0,471.0,414.0,2597.0,1183.0,314.0,64.0643236397529,70.56482619507727,56.751595831143426,41.54665703604182,15.96285481021541,44.05433631932682,42.00457733290858,65.86005855880296,49.74119290728056,95.0040757669946
2025-03-09 20:17:39.746000,447.0,467.0,411.0,2601.0,1182.0,321.0,64.0643236397529,70.56482619507727,56.751595831143426,41.54665703604182,15.96285481021541,44.05433631932682,42.00457733290858,65.86005855880296,49.74119290728056,95.0040757669946
2025-03-09 20:17:39.746000,443.0,465.0,415.0,2601.0,1180.0,318.0,64.0643236397529,70.56482619507727,56.751595831143426,41.54665703604182,15.96285481021541,44.05433631932682,42.00457733290858,65.86005855880296,49.74119290728056,95.0040757669946
2025-03-09 20:17:39.746000,443.0,465.0,410.0,2599.0,1183.0,321.0,64.0643236397529,70.56482619507727,56.751595831143426,41.54665703604182,15.96285481021541,44.05433631932682,42.00457733290858,65.86005855880296,49.74119290728056,95.0040757669946
2025-03-09 20:17:39.754333,444.0,470.0,415.0,2599.0,1179.0,317.0,64.17415872805245,70.97975562002583,56.85826535773349,41.4878421203667,16.041359677542747,44.03885274124528,42.148549972870725,66.1567116985086,50.01496556649742,94.86019609117275
2025-03-09 20:17:39.754333,446.0,464.0,413.0,2598.0,1182.0,317.0,64.17415872805245,70.97975562002583,56.85826535773349,41.4878421203667,16.041359677542747,44.03885274124528,42.148549972870725,66.1567116985086,50.01496556649742,94.86019609117275
2025-03-09 20:17:39.754333,445.0,470.0,414.0,2603.0,1179.0,314.0,64.17415872805245,70.97975562002583,56.85826535773349,41.4878421203667,16.041359677542747,44.03885274124528,42.148549972870725,66.1567116985086,50.01496556649742,94.86019609117275
2025-03-09 20:17:39.762667,443.0,470.0,413.0,2603.0,1186.0,315.0,64.30967621802803,71.40923835607387,56.96113910044155,41.424473615845955,16.123711977359747,44.0207519588183,42.31950664635791,66.47164626611202,50.28448039478112,94.76394703417952
2025-03-09 20:17:39.762667,447.0,464.0,414.0,2598.0,1185.0,315.0,64.30967621802803,71.40923835607387,56.96113910044155,41.424473615845955,16.123711977359747,44.0207519588183,42.31950664635791,66.47164626611202,50.28448039478112,94.76394703417952
2025-03-09 20:17:39.762667,445.0,471.0,412.0,2598.0,1182.0,314.0,64.30967621802803,71.40923835607387,56.96113910044155,41.424473615845955,16.123711977359747,44.0207519588183,42.31950664635791,66.47164626611202,50.28448039478112,94.76394703417952
2025-03-09 20:17:39.762667,443.0,470.0,421.0,2598.0,1183.0,316.0,64.30967621802803,71.40923835607387,56.96113910044155,41.424473615845955,16.123711977359747,44.0207519588183,42.31950664635791,66.47164626611202,50.28448039478112,94.76394703417952
2025-03-09 20:17:39.771000,445.0,469.0,411.0,2605.0,1184.0,313.0,64.46826395520571,71.84886304870984,57.06004619038708,41.353261860908134,16.211227732421513,43.997622390748376,42.515458475521974,66.79943319518458,50.54368151801161,94.71204051550535
2025-03-09 20:17:39.771000,448.0,467.0,415.0,2602.0,1184.0,315.0,64.46826395520571,71.84886304870984,57.06004619038708,41.353261860908134,16.211227732421513,43.997622390748376,42.515458475521974,66.79943319518458,50.54368151801161,94.71204051550535
2025-03-09 20:17:39.771000,449.0,466.0,407.0,2596.0,1186.0,315.0,64.46826395520571,71.84886304870984,57.06004619038708,41.353261860908134,16.211227732421513,43.997622390748376,42.515458475521974,66.79943319518458,50.54368151801161,94.71204051550535
2025-03-09 20:17:39.779333,443.0,470.0,417.0,2606.0,1184.0,317.0,64.64139270981644,72.29280993179532,57.15529126009975,41.2786757182346,16.299631157268454,43.9715526263857,42.72697474381028,67.1363619023786,50.79768310118783,94.69173963363625
2025-03-09 20:17:39.779333,453.0,464.0,413.0,2591.0,1190.0,314.0,64.64139270981644,72.29280993179532,57.15529126009975,41.2786757182346,16.299631157268454,43.9715526263857,42.72697474381028,67.1363619023786,50.79768310118783,94.69173963363625
2025-03-09 20:17:39.779333,455.0,474.0,413.0,2591.0,1183.0,311.0,64.64139270981644,72.29280993179532,57.15529126009975,41.2786757182346,16.299631157268454,43.9715526263857,42.72697474381028,67.1363619023786,50.79768310118783,94.69173963363625
2025-03-09 20:17:39.779333,450.0,466.0,410.0,2598.0,1183.0,313.0,64.64139270981644,72.29280993179532,57.15529126009975,41.2786757182346,16.299631157268454,43.9715526263857,42.72697474381028,67.1363619023786,50.79768310118783,94.69173963363625
2025-03-09 20:17:39.787667,455.0,470.0,419.0,2592.0,1184.0,314.0,64.8167960751254,72.73434621128533,57.24623623583163,41.2045789983731,16.38542212535094,43.94403750446863,42.94419461175817,67.47757834146528,51.051861749985825,94.68495213634256
2025-03-09 20:17:39.787667,457.0,471.0,405.0,2596.0,1190.0,314.0,64.8167960751254,72.73434621128533,57.24623623583163,41.2045789983731,16.38542212535094,43.94403750446863,42.94419461175817,67.47757834146528,51.051861749985825,94.68495213634256
2025-03-09 20:17:39.787667,453.0,474.0,413.0,2597.0,1184.0,316.0,64.8167960751254,72.73434621128533,57.24623623583163,41.2045789983731,16.38542212535094,43.94403750446863,42.94419461175817,67.47757834146528,51.051861749985825,94.68495213634256
2025-03-09 20:17:39.796000,457.0,471.0,411.0,2594.0,1179.0,317.0,64.98120851034864,73.16681696590359,57.33254822950489,41.130644966131115,16.46827189293601,43.9142730543466,43.15804056680622,67.81501855291647,51.3067320696365,94.67195106610956
2025-03-09 20:17:39.796000,464.0,470.0,411.0,2594.0,1180.0,312.0,64.98120851034864,73.16681696590359,57.33254822950489,41.130644966131115,16.46827189293601,43.9142730543466,43.15804056680622,67.81501855291647,51.3067320696365,94.67195106610956
2025-03-09 20:17:39.796000,462.0,469.0,407.0,2594.0,1185.0,313.0,64.98120851034864,73.16681696590359,57.33254822950489,41.130644966131115,16.46827189293601,43.9142730543466,43.15804056680622,67.81501855291647,51.3067320696365,94.67195106610956
2025-03-09 20:17:39.796000,464.0,471.0,406.0,2592.0,1186.0,311.0,64.98120851034864,73.16681696590359,57.33254822950489,41.130644966131115,16.46827189293601,43.9142730543466,43.15804056680622,67.81501855291647,51.3067320696365,94.67195106610956
2025-03-09 20:17:39.804333,469.0,470.0,415.0,2593.0,1185.0,315.0,65.12422427771548,73.5851423563084,57.417479012668935,41.056337910035076,16.548407021730753,43.88181944470945,43.35850764391393,68.14110070939925,51.562779579698976,94.63643644351676
2025-03-09 20:17:39.804333,466.0,472.0,415.0,2593.0,1186.0,317.0,65.12422427771548,73.5851423563084,57.417479012668935,41.056337910035076,16.548407021730753,43.88181944470945,43.35850764391393,68.14110070939925,51.562779579698976,94.63643644351676
2025-03-09 20:17:39.804333,464.0,477.0,413.0,2595.0,1190.0,314.0,65.12422427771548,73.5851423563084,57.417479012668935,41.056337910035076,16.548407021730753,43.88181944470945,43.35850764391393,68.14110070939925,51.562779579698976,94.63643644351676
2025-03-09 20:17:39.812667,471.0,464.0,409.0,2595.0,1194.0,306.0,65.24059485567012,73.98658703147166,57.50610874373414,40.981787489916485,16.625143548866067,43.846549507344875,43.5375770249557,68.45201564049249,51.821783508237154,94.5690566292058
2025-03-09 20:17:39.812667,469.0,475.0,407.0,2590.0,1182.0,314.0,65.24059485567012,73.98658703147166,57.50610874373414,40.981787489916485,16.625143548866067,43.846549507344875,43.5375770249557,68.45201564049249,51.821783508237154,94.5690566292058
2025-03-09 20:17:39.812667,478.0,478.0,409.0,2595.0,1182.0,309.0,65.24059485567012,73.98658703147166,57.50610874373414,40.981787489916485,16.625143548866067,43.846549507344875,43.5375770249557,68.45201564049249,51.821783508237154,94.5690566292058
2025-03-09 20:17:39.812667,479.0,478.0,407.0,2595.0,1180.0,311.0,65.24059485567012,73.98658703147166,57.50610874373414,40.981787489916485,16.625143548866067,43.846549507344875,43.5375770249557,68.45201564049249,51.821783508237154,94.5690566292058
2025-03-09 20:17:39.821000,484.0,475.0,411.0,2593.0,1178.0,310.0,65.32946123759454,74.36978566843348,57.601341800393115,40.905806765562595,16.69873302577632,43.807657477962465,43.69228904636347,68.74546865691323,52.082286558568924,94.46746297710582
2025-03-09 20:17:39.821000,483.0,481.0,415.0,2592.0,1181.0,306.0,65.32946123759454,74.36978566843348,57.601341800393115,40.905806765562595,16.69873302577632,43.807657477962465,43.69228904636347,68.74546865691323,52.082286558568924,94.46746297710582
2025-03-09 20:17:39.821000,490.0,479.0,391.0,2593.0,1182.0,307.0,65.32946123759454,74.36978566843348,57.601341800393115,40.905806765562595,16.69873302577632,43.807657477962465,43.69228904636347,68.74546865691323,52.082286558568924,94.46746297710582
2025-03-09 20:17:39.821000,485.0,475.0,391.0,2591.0,1177.0,314.0,65.32946123759454,74.36978566843348,57.601341800393115,40.905806765562595,16.69873302577632,43.807657477962465,43.69228904636347,68.74546865691323,52.082286558568924,94.46746297710582
2025-03-09 20:17:39.829333,489.0,475.0,391.0,2592.0,1186.0,318.0,65.39523656690353,74.73432324218346,57.70039117056265,40.82641454820778,16.771259461432233,43.764297807035156,43.82849762753688,69.02101163987129,52.337831053556016,94.336889263236
2025-03-09 20:17:39.829333,503.0,478.0,402.0,2588.0,1181.0,313.0,65.39523656690353,74.73432324218346,57.70039117056265,40.82641454820778,16.771259461432233,43.764297807035156,43.82849762753688,69.02101163987129,52.337831053556016,94.336889263236
2025-03-09 20:17:39.829333,503.0,475.0,356.0,2590.0,1181.0,309.0,65.39523656690353,74.73432324218346,57.70039117056265,40.82641454820778,16.771259461432233,43.764297807035156,43.82849762753688,69.02101163987129,52.337831053556016,94.336889263236
2025-03-09 20:17:39.837667,511.0,479.0,371.0,2587.0,1183.0,306.0,65.44362261417702,75.08008639326415,57.79818724154282,40.746060970076904,16.842732930259842,43.71854496549067,43.95338523085235,69.28112920014617,52.58576137598766,94.18256227318739
2025-03-09 20:17:39.837667,511.0,477.0,387.0,2587.0,1179.0,311.0,65.44362261417702,75.08008639326415,57.79818724154282,40.746060970076904,16.842732930259842,43.71854496549067,43.95338523085235,69.28112920014617,52.58576137598766,94.18256227318739
2025-03-09 20:17:39.837667,511.0,481.0,438.0,2588.0,1184.0,314.0,65.44362261417702,75.08008639326415,57.79818724154282,40.746060970076904,16.842732930259842,43.71854496549067,43.95338523085235,69.28112920014617,52.58576137598766,94.18256227318739
2025-03-09 20:17:39.837667,511.0,471.0,382.0,2590.0,1181.0,311.0,65.44362261417702,75.08008639326415,57.79818724154282,40.746060970076904,16.842732930259842,43.71854496549067,43.95338523085235,69.28112920014617,52.58576137598766,94.18256227318739
2025-03-09 20:17:39.846000,527.0,475.0,417.0,2587.0,1182.0,310.0,65.47790623276504,75.40719370183011,57.88890855133659,40.66745118991545,16.91098060255203,43.67169777086798,44.07261030507682,69.5293063858239,52.82674359219923,94.00628760867194
2025-03-09 20:17:39.846000,511.0,480.0,370.0,2586.0,1168.0,310.0,65.47790623276504,75.40719370183011,57.88890855133659,40.66745118991545,16.91098060255203,43.67169777086798,44.07261030507682,69.5293063858239,52.82674359219923,94.00628760867194
2025-03-09 20:17:39.846000,545.0,480.0,406.0,2592.0,1182.0,308.0,65.47790623276504,75.40719370183011,57.88890855133659,40.66745118991545,16.91098060255203,43.67169777086798,44.07261030507682,69.5293063858239,52.82674359219923,94.00628760867194
2025-03-09 20:17:39.854333,544.0,480.0,353.0,2588.0,1182.0,307.0,65.50428840482913,75.71851426994961,57.9698717191409,40.58951556087894,16.97464150430186,43.62203828359327,44.19311015450033,69.77126086168272,53.06069067619091,93.814915830523
2025-03-09 20:17:39.854333,550.0,480.0,339.0,2587.0,1178.0,314.0,65.50428840482913,75.71851426994961,57.9698717191409,40.58951556087894,16.97464150430186,43.62203828359327,44.19311015450033,69.77126086168272,53.06069067619091,93.814915830523
2025-03-09 20:17:39.854333,551.0,480.0,329.0,2589.0,1179.0,310.0,65.50428840482913,75.71851426994961,57.9698717191409,40.58951556087894,16.97464150430186,43.62203828359327,44.19311015450033,69.77126086168272,53.06069067619091,93.814915830523
2025-03-09 20:17:39.854333,550.0,479.0,320.0,2587.0,1179.0,311.0,65.50428840482913,75.71851426994961,57.9698717191409,40.58951556087894,16.97464150430186,43.62203828359327,44.19311015450033,69.77126086168272,53.06069067619091,93.814915830523
2025-03-09 20:17:39.862667,551.0,480.0,383.0,2591.0,1179.0,305.0,65.53670054420232,76.02627183505166,58.04862896393648,40.514253164089176,17.03239116848485,43.57113693406932,44.319506692446,70.02065719935283,53.29651316974059,93.62259331101677
2025-03-09 20:17:39.862667,559.0,483.0,355.0,2587.0,1175.0,310.0,65.53670054420232,76.02627183505166,58.04862896393648,40.514253164089176,17.03239116848485,43.57113693406932,44.319506692446,70.02065719935283,53.29651316974059,93.62259331101677
2025-03-09 20:17:39.862667,577.0,483.0,384.0,2559.0,1185.0,310.0,65.53670054420232,76.02627183505166,58.04862896393648,40.514253164089176,17.03239116848485,43.57113693406932,44.319506692446,70.02065719935283,53.29651316974059,93.62259331101677
2025-03-09 20:17:39.862667,581.0,485.0,390.0,2559.0,1179.0,306.0,65.53670054420232,76.02627183505166,58.04862896393648,40.514253164089176,17.03239116848485,43.57113693406932,44.319506692446,70.02065719935283,53.29651316974059,93.62259331101677
2025-03-09 20:17:39.871000,582.0,483.0,400.0,2559.0,1182.0,307.0,65.58856695969139,76.34153098971387,58.13261677407234,40.448951631734154,17.083375807465202,43.52610130786207,44.45270948772297,70.2876849656211,53.54363902848035,93.44096644150716
2025-03-09 20:17:39.871000,587.0,486.0,400.0,2559.0,1173.0,306.0,65.58856695969139,76.34153098971387,58.13261677407234,40.448951631734154,17.083375807465202,43.52610130786207,44.45270948772297,70.2876849656211,53.54363902848035,93.44096644150716
2025-03-09 20:17:39.871000,585.0,483.0,403.0,2586.0,1181.0,308.0,65.58856695969139,76.34153098971387,58.13261677407234,40.448951631734154,17.083375807465202,43.52610130786207,44.45270948772297,70.2876849656211,53.54363902848035,93.44096644150716
2025-03-09 20:17:39.871000,588.0,487.0,402.0,2583.0,1182.0,307.0,65.58856695969139,76.34153098971387,58.13261677407234,40.448951631734154,17.083375807465202,43.52610130786207,44.45270948772297,70.2876849656211,53.54363902848035,93.44096644150716
2025-03-09 20:17:39.879333,591.0,483.0,401.0,2559.0,1182.0,307.0,65.65740440754423,76.65737538813394,58.21507081532794,40.39800670242954,17.12878194624754,43.49194502021747,44.59117598848898,70.56313829629555,53.79499729979504,93.26616968579489
2025-03-09 20:17:39.879333,592.0,489.0,411.0,2586.0,1181.0,304.0,65.65740440754423,76.65737538813394,58.21507081532794,40.39800670242954,17.12878194624754,43.49194502021747,44.59117598848898,70.56313829629555,53.79499729979504,93.26616968579489
2025-03-09 20:17:39.887667,622.0,486.0,374.0,2559.0,1186.0,309.0,65.73261485251983,76.96385015455967,58.2878786775209,40.359831793430764,17.169578852328193,43.46763589689398,44.73185880305434,70.83494408845887,54.04201295614857,93.08818911737927
2025-03-09 20:17:39.887667,619.0,490.0,397.0,2559.0,1194.0,310.0,65.73261485251983,76.96385015455967,58.2878786775209,40.359831793430764,17.169578852328193,43.46763589689398,44.73185880305434,70.83494408845887,54.04201295614857,93.08818911737927
2025-03-09 20:17:39.887667,627.0,485.0,386.0,2559.0,1185.0,305.0,65.73261485251983,76.96385015455967,58.2878786775209,40.359831793430764,17.169578852328193,43.46763589689398,44.73185880305434,70.83494408845887,54.04201295614857,93.08818911737927
2025-03-09 20:17:39.887667,625.0,487.0,392.0,2559.0,1183.0,306.0,65.73261485251983,76.96385015455967,58.2878786775209,40.359831793430764,17.169578852328193,43.46763589689398,44.73185880305434,70.83494408845887,54.04201295614857,93.08818911737927
2025-03-09 20:17:39.896000,628.0,483.0,385.0,2559.0,1170.0,304.0,65.8067306728871,77.2585387349356,58.35461751199,40.330087302157374,17.20616366139668,43.44944863031078,44.86801343850956,71.09825653194338,54.283972636399696,92.9031027942827
2025-03-09 20:17:39.896000,627.0,489.0,400.0,2559.0,1183.0,304.0,65.8067306728871,77.2585387349356,58.35461751199,40.330087302157374,17.20616366139668,43.44944863031078,44.86801343850956,71.09825653194338,54.283972636399696,92.9031027942827
2025-03-09 20:17:39.896000,635.0,484.0,389.0,2559.0,1183.0,302.0,65.8067306728871,77.2585387349356,58.35461751199,40.330087302157374,17.20616366139668,43.44944863031078,44.86801343850956,71.09825653194338,54.283972636399696,92.9031027942827
2025-03-09 20:17:39.896000,656.0,485.0,427.0,2559.0,1185.0,311.0,65.8067306728871,77.2585387349356,58.35461751199,40.330087302157374,17.20616366139668,43.44944863031078,44.86801343850956,71.09825653194338,54.283972636399696,92.9031027942827
2025-03-09 20:17:39.896000,659.0,492.0,402.0,2559.0,1169.0,304.0,65.8067306728871,77.2585387349356,58.35461751199,40.330087302157374,17.20616366139668,43.44944863031078,44.86801343850956,71.09825653194338,54.283972636399696,92.9031027942827
2025-03-09 20:17:39.904333,663.0,480.0,432.0,2559.0,1190.0,304.0,65.87599754769063,77.5410380658441,58.422721780464,40.30506070492985,17.239540127029727,43.43450317929219,44.992971830776476,71.35068617761371,54.521167223422,92.7117105429906
2025-03-09 20:17:39.904333,662.0,493.0,449.0,2559.0,1185.0,304.0,65.87599754769063,77.5410380658441,58.422721780464,40.30506070492985,17.239540127029727,43.43450317929219,44.992971830776476,71.35068617761371,54.521167223422,92.7117105429906
2025-03-09 20:17:39.912667,669.0,486.0,424.0,2559.0,1186.0,306.0,65.94035154251777,77.81093850814393,58.49072803654132,40.28256781007514,17.270774317803973,43.421190755950306,45.108849139177764,71.59160249605843,54.750881086121,92.51935584776943
2025-03-09 20:17:39.912667,671.0,489.0,425.0,2559.0,1189.0,304.0,65.94035154251777,77.81093850814393,58.49072803654132,40.28256781007514,17.270774317803973,43.421190755950306,45.108849139177764,71.59160249605843,54.750881086121,92.51935584776943
2025-03-09 20:17:39.912667,675.0,490.0,431.0,2559.0,1191.0,304.0,65.94035154251777,77.81093850814393,58.49072803654132,40.28256781007514,17.270774317803973,43.421190755950306,45.108849139177764,71.59160249605843,54.750881086121,92.51935584776943
2025-03-09 20:17:39.912667,674.0,490.0,422.0,2559.0,1189.0,304.0,65.94035154251777,77.81093850814393,58.49072803654132,40.28256781007514,17.270774317803973,43.421190755950306,45.108849139177764,71.59160249605843,54.750881086121,92.51935584776943
2025-03-09 20:17:39.921000,704.0,491.0,439.0,2559.0,1194.0,305.0,66.00057494731118,78.06746546683448,58.55205445531559,40.260627306771944,17.299556784118135,43.40758371666094,45.22113252267513,71.82087438612675,54.969372649908756,92.33509103086564
2025-03-09 20:17:39.921000,704.0,485.0,428.0,2559.0,1194.0,304.0,66.00057494731118,78.06746546683448,58.55205445531559,40.260627306771944,17.299556784118135,43.40758371666094,45.22113252267513,71.82087438612675,54.969372649908756,92.33509103086564
2025-03-09 20:17:39.921000,698.0,492.0,441.0,2559.0,1197.0,286.0,66.00057494731118,78.06746546683448,58.55205445531559,40.260627306771944,17.299556784118135,43.40758371666094,45.22113252267513,71.82087438612675,54.969372649908756,92.33509103086564
2025-03-09 20:17:39.921000,702.0,495.0,448.0,2559.0,1195.0,304.0,66.00057494731118,78.06746546683448,58.55205445531559,40.260627306771944,17.299556784118135,43.40758371666094,45.22113252267513,71.82087438612675,54.969372649908756,92.33509103086564
2025-03-09 20:17:39.929333,702.0,494.0,464.0,2559.0,1195.0,305.0,66.05591974710622,78.31004213934774,58.60277043136794,40.23725150317083,17.325049408595444,43.391922616440624,45.331194958926204,72.03684342026878,55.1741670569257,92.16255698743562
2025-03-09 20:17:39.929333,704.0,496.0,414.0,2559.0,1199.0,311.0,66.05591974710622,78.31004213934774,58.60277043136794,40.23725150317083,17.325049408595444,43.391922616440624,45.331194958926204,72.03684342026878,55.1741670569257,92.16255698743562
2025-03-09 20:17:39.929333,711.0,484.0,406.0,2559.0,1197.0,304.0,66.05591974710622,78.31004213934774,58.60277043136794,40.23725150317083,17.325049408595444,43.391922616440624,45.331194958926204,72.03684342026878,55.1741670569257,92.16255698743562
2025-03-09 20:17:39.929333,720.0,493.0,410.0,2559.0,1202.0,304.0,66.05591974710622,78.31004213934774,58.60277043136794,40.23725150317083,17.325049408595444,43.391922616440624,45.331194958926204,72.03684342026878,55.1741670569257,92.16255698743562
2025-03-09 20:17:39.937667,723.0,490.0,403.0,2559.0,1201.0,306.0,66.10511538117031,78.53849542170033,58.64194221848978,40.21046181212416,17.34742623928061,43.372509588516735,45.43954962226934,72.23880540656407,55.36418689837496,91.99563800767547
2025-03-09 20:17:39.937667,722.0,487.0,400.0,2559.0,1196.0,302.0,66.10511538117031,78.53849542170033,58.64194221848978,40.21046181212416,17.34742623928061,43.372509588516735,45.43954962226934,72.23880540656407,55.36418689837496,91.99563800767547
2025-03-09 20:17:39.937667,723.0,495.0,399.0,2559.0,1200.0,299.0,66.10511538117031,78.53849542170033,58.64194221848978,40.21046181212416,17.34742623928061,43.372509588516735,45.43954962226934,72.23880540656407,55.36418689837496,91.99563800767547
2025-03-09 20:17:39.946000,724.0,496.0,413.0,2559.0,1202.0,304.0,66.14875629514908,78.75245651447338,58.667917198394996,40.17712621170316,17.36865606741998,43.346605173608474,45.551451990274344,72.42825837414273,55.53649951153686,91.83021589863003
2025-03-09 20:17:39.946000,726.0,496.0,418.0,2559.0,1223.0,303.0,66.14875629514908,78.75245651447338,58.667917198394996,40.17712621170316,17.36865606741998,43.346605173608474,45.551451990274344,72.42825837414273,55.53649951153686,91.83021589863003
2025-03-09 20:17:39.946000,727.0,489.0,411.0,2559.0,1211.0,297.0,66.14875629514908,78.75245651447338,58.667917198394996,40.17712621170316,17.36865606741998,43.346605173608474,45.551451990274344,72.42825837414273,55.53649951153686,91.83021589863003
2025-03-09 20:17:39.954333,727.0,496.0,407.0,2559.0,1204.0,303.0,66.18858429239316,78.94921619845891,58.67777739993277,40.135258422117616,17.390965421547524,43.31298626818387,45.67156961782283,72.6036703069794,55.684696699901934,91.66613802087933
2025-03-09 20:17:39.954333,747.0,494.0,424.0,2559.0,1207.0,301.0,66.18858429239316,78.94921619845891,58.67777739993277,40.135258422117616,17.390965421547524,43.31298626818387,45.67156961782283,72.6036703069794,55.684696699901934,91.66613802087933
2025-03-09 20:17:39.954333,748.0,496.0,426.0,2559.0,1201.0,301.0,66.18858429239316,78.94921619845891,58.67777739993277,40.135258422117616,17.390965421547524,43.31298626818387,45.67156961782283,72.6036703069794,55.684696699901934,91.66613802087933
2025-03-09 20:17:39.954333,751.0,497.0,423.0,2558.0,1207.0,304.0,66.18858429239316,78.94921619845891,58.67777739993277,40.135258422117616,17.390965421547524,43.31298626818387,45.67156961782283,72.6036703069794,55.684696699901934,91.66613802087933
2025-03-09 20:17:39.962667,752.0,498.0,411.0,2558.0,1211.0,303.0,66.2261907295222,79.12640423662613,58.67177331202681,40.08693428164586,17.414892706532207,43.274020362127,45.79857804989695,72.76239625837371,55.80600841337176,91.50049181057358
2025-03-09 20:17:39.962667,751.0,497.0,400.0,2559.0,1204.0,325.0,66.2261907295222,79.12640423662613,58.67177331202681,40.08693428164586,17.414892706532207,43.274020362127,45.79857804989695,72.76239625837371,55.80600841337176,91.50049181057358
2025-03-09 20:17:39.962667,752.0,496.0,393.0,2559.0,1204.0,300.0,66.2261907295222,79.12640423662613,58.67177331202681,40.08693428164586,17.414892706532207,43.274020362127,45.79857804989695,72.76239625837371,55.80600841337176,91.50049181057358
2025-03-09 20:17:39.962667,759.0,491.0,384.0,2553.0,1206.0,308.0,66.2261907295222,79.12640423662613,58.67177331202681,40.08693428164586,17.414892706532207,43.274020362127,45.79857804989695,72.76239625837371,55.80600841337176,91.50049181057358
2025-03-09 20:17:39.971000,770.0,500.0,400.0,2554.0,1202.0,304.0,66.26329261570541,79.28296620931397,58.64636745780795,40.03658511827022,17.43800548050726,43.23258273189962,45.9337542559314,72.9058939368558,55.90237634990426,91.32732391357905
2025-03-09 20:17:39.971000,773.0,496.0,400.0,2555.0,1202.0,304.0,66.26329261570541,79.28296620931397,58.64636745780795,40.03658511827022,17.43800548050726,43.23258273189962,45.9337542559314,72.9058939368558,55.90237634990426,91.32732391357905
2025-03-09 20:17:39.971000,779.0,498.0,400.0,2551.0,1203.0,293.0,66.26329261570541,79.28296620931397,58.64636745780795,40.03658511827022,17.43800548050726,43.23258273189962,45.9337542559314,72.9058939368558,55.90237634990426,91.32732391357905
2025-03-09 20:17:39.971000,781.0,496.0,400.0,2551.0,1200.0,298.0,66.26329261570541,79.28296620931397,58.64636745780795,40.03658511827022,17.43800548050726,43.23258273189962,45.9337542559314,72.9058939368558,55.90237634990426,91.32732391357905
2025-03-09 20:17:39.979333,784.0,497.0,409.0,2553.0,1200.0,297.0,66.30139310856526,79.42049206265732,58.599163670306815,39.987976568444026,17.457811879749013,43.19055251529289,46.07954242607832,73.03898059783813,55.97912318182298,91.14452750881443
2025-03-09 20:17:39.979333,784.0,496.0,411.0,2554.0,1200.0,286.0,66.30139310856526,79.42049206265732,58.599163670306815,39.987976568444026,17.457811879749013,43.19055251529289,46.07954242607832,73.03898059783813,55.97912318182298,91.14452750881443
2025-03-09 20:17:39.979333,784.0,497.0,411.0,2553.0,1201.0,299.0,66.30139310856526,79.42049206265732,58.599163670306815,39.987976568444026,17.457811879749013,43.19055251529289,46.07954242607832,73.03898059783813,55.97912318182298,91.14452750881443
2025-03-09 20:17:39.987667,784.0,497.0,419.0,2557.0,1200.0,303.0,66.34037392934633,79.54374309544278,58.5402298915655,39.9428633431151,17.47344918202624,43.14865722857098,46.23054517448719,73.16769632681516,56.04607395702282,90.95541038152108
2025-03-09 20:17:39.987667,806.0,497.0,428.0,2545.0,1189.0,289.0,66.34037392934633,79.54374309544278,58.5402298915655,39.9428633431151,17.47344918202624,43.14865722857098,46.23054517448719,73.16769632681516,56.04607395702282,90.95541038152108
2025-03-09 20:17:39.987667,808.0,497.0,426.0,2549.0,1199.0,287.0,66.34037392934633,79.54374309544278,58.5402298915655,39.9428633431151,17.47344918202624,43.14865722857098,46.23054517448719,73.16769632681516,56.04607395702282,90.95541038152108
2025-03-09 20:17:39.987667,813.0,503.0,419.0,2554.0,1195.0,287.0,66.34037392934633,79.54374309544278,58.5402298915655,39.9428633431151,17.47344918202624,43.14865722857098,46.23054517448719,73.16769632681516,56.04607395702282,90.95541038152108
2025-03-09 20:17:39.996000,816.0,502.0,421.0,2547.0,1200.0,288.0,66.37865808380099,79.6565589034221,58.476375149548645,39.900546928335054,17.484641680049272,43.10644066221047,46.381345772880614,73.2936799963507,56.10863816660706,90.76177547019668
2025-03-09 20:17:39.996000,816.0,499.0,425.0,2555.0,1193.0,295.0,66.37865808380099,79.6565589034221,58.476375149548645,39.900546928335054,17.484641680049272,43.10644066221047,46.381345772880614,73.2936799963507,56.10863816660706,90.76177547019668
2025-03-09 20:17:39.996000,817.0,501.0,432.0,2549.0,1199.0,286.0,66.37865808380099,79.6565589034221,58.476375149548645,39.900546928335054,17.484641680049272,43.10644066221047,46.381345772880614,73.2936799963507,56.10863816660706,90.76177547019668
2025-03-09 20:17:40.004333,817.0,501.0,422.0,2549.0,1201.0,286.0,66.41329087965283,79.7603821490291,58.40552021272813,39.85743004575505,17.49161275331212,43.06175872670947,46.530599655887535,73.41330083194522,56.16499526613461,90.56231265829408
2025-03-09 20:17:40.004333,843.0,506.0,410.0,2545.0,1187.0,280.0,66.41329087965283,79.7603821490291,58.40552021272813,39.85743004575505,17.49161275331212,43.06175872670947,46.530599655887535,73.41330083194522,56.16499526613461,90.56231265829408
2025-03-09 20:17:40.004333,841.0,511.0,412.0,2548.0,1185.0,285.0,66.41329087965283,79.7603821490291,58.40552021272813,39.85743004575505,17.49161275331212,43.06175872670947,46.530599655887535,73.41330083194522,56.16499526613461,90.56231265829408
2025-03-09 20:17:40.004333,848.0,502.0,407.0,2544.0,1168.0,288.0,66.41329087965283,79.7603821490291,58.40552021272813,39.85743004575505,17.49161275331212,43.06175872670947,46.530599655887535,73.41330083194522,56.16499526613461,90.56231265829408
2025-03-09 20:17:40.012667,846.0,502.0,400.0,2544.0,1186.0,272.0,66.44280099219465,79.85691696183687,58.3265577023098,39.80778111217794,17.49646358483058,43.010755155931975,46.68019151975523,73.52472304020712,56.211522177129055,90.35628113125686
2025-03-09 20:17:40.012667,848.0,504.0,400.0,2549.0,1163.0,273.0,66.44280099219465,79.85691696183687,58.3265577023098,39.80778111217794,17.49646358483058,43.010755155931975,46.68019151975523,73.52472304020712,56.211522177129055,90.35628113125686
2025-03-09 20:17:40.012667,848.0,505.0,396.0,2547.0,1175.0,270.0,66.44280099219465,79.85691696183687,58.3265577023098,39.80778111217794,17.49646358483058,43.010755155931975,46.68019151975523,73.52472304020712,56.211522177129055,90.35628113125686
2025-03-09 20:17:40.012667,849.0,507.0,400.0,2546.0,1182.0,288.0,66.44280099219465,79.85691696183687,58.3265577023098,39.80778111217794,17.49646358483058,43.010755155931975,46.68019151975523,73.52472304020712,56.211522177129055,90.35628113125686
2025-03-09 20:17:40.021000,849.0,505.0,407.0,2544.0,1183.0,288.0,66.46855564122268,79.94769618236406,58.239810759736145,39.74481483824597,17.503049806590028,42.94916086201396,46.83395884694206,73.62673244721658,56.24174493518187,90.14422147061566
2025-03-09 20:17:40.021000,859.0,511.0,400.0,2544.0,1173.0,275.0,66.46855564122268,79.94769618236406,58.239810759736145,39.74481483824597,17.503049806590028,42.94916086201396,46.83395884694206,73.62673244721658,56.24174493518187,90.14422147061566
2025-03-09 20:17:40.021000,862.0,504.0,375.0,2538.0,1182.0,285.0,66.46855564122268,79.94769618236406,58.239810759736145,39.74481483824597,17.503049806590028,42.94916086201396,46.83395884694206,73.62673244721658,56.24174493518187,90.14422147061566
2025-03-09 20:17:40.029333,859.0,511.0,384.0,2541.0,1182.0,281.0,66.49145329074108,80.0327000439248,58.14547648984661,39.663553205699394,17.515144966677298,42.8748292033912,46.99301992692541,73.71496885024686,56.24801769405476,89.92686783256748
2025-03-09 20:17:40.029333,863.0,510.0,389.0,2542.0,1174.0,287.0,66.49145329074108,80.0327000439248,58.14547648984661,39.663553205699394,17.515144966677298,42.8748292033912,46.99301992692541,73.71496885024686,56.24801769405476,89.92686783256748
2025-03-09 20:17:40.029333,865.0,509.0,390.0,2544.0,1178.0,285.0,66.49145329074108,80.0327000439248,58.14547648984661,39.663553205699394,17.515144966677298,42.8748292033912,46.99301992692541,73.71496885024686,56.24801769405476,89.92686783256748
2025-03-09 20:17:40.037667,861.0,510.0,379.0,2543.0,1173.0,283.0,66.51096193795921,80.11078650104139,58.043102611520595,39.56934001741921,17.531126272275838,42.79261150328902,47.1529541991161,73.78682192562796,56.2325722513694,89.70363891545662
2025-03-09 20:17:40.037667,863.0,511.0,386.0,2543.0,1182.0,283.0,66.51096193795921,80.11078650104139,58.043102611520595,39.56934001741921,17.531126272275838,42.79261150328902,47.1529541991161,73.78682192562796,56.2325722513694,89.70363891545662
2025-03-09 20:17:40.037667,864.0,510.0,398.0,2543.0,1174.0,274.0,66.51096193795921,80.11078650104139,58.043102611520595,39.56934001741921,17.531126272275838,42.79261150328902,47.1529541991161,73.78682192562796,56.2325722513694,89.70363891545662
2025-03-09 20:17:40.037667,868.0,509.0,359.0,2541.0,1174.0,261.0,66.51096193795921,80.11078650104139,58.043102611520595,39.56934001741921,17.531126272275838,42.79261150328902,47.1529541991161,73.78682192562796,56.2325722513694,89.70363891545662
2025-03-09 20:17:40.046000,867.0,511.0,367.0,2539.0,1168.0,282.0,66.52613341471229,80.18022099348623,57.93141357012205,39.475558325439565,17.54532095171169,42.711751137173515,47.308874554643644,73.84520340986734,56.207127903587256,89.4722474945742
2025-03-09 20:17:40.046000,872.0,510.0,373.0,2537.0,1175.0,281.0,66.52613341471229,80.18022099348623,57.93141357012205,39.475558325439565,17.54532095171169,42.711751137173515,47.308874554643644,73.84520340986734,56.207127903587256,89.4722474945742
2025-03-09 20:17:40.046000,870.0,511.0,368.0,2535.0,1174.0,274.0,66.52613341471229,80.18022099348623,57.93141357012205,39.475558325439565,17.54532095171169,42.711751137173515,47.308874554643644,73.84520340986734,56.207127903587256,89.4722474945742
2025-03-09 20:17:40.046000,873.0,511.0,365.0,2544.0,1171.0,273.0,66.52613341471229,80.18022099348623,57.93141357012205,39.475558325439565,17.54532095171169,42.711751137173515,47.308874554643644,73.84520340986734,56.207127903587256,89.4722474945742
2025-03-09 20:17:40.054333,873.0,511.0,355.0,2540.0,1173.0,272.0,66.53650918184897,80.23906874802776,57.808319651666594,39.38908062166017,17.556237464363008,42.63650589222808,47.46257001746998,73.89371490105728,56.17727751347643,89.2300314722517
2025-03-09 20:17:40.054333,876.0,508.0,353.0,2537.0,1173.0,268.0,66.53650918184897,80.23906874802776,57.808319651666594,39.38908062166017,17.556237464363008,42.63650589222808,47.46257001746998,73.89371490105728,56.17727751347643,89.2300314722517
2025-03-09 20:17:40.054333,894.0,523.0,362.0,2534.0,1168.0,272.0,66.53650918184897,80.23906874802776,57.808319651666594,39.38908062166017,17.556237464363008,42.63650589222808,47.46257001746998,73.89371490105728,56.17727751347643,89.2300314722517
2025-03-09 20:17:40.062667,890.0,528.0,391.0,2535.0,1184.0,269.0,66.54266337700572,80.28642763336084,57.67513521227577,39.310298266786084,17.5645489922299,42.56686189711073,47.614978260507556,73.93373779671106,56.14306644492196,88.97583175200045
2025-03-09 20:17:40.062667,893.0,523.0,406.0,2538.0,1186.0,272.0,66.54266337700572,80.28642763336084,57.67513521227577,39.310298266786084,17.5645489922299,42.56686189711073,47.614978260507556,73.93373779671106,56.14306644492196,88.97583175200045
2025-03-09 20:17:40.062667,894.0,525.0,398.0,2528.0,1168.0,272.0,66.54266337700572,80.28642763336084,57.67513521227577,39.310298266786084,17.5645489922299,42.56686189711073,47.614978260507556,73.93373779671106,56.14306644492196,88.97583175200045
2025-03-09 20:17:40.062667,896.0,511.0,384.0,2537.0,1170.0,272.0,66.54266337700572,80.28642763336084,57.67513521227577,39.310298266786084,17.5645489922299,42.56686189711073,47.614978260507556,73.93373779671106,56.14306644492196,88.97583175200045
2025-03-09 20:17:40.071000,900.0,523.0,354.0,2531.0,1179.0,271.0,66.54508434983396,80.32266259755856,57.5368885728549,39.23874845758101,17.569503056606926,42.501984278621855,47.7627742615604,73.9665900173762,56.10614959975643,88.70982036481858
2025-03-09 20:17:40.071000,898.0,525.0,346.0,2533.0,1171.0,272.0,66.54508434983396,80.32266259755856,57.5368885728549,39.23874845758101,17.569503056606926,42.501984278621855,47.7627742615604,73.9665900173762,56.10614959975643,88.70982036481858
2025-03-09 20:17:40.071000,899.0,528.0,362.0,2534.0,1156.0,267.0,66.54508434983396,80.32266259755856,57.5368885728549,39.23874845758101,17.569503056606926,42.501984278621855,47.7627742615604,73.9665900173762,56.10614959975643,88.70982036481858
2025-03-09 20:17:40.079333,912.0,528.0,368.0,2531.0,1181.0,269.0,66.54305522038892,80.34853255605356,57.39773629145744,39.17268293749639,17.57014607683014,42.43972042770253,47.90330305404361,73.99387432813829,56.06846713913209,88.43184481833258
2025-03-09 20:17:40.079333,923.0,523.0,371.0,2527.0,1152.0,272.0,66.54305522038892,80.34853255605356,57.39773629145744,39.17268293749639,17.57014607683014,42.43972042770253,47.90330305404361,73.99387432813829,56.06846713913209,88.43184481833258
2025-03-09 20:17:40.079333,919.0,528.0,384.0,2529.0,1167.0,267.0,66.54305522038892,80.34853255605356,57.39773629145744,39.17268293749639,17.57014607683014,42.43972042770253,47.90330305404361,73.99387432813829,56.06846713913209,88.43184481833258
2025-03-09 20:17:40.079333,918.0,525.0,372.0,2527.0,1165.0,287.0,66.54305522038892,80.34853255605356,57.39773629145744,39.17268293749639,17.57014607683014,42.43972042770253,47.90330305404361,73.99387432813829,56.06846713913209,88.43184481833258
2025-03-09 20:17:40.087667,921.0,526.0,371.0,2529.0,1167.0,266.0,66.53632888226392,80.36495034076633,57.25751431004407,39.109340147035674,17.56679804576003,42.37747792708126,48.03844388194827,74.0169129412132,56.02949020674583,88.14164359371237
2025-03-09 20:17:40.087667,923.0,528.0,361.0,2523.0,1182.0,293.0,66.53632888226392,80.36495034076633,57.25751431004407,39.109340147035674,17.56679804576003,42.37747792708126,48.03844388194827,74.0169129412132,56.02949020674583,88.14164359371237
2025-03-09 20:17:40.087667,921.0,528.0,379.0,2530.0,1162.0,261.0,66.53632888226392,80.36495034076633,57.25751431004407,39.109340147035674,17.56679804576003,42.37747792708126,48.03844388194827,74.0169129412132,56.02949020674583,88.14164359371237
2025-03-09 20:17:40.087667,938.0,528.0,363.0,2529.0,1159.0,262.0,66.53632888226392,80.36495034076633,57.25751431004407,39.109340147035674,17.56679804576003,42.37747792708126,48.03844388194827,74.0169129412132,56.02949020674583,88.14164359371237
2025-03-09 20:17:40.096000,941.0,527.0,363.0,2526.0,1161.0,262.0,66.52574645263705,80.37180764681503,57.11278987447544,39.04914089701186,17.557954844175807,42.31548167494699,48.169057629532304,74.03495976208278,55.98839170973883,87.83878738817427
2025-03-09 20:17:40.096000,941.0,527.0,364.0,2525.0,1159.0,256.0,66.52574645263705,80.37180764681503,57.11278987447544,39.04914089701186,17.557954844175807,42.31548167494699,48.169057629532304,74.03495976208278,55.98839170973883,87.83878738817427
2025-03-09 20:17:40.096000,943.0,528.0,364.0,2523.0,1162.0,272.0,66.52574645263705,80.37180764681503,57.11278987447544,39.04914089701186,17.557954844175807,42.31548167494699,48.169057629532304,74.03495976208278,55.98839170973883,87.83878738817427
2025-03-09 20:17:40.104333,939.0,528.0,357.0,2525.0,1167.0,262.0,66.51213121261702,80.36773017883036,56.95891930609795,38.99371425916996,17.541957207322636,42.25502119875469,48.295927234421946,74.04618378800367,55.94362143961329,87.531328308733
2025-03-09 20:17:40.104333,944.0,533.0,357.0,2527.0,1159.0,265.0,66.51213121261702,80.36773017883036,56.95891930609795,38.99371425916996,17.541957207322636,42.25502119875469,48.295927234421946,74.04618378800367,55.94362143961329,87.531328308733
2025-03-09 20:17:40.104333,939.0,528.0,356.0,2525.0,1157.0,262.0,66.51213121261702,80.36773017883036,56.95891930609795,38.99371425916996,17.541957207322636,42.25502119875469,48.295927234421946,74.04618378800367,55.94362143961329,87.531328308733
2025-03-09 20:17:40.104333,943.0,529.0,364.0,2530.0,1157.0,245.0,66.51213121261702,80.36773017883036,56.95891930609795,38.99371425916996,17.541957207322636,42.25502119875469,48.295927234421946,74.04618378800367,55.94362143961329,87.531328308733
2025-03-09 20:17:40.112667,941.0,533.0,355.0,2518.0,1156.0,259.0,66.49657531221402,80.35162858160379,56.79359267552551,38.94075175228931,17.52245889431683,42.19492024884212,48.424821398575865,74.05034574232755,55.89002893241378,87.23382606765973
2025-03-09 20:17:40.112667,944.0,529.0,350.0,2518.0,1159.0,258.0,66.49657531221402,80.35162858160379,56.79359267552551,38.94075175228931,17.52245889431683,42.19492024884212,48.424821398575865,74.05034574232755,55.89002893241378,87.23382606765973
2025-03-09 20:17:40.112667,943.0,539.0,366.0,2521.0,1155.0,258.0,66.49657531221402,80.35162858160379,56.79359267552551,38.94075175228931,17.52245889431683,42.19492024884212,48.424821398575865,74.05034574232755,55.89002893241378,87.23382606765973
2025-03-09 20:17:40.121000,944.0,542.0,368.0,2522.0,1159.0,257.0,66.47961642224,80.32303585040368,56.615536508130724,38.88747906475641,17.503085995305558,42.13351130877933,48.560937060938365,74.04774635139141,55.82342895472138,86.94789228892225
2025-03-09 20:17:40.121000,942.0,534.0,377.0,2524.0,1156.0,258.0,66.47961642224,80.32303585040368,56.615536508130724,38.88747906475641,17.503085995305558,42.13351130877933,48.560937060938365,74.04774635139141,55.82342895472138,86.94789228892225
2025-03-09 20:17:40.121000,943.0,533.0,386.0,2519.0,1158.0,258.0,66.47961642224,80.32303585040368,56.615536508130724,38.88747906475641,17.503085995305558,42.13351130877933,48.560937060938365,74.04774635139141,55.82342895472138,86.94789228892225
2025-03-09 20:17:40.121000,944.0,530.0,374.0,2521.0,1155.0,259.0,66.47961642224,80.32303585040368,56.615536508130724,38.88747906475641,17.503085995305558,42.13351130877933,48.560937060938365,74.04774635139141,55.82342895472138,86.94789228892225
2025-03-09 20:17:40.129333,943.0,535.0,393.0,2521.0,1153.0,257.0,66.46069119158443,80.2813765063178,56.425308006225755,38.83385508860891,17.484024787157708,42.07074882898434,48.7036172099387,74.03797531145315,55.74359161100246,86.66718920651094
2025-03-09 20:17:40.129333,944.0,542.0,395.0,2525.0,1155.0,260.0,66.46069119158443,80.2813765063178,56.425308006225755,38.83385508860891,17.484024787157708,42.07074882898434,48.7036172099387,74.03797531145315,55.74359161100246,86.66718920651094
2025-03-09 20:17:40.129333,944.0,535.0,379.0,2521.0,1154.0,256.0,66.46069119158443,80.2813765063178,56.425308006225755,38.83385508860891,17.484024787157708,42.07074882898434,48.7036172099387,74.03797531145315,55.74359161100246,86.66718920651094
2025-03-09 20:17:40.137667,944.0,539.0,376.0,2521.0,1155.0,257.0,66.4405025730759,80.2269213893443,56.22393369569231,38.78097705760914,17.46461005065533,42.00733700910987,48.85190606399085,74.02187729377772,55.65172021286385,86.38682235650444
2025-03-09 20:17:40.137667,944.0,534.0,373.0,2516.0,1152.0,256.0,66.4405025730759,80.2269213893443,56.22393369569231,38.78097705760914,17.46461005065533,42.00733700910987,48.85190606399085,74.02187729377772,55.65172021286385,86.38682235650444
2025-03-09 20:17:40.137667,945.0,535.0,386.0,2518.0,1157.0,259.0,66.4405025730759,80.2269213893443,56.22393369569231,38.78097705760914,17.46461005065533,42.00733700910987,48.85190606399085,74.02187729377772,55.65172021286385,86.38682235650444
2025-03-09 20:17:40.137667,945.0,535.0,373.0,2521.0,1154.0,257.0,66.4405025730759,80.2269213893443,56.22393369569231,38.78097705760914,17.46461005065533,42.00733700910987,48.85190606399085,74.02187729377772,55.65172021286385,86.38682235650444
2025-03-09 20:17:40.146000,945.0,535.0,382.0,2514.0,1153.0,256.0,66.42177611187137,80.16029497699785,56.012815925016184,38.73074287455983,17.444951163837555,41.94494128472851,49.0060194979827,74.00114255397305,55.54838445597004,86.10151452850107
2025-03-09 20:17:40.146000,945.0,531.0,363.0,2518.0,1151.0,256.0,66.42177611187137,80.16029497699785,56.012815925016184,38.73074287455983,17.444951163837555,41.94494128472851,49.0060194979827,74.00114255397305,55.54838445597004,86.10151452850107
2025-03-09 20:17:40.146000,944.0,535.0,363.0,2519.0,1151.0,257.0,66.42177611187137,80.16029497699785,56.012815925016184,38.73074287455983,17.444951163837555,41.94494128472851,49.0060194979827,74.00114255397305,55.54838445597004,86.10151452850107
2025-03-09 20:17:40.154333,945.0,538.0,367.0,2512.0,1152.0,256.0,66.4069443240045,80.08243584172763,55.79330703537735,38.684248758255876,17.426691925472692,41.88495456701997,49.16755847950235,73.9774433265369,55.43333138915345,85.81073862196838
2025-03-09 20:17:40.154333,946.0,542.0,368.0,2512.0,1152.0,257.0,66.4069443240045,80.08243584172763,55.79330703537735,38.684248758255876,17.426691925472692,41.88495456701997,49.16755847950235,73.9774433265369,55.43333138915345,85.81073862196838
2025-03-09 20:17:40.154333,945.0,537.0,377.0,2517.0,1149.0,256.0,66.4069443240045,80.08243584172763,55.79330703537735,38.684248758255876,17.426691925472692,41.88495456701997,49.16755847950235,73.9774433265369,55.43333138915345,85.81073862196838
2025-03-09 20:17:40.154333,949.0,543.0,378.0,2511.0,1150.0,256.0,66.4069443240045,80.08243584172763,55.79330703537735,38.684248758255876,17.426691925472692,41.88495456701997,49.16755847950235,73.9774433265369,55.43333138915345,85.81073862196838
2025-03-09 20:17:40.162667,946.0,538.0,368.0,2513.0,1147.0,253.0,66.39591895559447,79.99490243430249,55.56564290306775,38.64146081504633,17.40826281694082,41.82679017852948,49.335877279288745,73.95243245833908,55.309068938454736,85.51667042815806
2025-03-09 20:17:40.162667,944.0,542.0,398.0,2512.0,1156.0,254.0,66.39591895559447,79.99490243430249,55.56564290306775,38.64146081504633,17.40826281694082,41.82679017852948,49.335877279288745,73.95243245833908,55.309068938454736,85.51667042815806
2025-03-09 20:17:40.162667,941.0,543.0,394.0,2514.0,1146.0,256.0,66.39591895559447,79.99490243430249,55.56564290306775,38.64146081504633,17.40826281694082,41.82679017852948,49.335877279288745,73.95243245833908,55.309068938454736,85.51667042815806
2025-03-09 20:17:40.162667,944.0,538.0,379.0,2514.0,1147.0,256.0,66.39591895559447,79.99490243430249,55.56564290306775,38.64146081504633,17.40826281694082,41.82679017852948,49.335877279288745,73.95243245833908,55.309068938454736,85.51667042815806
2025-03-09 20:17:40.171000,939.0,539.0,383.0,2512.0,1149.0,253.0,66.38794286382365,79.89898505424917,55.33067302167956,38.604121136994905,17.38464439417702,41.77057572661894,49.50604378024248,73.9272653292428,55.18097860583665,85.2202156648389
2025-03-09 20:17:40.171000,943.0,536.0,384.0,2512.0,1149.0,256.0,66.38794286382365,79.89898505424917,55.33067302167956,38.604121136994905,17.38464439417702,41.77057572661894,49.50604378024248,73.9272653292428,55.18097860583665,85.2202156648389
2025-03-09 20:17:40.171000,943.0,534.0,379.0,2515.0,1146.0,256.0,66.38794286382365,79.89898505424917,55.33067302167956,38.604121136994905,17.38464439417702,41.77057572661894,49.50604378024248,73.9272653292428,55.18097860583665,85.2202156648389
2025-03-09 20:17:40.179333,940.0,537.0,365.0,2513.0,1149.0,255.0,66.38307241566862,79.79602567339627,55.089350463660935,38.573275286381865,17.354410570643736,41.71705924135967,49.67592001482374,73.90240805338748,55.051558592174345,84.92214151100079
2025-03-09 20:17:40.179333,936.0,541.0,368.0,2512.0,1150.0,255.0,66.38307241566862,79.79602567339627,55.089350463660935,38.573275286381865,17.354410570643736,41.71705924135967,49.67592001482374,73.90240805338748,55.051558592174345,84.92214151100079
2025-03-09 20:17:40.179333,930.0,541.0,382.0,2512.0,1146.0,251.0,66.38307241566862,79.79602567339627,55.089350463660935,38.573275286381865,17.354410570643736,41.71705924135967,49.67592001482374,73.90240805338748,55.051558592174345,84.92214151100079
2025-03-09 20:17:40.179333,931.0,538.0,383.0,2512.0,1145.0,251.0,66.38307241566862,79.79602567339627,55.089350463660935,38.573275286381865,17.354410570643736,41.71705924135967,49.67592001482374,73.90240805338748,55.051558592174345,84.92214151100079
2025-03-09 20:17:40.187667,929.0,541.0,384.0,2512.0,1139.0,250.0,66.38206618657561,79.68840198256427,54.84193348106502,38.546747918356466,17.319704081295676,41.66525486828629,49.84786262756627,73.87859709942579,54.91984967892465,84.62464363983071
2025-03-09 20:17:40.187667,926.0,542.0,386.0,2511.0,1146.0,250.0,66.38206618657561,79.68840198256427,54.84193348106502,38.546747918356466,17.319704081295676,41.66525486828629,49.84786262756627,73.87859709942579,54.91984967892465,84.62464363983071
2025-03-09 20:17:40.187667,929.0,533.0,384.0,2509.0,1152.0,250.0,66.38206618657561,79.68840198256427,54.84193348106502,38.546747918356466,17.319704081295676,41.66525486828629,49.84786262756627,73.87859709942579,54.91984967892465,84.62464363983071
2025-03-09 20:17:40.196000,926.0,544.0,379.0,2510.0,1143.0,251.0,66.3875873390051,79.5794902182083,54.58925082236953,38.52099678067309,17.28301113916911,41.61312377450664,50.02544604966444,73.85772682475749,54.783702541247386,84.33120079193789
2025-03-09 20:17:40.196000,927.0,533.0,383.0,2512.0,1137.0,252.0,66.3875873390051,79.5794902182083,54.58925082236953,38.52099678067309,17.28301113916911,41.61312377450664,50.02544604966444,73.85772682475749,54.783702541247386,84.33120079193789
2025-03-09 20:17:40.196000,913.0,541.0,374.0,2507.0,1141.0,251.0,66.3875873390051,79.5794902182083,54.58925082236953,38.52099678067309,17.28301113916911,41.61312377450664,50.02544604966444,73.85772682475749,54.783702541247386,84.33120079193789
2025-03-09 20:17:40.196000,919.0,539.0,368.0,2506.0,1137.0,249.0,66.3875873390051,79.5794902182083,54.58925082236953,38.52099678067309,17.28301113916911,41.61312377450664,50.02544604966444,73.85772682475749,54.783702541247386,84.33120079193789
2025-03-09 20:17:40.204333,914.0,549.0,372.0,2506.0,1142.0,256.0,66.40223212330602,79.47280542199523,54.33285905359404,38.49448901502435,17.24502375009549,41.55978729091949,50.21018388561052,73.84236693619775,54.643660040617455,84.04538621392399
2025-03-09 20:17:40.204333,915.0,546.0,373.0,2510.0,1142.0,243.0,66.40223212330602,79.47280542199523,54.33285905359404,38.49448901502435,17.24502375009549,41.55978729091949,50.21018388561052,73.84236693619775,54.643660040617455,84.04538621392399
2025-03-09 20:17:40.204333,912.0,542.0,374.0,2506.0,1138.0,252.0,66.40223212330602,79.47280542199523,54.33285905359404,38.49448901502435,17.24502375009549,41.55978729091949,50.21018388561052,73.84236693619775,54.643660040617455,84.04538621392399
2025-03-09 20:17:40.212667,911.0,542.0,373.0,2511.0,1136.0,245.0,66.42703408687224,79.37094163845161,54.07398427544907,38.467225061226976,17.204960955401187,41.505226090770144,50.40152333842072,73.8342816581395,54.50205324209044,83.77015173479343
2025-03-09 20:17:40.212667,911.0,540.0,369.0,2507.0,1136.0,251.0,66.42703408687224,79.37094163845161,54.07398427544907,38.467225061226976,17.204960955401187,41.505226090770144,50.40152333842072,73.8342816581395,54.50205324209044,83.77015173479343
2025-03-09 20:17:40.212667,908.0,543.0,372.0,2507.0,1136.0,249.0,66.42703408687224,79.37094163845161,54.07398427544907,38.467225061226976,17.204960955401187,41.505226090770144,50.40152333842072,73.8342816581395,54.50205324209044,83.77015173479343
2025-03-09 20:17:40.212667,896.0,541.0,368.0,2506.0,1136.0,252.0,66.42703408687224,79.37094163845161,54.07398427544907,38.467225061226976,17.204960955401187,41.505226090770144,50.40152333842072,73.8342816581395,54.50205324209044,83.77015173479343
2025-03-09 20:17:40.221000,893.0,535.0,368.0,2506.0,1136.0,247.0,66.46351380800127,79.27592780213584,53.814812921814664,38.43855190973322,17.16186279252921,41.44839382428345,50.599218011189535,73.8363388461663,54.36072859629532,83.50765182368556
2025-03-09 20:17:40.221000,887.0,542.0,370.0,2506.0,1143.0,245.0,66.46351380800127,79.27592780213584,53.814812921814664,38.43855190973322,17.16186279252921,41.44839382428345,50.599218011189535,73.8363388461663,54.36072859629532,83.50765182368556
2025-03-09 20:17:40.221000,885.0,542.0,369.0,2501.0,1137.0,253.0,66.46351380800127,79.27592780213584,53.814812921814664,38.43855190973322,17.16186279252921,41.44839382428345,50.599218011189535,73.8363388461663,54.36072859629532,83.50765182368556
2025-03-09 20:17:40.229333,886.0,539.0,369.0,2506.0,1136.0,250.0,66.5133806213582,79.18986050919408,53.55859648929045,38.408910939281085,17.11543924117195,41.38944685934813,50.8025168875364,73.85136594260433,54.22201948494192,83.2602245965586
2025-03-09 20:17:40.229333,883.0,544.0,368.0,2507.0,1136.0,247.0,66.5133806213582,79.18986050919408,53.55859648929045,38.408910939281085,17.11543924117195,41.38944685934813,50.8025168875364,73.85136594260433,54.22201948494192,83.2602245965586
2025-03-09 20:17:40.229333,880.0,541.0,374.0,2509.0,1136.0,246.0,66.5133806213582,79.18986050919408,53.55859648929045,38.408910939281085,17.11543924117195,41.38944685934813,50.8025168875364,73.85136594260433,54.22201948494192,83.2602245965586
2025-03-09 20:17:40.229333,867.0,540.0,368.0,2499.0,1136.0,251.0,66.5133806213582,79.18986050919408,53.55859648929045,38.408910939281085,17.11543924117195,41.38944685934813,50.8025168875364,73.85136594260433,54.22201948494192,83.2602245965586
2025-03-09 20:17:40.237667,865.0,541.0,370.0,2503.0,1130.0,251.0,66.57781919001276,79.11480524654883,53.30799368865382,38.38086842932979,17.066593653934127,41.33105628186841,51.01063501559333,73.88092274489594,54.08890555066953,83.03051169282537
2025-03-09 20:17:40.237667,863.0,545.0,368.0,2503.0,1142.0,246.0,66.57781919001276,79.11480524654883,53.30799368865382,38.38086842932979,17.066593653934127,41.33105628186841,51.01063501559333,73.88092274489594,54.08890555066953,83.03051169282537
2025-03-09 20:17:40.237667,859.0,548.0,369.0,2499.0,1133.0,250.0,66.57781919001276,79.11480524654883,53.30799368865382,38.38086842932979,17.066593653934127,41.33105628186841,51.01063501559333,73.88092274489594,54.08890555066953,83.03051169282537
2025-03-09 20:17:40.237667,857.0,544.0,369.0,2500.0,1130.0,243.0,66.57781919001276,79.11480524654883,53.30799368865382,38.38086842932979,17.066593653934127,41.33105628186841,51.01063501559333,73.88092274489594,54.08890555066953,83.03051169282537
2025-03-09 20:17:40.246000,854.0,541.0,368.0,2502.0,1136.0,248.0,66.65801941177571,79.05233786408013,53.0641447557152,38.3563060040611,17.016047407529207,41.27541041771997,51.22331198505394,73.92558744833107,53.9629241684697,82.82052082573387
2025-03-09 20:17:40.246000,860.0,540.0,371.0,2503.0,1134.0,246.0,66.65801941177571,79.05233786408013,53.0641447557152,38.3563060040611,17.016047407529207,41.27541041771997,51.22331198505394,73.92558744833107,53.9629241684697,82.82052082573387
2025-03-09 20:17:40.246000,853.0,542.0,367.0,2505.0,1125.0,246.0,66.65801941177571,79.05233786408013,53.0641447557152,38.3563060040611,17.016047407529207,41.27541041771997,51.22331198505394,73.92558744833107,53.9629241684697,82.82052082573387
2025-03-09 20:17:40.254333,839.0,538.0,368.0,2504.0,1133.0,241.0,66.75457553769144,79.0030921490764,52.82748833561885,38.335877550723495,16.964320080927838,41.22377138210242,51.439705899449024,73.98428614339254,53.84375325157224,82.631353109075
2025-03-09 20:17:40.254333,833.0,550.0,374.0,2500.0,1136.0,249.0,66.75457553769144,79.0030921490764,52.82748833561885,38.335877550723495,16.964320080927838,41.22377138210242,51.439705899449024,73.98428614339254,53.84375325157224,82.631353109075
2025-03-09 20:17:40.254333,833.0,538.0,374.0,2501.0,1135.0,240.0,66.75457553769144,79.0030921490764,52.82748833561885,38.335877550723495,16.964320080927838,41.22377138210242,51.439705899449024,73.98428614339254,53.84375325157224,82.631353109075
2025-03-09 20:17:40.254333,830.0,531.0,371.0,2499.0,1136.0,244.0,66.75457553769144,79.0030921490764,52.82748833561885,38.335877550723495,16.964320080927838,41.22377138210242,51.439705899449024,73.98428614339254,53.84375325157224,82.631353109075
2025-03-09 20:17:40.262667,832.0,539.0,370.0,2503.0,1136.0,249.0,66.86623051741314,78.96640396622185,52.59980474085185,38.32225230407342,16.91204614131438,41.17946033248908,51.65572204708361,74.0536520103532,53.73211436565397,82.463045099402
2025-03-09 20:17:40.262667,831.0,539.0,370.0,2499.0,1138.0,241.0,66.86623051741314,78.96640396622185,52.59980474085185,38.32225230407342,16.91204614131438,41.17946033248908,51.65572204708361,74.0536520103532,53.73211436565397,82.463045099402
2025-03-09 20:17:40.262667,826.0,538.0,365.0,2498.0,1135.0,240.0,66.86623051741314,78.96640396622185,52.59980474085185,38.32225230407342,16.91204614131438,41.17946033248908,51.65572204708361,74.0536520103532,53.73211436565397,82.463045099402
2025-03-09 20:17:40.271000,806.0,540.0,369.0,2501.0,1130.0,240.0,66.99004537861936,78.94004317389295,52.383590602795074,38.31871649318844,16.859899957497174,41.14632062856189,51.86537207464581,74.12874191407315,53.62877636248316,82.31466601824732
2025-03-09 20:17:40.271000,807.0,535.0,373.0,2499.0,1136.0,249.0,66.99004537861936,78.94004317389295,52.383590602795074,38.31871649318844,16.859899957497174,41.14632062856189,51.86537207464581,74.12874191407315,53.62877636248316,82.31466601824732
2025-03-09 20:17:40.271000,801.0,529.0,370.0,2496.0,1137.0,242.0,66.99004537861936,78.94004317389295,52.383590602795074,38.31871649318844,16.859899957497174,41.14632062856189,51.86537207464581,74.12874191407315,53.62877636248316,82.31466601824732
2025-03-09 20:17:40.271000,800.0,546.0,374.0,2502.0,1136.0,242.0,66.99004537861936,78.94004317389295,52.383590602795074,38.31871649318844,16.859899957497174,41.14632062856189,51.86537207464581,74.12874191407315,53.62877636248316,82.31466601824732
2025-03-09 20:17:40.279333,802.0,543.0,368.0,2501.0,1135.0,242.0,67.12258012803866,78.92224297463997,52.18151419594819,38.3250418932176,16.808839806195508,41.12459134122622,52.06480775258521,74.20646664284077,53.53369784812578,82.18618781847125
2025-03-09 20:17:40.279333,801.0,534.0,373.0,2503.0,1136.0,231.0,67.12258012803866,78.92224297463997,52.18151419594819,38.3250418932176,16.808839806195508,41.12459134122622,52.06480775258521,74.20646664284077,53.53369784812578,82.18618781847125
2025-03-09 20:17:40.279333,799.0,539.0,371.0,2499.0,1147.0,240.0,67.12258012803866,78.92224297463997,52.18151419594819,38.3250418932176,16.808839806195508,41.12459134122622,52.06480775258521,74.20646664284077,53.53369784812578,82.18618781847125
2025-03-09 20:17:40.287667,794.0,538.0,368.0,2498.0,1142.0,240.0,67.2610523933524,78.91255314578501,51.99420587119993,38.33871990701872,16.75892698406729,41.111808230783545,52.253362409440356,74.2862586850447,53.447016462609746,82.0780878000811
2025-03-09 20:17:40.287667,779.0,533.0,372.0,2507.0,1136.0,240.0,67.2610523933524,78.91255314578501,51.99420587119993,38.33871990701872,16.75892698406729,41.111808230783545,52.253362409440356,74.2862586850447,53.447016462609746,82.0780878000811
2025-03-09 20:17:40.287667,775.0,534.0,370.0,2499.0,1149.0,243.0,67.2610523933524,78.91255314578501,51.99420587119993,38.33871990701872,16.75892698406729,41.111808230783545,52.253362409440356,74.2862586850447,53.447016462609746,82.0780878000811
2025-03-09 20:17:40.287667,775.0,540.0,377.0,2496.0,1139.0,241.0,67.2610523933524,78.91255314578501,51.99420587119993,38.33871990701872,16.75892698406729,41.111808230783545,52.253362409440356,74.2862586850447,53.447016462609746,82.0780878000811
2025-03-09 20:17:40.296000,769.0,540.0,377.0,2497.0,1141.0,241.0,67.40410332209947,78.91104810189508,51.82146443622486,38.35767879414632,16.709600272558475,41.10555437962948,52.431698436306476,74.36902382679762,53.369230340082666,81.99045045555789
2025-03-09 20:17:40.296000,770.0,538.0,374.0,2498.0,1136.0,241.0,67.40410332209947,78.91104810189508,51.82146443622486,38.35767879414632,16.709600272558475,41.10555437962948,52.431698436306476,74.36902382679762,53.369230340082666,81.99045045555789
2025-03-09 20:17:40.296000,769.0,533.0,370.0,2502.0,1136.0,240.0,67.40410332209947,78.91104810189508,51.82146443622486,38.35767879414632,16.709600272558475,41.10555437962948,52.431698436306476,74.36902382679762,53.369230340082666,81.99045045555789
2025-03-09 20:17:40.296000,765.0,528.0,368.0,2502.0,1136.0,240.0,67.40410332209947,78.91104810189508,51.82146443622486,38.35767879414632,16.709600272558475,41.10555437962948,52.431698436306476,74.36902382679762,53.369230340082666,81.99045045555789
2025-03-09 20:17:40.304333,750.0,534.0,368.0,2501.0,1136.0,243.0,67.55043510889001,78.91710040251847,51.663425834392,38.38021968235095,16.661590635889773,41.104308769379806,52.60031831426314,74.45437782878857,53.29938749010762,81.92342969526831
2025-03-09 20:17:40.304333,750.0,536.0,374.0,2503.0,1137.0,240.0,67.55043510889001,78.91710040251847,51.663425834392,38.38021968235095,16.661590635889773,41.104308769379806,52.60031831426314,74.45437782878857,53.29938749010762,81.92342969526831
2025-03-09 20:17:40.304333,742.0,533.0,366.0,2505.0,1137.0,240.0,67.55043510889001,78.91710040251847,51.663425834392,38.38021968235095,16.661590635889773,41.104308769379806,52.60031831426314,74.45437782878857,53.29938749010762,81.92342969526831
2025-03-09 20:17:40.312667,742.0,535.0,371.0,2495.0,1140.0,241.0,67.69782822561463,78.92892841542783,51.519226194740334,38.405748145125955,16.61648833222897,41.10810489121213,52.75915985926653,74.53957664093075,53.23554619008096,81.87724402817948
2025-03-09 20:17:40.312667,739.0,527.0,374.0,2498.0,1137.0,240.0,67.69782822561463,78.92892841542783,51.519226194740334,38.405748145125955,16.61648833222897,41.10810489121213,52.75915985926653,74.53957664093075,53.23554619008096,81.87724402817948
2025-03-09 20:17:40.312667,737.0,528.0,368.0,2498.0,1142.0,239.0,67.69782822561463,78.92892841542783,51.519226194740334,38.405748145125955,16.61648833222897,41.10810489121213,52.75915985926653,74.53957664093075,53.23554619008096,81.87724402817948
2025-03-09 20:17:40.312667,735.0,528.0,370.0,2498.0,1139.0,240.0,67.69782822561463,78.92892841542783,51.519226194740334,38.405748145125955,16.61648833222897,41.10810489121213,52.75915985926653,74.53957664093075,53.23554619008096,81.87724402817948
2025-03-09 20:17:40.321000,731.0,530.0,371.0,2501.0,1138.0,240.0,67.84378546375065,78.94417943067435,51.388075915074026,38.43391121275225,16.576234251574956,41.11763449479537,52.907079048247795,74.6201938823347,53.1747998368381,81.85215435023096
2025-03-09 20:17:40.321000,711.0,528.0,375.0,2507.0,1148.0,244.0,67.84378546375065,78.94417943067435,51.388075915074026,38.43391121275225,16.576234251574956,41.11763449479537,52.907079048247795,74.6201938823347,53.1747998368381,81.85215435023096
2025-03-09 20:17:40.321000,709.0,529.0,368.0,2506.0,1150.0,240.0,67.84378546375065,78.94417943067435,51.388075915074026,38.43391121275225,16.576234251574956,41.11763449479537,52.907079048247795,74.6201938823347,53.1747998368381,81.85215435023096
2025-03-09 20:17:40.321000,708.0,528.0,374.0,2501.0,1149.0,255.0,67.84378546375065,78.94417943067435,51.388075915074026,38.43391121275225,16.576234251574956,41.11763449479537,52.907079048247795,74.6201938823347,53.1747998368381,81.85215435023096
2025-03-09 20:17:40.329333,703.0,528.0,368.0,2506.0,1152.0,240.0,67.98660003137611,78.96103466307113,51.26840709009309,38.464486302606716,16.54098282867379,41.132913849373345,53.043466546860856,74.69360931442452,53.11557171634818,81.84913252408124
2025-03-09 20:17:40.329333,702.0,529.0,370.0,2506.0,1153.0,238.0,67.98660003137611,78.96103466307113,51.26840709009309,38.464486302606716,16.54098282867379,41.132913849373345,53.043466546860856,74.69360931442452,53.11557171634818,81.84913252408124
2025-03-09 20:17:40.329333,699.0,528.0,371.0,2506.0,1154.0,240.0,67.98660003137611,78.96103466307113,51.26840709009309,38.464486302606716,16.54098282867379,41.132913849373345,53.043466546860856,74.69360931442452,53.11557171634818,81.84913252408124
2025-03-09 20:17:40.337667,697.0,528.0,368.0,2502.0,1154.0,240.0,68.12489950000173,78.97790983843251,51.159313331017735,38.49704641907416,16.509837643155564,41.15290430115455,53.16816305130619,74.75951318793393,53.057684388291534,81.86853550490972
2025-03-09 20:17:40.337667,679.0,527.0,370.0,2503.0,1168.0,239.0,68.12489950000173,78.97790983843251,51.159313331017735,38.49704641907416,16.509837643155564,41.15290430115455,53.16816305130619,74.75951318793393,53.057684388291534,81.86853550490972
2025-03-09 20:17:40.337667,676.0,525.0,374.0,2507.0,1168.0,240.0,68.12489950000173,78.97790983843251,51.159313331017735,38.49704641907416,16.509837643155564,41.15290430115455,53.16816305130619,74.75951318793393,53.057684388291534,81.86853550490972
2025-03-09 20:17:40.337667,673.0,525.0,369.0,2510.0,1168.0,240.0,68.12489950000173,78.97790983843251,51.159313331017735,38.49704641907416,16.509837643155564,41.15290430115455,53.16816305130619,74.75951318793393,53.057684388291534,81.86853550490972
2025-03-09 20:17:40.346000,671.0,528.0,370.0,2501.0,1168.0,239.0,68.25685126749036,78.99307195577093,51.06070455281461,38.53006433122714,16.481595270081744,41.17502747889783,53.281287357744745,74.81889240372966,53.001337797706476,81.90917967337417
2025-03-09 20:17:40.346000,674.0,511.0,372.0,2506.0,1169.0,238.0,68.25685126749036,78.99307195577093,51.06070455281461,38.53006433122714,16.481595270081744,41.17502747889783,53.281287357744745,74.81889240372966,53.001337797706476,81.90917967337417
2025-03-09 20:17:40.346000,666.0,527.0,373.0,2505.0,1175.0,237.0,68.25685126749036,78.99307195577093,51.06070455281461,38.53006433122714,16.481595270081744,41.17502747889783,53.281287357744745,74.81889240372966,53.001337797706476,81.90917967337417
2025-03-09 20:17:40.354333,667.0,524.0,375.0,2507.0,1177.0,237.0,68.38097790582219,79.00570807044774,50.97316102647474,38.56310598177069,16.45470477791017,41.197833512941344,53.38192440001955,74.87282936274507,52.94824546394079,81.97017090840575
2025-03-09 20:17:40.354333,665.0,511.0,369.0,2502.0,1174.0,239.0,68.38097790582219,79.00570807044774,50.97316102647474,38.56310598177069,16.45470477791017,41.197833512941344,53.38192440001955,74.87282936274507,52.94824546394079,81.97017090840575
2025-03-09 20:17:40.354333,650.0,526.0,375.0,2507.0,1197.0,236.0,68.38097790582219,79.00570807044774,50.97316102647474,38.56310598177069,16.45470477791017,41.197833512941344,53.38192440001955,74.87282936274507,52.94824546394079,81.97017090840575
2025-03-09 20:17:40.354333,644.0,511.0,374.0,2509.0,1195.0,239.0,68.38097790582219,79.00570807044774,50.97316102647474,38.56310598177069,16.45470477791017,41.197833512941344,53.38192440001955,74.87282936274507,52.94824546394079,81.97017090840575
2025-03-09 20:17:40.362667,646.0,511.0,368.0,2502.0,1197.0,237.0,68.49622530480357,79.0157822797019,50.897325671569774,38.59707940884275,16.42805388066155,41.22180332311243,53.46817286225461,74.92113753418053,52.900558180535675,82.05150515288547
2025-03-09 20:17:40.362667,645.0,511.0,368.0,2505.0,1200.0,235.0,68.49622530480357,79.0157822797019,50.897325671569774,38.59707940884275,16.42805388066155,41.22180332311243,53.46817286225461,74.92113753418053,52.900558180535675,82.05150515288547
2025-03-09 20:17:40.362667,643.0,510.0,373.0,2510.0,1203.0,230.0,68.49622530480357,79.0157822797019,50.897325671569774,38.59707940884275,16.42805388066155,41.22180332311243,53.46817286225461,74.92113753418053,52.900558180535675,82.05150515288547
2025-03-09 20:17:40.371000,640.0,522.0,370.0,2503.0,1227.0,239.0,68.60176378457165,79.02315436790728,50.833465104593095,38.63196250753368,16.399935308723748,41.24634101054705,53.53842326721148,74.96393260658195,52.859830010136314,82.1524106316034
2025-03-09 20:17:40.371000,640.0,511.0,369.0,2508.0,1207.0,241.0,68.60176378457165,79.02315436790728,50.833465104593095,38.63196250753368,16.399935308723748,41.24634101054705,53.53842326721148,74.96393260658195,52.859830010136314,82.1524106316034
2025-03-09 20:17:40.371000,641.0,511.0,368.0,2509.0,1199.0,233.0,68.60176378457165,79.02315436790728,50.833465104593095,38.63196250753368,16.399935308723748,41.24634101054705,53.53842326721148,74.96393260658195,52.859830010136314,82.1524106316034
2025-03-09 20:17:40.371000,624.0,511.0,367.0,2508.0,1215.0,239.0,68.60176378457165,79.02315436790728,50.833465104593095,38.63196250753368,16.399935308723748,41.24634101054705,53.53842326721148,74.96393260658195,52.859830010136314,82.1524106316034
2025-03-09 20:17:40.379333,625.0,511.0,368.0,2511.0,1219.0,245.0,68.69760684265381,79.02796387460542,50.78101794221155,38.665607658090906,16.371878519179155,41.27006177402097,53.59440977442251,75.00069079302574,52.82371604304982,82.27115518283256
2025-03-09 20:17:40.379333,624.0,506.0,361.0,2501.0,1216.0,234.0,68.69760684265381,79.02796387460542,50.78101794221155,38.665607658090906,16.371878519179155,41.27006177402097,53.59440977442251,75.00069079302574,52.82371604304982,82.27115518283256
2025-03-09 20:17:40.379333,624.0,511.0,367.0,2503.0,1216.0,240.0,68.69760684265381,79.02796387460542,50.78101794221155,38.665607658090906,16.371878519179155,41.27006177402097,53.59440977442251,75.00069079302574,52.82371604304982,82.27115518283256
2025-03-09 20:17:40.379333,624.0,511.0,371.0,2510.0,1219.0,234.0,68.69760684265381,79.02796387460542,50.78101794221155,38.665607658090906,16.371878519179155,41.27006177402097,53.59440977442251,75.00069079302574,52.82371604304982,82.27115518283256
2025-03-09 20:17:40.387667,619.0,511.0,367.0,2505.0,1216.0,254.0,68.78267857374077,79.02953779555854,50.7392291450355,38.69520390914844,16.348209328254118,41.29183865086415,53.63911713034751,75.02929662323858,52.7876743391577,82.40604465486648
2025-03-09 20:17:40.387667,622.0,511.0,367.0,2512.0,1219.0,225.0,68.78267857374077,79.02953779555854,50.7392291450355,38.69520390914844,16.348209328254118,41.29183865086415,53.63911713034751,75.02929662323858,52.7876743391577,82.40604465486648
2025-03-09 20:17:40.387667,610.0,509.0,364.0,2512.0,1215.0,236.0,68.78267857374077,79.02953779555854,50.7392291450355,38.69520390914844,16.348209328254118,41.29183865086415,53.63911713034751,75.02929662323858,52.7876743391577,82.40604465486648
2025-03-09 20:17:40.396000,609.0,507.0,368.0,2510.0,1219.0,240.0,68.85488747156523,79.026716888774,50.70793790801399,38.71950606868609,16.330870381840782,41.31124111513075,53.6724738979576,75.04737147164056,52.74979597493607,82.55565637267394
2025-03-09 20:17:40.396000,609.0,510.0,368.0,2507.0,1223.0,235.0,68.85488747156523,79.026716888774,50.70793790801399,38.71950606868609,16.330870381840782,41.31124111513075,53.6724738979576,75.04737147164056,52.74979597493607,82.55565637267394
2025-03-09 20:17:40.396000,604.0,511.0,382.0,2510.0,1221.0,234.0,68.85488747156523,79.026716888774,50.70793790801399,38.71950606868609,16.330870381840782,41.31124111513075,53.6724738979576,75.04737147164056,52.74979597493607,82.55565637267394
2025-03-09 20:17:40.396000,603.0,507.0,375.0,2507.0,1225.0,236.0,68.85488747156523,79.026716888774,50.70793790801399,38.71950606868609,16.330870381840782,41.31124111513075,53.6724738979576,75.04737147164056,52.74979597493607,82.55565637267394
2025-03-09 20:17:40.404333,603.0,511.0,379.0,2510.0,1221.0,236.0,68.91368319486418,79.01872814953352,50.687080021981494,38.739208296833596,16.31891175860626,41.32843319365646,53.693602388463276,75.05489659414445,52.710895493524696,82.71860746607801
2025-03-09 20:17:40.404333,600.0,507.0,375.0,2512.0,1217.0,234.0,68.91368319486418,79.01872814953352,50.687080021981494,38.739208296833596,16.31891175860626,41.32843319365646,53.693602388463276,75.05489659414445,52.710895493524696,82.71860746607801
2025-03-09 20:17:40.404333,606.0,510.0,373.0,2511.0,1222.0,239.0,68.91368319486418,79.01872814953352,50.687080021981494,38.739208296833596,16.31891175860626,41.32843319365646,53.693602388463276,75.05489659414445,52.710895493524696,82.71860746607801
2025-03-09 20:17:40.404333,593.0,503.0,368.0,2511.0,1226.0,240.0,68.91368319486418,79.01872814953352,50.687080021981494,38.739208296833596,16.31891175860626,41.32843319365646,53.693602388463276,75.05489659414445,52.710895493524696,82.71860746607801
2025-03-09 20:17:40.412667,592.0,506.0,373.0,2506.0,1229.0,234.0,68.95989314338628,79.00560524755558,50.67664021145705,38.75519832680531,16.311702553137263,41.343924767373636,53.702551930081555,75.05264838682946,52.6715960244444,82.89471572342964
2025-03-09 20:17:40.412667,592.0,501.0,368.0,2513.0,1218.0,242.0,68.95989314338628,79.00560524755558,50.67664021145705,38.75519832680531,16.311702553137263,41.343924767373636,53.702551930081555,75.05264838682946,52.6715960244444,82.89471572342964
2025-03-09 20:17:40.412667,596.0,498.0,368.0,2509.0,1233.0,230.0,68.95989314338628,79.00560524755558,50.67664021145705,38.75519832680531,16.311702553137263,41.343924767373636,53.702551930081555,75.05264838682946,52.6715960244444,82.89471572342964
2025-03-09 20:17:40.421000,592.0,503.0,364.0,2510.0,1230.0,229.0,68.99539668166251,78.98975943347064,50.677696863232214,38.76720256270263,16.30952901032833,41.35809350821043,53.69922412552831,75.04123182038805,52.632392412882446,83.08455694806072
2025-03-09 20:17:40.421000,592.0,510.0,363.0,2512.0,1231.0,237.0,68.99539668166251,78.98975943347064,50.677696863232214,38.76720256270263,16.30952901032833,41.35809350821043,53.69922412552831,75.04123182038805,52.632392412882446,83.08455694806072
2025-03-09 20:17:40.421000,591.0,499.0,362.0,2512.0,1232.0,240.0,68.99539668166251,78.98975943347064,50.677696863232214,38.76720256270263,16.30952901032833,41.35809350821043,53.69922412552831,75.04123182038805,52.632392412882446,83.08455694806072
2025-03-09 20:17:40.421000,585.0,509.0,365.0,2512.0,1208.0,238.0,68.99539668166251,78.98975943347064,50.677696863232214,38.76720256270263,16.30952901032833,41.35809350821043,53.69922412552831,75.04123182038805,52.632392412882446,83.08455694806072
2025-03-09 20:17:40.429333,582.0,510.0,365.0,2510.0,1222.0,240.0,69.02278103226291,78.97326169050434,50.689442486974166,38.77413093621965,16.312927758612705,41.370321885046266,53.68629684668403,75.02227636646474,52.59230501607976,83.28772395142603
2025-03-09 20:17:40.429333,581.0,511.0,363.0,2512.0,1226.0,231.0,69.02278103226291,78.97326169050434,50.689442486974166,38.77413093621965,16.312927758612705,41.370321885046266,53.68629684668403,75.02227636646474,52.59230501607976,83.28772395142603
2025-03-09 20:17:40.429333,583.0,498.0,355.0,2512.0,1209.0,226.0,69.02278103226291,78.97326169050434,50.689442486974166,38.77413093621965,16.312927758612705,41.370321885046266,53.68629684668403,75.02227636646474,52.59230501607976,83.28772395142603
2025-03-09 20:17:40.429333,586.0,502.0,357.0,2508.0,1230.0,234.0,69.02278103226291,78.97326169050434,50.689442486974166,38.77413093621965,16.312927758612705,41.370321885046266,53.68629684668403,75.02227636646474,52.59230501607976,83.28772395142603
2025-03-09 20:17:40.437667,578.0,501.0,365.0,2511.0,1229.0,237.0,69.04525394629495,78.95709371592874,50.70910709898695,38.77411060987887,16.32320282320832,41.379187811062174,53.66930427428405,74.99776725621221,52.54782397613248,83.50268655491914
2025-03-09 20:17:40.437667,583.0,503.0,367.0,2509.0,1223.0,234.0,69.04525394629495,78.95709371592874,50.70910709898695,38.77411060987887,16.32320282320832,41.379187811062174,53.66930427428405,74.99776725621221,52.54782397613248,83.50268655491914
2025-03-09 20:17:40.437667,582.0,501.0,358.0,2509.0,1227.0,226.0,69.04525394629495,78.95709371592874,50.70910709898695,38.77411060987887,16.32320282320832,41.379187811062174,53.66930427428405,74.99776725621221,52.54782397613248,83.50268655491914
2025-03-09 20:17:40.446000,576.0,503.0,361.0,2507.0,1223.0,238.0,69.0649179676305,78.94191576362087,50.73422895921187,38.768558186933525,16.337926728471952,41.38538504250545,53.64903977958018,74.96889009566874,52.49980763438991,83.72800270760823
2025-03-09 20:17:40.446000,577.0,501.0,364.0,2512.0,1222.0,238.0,69.0649179676305,78.94191576362087,50.73422895921187,38.768558186933525,16.337926728471952,41.38538504250545,53.64903977958018,74.96889009566874,52.49980763438991,83.72800270760823
2025-03-09 20:17:40.446000,574.0,496.0,367.0,2512.0,1223.0,238.0,69.0649179676305,78.94191576362087,50.73422895921187,38.768558186933525,16.337926728471952,41.38538504250545,53.64903977958018,74.96889009566874,52.49980763438991,83.72800270760823
2025-03-09 20:17:40.454333,576.0,497.0,365.0,2511.0,1214.0,223.0,69.08071188332498,78.92594921087941,50.76299068050654,38.76311915057139,16.350350447301764,41.391543105150674,53.621021972291736,74.93664299362906,52.45487258767539,83.9630335567274
2025-03-09 20:17:40.454333,576.0,502.0,363.0,2512.0,1223.0,239.0,69.08071188332498,78.92594921087941,50.76299068050654,38.76311915057139,16.350350447301764,41.391543105150674,53.621021972291736,74.93664299362906,52.45487258767539,83.9630335567274
2025-03-09 20:17:40.454333,578.0,502.0,368.0,2504.0,1222.0,240.0,69.08071188332498,78.92594921087941,50.76299068050654,38.76311915057139,16.350350447301764,41.391543105150674,53.621021972291736,74.93664299362906,52.45487258767539,83.9630335567274
2025-03-09 20:17:40.454333,576.0,502.0,368.0,2509.0,1230.0,225.0,69.08071188332498,78.92594921087941,50.76299068050654,38.76311915057139,16.350350447301764,41.391543105150674,53.621021972291736,74.93664299362906,52.45487258767539,83.9630335567274
2025-03-09 20:17:40.462667,567.0,499.0,378.0,2510.0,1223.0,231.0,69.09097157866312,78.9070703247568,50.7942576316978,38.759888819827324,16.35743034568479,41.39821862344832,53.58301307731833,74.90076686853776,52.415274651135825,84.20626450739952
2025-03-09 20:17:40.462667,566.0,500.0,375.0,2510.0,1220.0,235.0,69.09097157866312,78.9070703247568,50.7942576316978,38.759888819827324,16.35743034568479,41.39821862344832,53.58301307731833,74.90076686853776,52.415274651135825,84.20626450739952
2025-03-09 20:17:40.462667,565.0,500.0,380.0,2509.0,1218.0,235.0,69.09097157866312,78.9070703247568,50.7942576316978,38.759888819827324,16.35743034568479,41.39821862344832,53.58301307731833,74.90076686853776,52.415274651135825,84.20626450739952
2025-03-09 20:17:40.462667,563.0,496.0,374.0,2512.0,1222.0,217.0,69.09097157866312,78.9070703247568,50.7942576316978,38.759888819827324,16.35743034568479,41.39821862344832,53.58301307731833,74.90076686853776,52.415274651135825,84.20626450739952
2025-03-09 20:17:40.471000,567.0,502.0,382.0,2512.0,1226.0,238.0,69.0946612379223,78.88406517145394,50.82721087770588,38.75742638438831,16.360304989692537,41.404474758941014,53.535631772327115,74.8596556377753,52.378516650480435,84.45506601099878
2025-03-09 20:17:40.471000,567.0,497.0,372.0,2511.0,1216.0,237.0,69.0946612379223,78.88406517145394,50.82721087770588,38.75742638438831,16.360304989692537,41.404474758941014,53.535631772327115,74.8596556377753,52.378516650480435,84.45506601099878
2025-03-09 20:17:40.471000,562.0,496.0,374.0,2510.0,1219.0,239.0,69.0946612379223,78.88406517145394,50.82721087770588,38.75742638438831,16.360304989692537,41.404474758941014,53.535631772327115,74.8596556377753,52.378516650480435,84.45506601099878
2025-03-09 20:17:40.479333,565.0,510.0,381.0,2509.0,1215.0,237.0,69.09074546686206,78.85647120443714,50.862673262892606,38.755449301398194,16.359697687742234,41.41023445276925,53.47820594627614,74.81258596733728,52.34443574845154,84.70800642135201
2025-03-09 20:17:40.479333,560.0,496.0,375.0,2507.0,1211.0,235.0,69.09074546686206,78.85647120443714,50.862673262892606,38.755449301398194,16.359697687742234,41.41023445276925,53.47820594627614,74.81258596733728,52.34443574845154,84.70800642135201
2025-03-09 20:17:40.479333,559.0,496.0,382.0,2509.0,1227.0,230.0,69.09074546686206,78.85647120443714,50.862673262892606,38.755449301398194,16.359697687742234,41.41023445276925,53.47820594627614,74.81258596733728,52.34443574845154,84.70800642135201
2025-03-09 20:17:40.479333,560.0,501.0,380.0,2507.0,1217.0,237.0,69.09074546686206,78.85647120443714,50.862673262892606,38.755449301398194,16.359697687742234,41.41023445276925,53.47820594627614,74.81258596733728,52.34443574845154,84.70800642135201
2025-03-09 20:17:40.487667,558.0,503.0,378.0,2511.0,1215.0,238.0,69.07902599896907,78.82512122873564,50.90226902737342,38.75441633060466,16.356031125293335,41.41603305337712,53.4099199604352,74.76005270634145,52.314550091580365,84.96481187631547
2025-03-09 20:17:40.487667,558.0,499.0,378.0,2510.0,1222.0,237.0,69.07902599896907,78.82512122873564,50.90226902737342,38.75441633060466,16.356031125293335,41.41603305337712,53.4099199604352,74.76005270634145,52.314550091580365,84.96481187631547
2025-03-09 20:17:40.487667,558.0,499.0,374.0,2511.0,1226.0,238.0,69.07902599896907,78.82512122873564,50.90226902737342,38.75441633060466,16.356031125293335,41.41603305337712,53.4099199604352,74.76005270634145,52.314550091580365,84.96481187631547
2025-03-09 20:17:40.496000,560.0,496.0,368.0,2511.0,1216.0,225.0,69.05867451460497,78.79081308385163,50.94928039414696,38.754675258300026,16.349963827388564,41.42220441678785,53.329061493771505,74.70288519500417,52.29120584364661,85.22475550580113
2025-03-09 20:17:40.496000,550.0,493.0,363.0,2512.0,1228.0,230.0,69.05867451460497,78.79081308385163,50.94928039414696,38.754675258300026,16.349963827388564,41.42220441678785,53.329061493771505,74.70288519500417,52.29120584364661,85.22475550580113
2025-03-09 20:17:40.496000,554.0,497.0,366.0,2512.0,1214.0,239.0,69.05867451460497,78.79081308385163,50.94928039414696,38.754675258300026,16.349963827388564,41.42220441678785,53.329061493771505,74.70288519500417,52.29120584364661,85.22475550580113
2025-03-09 20:17:40.496000,549.0,496.0,368.0,2509.0,1230.0,243.0,69.05867451460497,78.79081308385163,50.94928039414696,38.754675258300026,16.349963827388564,41.42220441678785,53.329061493771505,74.70288519500417,52.29120584364661,85.22475550580113
2025-03-09 20:17:40.504333,554.0,499.0,368.0,2507.0,1231.0,245.0,69.02821430027262,78.7531675310714,51.006345724891986,38.75671292864856,16.342036074647115,41.429068892122295,53.233805170167685,74.64119631114434,52.2760645275529,85.48629265399116
2025-03-09 20:17:40.504333,552.0,496.0,368.0,2506.0,1215.0,240.0,69.02821430027262,78.7531675310714,51.006345724891986,38.75671292864856,16.342036074647115,41.429068892122295,53.233805170167685,74.64119631114434,52.2760645275529,85.48629265399116
2025-03-09 20:17:40.504333,556.0,487.0,371.0,2507.0,1227.0,219.0,69.02821430027262,78.7531675310714,51.006345724891986,38.75671292864856,16.342036074647115,41.429068892122295,53.233805170167685,74.64119631114434,52.2760645275529,85.48629265399116
2025-03-09 20:17:40.504333,550.0,492.0,367.0,2509.0,1226.0,239.0,69.02821430027262,78.7531675310714,51.006345724891986,38.75671292864856,16.342036074647115,41.429068892122295,53.233805170167685,74.64119631114434,52.2760645275529,85.48629265399116
2025-03-09 20:17:40.512667,550.0,496.0,373.0,2509.0,1225.0,254.0,68.98849567539949,78.71261167984255,51.07355552248852,38.76176684256093,16.332150292556385,41.437677082747186,53.124408766624754,74.57577133222851,52.27000654692517,85.74862823302671
2025-03-09 20:17:40.512667,551.0,494.0,367.0,2507.0,1227.0,240.0,68.98849567539949,78.71261167984255,51.07355552248852,38.76176684256093,16.332150292556385,41.437677082747186,53.124408766624754,74.57577133222851,52.27000654692517,85.74862823302671
2025-03-09 20:17:40.512667,544.0,496.0,368.0,2513.0,1229.0,240.0,68.98849567539949,78.71261167984255,51.07355552248852,38.76176684256093,16.332150292556385,41.437677082747186,53.124408766624754,74.57577133222851,52.27000654692517,85.74862823302671
2025-03-09 20:17:40.521000,545.0,496.0,368.0,2507.0,1230.0,239.0,68.94147785028798,78.67009375867835,51.15072979425381,38.769780063190254,16.319998391059517,41.44811962140549,53.001508293966,74.50726014181792,52.27243872407998,86.01099503339397
2025-03-09 20:17:40.521000,547.0,495.0,366.0,2511.0,1222.0,240.0,68.94147785028798,78.67009375867835,51.15072979425381,38.769780063190254,16.319998391059517,41.44811962140549,53.001508293966,74.50726014181792,52.27243872407998,86.01099503339397
2025-03-09 20:17:40.521000,545.0,494.0,367.0,2511.0,1226.0,240.0,68.94147785028798,78.67009375867835,51.15072979425381,38.769780063190254,16.319998391059517,41.44811962140549,53.001508293966,74.50726014181792,52.27243872407998,86.01099503339397
2025-03-09 20:17:40.521000,546.0,492.0,364.0,2515.0,1222.0,240.0,68.94147785028798,78.67009375867835,51.15072979425381,38.769780063190254,16.319998391059517,41.44811962140549,53.001508293966,74.50726014181792,52.27243872407998,86.01099503339397
2025-03-09 20:17:40.529333,547.0,494.0,368.0,2514.0,1225.0,240.0,68.88856866011754,78.62697671169005,51.239516710921095,38.779054246753475,16.30579456871304,41.45929011000841,52.86465913646195,74.4358964815557,52.28238280417248,86.27256656818349
2025-03-09 20:17:40.529333,547.0,493.0,368.0,2512.0,1216.0,240.0,68.88856866011754,78.62697671169005,51.239516710921095,38.779054246753475,16.30579456871304,41.45929011000841,52.86465913646195,74.4358964815557,52.28238280417248,86.27256656818349
2025-03-09 20:17:40.529333,543.0,496.0,363.0,2512.0,1216.0,241.0,68.88856866011754,78.62697671169005,51.239516710921095,38.779054246753475,16.30579456871304,41.45929011000841,52.86465913646195,74.4358964815557,52.28238280417248,86.27256656818349
2025-03-09 20:17:40.537667,547.0,489.0,363.0,2511.0,1214.0,240.0,68.83104948650423,78.58509422370847,51.34341797191551,38.78986195151046,16.289568513578896,41.471749995835616,52.711750056637655,74.36247201899374,52.30144792997057,86.53330790752999
2025-03-09 20:17:40.537667,547.0,495.0,366.0,2511.0,1213.0,240.0,68.83104948650423,78.58509422370847,51.34341797191551,38.78986195151046,16.289568513578896,41.471749995835616,52.711750056637655,74.36247201899374,52.30144792997057,86.53330790752999
2025-03-09 20:17:40.537667,544.0,496.0,370.0,2512.0,1213.0,240.0,68.83104948650423,78.58509422370847,51.34341797191551,38.78986195151046,16.289568513578896,41.471749995835616,52.711750056637655,74.36247201899374,52.30144792997057,86.53330790752999
2025-03-09 20:17:40.537667,542.0,496.0,368.0,2510.0,1210.0,240.0,68.83104948650423,78.58509422370847,51.34341797191551,38.78986195151046,16.289568513578896,41.471749995835616,52.711750056637655,74.36247201899374,52.30144792997057,86.53330790752999
2025-03-09 20:17:40.546000,546.0,495.0,366.0,2509.0,1211.0,240.0,68.76938267426476,78.54544360129626,51.465345562207105,38.80354372911622,16.27101725469347,41.48681542429374,52.54019032928704,74.28729307639327,52.33182776010637,86.79346441349568
2025-03-09 20:17:40.546000,541.0,491.0,366.0,2509.0,1210.0,240.0,68.76938267426476,78.54544360129626,51.465345562207105,38.80354372911622,16.27101725469347,41.48681542429374,52.54019032928704,74.28729307639327,52.33182776010637,86.79346441349568
2025-03-09 20:17:40.546000,545.0,496.0,366.0,2511.0,1200.0,230.0,68.76938267426476,78.54544360129626,51.465345562207105,38.80354372911622,16.27101725469347,41.48681542429374,52.54019032928704,74.28729307639327,52.33182776010637,86.79346441349568
2025-03-09 20:17:40.554333,538.0,494.0,365.0,2510.0,1199.0,239.0,68.70253011729791,78.50718351696744,51.60276942523438,38.81995633664148,16.249198222417686,41.50415602537232,52.35008249453551,74.20916950067326,52.37294351849047,87.0522056754467
2025-03-09 20:17:40.554333,542.0,495.0,360.0,2512.0,1200.0,244.0,68.70253011729791,78.50718351696744,51.60276942523438,38.81995633664148,16.249198222417686,41.50415602537232,52.35008249453551,74.20916950067326,52.37294351849047,87.0522056754467
2025-03-09 20:17:40.554333,539.0,496.0,367.0,2512.0,1198.0,240.0,68.70253011729791,78.50718351696744,51.60276942523438,38.81995633664148,16.249198222417686,41.50415602537232,52.35008249453551,74.20916950067326,52.37294351849047,87.0522056754467
2025-03-09 20:17:40.554333,543.0,490.0,365.0,2506.0,1194.0,240.0,68.70253011729791,78.50718351696744,51.60276942523438,38.81995633664148,16.249198222417686,41.50415602537232,52.35008249453551,74.20916950067326,52.37294351849047,87.0522056754467
2025-03-09 20:17:40.562667,541.0,490.0,366.0,2512.0,1196.0,239.0,68.62994835198894,78.46849865386426,51.74773853159046,38.83824807421932,16.223182821528145,41.52320548297978,52.14441118867374,74.1248499502776,52.42037715885411,87.30658157659431
2025-03-09 20:17:40.562667,540.0,490.0,368.0,2499.0,1194.0,241.0,68.62994835198894,78.46849865386426,51.74773853159046,38.83824807421932,16.223182821528145,41.52320548297978,52.14441118867374,74.1248499502776,52.42037715885411,87.30658157659431
2025-03-09 20:17:40.562667,536.0,496.0,368.0,2509.0,1184.0,239.0,68.62994835198894,78.46849865386426,51.74773853159046,38.83824807421932,16.223182821528145,41.52320548297978,52.14441118867374,74.1248499502776,52.42037715885411,87.30658157659431
2025-03-09 20:17:40.571000,535.0,491.0,365.0,2507.0,1184.0,240.0,68.55103088972612,78.42912617303968,51.89731225981397,38.85776450474664,16.195141574455203,41.54387783247167,51.92678951992651,74.03398725071257,52.472102130970114,87.55489220350499
2025-03-09 20:17:40.571000,537.0,491.0,373.0,2513.0,1184.0,240.0,68.55103088972612,78.42912617303968,51.89731225981397,38.85776450474664,16.195141574455203,41.54387783247167,51.92678951992651,74.03398725071257,52.472102130970114,87.55489220350499
2025-03-09 20:17:40.571000,546.0,487.0,367.0,2508.0,1179.0,243.0,68.55103088972612,78.42912617303968,51.89731225981397,38.85776450474664,16.195141574455203,41.54387783247167,51.92678951992651,74.03398725071257,52.472102130970114,87.55489220350499
2025-03-09 20:17:40.571000,539.0,496.0,368.0,2512.0,1179.0,238.0,68.55103088972612,78.42912617303968,51.89731225981397,38.85776450474664,16.195141574455203,41.54387783247167,51.92678951992651,74.03398725071257,52.472102130970114,87.55489220350499
2025-03-09 20:17:40.579333,539.0,491.0,366.0,2510.0,1179.0,240.0,68.4638285488732,78.39038326530837,52.05553760376191,38.87857164226324,16.169794014642772,41.56613114717868,51.701025357193714,73.94158141738279,52.53178309650904,87.7999792980549
2025-03-09 20:17:40.579333,535.0,486.0,368.0,2511.0,1179.0,240.0,68.4638285488732,78.39038326530837,52.05553760376191,38.87857164226324,16.169794014642772,41.56613114717868,51.701025357193714,73.94158141738279,52.53178309650904,87.7999792980549
2025-03-09 20:17:40.579333,542.0,487.0,368.0,2512.0,1175.0,240.0,68.4638285488732,78.39038326530837,52.05553760376191,38.87857164226324,16.169794014642772,41.56613114717868,51.701025357193714,73.94158141738279,52.53178309650904,87.7999792980549
2025-03-09 20:17:40.579333,533.0,495.0,368.0,2506.0,1168.0,240.0,68.4638285488732,78.39038326530837,52.05553760376191,38.87857164226324,16.169794014642772,41.56613114717868,51.701025357193714,73.94158141738279,52.53178309650904,87.7999792980549
2025-03-09 20:17:40.587667,534.0,490.0,368.0,2512.0,1175.0,238.0,68.3688048871566,78.35354811474193,52.224633569107084,38.90142179025252,16.149305369455384,41.5906570221889,51.46927728668589,73.85080584193197,52.60139763367662,88.04473663546017
2025-03-09 20:17:40.587667,536.0,491.0,362.0,2508.0,1165.0,240.0,68.3688048871566,78.35354811474193,52.224633569107084,38.90142179025252,16.149305369455384,41.5906570221889,51.46927728668589,73.85080584193197,52.60139763367662,88.04473663546017
2025-03-09 20:17:40.587667,539.0,490.0,367.0,2508.0,1168.0,240.0,68.3688048871566,78.35354811474193,52.224633569107084,38.90142179025252,16.149305369455384,41.5906570221889,51.46927728668589,73.85080584193197,52.60139763367662,88.04473663546017
2025-03-09 20:17:40.596000,538.0,487.0,364.0,2513.0,1168.0,240.0,68.26877334503558,78.32068576741581,52.40496484346011,38.92709251000636,16.13274176217152,41.618221462876114,51.231727610798764,73.76320389459453,52.681810495551396,88.29040395529249
2025-03-09 20:17:40.596000,533.0,493.0,368.0,2513.0,1168.0,240.0,68.26877334503558,78.32068576741581,52.40496484346011,38.92709251000636,16.13274176217152,41.618221462876114,51.231727610798764,73.76320389459453,52.681810495551396,88.29040395529249
2025-03-09 20:17:40.596000,531.0,488.0,363.0,2511.0,1165.0,240.0,68.26877334503558,78.32068576741581,52.40496484346011,38.92709251000636,16.13274176217152,41.618221462876114,51.231727610798764,73.76320389459453,52.681810495551396,88.29040395529249
2025-03-09 20:17:40.596000,533.0,485.0,353.0,2512.0,1159.0,243.0,68.26877334503558,78.32068576741581,52.40496484346011,38.92709251000636,16.13274176217152,41.618221462876114,51.231727610798764,73.76320389459453,52.681810495551396,88.29040395529249
2025-03-09 20:17:40.604333,532.0,489.0,349.0,2512.0,1164.0,240.0,68.16589068270186,78.29439071554637,52.59786290422846,38.95559761352914,16.11963360445045,41.649008001145106,50.988256704575555,73.68050411167614,52.7743912060705,88.5399688446086
2025-03-09 20:17:40.604333,535.0,494.0,356.0,2512.0,1155.0,240.0,68.16589068270186,78.29439071554637,52.59786290422846,38.95559761352914,16.11963360445045,41.649008001145106,50.988256704575555,73.68050411167614,52.7743912060705,88.5399688446086
2025-03-09 20:17:40.604333,533.0,496.0,359.0,2511.0,1161.0,239.0,68.16589068270186,78.29439071554637,52.59786290422846,38.95559761352914,16.11963360445045,41.649008001145106,50.988256704575555,73.68050411167614,52.7743912060705,88.5399688446086
2025-03-09 20:17:40.612667,539.0,490.0,359.0,2512.0,1146.0,240.0,68.0607436795555,78.2754916596351,52.804725259264046,38.986337141778314,16.109056455920868,41.68244284479276,50.73724978469513,73.60285223225591,52.87954464554273,88.79751277803095
2025-03-09 20:17:40.612667,534.0,494.0,361.0,2512.0,1159.0,240.0,68.0607436795555,78.2754916596351,52.804725259264046,38.986337141778314,16.109056455920868,41.68244284479276,50.73724978469513,73.60285223225591,52.87954464554273,88.79751277803095
2025-03-09 20:17:40.612667,533.0,485.0,368.0,2512.0,1153.0,240.0,68.0607436795555,78.2754916596351,52.804725259264046,38.986337141778314,16.109056455920868,41.68244284479276,50.73724978469513,73.60285223225591,52.87954464554273,88.79751277803095
2025-03-09 20:17:40.612667,535.0,489.0,358.0,2512.0,1163.0,240.0,68.0607436795555,78.2754916596351,52.804725259264046,38.986337141778314,16.109056455920868,41.68244284479276,50.73724978469513,73.60285223225591,52.87954464554273,88.79751277803095
2025-03-09 20:17:40.621000,535.0,486.0,354.0,2519.0,1152.0,239.0,67.95365381053287,78.26297276525572,53.02559312736886,39.0199126735228,16.100424053920513,41.71930951118127,50.4767278392069,73.52820979353565,52.99584379061563,89.06127713864134
2025-03-09 20:17:40.621000,534.0,491.0,357.0,2512.0,1153.0,242.0,67.95365381053287,78.26297276525572,53.02559312736886,39.0199126735228,16.100424053920513,41.71930951118127,50.4767278392069,73.52820979353565,52.99584379061563,89.06127713864134
2025-03-09 20:17:40.621000,535.0,487.0,354.0,2513.0,1149.0,250.0,67.95365381053287,78.26297276525572,53.02559312736886,39.0199126735228,16.100424053920513,41.71930951118127,50.4767278392069,73.52820979353565,52.99584379061563,89.06127713864134
2025-03-09 20:17:40.629333,539.0,493.0,355.0,2516.0,1150.0,242.0,67.84551756168841,78.2555288684178,53.259079763955846,39.058134271192976,16.093562022806644,41.76140712445978,50.20649491298848,73.45515724509269,53.1217933288409,89.32212638741618
2025-03-09 20:17:40.629333,537.0,486.0,359.0,2512.0,1152.0,240.0,67.84551756168841,78.2555288684178,53.259079763955846,39.058134271192976,16.093562022806644,41.76140712445978,50.20649491298848,73.45515724509269,53.1217933288409,89.32212638741618
2025-03-09 20:17:40.629333,533.0,493.0,354.0,2514.0,1150.0,243.0,67.84551756168841,78.2555288684178,53.259079763955846,39.058134271192976,16.093562022806644,41.76140712445978,50.20649491298848,73.45515724509269,53.1217933288409,89.32212638741618
2025-03-09 20:17:40.629333,535.0,490.0,354.0,2513.0,1151.0,245.0,67.84551756168841,78.2555288684178,53.259079763955846,39.058134271192976,16.093562022806644,41.76140712445978,50.20649491298848,73.45515724509269,53.1217933288409,89.32212638741618
2025-03-09 20:17:40.637667,542.0,483.0,351.0,2518.0,1138.0,240.0,67.7371549717723,78.25287140048778,53.50426836814815,39.10327951818939,16.087985033915853,41.81056303621506,49.92687170270052,73.38419562380004,53.2581748485166,89.57569687509337
2025-03-09 20:17:40.637667,543.0,485.0,350.0,2518.0,1136.0,237.0,67.7371549717723,78.25287140048778,53.50426836814815,39.10327951818939,16.087985033915853,41.81056303621506,49.92687170270052,73.38419562380004,53.2581748485166,89.57569687509337
2025-03-09 20:17:40.637667,539.0,490.0,356.0,2520.0,1136.0,240.0,67.7371549717723,78.25287140048778,53.50426836814815,39.10327951818939,16.087985033915853,41.81056303621506,49.92687170270052,73.38419562380004,53.2581748485166,89.57569687509337
2025-03-09 20:17:40.646000,534.0,489.0,353.0,2514.0,1140.0,240.0,67.62893339286205,78.25563619502361,53.76293400939411,39.1556133536277,16.083370254404933,41.8664926779363,49.63788816970326,73.31763308875848,53.40688407825866,89.82345999499282
2025-03-09 20:17:40.646000,537.0,486.0,349.0,2517.0,1132.0,245.0,67.62893339286205,78.25563619502361,53.76293400939411,39.1556133536277,16.083370254404933,41.8664926779363,49.63788816970326,73.31763308875848,53.40688407825866,89.82345999499282
2025-03-09 20:17:40.646000,539.0,491.0,343.0,2513.0,1136.0,241.0,67.62893339286205,78.25563619502361,53.76293400939411,39.1556133536277,16.083370254404933,41.8664926779363,49.63788816970326,73.31763308875848,53.40688407825866,89.82345999499282
2025-03-09 20:17:40.646000,537.0,487.0,349.0,2519.0,1131.0,238.0,67.62893339286205,78.25563619502361,53.76293400939411,39.1556133536277,16.083370254404933,41.8664926779363,49.63788816970326,73.31763308875848,53.40688407825866,89.82345999499282
2025-03-09 20:17:40.654333,543.0,490.0,351.0,2515.0,1133.0,240.0,67.52058481994818,78.26480756359547,54.03752771245274,39.21133996297698,16.080432133343944,41.925710656399,49.340073548474166,73.25700635305743,53.56722575344437,90.06573755330363
2025-03-09 20:17:40.654333,541.0,489.0,347.0,2519.0,1121.0,241.0,67.52058481994818,78.26480756359547,54.03752771245274,39.21133996297698,16.080432133343944,41.925710656399,49.340073548474166,73.25700635305743,53.56722575344437,90.06573755330363
2025-03-09 20:17:40.654333,546.0,486.0,350.0,2515.0,1122.0,238.0,67.52058481994818,78.26480756359547,54.03752771245274,39.21133996297698,16.080432133343944,41.925710656399,49.340073548474166,73.25700635305743,53.56722575344437,90.06573755330363
2025-03-09 20:17:40.654333,548.0,490.0,349.0,2523.0,1119.0,241.0,67.52058481994818,78.26480756359547,54.03752771245274,39.21133996297698,16.080432133343944,41.925710656399,49.340073548474166,73.25700635305743,53.56722575344437,90.06573755330363
2025-03-09 20:17:40.662667,544.0,485.0,352.0,2517.0,1126.0,242.0,67.41172707645404,78.28087551344855,54.32795935450093,39.26592080303215,16.080449283835584,41.98431148293281,49.03591102632232,73.20298004984396,53.73653798531483,90.30267225746061
2025-03-09 20:17:40.662667,546.0,486.0,349.0,2519.0,1117.0,243.0,67.41172707645404,78.28087551344855,54.32795935450093,39.26592080303215,16.080449283835584,41.98431148293281,49.03591102632232,73.20298004984396,53.73653798531483,90.30267225746061
2025-03-09 20:17:40.662667,544.0,484.0,357.0,2525.0,1114.0,240.0,67.41172707645404,78.28087551344855,54.32795935450093,39.26592080303215,16.080449283835584,41.98431148293281,49.03591102632232,73.20298004984396,53.73653798531483,90.30267225746061
2025-03-09 20:17:40.671000,544.0,490.0,357.0,2525.0,1107.0,242.0,67.30287711170533,78.30410865025357,54.63312199404999,39.316574524119,16.085213576125877,42.04015845089295,48.72891878414597,73.15617137851208,53.912015488027656,90.53481014793883
2025-03-09 20:17:40.671000,548.0,483.0,350.0,2525.0,1112.0,243.0,67.30287711170533,78.30410865025357,54.63312199404999,39.316574524119,16.085213576125877,42.04015845089295,48.72891878414597,73.15617137851208,53.912015488027656,90.53481014793883
2025-03-09 20:17:40.671000,547.0,487.0,355.0,2523.0,1104.0,242.0,67.30287711170533,78.30410865025357,54.63312199404999,39.316574524119,16.085213576125877,42.04015845089295,48.72891878414597,73.15617137851208,53.912015488027656,90.53481014793883
2025-03-09 20:17:40.671000,549.0,486.0,353.0,2530.0,1105.0,247.0,67.30287711170533,78.30410865025357,54.63312199404999,39.316574524119,16.085213576125877,42.04015845089295,48.72891878414597,73.15617137851208,53.912015488027656,90.53481014793883
2025-03-09 20:17:40.679333,549.0,486.0,353.0,2530.0,1102.0,240.0,67.1949937003636,78.3348762534126,54.95348127374987,39.361347555889225,16.097256483170156,42.09262950745948,48.42045419355135,73.11524181648913,54.09021552944254,90.76142467255364
2025-03-09 20:17:40.679333,550.0,494.0,350.0,2512.0,1104.0,240.0,67.1949937003636,78.3348762534126,54.95348127374987,39.361347555889225,16.097256483170156,42.09262950745948,48.42045419355135,73.11524181648913,54.09021552944254,90.76142467255364
2025-03-09 20:17:40.679333,549.0,490.0,343.0,2523.0,1107.0,240.0,67.1949937003636,78.3348762534126,54.95348127374987,39.361347555889225,16.097256483170156,42.09262950745948,48.42045419355135,73.11524181648913,54.09021552944254,90.76142467255364
2025-03-09 20:17:40.687667,547.0,487.0,352.0,2535.0,1103.0,243.0,67.08978683523279,78.37355985060356,55.29113083088181,39.397762996633126,16.119511047220925,42.14104269204983,48.11063561459223,73.07789852097584,54.266586006464834,90.98176611280022
2025-03-09 20:17:40.687667,550.0,487.0,353.0,2533.0,1101.0,241.0,67.08978683523279,78.37355985060356,55.29113083088181,39.397762996633126,16.119511047220925,42.14104269204983,48.11063561459223,73.07789852097584,54.266586006464834,90.98176611280022
2025-03-09 20:17:40.687667,551.0,490.0,347.0,2530.0,1099.0,250.0,67.08978683523279,78.37355985060356,55.29113083088181,39.397762996633126,16.119511047220925,42.14104269204983,48.11063561459223,73.07789852097584,54.266586006464834,90.98176611280022
2025-03-09 20:17:40.687667,547.0,483.0,348.0,2531.0,1092.0,243.0,67.08978683523279,78.37355985060356,55.29113083088181,39.397762996633126,16.119511047220925,42.14104269204983,48.11063561459223,73.07789852097584,54.266586006464834,90.98176611280022
2025-03-09 20:17:40.696000,551.0,489.0,348.0,2523.0,1088.0,244.0,66.98976546949004,78.41923799573176,55.64517593742883,39.424725289848325,16.15308172946687,42.185153823519336,47.80099993822786,73.04242435695167,54.43653167086256,91.19626137509064
2025-03-09 20:17:40.696000,550.0,486.0,350.0,2526.0,1097.0,244.0,66.98976546949004,78.41923799573176,55.64517593742883,39.424725289848325,16.15308172946687,42.185153823519336,47.80099993822786,73.04242435695167,54.43653167086256,91.19626137509064
2025-03-09 20:17:40.696000,553.0,491.0,347.0,2530.0,1095.0,246.0,66.98976546949004,78.41923799573176,55.64517593742883,39.424725289848325,16.15308172946687,42.185153823519336,47.80099993822786,73.04242435695167,54.43653167086256,91.19626137509064
2025-03-09 20:17:40.704333,549.0,489.0,352.0,2534.0,1093.0,242.0,66.89735594971052,78.46961456709748,56.011962841482536,39.471347247256986,16.18193105947674,42.244625930503574,47.482182154995016,73.01844455524254,54.62650275386157,91.40403164979983
2025-03-09 20:17:40.704333,551.0,474.0,347.0,2533.0,1097.0,243.0,66.89735594971052,78.46961456709748,56.011962841482536,39.471347247256986,16.18193105947674,42.244625930503574,47.482182154995016,73.01844455524254,54.62650275386157,91.40403164979983
2025-03-09 20:17:40.704333,557.0,489.0,352.0,2538.0,1088.0,241.0,66.89735594971052,78.46961456709748,56.011962841482536,39.471347247256986,16.18193105947674,42.244625930503574,47.482182154995016,73.01844455524254,54.62650275386157,91.40403164979983
2025-03-09 20:17:40.704333,557.0,482.0,339.0,2534.0,1083.0,244.0,66.89735594971052,78.46961456709748,56.011962841482536,39.471347247256986,16.18193105947674,42.244625930503574,47.482182154995016,73.01844455524254,54.62650275386157,91.40403164979983
2025-03-09 20:17:40.712667,559.0,485.0,345.0,2541.0,1095.0,252.0,66.81438019528139,78.52230069764865,56.386657896434,39.563922893907794,16.192560985385402,42.3368863457674,47.1487629725444,73.01652739642401,54.860345709853036,91.60471871791917
2025-03-09 20:17:40.712667,560.0,483.0,352.0,2540.0,1086.0,246.0,66.81438019528139,78.52230069764865,56.386657896434,39.563922893907794,16.192560985385402,42.3368863457674,47.1487629725444,73.01652739642401,54.860345709853036,91.60471871791917
2025-03-09 20:17:40.712667,559.0,487.0,353.0,2539.0,1088.0,247.0,66.81438019528139,78.52230069764865,56.386657896434,39.563922893907794,16.192560985385402,42.3368863457674,47.1487629725444,73.01652739642401,54.860345709853036,91.60471871791917
2025-03-09 20:17:40.712667,560.0,490.0,342.0,2541.0,1090.0,245.0,66.81438019528139,78.52230069764865,56.386657896434,39.563922893907794,16.192560985385402,42.3368863457674,47.1487629725444,73.01652739642401,54.860345709853036,91.60471871791917
2025-03-09 20:17:40.721000,558.0,483.0,351.0,2544.0,1090.0,243.0,66.74179793586707,78.57482509183846,56.767034818288174,39.67369751710414,16.203311841405363,42.442698125687365,46.81781228729684,73.0262287636941,55.103779461730134,91.80068298150663
2025-03-09 20:17:40.721000,560.0,482.0,347.0,2543.0,1088.0,244.0,66.74179793586707,78.57482509183846,56.767034818288174,39.67369751710414,16.203311841405363,42.442698125687365,46.81781228729684,73.0262287636941,55.103779461730134,91.80068298150663
2025-03-09 20:17:40.721000,561.0,482.0,345.0,2544.0,1090.0,247.0,66.74179793586707,78.57482509183846,56.767034818288174,39.67369751710414,16.203311841405363,42.442698125687365,46.81781228729684,73.0262287636941,55.103779461730134,91.80068298150663
2025-03-09 20:17:40.729333,564.0,483.0,347.0,2545.0,1086.0,248.0,66.67870533536811,78.6243329880228,57.15402173223131,39.77718983101151,16.22776173670948,42.546011807924955,46.499005984103505,73.03746165021285,55.33044651009533,91.99171091951601
2025-03-09 20:17:40.729333,564.0,481.0,352.0,2541.0,1087.0,247.0,66.67870533536811,78.6243329880228,57.15402173223131,39.77718983101151,16.22776173670948,42.546011807924955,46.499005984103505,73.03746165021285,55.33044651009533,91.99171091951601
2025-03-09 20:17:40.729333,565.0,485.0,347.0,2544.0,1087.0,247.0,66.67870533536811,78.6243329880228,57.15402173223131,39.77718983101151,16.22776173670948,42.546011807924955,46.499005984103505,73.03746165021285,55.33044651009533,91.99171091951601
2025-03-09 20:17:40.729333,565.0,490.0,353.0,2550.0,1086.0,251.0,66.67870533536811,78.6243329880228,57.15402173223131,39.77718983101151,16.22776173670948,42.546011807924955,46.499005984103505,73.03746165021285,55.33044651009533,91.99171091951601
2025-03-09 20:17:40.737667,571.0,484.0,353.0,2547.0,1082.0,243.0,66.62470630070193,78.66849309832672,57.54665971583975,39.87812878772147,16.262802435165398,42.64857282522833,46.191044330491124,73.05131781082083,55.543744881005495,92.17409544470648
2025-03-09 20:17:40.737667,562.0,485.0,349.0,2544.0,1085.0,250.0,66.62470630070193,78.66849309832672,57.54665971583975,39.87812878772147,16.262802435165398,42.64857282522833,46.191044330491124,73.05131781082083,55.543744881005495,92.17409544470648
2025-03-09 20:17:40.737667,567.0,486.0,347.0,2546.0,1086.0,255.0,66.62470630070193,78.66849309832672,57.54665971583975,39.87812878772147,16.262802435165398,42.64857282522833,46.191044330491124,73.05131781082083,55.543744881005495,92.17409544470648
2025-03-09 20:17:40.746000,573.0,486.0,349.0,2558.0,1089.0,256.0,66.5802070457238,78.70424731346503,57.941845494476816,39.978112472617894,16.305004955869776,42.75119349535027,45.89144390535997,73.06443966304205,55.742091893150594,92.34468439086798
2025-03-09 20:17:40.746000,575.0,494.0,352.0,2559.0,1088.0,262.0,66.5802070457238,78.70424731346503,57.941845494476816,39.978112472617894,16.305004955869776,42.75119349535027,45.89144390535997,73.06443966304205,55.742091893150594,92.34468439086798
2025-03-09 20:17:40.746000,574.0,486.0,343.0,2547.0,1088.0,257.0,66.5802070457238,78.70424731346503,57.941845494476816,39.978112472617894,16.305004955869776,42.75119349535027,45.89144390535997,73.06443966304205,55.742091893150594,92.34468439086798
2025-03-09 20:17:40.746000,572.0,485.0,351.0,2558.0,1088.0,248.0,66.5802070457238,78.70424731346503,57.941845494476816,39.978112472617894,16.305004955869776,42.75119349535027,45.89144390535997,73.06443966304205,55.742091893150594,92.34468439086798
2025-03-09 20:17:40.746000,574.0,480.0,345.0,2557.0,1088.0,257.0,66.5802070457238,78.70424731346503,57.941845494476816,39.978112472617894,16.305004955869776,42.75119349535027,45.89144390535997,73.06443966304205,55.742091893150594,92.34468439086798
2025-03-09 20:17:40.754333,576.0,485.0,350.0,2559.0,1089.0,258.0,66.54495762702477,78.72796382586736,58.33542967694529,40.07851189082462,16.348405169223,42.85439200528729,45.59434488695749,73.07082750407506,55.92337218016386,92.50005561225748
2025-03-09 20:17:40.754333,579.0,486.0,351.0,2554.0,1089.0,243.0,66.54495762702477,78.72796382586736,58.33542967694529,40.07851189082462,16.348405169223,42.85439200528729,45.59434488695749,73.07082750407506,55.92337218016386,92.50005561225748
2025-03-09 20:17:40.762667,574.0,484.0,347.0,2559.0,1103.0,263.0,66.51912629116427,78.73762547235884,58.72294521143623,40.1793598147177,16.388954258053666,42.95789565352101,45.29718505416349,73.06618011081328,56.085227584035934,92.63761095620086
2025-03-09 20:17:40.762667,576.0,480.0,343.0,2559.0,1085.0,262.0,66.51912629116427,78.73762547235884,58.72294521143623,40.1793598147177,16.388954258053666,42.95789565352101,45.29718505416349,73.06618011081328,56.085227584035934,92.63761095620086
2025-03-09 20:17:40.762667,576.0,482.0,340.0,2559.0,1083.0,266.0,66.51912629116427,78.73762547235884,58.72294521143623,40.1793598147177,16.388954258053666,42.95789565352101,45.29718505416349,73.06618011081328,56.085227584035934,92.63761095620086
2025-03-09 20:17:40.762667,576.0,481.0,356.0,2559.0,1103.0,269.0,66.51912629116427,78.73762547235884,58.72294521143623,40.1793598147177,16.388954258053666,42.95789565352101,45.29718505416349,73.06618011081328,56.085227584035934,92.63761095620086
2025-03-09 20:17:40.771000,578.0,486.0,349.0,2559.0,1101.0,267.0,66.50378018670911,78.73123721474028,59.09980454927049,40.28227995692964,16.42410358764777,43.063061365779475,44.99946334403419,73.04726480777536,56.22546129752114,92.75911050850598
2025-03-09 20:17:40.771000,575.0,486.0,346.0,2559.0,1105.0,268.0,66.50378018670911,78.73123721474028,59.09980454927049,40.28227995692964,16.42410358764777,43.063061365779475,44.99946334403419,73.04726480777536,56.22546129752114,92.75911050850598
2025-03-09 20:17:40.771000,576.0,480.0,353.0,2559.0,1104.0,267.0,66.50378018670911,78.73123721474028,59.09980454927049,40.28227995692964,16.42410358764777,43.063061365779475,44.99946334403419,73.04726480777536,56.22546129752114,92.75911050850598
2025-03-09 20:17:40.771000,577.0,487.0,349.0,2559.0,1104.0,266.0,66.50378018670911,78.73123721474028,59.09980454927049,40.28227995692964,16.42410358764777,43.063061365779475,44.99946334403419,73.04726480777536,56.22546129752114,92.75911050850598
2025-03-09 20:17:40.779333,576.0,482.0,347.0,2559.0,1121.0,260.0,66.49835352398756,78.706108950159,59.46020373089572,40.38925120785597,16.453427234407233,43.17155135843334,44.70369287995274,73.01178863821715,56.34189844237773,92.86703621119021
2025-03-09 20:17:40.779333,574.0,492.0,348.0,2559.0,1119.0,270.0,66.49835352398756,78.706108950159,59.46020373089572,40.38925120785597,16.453427234407233,43.17155135843334,44.70369287995274,73.01178863821715,56.34189844237773,92.86703621119021
2025-03-09 20:17:40.779333,576.0,480.0,342.0,2559.0,1129.0,289.0,66.49835352398756,78.706108950159,59.46020373089572,40.38925120785597,16.453427234407233,43.17155135843334,44.70369287995274,73.01178863821715,56.34189844237773,92.86703621119021
2025-03-09 20:17:40.779333,574.0,486.0,354.0,2583.0,1130.0,266.0,66.49835352398756,78.706108950159,59.46020373089572,40.38925120785597,16.453427234407233,43.17155135843334,44.70369287995274,73.01178863821715,56.34189844237773,92.86703621119021
2025-03-09 20:17:40.787667,576.0,483.0,345.0,2589.0,1131.0,272.0,66.5010328655986,78.66033240414605,59.79915190773151,40.49961935524595,16.47852340161387,43.282722808225685,44.41495830820919,72.95918884742662,56.43217880721187,92.96409249155921
2025-03-09 20:17:40.787667,576.0,482.0,351.0,2586.0,1131.0,275.0,66.5010328655986,78.66033240414605,59.79915190773151,40.49961935524595,16.47852340161387,43.282722808225685,44.41495830820919,72.95918884742662,56.43217880721187,92.96409249155921
2025-03-09 20:17:40.796000,573.0,482.0,345.0,2589.0,1136.0,262.0,66.51004843210731,78.59268036903612,60.112116681365265,40.609882062581654,16.500295906042314,43.39308643597829,44.13875175206743,72.88978549641593,56.49348277766502,93.05557815026766
2025-03-09 20:17:40.796000,569.0,487.0,345.0,2591.0,1145.0,282.0,66.51004843210731,78.59268036903612,60.112116681365265,40.609882062581654,16.500295906042314,43.39308643597829,44.13875175206743,72.88978549641593,56.49348277766502,93.05557815026766
2025-03-09 20:17:40.796000,567.0,486.0,347.0,2589.0,1143.0,293.0,66.51004843210731,78.59268036903612,60.112116681365265,40.609882062581654,16.500295906042314,43.39308643597829,44.13875175206743,72.88978549641593,56.49348277766502,93.05557815026766
2025-03-09 20:17:40.796000,563.0,483.0,350.0,2591.0,1159.0,293.0,66.51004843210731,78.59268036903612,60.112116681365265,40.609882062581654,16.500295906042314,43.39308643597829,44.13875175206743,72.88978549641593,56.49348277766502,93.05557815026766
2025-03-09 20:17:40.796000,563.0,486.0,349.0,2588.0,1156.0,293.0,66.51004843210731,78.59268036903612,60.112116681365265,40.609882062581654,16.500295906042314,43.39308643597829,44.13875175206743,72.88978549641593,56.49348277766502,93.05557815026766
2025-03-09 20:17:40.804333,563.0,489.0,351.0,2591.0,1155.0,289.0,66.52308246149661,78.50275451087462,60.39349201964083,40.71640890103332,16.51809532308539,43.49869783010418,43.879911053787346,72.80428275538917,56.52423590543805,93.1462105358274
2025-03-09 20:17:40.804333,563.0,474.0,345.0,2597.0,1138.0,290.0,66.52308246149661,78.50275451087462,60.39349201964083,40.71640890103332,16.51809532308539,43.49869783010418,43.879911053787346,72.80428275538917,56.52423590543805,93.1462105358274
2025-03-09 20:17:40.804333,563.0,483.0,343.0,2597.0,1158.0,288.0,66.52308246149661,78.50275451087462,60.39349201964083,40.71640890103332,16.51809532308539,43.49869783010418,43.879911053787346,72.80428275538917,56.52423590543805,93.1462105358274
2025-03-09 20:17:40.804333,563.0,479.0,341.0,2591.0,1159.0,291.0,66.52308246149661,78.50275451087462,60.39349201964083,40.71640890103332,16.51809532308539,43.49869783010418,43.879911053787346,72.80428275538917,56.52423590543805,93.1462105358274
2025-03-09 20:17:40.812667,551.0,482.0,350.0,2594.0,1171.0,301.0,66.53956692751373,78.39248706686894,60.64381019967204,40.819188616578806,16.531527610918392,43.59940674207966,43.63835503118476,72.7042413794748,56.52699504004735,93.23926237827456
2025-03-09 20:17:40.812667,554.0,483.0,354.0,2598.0,1172.0,301.0,66.53956692751373,78.39248706686894,60.64381019967204,40.819188616578806,16.531527610918392,43.59940674207966,43.63835503118476,72.7042413794748,56.52699504004735,93.23926237827456
2025-03-09 20:17:40.821000,558.0,479.0,352.0,2599.0,1177.0,302.0,66.55884093329523,78.26413788350052,60.8656811840475,40.920405115354775,16.540204921598924,43.69713420792325,43.41158516602295,72.5912236803557,56.506273252323446,93.3362306521439
2025-03-09 20:17:40.821000,551.0,480.0,353.0,2597.0,1178.0,295.0,66.55884093329523,78.26413788350052,60.8656811840475,40.920405115354775,16.540204921598924,43.69713420792325,43.41158516602295,72.5912236803557,56.506273252323446,93.3362306521439
2025-03-09 20:17:40.821000,553.0,480.0,355.0,2596.0,1174.0,304.0,66.55884093329523,78.26413788350052,60.8656811840475,40.920405115354775,16.540204921598924,43.69713420792325,43.41158516602295,72.5912236803557,56.506273252323446,93.3362306521439
2025-03-09 20:17:40.821000,550.0,480.0,351.0,2600.0,1178.0,311.0,66.55884093329523,78.26413788350052,60.8656811840475,40.920405115354775,16.540204921598924,43.69713420792325,43.41158516602295,72.5912236803557,56.506273252323446,93.3362306521439
2025-03-09 20:17:40.821000,553.0,481.0,353.0,2605.0,1188.0,303.0,66.55884093329523,78.26413788350052,60.8656811840475,40.920405115354775,16.540204921598924,43.69713420792325,43.41158516602295,72.5912236803557,56.506273252323446,93.3362306521439
2025-03-09 20:17:40.829333,542.0,479.0,355.0,2604.0,1200.0,323.0,66.57699843186232,78.11810413605293,61.05667170844078,41.020705952294534,16.54291507957734,43.79175063844507,43.19924727340198,72.46599787033927,56.4651292346526,93.43554418538854
2025-03-09 20:17:40.829333,541.0,484.0,346.0,2609.0,1200.0,315.0,66.57699843186232,78.11810413605293,61.05667170844078,41.020705952294534,16.54291507957734,43.79175063844507,43.19924727340198,72.46599787033927,56.4651292346526,93.43554418538854
2025-03-09 20:17:40.829333,541.0,477.0,345.0,2608.0,1200.0,311.0,66.57699843186232,78.11810413605293,61.05667170844078,41.020705952294534,16.54291507957734,43.79175063844507,43.19924727340198,72.46599787033927,56.4651292346526,93.43554418538854
2025-03-09 20:17:40.837667,539.0,482.0,344.0,2603.0,1203.0,313.0,66.59070217638846,77.95464415949675,61.21526507667157,41.118716848320325,16.53765021622029,43.880442169834645,43.00237814326465,72.33187492630947,56.407098582633125,93.53424955307224
2025-03-09 20:17:40.837667,539.0,482.0,353.0,2601.0,1203.0,319.0,66.59070217638846,77.95464415949675,61.21526507667157,41.118716848320325,16.53765021622029,43.880442169834645,43.00237814326465,72.33187492630947,56.407098582633125,93.53424955307224
2025-03-09 20:17:40.837667,535.0,475.0,349.0,2604.0,1204.0,309.0,66.59070217638846,77.95464415949675,61.21526507667157,41.118716848320325,16.53765021622029,43.880442169834645,43.00237814326465,72.33187492630947,56.407098582633125,93.53424955307224
2025-03-09 20:17:40.837667,542.0,475.0,343.0,2607.0,1203.0,322.0,66.59070217638846,77.95464415949675,61.21526507667157,41.118716848320325,16.53765021622029,43.880442169834645,43.00237814326465,72.33187492630947,56.407098582633125,93.53424955307224
2025-03-09 20:17:40.846000,535.0,475.0,352.0,2618.0,1209.0,319.0,66.59875591739382,77.77434953265077,61.34293617561438,41.211613048431104,16.523955314448727,43.96004658048925,42.82127783096885,72.19087169199369,56.33327673613083,93.63073030016756
2025-03-09 20:17:40.846000,532.0,477.0,352.0,2559.0,1221.0,322.0,66.59875591739382,77.77434953265077,61.34293617561438,41.211613048431104,16.523955314448727,43.96004658048925,42.82127783096885,72.19087169199369,56.33327673613083,93.63073030016756
2025-03-09 20:17:40.846000,531.0,480.0,342.0,2588.0,1206.0,321.0,66.59875591739382,77.77434953265077,61.34293617561438,41.211613048431104,16.523955314448727,43.96004658048925,42.82127783096885,72.19087169199369,56.33327673613083,93.63073030016756
2025-03-09 20:17:40.854333,527.0,478.0,350.0,2559.0,1216.0,321.0,66.59970021844694,77.57769407622189,61.44281530845812,41.29956630689658,16.502626516047847,44.03119655442315,42.65270970703528,72.04195655233886,56.24469211263198,93.72380437070255
2025-03-09 20:17:40.854333,528.0,478.0,350.0,2619.0,1223.0,335.0,66.59970021844694,77.57769407622189,61.44281530845812,41.29956630689658,16.502626516047847,44.03119655442315,42.65270970703528,72.04195655233886,56.24469211263198,93.72380437070255
2025-03-09 20:17:40.854333,528.0,479.0,354.0,2585.0,1229.0,323.0,66.59970021844694,77.57769407622189,61.44281530845812,41.29956630689658,16.502626516047847,44.03119655442315,42.65270970703528,72.04195655233886,56.24469211263198,93.72380437070255
2025-03-09 20:17:40.854333,528.0,478.0,348.0,2613.0,1227.0,325.0,66.59970021844694,77.57769407622189,61.44281530845812,41.29956630689658,16.502626516047847,44.03119655442315,42.65270970703528,72.04195655233886,56.24469211263198,93.72380437070255
2025-03-09 20:17:40.862667,528.0,482.0,352.0,2607.0,1229.0,326.0,66.59113406398241,77.36548049334479,61.51762108682769,41.384350901620344,16.474215260999703,44.09591735221155,42.49250861761836,71.88412059618204,56.14392440022098,93.81235645160612
2025-03-09 20:17:40.862667,511.0,482.0,351.0,2608.0,1240.0,331.0,66.59113406398241,77.36548049334479,61.51762108682769,41.384350901620344,16.474215260999703,44.09591735221155,42.49250861761836,71.88412059618204,56.14392440022098,93.81235645160612
2025-03-09 20:17:40.862667,511.0,477.0,346.0,2610.0,1232.0,336.0,66.59113406398241,77.36548049334479,61.51762108682769,41.384350901620344,16.474215260999703,44.09591735221155,42.49250861761836,71.88412059618204,56.14392440022098,93.81235645160612
2025-03-09 20:17:40.862667,511.0,478.0,346.0,2610.0,1243.0,339.0,66.59113406398241,77.36548049334479,61.51762108682769,41.384350901620344,16.474215260999703,44.09591735221155,42.49250861761836,71.88412059618204,56.14392440022098,93.81235645160612
2025-03-09 20:17:40.871000,511.0,474.0,352.0,2609.0,1243.0,336.0,66.57149086248597,77.13859262379995,61.56712181677092,41.46582622238734,16.438849275891748,44.15369551152304,42.34139928297071,71.7193131053194,56.033031132855406,93.8961682095047
2025-03-09 20:17:40.871000,511.0,478.0,348.0,2609.0,1235.0,327.0,66.57149086248597,77.13859262379995,61.56712181677092,41.46582622238734,16.438849275891748,44.15369551152304,42.34139928297071,71.7193131053194,56.033031132855406,93.8961682095047
2025-03-09 20:17:40.871000,510.0,473.0,348.0,2610.0,1245.0,335.0,66.57149086248597,77.13859262379995,61.56712181677092,41.46582622238734,16.438849275891748,44.15369551152304,42.34139928297071,71.7193131053194,56.033031132855406,93.8961682095047
2025-03-09 20:17:40.879333,511.0,477.0,344.0,2609.0,1243.0,336.0,66.54074669984037,76.89873394507687,61.59160600860185,41.54290663159715,16.396470164958743,44.20280807551701,42.20193020550088,71.55176909187726,55.91464080928447,93.97565130133458
2025-03-09 20:17:40.879333,511.0,481.0,351.0,2611.0,1280.0,335.0,66.54074669984037,76.89873394507687,61.59160600860185,41.54290663159715,16.396470164958743,44.20280807551701,42.20193020550088,71.55176909187726,55.91464080928447,93.97565130133458
2025-03-09 20:17:40.879333,496.0,481.0,347.0,2614.0,1253.0,352.0,66.54074669984037,76.89873394507687,61.59160600860185,41.54290663159715,16.396470164958743,44.20280807551701,42.20193020550088,71.55176909187726,55.91464080928447,93.97565130133458
2025-03-09 20:17:40.879333,502.0,481.0,337.0,2613.0,1252.0,337.0,66.54074669984037,76.89873394507687,61.59160600860185,41.54290663159715,16.396470164958743,44.20280807551701,42.20193020550088,71.55176909187726,55.91464080928447,93.97565130133458
2025-03-09 20:17:40.887667,496.0,479.0,345.0,2609.0,1263.0,348.0,66.49862901811183,76.64885629734296,61.59507008245388,41.61519220258618,16.347250713658976,44.2424597638272,42.07339549099107,71.38568332010878,55.79358126417023,94.05022745053482
2025-03-09 20:17:40.887667,497.0,482.0,356.0,2613.0,1263.0,350.0,66.49862901811183,76.64885629734296,61.59507008245388,41.61519220258618,16.347250713658976,44.2424597638272,42.07339549099107,71.38568332010878,55.79358126417023,94.05022745053482
2025-03-09 20:17:40.887667,496.0,483.0,343.0,2611.0,1258.0,343.0,66.49862901811183,76.64885629734296,61.59507008245388,41.61519220258618,16.347250713658976,44.2424597638272,42.07339549099107,71.38568332010878,55.79358126417023,94.05022745053482
2025-03-09 20:17:40.896000,496.0,479.0,345.0,2617.0,1269.0,347.0,66.44426428584995,76.39187431399424,61.57784375599923,41.68273665190178,16.290844975347635,44.272665303506095,41.95527191125024,71.22313184898128,55.673084478258886,94.11819507042289
2025-03-09 20:17:40.896000,496.0,473.0,350.0,2611.0,1262.0,325.0,66.44426428584995,76.39187431399424,61.57784375599923,41.68273665190178,16.290844975347635,44.272665303506095,41.95527191125024,71.22313184898128,55.673084478258886,94.11819507042289
2025-03-09 20:17:40.896000,490.0,480.0,339.0,2613.0,1265.0,345.0,66.44426428584995,76.39187431399424,61.57784375599923,41.68273665190178,16.290844975347635,44.272665303506095,41.95527191125024,71.22313184898128,55.673084478258886,94.11819507042289
2025-03-09 20:17:40.896000,487.0,478.0,338.0,2615.0,1263.0,350.0,66.44426428584995,76.39187431399424,61.57784375599923,41.68273665190178,16.290844975347635,44.272665303506095,41.95527191125024,71.22313184898128,55.673084478258886,94.11819507042289
2025-03-09 20:17:40.904333,486.0,472.0,343.0,2615.0,1264.0,320.0,66.37758677601619,76.13101976136382,61.53784296416297,41.74520801844225,16.226484633418952,44.293414013990926,41.84802165247327,71.06518473536043,55.554646442138214,94.17763648248336
2025-03-09 20:17:40.904333,489.0,477.0,342.0,2612.0,1264.0,351.0,66.37758677601619,76.13101976136382,61.53784296416297,41.74520801844225,16.226484633418952,44.293414013990926,41.84802165247327,71.06518473536043,55.554646442138214,94.17763648248336
2025-03-09 20:17:40.904333,487.0,474.0,342.0,2615.0,1264.0,347.0,66.37758677601619,76.13101976136382,61.53784296416297,41.74520801844225,16.226484633418952,44.293414013990926,41.84802165247327,71.06518473536043,55.554646442138214,94.17763648248336
2025-03-09 20:17:40.912667,480.0,476.0,337.0,2613.0,1264.0,352.0,66.2998794154016,75.8699101421934,61.47779270721621,41.80277567218073,16.15574025190586,44.306087021025355,41.75034810161091,70.91214668300127,55.439438301455574,94.22665138600286
2025-03-09 20:17:40.912667,481.0,479.0,343.0,2622.0,1265.0,345.0,66.2998794154016,75.8699101421934,61.47779270721621,41.80277567218073,16.15574025190586,44.306087021025355,41.75034810161091,70.91214668300127,55.439438301455574,94.22665138600286
2025-03-09 20:17:40.912667,482.0,473.0,351.0,2613.0,1264.0,368.0,66.2998794154016,75.8699101421934,61.47779270721621,41.80277567218073,16.15574025190586,44.306087021025355,41.75034810161091,70.91214668300127,55.439438301455574,94.22665138600286
2025-03-09 20:17:40.912667,473.0,476.0,348.0,2610.0,1281.0,352.0,66.2998794154016,75.8699101421934,61.47779270721621,41.80277567218073,16.15574025190586,44.306087021025355,41.75034810161091,70.91214668300127,55.439438301455574,94.22665138600286
2025-03-09 20:17:40.921000,470.0,478.0,350.0,2622.0,1268.0,351.0,66.21311930868276,75.61221253431252,61.40400096412027,41.856474718207096,16.079934993767118,44.312647538640526,41.65879534955226,70.7650627944461,55.33049542249015,94.26354155147358
2025-03-09 20:17:40.921000,477.0,469.0,345.0,2618.0,1267.0,355.0,66.21311930868276,75.61221253431252,61.40400096412027,41.856474718207096,16.079934993767118,44.312647538640526,41.65879534955226,70.7650627944461,55.33049542249015,94.26354155147358
2025-03-09 20:17:40.921000,475.0,477.0,346.0,2619.0,1267.0,354.0,66.21311930868276,75.61221253431252,61.40400096412027,41.856474718207096,16.079934993767118,44.312647538640526,41.65879534955226,70.7650627944461,55.33049542249015,94.26354155147358
2025-03-09 20:17:40.929333,474.0,477.0,350.0,2618.0,1269.0,352.0,66.11921010645553,75.36127035627624,61.32052690540458,41.907666527521876,15.997784119827195,44.31419708975164,41.570751348305514,70.62684831177988,55.23256638112518,94.28761166645462
2025-03-09 20:17:40.929333,467.0,478.0,345.0,2615.0,1267.0,354.0,66.11921010645553,75.36127035627624,61.32052690540458,41.907666527521876,15.997784119827195,44.31419708975164,41.570751348305514,70.62684831177988,55.23256638112518,94.28761166645462
2025-03-09 20:17:40.929333,469.0,475.0,349.0,2617.0,1267.0,357.0,66.11921010645553,75.36127035627624,61.32052690540458,41.907666527521876,15.997784119827195,44.31419708975164,41.570751348305514,70.62684831177988,55.23256638112518,94.28761166645462
2025-03-09 20:17:40.929333,470.0,468.0,359.0,2615.0,1269.0,358.0,66.11921010645553,75.36127035627624,61.32052690540458,41.907666527521876,15.997784119827195,44.31419708975164,41.570751348305514,70.62684831177988,55.23256638112518,94.28761166645462
2025-03-09 20:17:40.937667,464.0,476.0,352.0,2614.0,1266.0,364.0,66.01972284859833,75.12020654430926,61.22809634339343,41.95480860543549,15.910538343220184,44.31012776479638,41.48784310976628,70.49882873993647,55.14570638851935,94.29961935508412
2025-03-09 20:17:40.937667,467.0,475.0,354.0,2621.0,1265.0,358.0,66.01972284859833,75.12020654430926,61.22809634339343,41.95480860543549,15.910538343220184,44.31012776479638,41.48784310976628,70.49882873993647,55.14570638851935,94.29961935508412
2025-03-09 20:17:40.937667,466.0,473.0,357.0,2617.0,1266.0,354.0,66.01972284859833,75.12020654430926,61.22809634339343,41.95480860543549,15.910538343220184,44.31012776479638,41.48784310976628,70.49882873993647,55.14570638851935,94.29961935508412
2025-03-09 20:17:40.937667,465.0,474.0,359.0,2611.0,1270.0,359.0,66.01972284859833,75.12020654430926,61.22809634339343,41.95480860543549,15.910538343220184,44.31012776479638,41.48784310976628,70.49882873993647,55.14570638851935,94.29961935508412
2025-03-09 20:17:40.946000,465.0,470.0,359.0,2615.0,1266.0,357.0,65.9165974580183,74.89168772567847,61.128332338064844,41.994479597318346,15.822240735122334,44.29896194459981,41.41341546924619,70.3810744113777,55.066805329742294,94.30207338894013
2025-03-09 20:17:40.946000,464.0,475.0,356.0,2615.0,1266.0,361.0,65.9165974580183,74.89168772567847,61.128332338064844,41.994479597318346,15.822240735122334,44.29896194459981,41.41341546924619,70.3810744113777,55.066805329742294,94.30207338894013
2025-03-09 20:17:40.946000,464.0,474.0,354.0,2614.0,1267.0,362.0,65.9165974580183,74.89168772567847,61.128332338064844,41.994479597318346,15.822240735122334,44.29896194459981,41.41341546924619,70.3810744113777,55.066805329742294,94.30207338894013
2025-03-09 20:17:40.954333,463.0,473.0,329.0,2613.0,1265.0,363.0,65.8137302531198,74.67783803594361,61.022839501057206,42.02854898077587,15.735867007289253,44.28336113830135,41.350486859240384,70.27543284585654,54.99563966348367,94.2992741198283
2025-03-09 20:17:40.954333,463.0,473.0,333.0,2614.0,1265.0,361.0,65.8137302531198,74.67783803594361,61.022839501057206,42.02854898077587,15.735867007289253,44.28336113830135,41.350486859240384,70.27543284585654,54.99563966348367,94.2992741198283
2025-03-09 20:17:40.954333,462.0,474.0,337.0,2611.0,1265.0,359.0,65.8137302531198,74.67783803594361,61.022839501057206,42.02854898077587,15.735867007289253,44.28336113830135,41.350486859240384,70.27543284585654,54.99563966348367,94.2992741198283
2025-03-09 20:17:40.954333,463.0,466.0,335.0,2612.0,1265.0,359.0,65.8137302531198,74.67783803594361,61.022839501057206,42.02854898077587,15.735867007289253,44.28336113830135,41.350486859240384,70.27543284585654,54.99563966348367,94.2992741198283
2025-03-09 20:17:40.962667,460.0,470.0,345.0,2615.0,1265.0,365.0,65.71547177670544,74.47961206594776,60.911364634552136,42.06035662402022,15.654567436824856,44.26747193020903,41.30276036312943,70.18251665428305,54.93047857474325,94.2958716080707
2025-03-09 20:17:40.962667,462.0,471.0,341.0,2618.0,1264.0,360.0,65.71547177670544,74.47961206594776,60.911364634552136,42.06035662402022,15.654567436824856,44.26747193020903,41.30276036312943,70.18251665428305,54.93047857474325,94.2958716080707
2025-03-09 20:17:40.962667,460.0,471.0,354.0,2615.0,1264.0,360.0,65.71547177670544,74.47961206594776,60.911364634552136,42.06035662402022,15.654567436824856,44.26747193020903,41.30276036312943,70.18251665428305,54.93047857474325,94.2958716080707
2025-03-09 20:17:40.971000,459.0,470.0,353.0,2614.0,1264.0,365.0,65.62483331825706,74.29647908327588,60.793628355635555,42.088637092771506,15.581153123218304,44.25101249735153,41.2741814971472,70.1015855863254,54.86675189350174,94.29560003425176
2025-03-09 20:17:40.971000,459.0,477.0,355.0,2615.0,1263.0,363.0,65.62483331825706,74.29647908327588,60.793628355635555,42.088637092771506,15.581153123218304,44.25101249735153,41.2741814971472,70.1015855863254,54.86675189350174,94.29560003425176
2025-03-09 20:17:40.971000,457.0,471.0,358.0,2615.0,1264.0,365.0,65.62483331825706,74.29647908327588,60.793628355635555,42.088637092771506,15.581153123218304,44.25101249735153,41.2741814971472,70.1015855863254,54.86675189350174,94.29560003425176
2025-03-09 20:17:40.971000,461.0,468.0,347.0,2614.0,1263.0,362.0,65.62483331825706,74.29647908327588,60.793628355635555,42.088637092771506,15.581153123218304,44.25101249735153,41.2741814971472,70.1015855863254,54.86675189350174,94.29560003425176
2025-03-09 20:17:40.979333,459.0,466.0,337.0,2618.0,1261.0,360.0,65.54315585514452,74.12675395926337,60.669768319407375,42.11235007230952,15.515606567956782,44.232896882720745,41.26558367405161,70.03184649128019,54.80199069990419,94.30080956624197
2025-03-09 20:17:40.979333,460.0,470.0,337.0,2614.0,1263.0,362.0,65.54315585514452,74.12675395926337,60.669768319407375,42.11235007230952,15.515606567956782,44.232896882720745,41.26558367405161,70.03184649128019,54.80199069990419,94.30080956624197
2025-03-09 20:17:40.979333,458.0,476.0,341.0,2614.0,1263.0,366.0,65.54315585514452,74.12675395926337,60.669768319407375,42.11235007230952,15.515606567956782,44.232896882720745,41.26558367405161,70.03184649128019,54.80199069990419,94.30080956624197
2025-03-09 20:17:40.987667,457.0,473.0,336.0,2613.0,1263.0,360.0,65.47180135240932,73.97012490271652,60.54076304048784,42.13282327580827,15.456049681320351,44.214454864078895,41.273805131975195,69.97152042427766,54.73607789194563,94.31225730205995
2025-03-09 20:17:40.987667,455.0,464.0,334.0,2609.0,1255.0,361.0,65.47180135240932,73.97012490271652,60.54076304048784,42.13282327580827,15.456049681320351,44.214454864078895,41.273805131975195,69.97152042427766,54.73607789194563,94.31225730205995
2025-03-09 20:17:40.987667,455.0,474.0,335.0,2610.0,1258.0,365.0,65.47180135240932,73.97012490271652,60.54076304048784,42.13282327580827,15.456049681320351,44.214454864078895,41.273805131975195,69.97152042427766,54.73607789194563,94.31225730205995
2025-03-09 20:17:40.987667,451.0,465.0,336.0,2613.0,1255.0,361.0,65.47180135240932,73.97012490271652,60.54076304048784,42.13282327580827,15.456049681320351,44.214454864078895,41.273805131975195,69.97152042427766,54.73607789194563,94.31225730205995
2025-03-09 20:17:40.996000,448.0,478.0,336.0,2613.0,1258.0,363.0,65.41231818767459,73.82875739334497,60.40870521926866,42.15185725735993,15.39996760660507,44.19792728695996,41.2937074094246,69.91895629508771,54.67082107848122,94.32894040515421
2025-03-09 20:17:40.996000,451.0,470.0,336.0,2613.0,1253.0,366.0,65.41231818767459,73.82875739334497,60.40870521926866,42.15185725735993,15.39996760660507,44.19792728695996,41.2937074094246,69.91895629508771,54.67082107848122,94.32894040515421
2025-03-09 20:17:40.996000,455.0,475.0,338.0,2608.0,1257.0,362.0,65.41231818767459,73.82875739334497,60.40870521926866,42.15185725735993,15.39996760660507,44.19792728695996,41.2937074094246,69.91895629508771,54.67082107848122,94.32894040515421
2025-03-09 20:17:41.004333,450.0,476.0,341.0,2608.0,1262.0,359.0,65.36539105173156,73.70313498217253,60.27632095377944,42.17226820080249,15.34586380450106,44.18651607867799,41.319667876976034,69.87158038154779,54.60750755358313,94.3491602670925
2025-03-09 20:17:41.004333,448.0,474.0,384.0,2608.0,1243.0,358.0,65.36539105173156,73.70313498217253,60.27632095377944,42.17226820080249,15.34586380450106,44.18651607867799,41.319667876976034,69.87158038154779,54.60750755358313,94.3491602670925
2025-03-09 20:17:41.004333,448.0,467.0,416.0,2608.0,1245.0,355.0,65.36539105173156,73.70313498217253,60.27632095377944,42.17226820080249,15.34586380450106,44.18651607867799,41.319667876976034,69.87158038154779,54.60750755358313,94.3491602670925
2025-03-09 20:17:41.004333,451.0,468.0,420.0,2608.0,1241.0,359.0,65.36539105173156,73.70313498217253,60.27632095377944,42.17226820080249,15.34586380450106,44.18651607867799,41.319667876976034,69.87158038154779,54.60750755358313,94.3491602670925
2025-03-09 20:17:41.012667,450.0,465.0,449.0,2611.0,1243.0,354.0,65.33159980192154,73.59270589206633,60.146820936149496,42.195117079619614,15.295396791056671,44.18207636730642,41.349335030538974,69.82714529074062,54.544995865204015,94.3718374950799
2025-03-09 20:17:41.012667,453.0,464.0,400.0,2608.0,1235.0,357.0,65.33159980192154,73.59270589206633,60.146820936149496,42.195117079619614,15.295396791056671,44.18207636730642,41.349335030538974,69.82714529074062,54.544995865204015,94.3718374950799
2025-03-09 20:17:41.012667,448.0,467.0,384.0,2612.0,1238.0,357.0,65.33159980192154,73.59270589206633,60.146820936149496,42.195117079619614,15.295396791056671,44.18207636730642,41.349335030538974,69.82714529074062,54.544995865204015,94.3718374950799
2025-03-09 20:17:41.012667,451.0,474.0,400.0,2611.0,1238.0,355.0,65.33159980192154,73.59270589206633,60.146820936149496,42.195117079619614,15.295396791056671,44.18207636730642,41.349335030538974,69.82714529074062,54.544995865204015,94.3718374950799
2025-03-09 20:17:41.021000,448.0,469.0,421.0,2609.0,1234.0,355.0,65.31111475613258,73.49745104479362,60.021034574599895,42.21858262217759,15.251512485327199,44.183737081895174,41.38469983007481,69.78481740135928,54.48054004495245,94.39647654379586
2025-03-09 20:17:41.021000,448.0,464.0,388.0,2609.0,1232.0,351.0,65.31111475613258,73.49745104479362,60.021034574599895,42.21858262217759,15.251512485327199,44.183737081895174,41.38469983007481,69.78481740135928,54.48054004495245,94.39647654379586
2025-03-09 20:17:41.021000,450.0,467.0,384.0,2610.0,1231.0,351.0,65.31111475613258,73.49745104479362,60.021034574599895,42.21858262217759,15.251512485327199,44.183737081895174,41.38469983007481,69.78481740135928,54.48054004495245,94.39647654379586
2025-03-09 20:17:41.029333,448.0,468.0,373.0,2615.0,1231.0,349.0,65.30299981865255,73.41734759625386,59.89773351469347,42.24077938978395,15.216156467601621,44.190123111967985,41.42828046296035,69.74428668959644,54.4121092593925,94.42257085285719
2025-03-09 20:17:41.029333,448.0,469.0,365.0,2610.0,1232.0,346.0,65.30299981865255,73.41734759625386,59.89773351469347,42.24077938978395,15.216156467601621,44.190123111967985,41.42828046296035,69.74428668959644,54.4121092593925,94.42257085285719
2025-03-09 20:17:41.029333,448.0,469.0,368.0,2615.0,1232.0,348.0,65.30299981865255,73.41734759625386,59.89773351469347,42.24077938978395,15.216156467601621,44.190123111967985,41.42828046296035,69.74428668959644,54.4121092593925,94.42257085285719
2025-03-09 20:17:41.029333,450.0,464.0,343.0,2612.0,1231.0,349.0,65.30299981865255,73.41734759625386,59.89773351469347,42.24077938978395,15.216156467601621,44.190123111967985,41.42828046296035,69.74428668959644,54.4121092593925,94.42257085285719
2025-03-09 20:17:41.037667,450.0,471.0,336.0,2610.0,1232.0,353.0,65.30611436515926,73.35265379560586,59.77709685962916,42.26064501536755,15.188956724276654,44.19990465295158,41.47992815380815,69.7062752576275,54.340623799354155,94.44974231350571
2025-03-09 20:17:41.037667,448.0,471.0,405.0,2613.0,1226.0,340.0,65.30611436515926,73.35265379560586,59.77709685962916,42.26064501536755,15.188956724276654,44.19990465295158,41.47992815380815,69.7062752576275,54.340623799354155,94.44974231350571
2025-03-09 20:17:41.037667,447.0,469.0,410.0,2611.0,1220.0,339.0,65.30611436515926,73.35265379560586,59.77709685962916,42.26064501536755,15.188956724276654,44.19990465295158,41.47992815380815,69.7062752576275,54.340623799354155,94.44974231350571
2025-03-09 20:17:41.046000,446.0,467.0,400.0,2608.0,1222.0,342.0,65.31889344965518,73.30209858665003,59.659780380792675,42.27742773234777,15.16901009918583,44.211634383528775,41.5385543643178,69.67113530155589,54.26700000478624,94.47766815593674
2025-03-09 20:17:41.046000,448.0,470.0,391.0,2608.0,1223.0,343.0,65.31889344965518,73.30209858665003,59.659780380792675,42.27742773234777,15.16901009918583,44.211634383528775,41.5385543643178,69.67113530155589,54.26700000478624,94.47766815593674
2025-03-09 20:17:41.046000,447.0,464.0,383.0,2611.0,1221.0,341.0,65.31889344965518,73.30209858665003,59.659780380792675,42.27742773234777,15.16901009918583,44.211634383528775,41.5385543643178,69.67113530155589,54.26700000478624,94.47766815593674
2025-03-09 20:17:41.046000,446.0,465.0,375.0,2611.0,1219.0,347.0,65.31889344965518,73.30209858665003,59.659780380792675,42.27742773234777,15.16901009918583,44.211634383528775,41.5385543643178,69.67113530155589,54.26700000478624,94.47766815593674
2025-03-09 20:17:41.054333,443.0,471.0,379.0,2613.0,1217.0,341.0,65.33907340477259,73.26286767886033,59.54460336384887,42.2918582041941,15.155498411037632,44.22517317565289,41.603295143108255,69.63808232839094,54.191305177008,94.50544643381528
2025-03-09 20:17:41.054333,448.0,466.0,369.0,2607.0,1221.0,342.0,65.33907340477259,73.26286767886033,59.54460336384887,42.2918582041941,15.155498411037632,44.22517317565289,41.603295143108255,69.63808232839094,54.191305177008,94.50544643381528
2025-03-09 20:17:41.054333,448.0,466.0,362.0,2603.0,1218.0,335.0,65.33907340477259,73.26286767886033,59.54460336384887,42.2918582041941,15.155498411037632,44.22517317565289,41.603295143108255,69.63808232839094,54.191305177008,94.50544643381528
2025-03-09 20:17:41.062667,446.0,465.0,359.0,2607.0,1212.0,337.0,65.36474098939748,73.23414672329938,59.43043496774497,42.30464926749663,15.148199112469836,44.241255424124645,41.67273091402976,69.60542506206288,54.1134156591019,94.53128709341583
2025-03-09 20:17:41.062667,444.0,468.0,366.0,2608.0,1213.0,333.0,65.36474098939748,73.23414672329938,59.43043496774497,42.30464926749663,15.148199112469836,44.241255424124645,41.67273091402976,69.60542506206288,54.1134156591019,94.53128709341583
2025-03-09 20:17:41.062667,445.0,473.0,356.0,2608.0,1214.0,338.0,65.36474098939748,73.23414672329938,59.43043496774497,42.30464926749663,15.148199112469836,44.241255424124645,41.67273091402976,69.60542506206288,54.1134156591019,94.53128709341583
2025-03-09 20:17:41.062667,443.0,466.0,365.0,2608.0,1205.0,337.0,65.36474098939748,73.23414672329938,59.43043496774497,42.30464926749663,15.148199112469836,44.241255424124645,41.67273091402976,69.60542506206288,54.1134156591019,94.53128709341583
2025-03-09 20:17:41.071000,442.0,464.0,366.0,2603.0,1211.0,335.0,65.39326036298608,73.21518245470881,59.31593529392868,42.315101677296,15.147993317645485,44.259452503211065,41.74665792357285,69.57155774706057,54.032413147569905,94.5529706300113
2025-03-09 20:17:41.071000,446.0,464.0,368.0,2612.0,1211.0,337.0,65.39326036298608,73.21518245470881,59.31593529392868,42.315101677296,15.147993317645485,44.259452503211065,41.74665792357285,69.57155774706057,54.032413147569905,94.5529706300113
2025-03-09 20:17:41.071000,442.0,464.0,368.0,2605.0,1207.0,336.0,65.39326036298608,73.21518245470881,59.31593529392868,42.315101677296,15.147993317645485,44.259452503211065,41.74665792357285,69.57155774706057,54.032413147569905,94.5529706300113
2025-03-09 20:17:41.079333,439.0,465.0,363.0,2619.0,1210.0,333.0,65.42107926750212,73.20361148054873,59.19931191966709,42.322092811380074,15.155249436605759,44.27806449704686,41.825743341278034,69.53603225558686,53.947858080982805,94.56881079073327
2025-03-09 20:17:41.079333,444.0,463.0,368.0,2608.0,1204.0,332.0,65.42107926750212,73.20361148054873,59.19931191966709,42.322092811380074,15.155249436605759,44.27806449704686,41.825743341278034,69.53603225558686,53.947858080982805,94.56881079073327
2025-03-09 20:17:41.079333,443.0,475.0,364.0,2608.0,1209.0,336.0,65.42107926750212,73.20361148054873,59.19931191966709,42.322092811380074,15.155249436605759,44.27806449704686,41.825743341278034,69.53603225558686,53.947858080982805,94.56881079073327
2025-03-09 20:17:41.079333,443.0,468.0,355.0,2598.0,1203.0,334.0,65.42107926750212,73.20361148054873,59.19931191966709,42.322092811380074,15.155249436605759,44.27806449704686,41.825743341278034,69.53603225558686,53.947858080982805,94.56881079073327
2025-03-09 20:17:41.087667,439.0,471.0,353.0,2609.0,1204.0,326.0,65.44622085659827,73.19817913776097,59.079798966318954,42.32488271459166,15.169393485469834,44.29565270233776,41.910181789464836,69.49949137790284,53.860528898771896,94.57790413733628
2025-03-09 20:17:41.087667,445.0,466.0,357.0,2608.0,1206.0,331.0,65.44622085659827,73.19817913776097,59.079798966318954,42.32488271459166,15.169393485469834,44.29565270233776,41.910181789464836,69.49949137790284,53.860528898771896,94.57790413733628
2025-03-09 20:17:41.087667,445.0,468.0,354.0,2608.0,1206.0,330.0,65.44622085659827,73.19817913776097,59.079798966318954,42.32488271459166,15.169393485469834,44.29565270233776,41.910181789464836,69.49949137790284,53.860528898771896,94.57790413733628
2025-03-09 20:17:41.087667,441.0,465.0,342.0,2613.0,1206.0,329.0,65.44622085659827,73.19817913776097,59.079798966318954,42.32488271459166,15.169393485469834,44.29565270233776,41.910181789464836,69.49949137790284,53.860528898771896,94.57790413733628
2025-03-09 20:17:41.096000,443.0,458.0,339.0,2605.0,1202.0,323.0,65.4680149153833,73.19874067539457,58.956814790005275,42.322623686117836,15.189747238823117,44.310905037784615,42.00059225864466,69.4630460080484,53.77123606579467,94.57990182002038
2025-03-09 20:17:41.096000,439.0,465.0,339.0,2613.0,1203.0,327.0,65.4680149153833,73.19874067539457,58.956814790005275,42.322623686117836,15.189747238823117,44.310905037784615,42.00059225864466,69.4630460080484,53.77123606579467,94.57990182002038
2025-03-09 20:17:41.096000,443.0,465.0,346.0,2608.0,1209.0,327.0,65.4680149153833,73.19874067539457,58.956814790005275,42.322623686117836,15.189747238823117,44.310905037784615,42.00059225864466,69.4630460080484,53.77123606579467,94.57990182002038
2025-03-09 20:17:41.104333,438.0,465.0,341.0,2614.0,1200.0,327.0,65.48644256656553,73.20582275173138,58.831117894274826,42.3143445184842,15.215600351004158,44.32245465424652,42.097087745315385,69.428301926053,53.6814009981219,94.57482069451612
2025-03-09 20:17:41.104333,442.0,464.0,342.0,2603.0,1202.0,325.0,65.48644256656553,73.20582275173138,58.831117894274826,42.3143445184842,15.215600351004158,44.32245465424652,42.097087745315385,69.428301926053,53.6814009981219,94.57482069451612
2025-03-09 20:17:41.104333,438.0,475.0,337.0,2603.0,1200.0,324.0,65.48644256656553,73.20582275173138,58.831117894274826,42.3143445184842,15.215600351004158,44.32245465424652,42.097087745315385,69.428301926053,53.6814009981219,94.57482069451612
2025-03-09 20:17:41.104333,441.0,464.0,339.0,2599.0,1204.0,323.0,65.48644256656553,73.20582275173138,58.831117894274826,42.3143445184842,15.215600351004158,44.32245465424652,42.097087745315385,69.428301926053,53.6814009981219,94.57482069451612
2025-03-09 20:17:41.112667,437.0,464.0,343.0,2607.0,1203.0,323.0,65.50167971132787,73.22015883394127,58.70405500319987,42.29949431764217,15.245633716837942,44.32942373048153,42.198361294939254,69.39628707317138,53.59277993318964,94.56208136760726
2025-03-09 20:17:41.112667,435.0,464.0,342.0,2603.0,1205.0,323.0,65.50167971132787,73.22015883394127,58.70405500319987,42.29949431764217,15.245633716837942,44.32942373048153,42.198361294939254,69.39628707317138,53.59277993318964,94.56208136760726
2025-03-09 20:17:41.112667,437.0,471.0,338.0,2608.0,1206.0,326.0,65.50167971132787,73.22015883394127,58.70405500319987,42.29949431764217,15.245633716837942,44.32942373048153,42.198361294939254,69.39628707317138,53.59277993318964,94.56208136760726
2025-03-09 20:17:41.121000,443.0,465.0,351.0,2608.0,1204.0,323.0,65.51337988400424,73.24215256049025,58.577046458752896,42.27829794583564,15.2787060092445,44.331772977356714,42.302302051268114,69.3672747671352,53.507191144702134,94.53986796682416
2025-03-09 20:17:41.121000,439.0,467.0,341.0,2608.0,1203.0,322.0,65.51337988400424,73.24215256049025,58.577046458752896,42.27829794583564,15.2787060092445,44.331772977356714,42.302302051268114,69.3672747671352,53.507191144702134,94.53986796682416
2025-03-09 20:17:41.121000,438.0,464.0,352.0,2608.0,1197.0,327.0,65.51337988400424,73.24215256049025,58.577046458752896,42.27829794583564,15.2787060092445,44.331772977356714,42.302302051268114,69.3672747671352,53.507191144702134,94.53986796682416
2025-03-09 20:17:41.121000,437.0,466.0,342.0,2606.0,1199.0,323.0,65.51337988400424,73.24215256049025,58.577046458752896,42.27829794583564,15.2787060092445,44.331772977356714,42.302302051268114,69.3672747671352,53.507191144702134,94.53986796682416
2025-03-09 20:17:41.129333,438.0,463.0,337.0,2610.0,1200.0,325.0,65.52111083293592,73.27220971326841,58.45080648736186,42.25090643678868,15.31469018601789,44.329455499875756,42.40849274534021,69.34204989200067,53.426038641859854,94.50639439094232
2025-03-09 20:17:41.129333,434.0,464.0,342.0,2597.0,1207.0,314.0,65.52111083293592,73.27220971326841,58.45080648736186,42.25090643678868,15.31469018601789,44.329455499875756,42.40849274534021,69.34204989200067,53.426038641859854,94.50639439094232
2025-03-09 20:17:41.129333,438.0,466.0,337.0,2614.0,1197.0,322.0,65.52111083293592,73.27220971326841,58.45080648736186,42.25090643678868,15.31469018601789,44.329455499875756,42.40849274534021,69.34204989200067,53.426038641859854,94.50639439094232
2025-03-09 20:17:41.137667,438.0,473.0,345.0,2611.0,1201.0,322.0,65.52519722634631,73.31076095409122,58.32563020557226,42.2177681940631,15.353678854948123,44.32282946878395,42.51721362865258,69.32135871689384,53.35015061014585,94.46070002144134
2025-03-09 20:17:41.137667,439.0,463.0,337.0,2601.0,1195.0,323.0,65.52519722634631,73.31076095409122,58.32563020557226,42.2177681940631,15.353678854948123,44.32282946878395,42.51721362865258,69.32135871689384,53.35015061014585,94.46070002144134
2025-03-09 20:17:41.137667,439.0,469.0,344.0,2609.0,1185.0,323.0,65.52519722634631,73.31076095409122,58.32563020557226,42.2177681940631,15.353678854948123,44.32282946878395,42.51721362865258,69.32135871689384,53.35015061014585,94.46070002144134
2025-03-09 20:17:41.137667,437.0,466.0,347.0,2599.0,1200.0,320.0,65.52519722634631,73.31076095409122,58.32563020557226,42.2177681940631,15.353678854948123,44.32282946878395,42.51721362865258,69.32135871689384,53.35015061014585,94.46070002144134
2025-03-09 20:17:41.146000,437.0,469.0,340.0,2594.0,1200.0,326.0,65.52603000708133,73.358074707554,58.2012174645623,42.17875699990245,15.39519426685695,44.311676648895364,42.628712961350075,69.30558320890434,53.27979256304222,94.40215144521615
2025-03-09 20:17:41.146000,443.0,464.0,339.0,2608.0,1200.0,320.0,65.52603000708133,73.358074707554,58.2012174645623,42.17875699990245,15.39519426685695,44.311676648895364,42.628712961350075,69.30558320890434,53.27979256304222,94.40215144521615
2025-03-09 20:17:41.146000,436.0,465.0,341.0,2605.0,1195.0,326.0,65.52603000708133,73.358074707554,58.2012174645623,42.17875699990245,15.39519426685695,44.311676648895364,42.628712961350075,69.30558320890434,53.27979256304222,94.40215144521615
2025-03-09 20:17:41.154333,442.0,465.0,339.0,2605.0,1201.0,323.0,65.52374237857178,73.41366022759027,58.076879119216436,42.13358857525863,15.43884054946938,44.29563665044488,42.743276344014966,69.2944477726995,53.2143885663084,94.33001699146651
2025-03-09 20:17:41.154333,437.0,454.0,344.0,2603.0,1200.0,323.0,65.52374237857178,73.41366022759027,58.076879119216436,42.13358857525863,15.43884054946938,44.29563665044488,42.743276344014966,69.2944477726995,53.2143885663084,94.33001699146651
2025-03-09 20:17:41.154333,439.0,459.0,342.0,2607.0,1199.0,320.0,65.52374237857178,73.41366022759027,58.076879119216436,42.13358857525863,15.43884054946938,44.29563665044488,42.743276344014966,69.2944477726995,53.2143885663084,94.33001699146651
2025-03-09 20:17:41.154333,441.0,464.0,338.0,2602.0,1200.0,323.0,65.52374237857178,73.41366022759027,58.076879119216436,42.13358857525863,15.43884054946938,44.29563665044488,42.743276344014966,69.2944477726995,53.2143885663084,94.33001699146651
2025-03-09 20:17:41.162667,443.0,464.0,336.0,2603.0,1204.0,322.0,65.5186700368188,73.47597982415257,57.95238429037393,42.08300772920909,15.485188970838179,44.27558677001431,42.86092094830673,69.28656142344232,53.152307611841216,94.2437524387575
2025-03-09 20:17:41.162667,443.0,464.0,346.0,2606.0,1200.0,321.0,65.5186700368188,73.47597982415257,57.95238429037393,42.08300772920909,15.485188970838179,44.27558677001431,42.86092094830673,69.28656142344232,53.152307611841216,94.2437524387575
2025-03-09 20:17:41.162667,446.0,464.0,347.0,2606.0,1202.0,320.0,65.5186700368188,73.47597982415257,57.95238429037393,42.08300772920909,15.485188970838179,44.27558677001431,42.86092094830673,69.28656142344232,53.152307611841216,94.2437524387575
2025-03-09 20:17:41.162667,446.0,466.0,346.0,2606.0,1190.0,323.0,65.5186700368188,73.47597982415257,57.95238429037393,42.08300772920909,15.485188970838179,44.27558677001431,42.86092094830673,69.28656142344232,53.152307611841216,94.2437524387575
2025-03-09 20:17:41.171000,444.0,464.0,343.0,2605.0,1200.0,321.0,65.51089747059511,73.54301598505248,57.8278327232629,42.02822361820325,15.533484577674114,44.25203919656216,42.981258530216,69.28194222862766,53.093657191973406,94.14276706047855
2025-03-09 20:17:41.171000,443.0,466.0,339.0,2599.0,1195.0,320.0,65.51089747059511,73.54301598505248,57.8278327232629,42.02822361820325,15.533484577674114,44.25203919656216,42.981258530216,69.28194222862766,53.093657191973406,94.14276706047855
2025-03-09 20:17:41.171000,449.0,464.0,338.0,2596.0,1194.0,322.0,65.51089747059511,73.54301598505248,57.8278327232629,42.02822361820325,15.533484577674114,44.25203919656216,42.981258530216,69.28194222862766,53.093657191973406,94.14276706047855
2025-03-09 20:17:41.171000,445.0,464.0,345.0,2604.0,1199.0,320.0,65.51089747059511,73.54301598505248,57.8278327232629,42.02822361820325,15.533484577674114,44.25203919656216,42.981258530216,69.28194222862766,53.093657191973406,94.14276706047855
2025-03-09 20:17:41.179333,446.0,464.0,346.0,2602.0,1190.0,320.0,65.50052588479996,73.61468872729829,57.70430081552361,41.969622309175136,15.582726040793725,44.22465751752552,43.10394355722019,69.2823192715701,53.040432407355205,94.02556370364071
2025-03-09 20:17:41.179333,449.0,467.0,345.0,2595.0,1165.0,320.0,65.50052588479996,73.61468872729829,57.70430081552361,41.969622309175136,15.582726040793725,44.22465751752552,43.10394355722019,69.2823192715701,53.040432407355205,94.02556370364071
2025-03-09 20:17:41.179333,447.0,465.0,342.0,2606.0,1186.0,320.0,65.50052588479996,73.61468872729829,57.70430081552361,41.969622309175136,15.582726040793725,44.22465751752552,43.10394355722019,69.2823192715701,53.040432407355205,94.02556370364071
2025-03-09 20:17:41.187667,448.0,470.0,349.0,2597.0,1195.0,321.0,65.48778507349488,73.69226490813351,57.5842418245114,41.90723023043267,15.631982964437993,44.19282215723347,43.22819765408205,69.29040283554006,52.995956408106295,93.89044319606705
2025-03-09 20:17:41.187667,448.0,464.0,345.0,2605.0,1200.0,302.0,65.48778507349488,73.69226490813351,57.5842418245114,41.90723023043267,15.631982964437993,44.19282215723347,43.22819765408205,69.29040283554006,52.995956408106295,93.89044319606705
2025-03-09 20:17:41.187667,446.0,464.0,339.0,2594.0,1199.0,320.0,65.48778507349488,73.69226490813351,57.5842418245114,41.90723023043267,15.631982964437993,44.19282215723347,43.22819765408205,69.29040283554006,52.995956408106295,93.89044319606705
2025-03-09 20:17:41.196000,450.0,464.0,338.0,2599.0,1191.0,334.0,65.47171740189408,73.77573240528264,57.4699009338664,41.842002349874505,15.68038423774436,44.15657227952559,43.35264911085455,69.3082623626852,52.96368671409732,93.73643522542291
2025-03-09 20:17:41.196000,448.0,468.0,343.0,2609.0,1191.0,314.0,65.47171740189408,73.77573240528264,57.4699009338664,41.842002349874505,15.68038423774436,44.15657227952559,43.35264911085455,69.3082623626852,52.96368671409732,93.73643522542291
2025-03-09 20:17:41.196000,453.0,465.0,339.0,2597.0,1189.0,326.0,65.47171740189408,73.77573240528264,57.4699009338664,41.842002349874505,15.68038423774436,44.15657227952559,43.35264911085455,69.3082623626852,52.96368671409732,93.73643522542291
2025-03-09 20:17:41.196000,450.0,464.0,341.0,2596.0,1187.0,318.0,65.47171740189408,73.77573240528264,57.4699009338664,41.842002349874505,15.68038423774436,44.15657227952559,43.35264911085455,69.3082623626852,52.96368671409732,93.73643522542291
2025-03-09 20:17:41.204333,454.0,467.0,338.0,2601.0,1190.0,322.0,65.4514282288787,73.86488801979209,57.36216868580173,41.775346113383925,15.72699438674663,44.11663549823086,43.4759893390686,69.33678122683159,52.94609171532019,93.56299855698165
2025-03-09 20:17:41.204333,451.0,466.0,342.0,2595.0,1181.0,321.0,65.4514282288787,73.86488801979209,57.36216868580173,41.775346113383925,15.72699438674663,44.11663549823086,43.4759893390686,69.33678122683159,52.94609171532019,93.56299855698165
2025-03-09 20:17:41.204333,457.0,465.0,339.0,2595.0,1185.0,321.0,65.4514282288787,73.86488801979209,57.36216868580173,41.775346113383925,15.72699438674663,44.11663549823086,43.4759893390686,69.33678122683159,52.94609171532019,93.56299855698165
2025-03-09 20:17:41.204333,454.0,467.0,347.0,2585.0,1186.0,315.0,65.4514282288787,73.86488801979209,57.36216868580173,41.775346113383925,15.72699438674663,44.11663549823086,43.4759893390686,69.33678122683159,52.94609171532019,93.56299855698165
2025-03-09 20:17:41.212667,459.0,464.0,342.0,2602.0,1191.0,331.0,65.42713736321045,73.96029212536148,57.26103793833038,41.70757765966942,15.771309782245526,44.07314904601016,43.59828405882707,69.37661488304356,52.94407602195284,93.3699330383415
2025-03-09 20:17:41.212667,460.0,463.0,346.0,2601.0,1200.0,320.0,65.42713736321045,73.96029212536148,57.26103793833038,41.70757765966942,15.771309782245526,44.07314904601016,43.59828405882707,69.37661488304356,52.94407602195284,93.3699330383415
2025-03-09 20:17:41.212667,464.0,464.0,341.0,2597.0,1186.0,315.0,65.42713736321045,73.96029212536148,57.26103793833038,41.70757765966942,15.771309782245526,44.07314904601016,43.59828405882707,69.37661488304356,52.94407602195284,93.3699330383415
2025-03-09 20:17:41.221000,464.0,470.0,341.0,2595.0,1181.0,310.0,65.3990502226704,74.06204277912164,57.16584208156357,41.63826729742204,15.813033974207695,44.025765245615666,43.71985943796885,69.42744972348657,52.95704606007981,93.15769992071047
2025-03-09 20:17:41.221000,461.0,466.0,341.0,2559.0,1185.0,317.0,65.3990502226704,74.06204277912164,57.16584208156357,41.63826729742204,15.813033974207695,44.025765245615666,43.71985943796885,69.42744972348657,52.95704606007981,93.15769992071047
2025-03-09 20:17:41.221000,464.0,469.0,336.0,2595.0,1187.0,316.0,65.3990502226704,74.06204277912164,57.16584208156357,41.63826729742204,15.813033974207695,44.025765245615666,43.71985943796885,69.42744972348657,52.95704606007981,93.15769992071047
2025-03-09 20:17:41.221000,464.0,470.0,336.0,2590.0,1179.0,315.0,65.3990502226704,74.06204277912164,57.16584208156357,41.63826729742204,15.813033974207695,44.025765245615666,43.71985943796885,69.42744972348657,52.95704606007981,93.15769992071047
2025-03-09 20:17:41.229333,467.0,471.0,341.0,2593.0,1181.0,308.0,65.36782389696184,74.17068329959018,57.077086702889645,41.56687911871987,15.851133930332809,43.973863532525606,43.839994735805185,69.48946568768281,52.98526613082761,92.928291657809
2025-03-09 20:17:41.229333,465.0,477.0,346.0,2591.0,1185.0,311.0,65.36782389696184,74.17068329959018,57.077086702889645,41.56687911871987,15.851133930332809,43.973863532525606,43.839994735805185,69.48946568768281,52.98526613082761,92.928291657809
2025-03-09 20:17:41.229333,477.0,470.0,341.0,2591.0,1177.0,317.0,65.36782389696184,74.17068329959018,57.077086702889645,41.56687911871987,15.851133930332809,43.973863532525606,43.839994735805185,69.48946568768281,52.98526613082761,92.928291657809
2025-03-09 20:17:41.229333,477.0,467.0,344.0,2588.0,1183.0,316.0,65.36782389696184,74.17068329959018,57.077086702889645,41.56687911871987,15.851133930332809,43.973863532525606,43.839994735805185,69.48946568768281,52.98526613082761,92.928291657809
2025-03-09 20:17:41.237667,476.0,473.0,345.0,2594.0,1178.0,311.0,65.33497610112641,74.28814395497373,56.996603804542616,41.49298609269563,15.884506233867258,43.91689084949314,43.95786611508704,69.56426403142255,53.03043381416964,92.68443462485482
2025-03-09 20:17:41.237667,479.0,473.0,338.0,2586.0,1181.0,320.0,65.33497610112641,74.28814395497373,56.996603804542616,41.49298609269563,15.884506233867258,43.91689084949314,43.95786611508704,69.56426403142255,53.03043381416964,92.68443462485482
2025-03-09 20:17:41.246000,484.0,479.0,339.0,2594.0,1174.0,316.0,65.30180791813686,74.41586508855947,56.92470346576109,41.416822132198625,15.912930286827441,43.85523112890888,44.073678091313354,69.65253483241841,53.09310297796673,92.42818883891633
2025-03-09 20:17:41.246000,482.0,471.0,343.0,2594.0,1168.0,309.0,65.30180791813686,74.41586508855947,56.92470346576109,41.416822132198625,15.912930286827441,43.85523112890888,44.073678091313354,69.65253483241841,53.09310297796673,92.42818883891633
2025-03-09 20:17:41.246000,483.0,474.0,335.0,2553.0,1179.0,311.0,65.30180791813686,74.41586508855947,56.92470346576109,41.416822132198625,15.912930286827441,43.85523112890888,44.073678091313354,69.65253483241841,53.09310297796673,92.42818883891633
2025-03-09 20:17:41.246000,486.0,474.0,342.0,2594.0,1174.0,320.0,65.30180791813686,74.41586508855947,56.92470346576109,41.416822132198625,15.912930286827441,43.85523112890888,44.073678091313354,69.65253483241841,53.09310297796673,92.42818883891633
2025-03-09 20:17:41.246000,493.0,471.0,346.0,2592.0,1182.0,304.0,65.30180791813686,74.41586508855947,56.92470346576109,41.416822132198625,15.912930286827441,43.85523112890888,44.073678091313354,69.65253483241841,53.09310297796673,92.42818883891633
2025-03-09 20:17:41.254333,496.0,470.0,342.0,2551.0,1184.0,311.0,65.26957663448307,74.55400840342072,56.86086886058626,41.34047724637133,15.935847647956694,43.790463626132244,44.18822746792522,69.75553440661997,53.17446847572399,92.16195850806079
2025-03-09 20:17:41.254333,493.0,472.0,338.0,2634.0,1171.0,306.0,65.26957663448307,74.55400840342072,56.86086886058626,41.34047724637133,15.935847647956694,43.790463626132244,44.18822746792522,69.75553440661997,53.17446847572399,92.16195850806079
2025-03-09 20:17:41.254333,496.0,469.0,336.0,2559.0,1171.0,307.0,65.26957663448307,74.55400840342072,56.86086886058626,41.34047724637133,15.935847647956694,43.790463626132244,44.18822746792522,69.75553440661997,53.17446847572399,92.16195850806079
2025-03-09 20:17:41.254333,495.0,471.0,347.0,2582.0,1173.0,308.0,65.26957663448307,74.55400840342072,56.86086886058626,41.34047724637133,15.935847647956694,43.790463626132244,44.18822746792522,69.75553440661997,53.17446847572399,92.16195850806079
2025-03-09 20:17:41.262667,497.0,477.0,338.0,2608.0,1170.0,312.0,65.238646876581,74.7017055552179,56.80578828299602,41.266105853296594,15.951844058820585,43.72339636342481,44.30155057525513,69.87570941804458,53.2772073988294,91.88944427300387
2025-03-09 20:17:41.262667,496.0,474.0,339.0,2595.0,1170.0,326.0,65.238646876581,74.7017055552179,56.80578828299602,41.266105853296594,15.951844058820585,43.72339636342481,44.30155057525513,69.87570941804458,53.2772073988294,91.88944427300387
2025-03-09 20:17:41.262667,509.0,473.0,336.0,2559.0,1170.0,309.0,65.238646876581,74.7017055552179,56.80578828299602,41.266105853296594,15.951844058820585,43.72339636342481,44.30155057525513,69.87570941804458,53.2772073988294,91.88944427300387
2025-03-09 20:17:41.271000,506.0,475.0,351.0,2582.0,1173.0,319.0,65.20938965734487,74.85930770376788,56.76072694360386,41.19417748836521,15.958801805335167,43.65316553002303,44.41338341934086,70.01633379842423,53.404604320741385,91.61571985800032
2025-03-09 20:17:41.271000,511.0,480.0,342.0,2582.0,1177.0,307.0,65.20938965734487,74.85930770376788,56.76072694360386,41.19417748836521,15.958801805335167,43.65316553002303,44.41338341934086,70.01633379842423,53.404604320741385,91.61571985800032
2025-03-09 20:17:41.271000,511.0,480.0,347.0,2559.0,1170.0,305.0,65.20938965734487,74.85930770376788,56.76072694360386,41.19417748836521,15.958801805335167,43.65316553002303,44.41338341934086,70.01633379842423,53.404604320741385,91.61571985800032
2025-03-09 20:17:41.279333,511.0,478.0,341.0,2559.0,1168.0,309.0,65.18083858552731,75.02870405495385,56.72890573618702,41.1234404945217,15.955964080093963,43.578288153678976,44.52150215642564,70.17909273576444,53.55968249249915,91.34219847876626
2025-03-09 20:17:41.279333,511.0,481.0,347.0,2559.0,1171.0,307.0,65.18083858552731,75.02870405495385,56.72890573618702,41.1234404945217,15.955964080093963,43.578288153678976,44.52150215642564,70.17909273576444,53.55968249249915,91.34219847876626
2025-03-09 20:17:41.279333,511.0,473.0,338.0,2583.0,1170.0,306.0,65.18083858552731,75.02870405495385,56.72890573618702,41.1234404945217,15.955964080093963,43.578288153678976,44.52150215642564,70.17909273576444,53.55968249249915,91.34219847876626
2025-03-09 20:17:41.279333,524.0,474.0,336.0,2559.0,1164.0,307.0,65.18083858552731,75.02870405495385,56.72890573618702,41.1234404945217,15.955964080093963,43.578288153678976,44.52150215642564,70.17909273576444,53.55968249249915,91.34219847876626
2025-03-09 20:17:41.279333,530.0,482.0,338.0,2559.0,1171.0,304.0,65.18083858552731,75.02870405495385,56.72890573618702,41.1234404945217,15.955964080093963,43.578288153678976,44.52150215642564,70.17909273576444,53.55968249249915,91.34219847876626
2025-03-09 20:17:41.287667,531.0,480.0,339.0,2559.0,1168.0,305.0,65.15621422138656,75.21598873600182,56.717013027876774,41.05622180813353,15.94513942479529,43.50200271945198,44.62377716238761,70.36725280427387,53.74764673300926,91.07261202490695
2025-03-09 20:17:41.287667,530.0,479.0,342.0,2591.0,1183.0,311.0,65.15621422138656,75.21598873600182,56.717013027876774,41.05622180813353,15.94513942479529,43.50200271945198,44.62377716238761,70.36725280427387,53.74764673300926,91.07261202490695
2025-03-09 20:17:41.287667,535.0,478.0,342.0,2559.0,1162.0,304.0,65.15621422138656,75.21598873600182,56.717013027876774,41.05622180813353,15.94513942479529,43.50200271945198,44.62377716238761,70.36725280427387,53.74764673300926,91.07261202490695
2025-03-09 20:17:41.296000,538.0,469.0,341.0,2559.0,1167.0,304.0,65.14630015396054,75.43065506125686,56.7310256321716,40.99903154892645,15.93095992565296,43.432845715911775,44.72309227752741,70.586278585114,53.97259887301199,90.81897202743158
2025-03-09 20:17:41.296000,543.0,480.0,343.0,2591.0,1182.0,298.0,65.14630015396054,75.43065506125686,56.7310256321716,40.99903154892645,15.93095992565296,43.432845715911775,44.72309227752741,70.586278585114,53.97259887301199,90.81897202743158
2025-03-09 20:17:41.296000,545.0,474.0,346.0,2559.0,1186.0,305.0,65.14630015396054,75.43065506125686,56.7310256321716,40.99903154892645,15.93095992565296,43.432845715911775,44.72309227752741,70.586278585114,53.97259887301199,90.81897202743158
2025-03-09 20:17:41.304333,551.0,476.0,345.0,2559.0,1168.0,304.0,65.15436346669058,75.67520670349948,56.77076093516227,40.953380912803574,15.917567581831515,43.37445910440608,44.821696935507156,70.83446260201816,54.23154002046058,90.58599550915847
2025-03-09 20:17:41.304333,555.0,476.0,341.0,2559.0,1170.0,304.0,65.15436346669058,75.67520670349948,56.77076093516227,40.953380912803574,15.917567581831515,43.37445910440608,44.821696935507156,70.83446260201816,54.23154002046058,90.58599550915847
2025-03-09 20:17:41.304333,553.0,485.0,338.0,2559.0,1167.0,278.0,65.15436346669058,75.67520670349948,56.77076093516227,40.953380912803574,15.917567581831515,43.37445910440608,44.821696935507156,70.83446260201816,54.23154002046058,90.58599550915847
2025-03-09 20:17:41.304333,551.0,477.0,343.0,2559.0,1170.0,311.0,65.15436346669058,75.67520670349948,56.77076093516227,40.953380912803574,15.917567581831515,43.37445910440608,44.821696935507156,70.83446260201816,54.23154002046058,90.58599550915847
2025-03-09 20:17:41.312667,558.0,479.0,348.0,2559.0,1168.0,302.0,65.17357860024065,75.94572927029604,56.83281529359735,40.91412207078847,15.907299463531887,43.32337086517266,44.91827163394463,71.10396913262558,54.51745789923596,90.3707127158236
2025-03-09 20:17:41.312667,559.0,474.0,339.0,2559.0,1173.0,305.0,65.17357860024065,75.94572927029604,56.83281529359735,40.91412207078847,15.907299463531887,43.32337086517266,44.91827163394463,71.10396913262558,54.51745789923596,90.3707127158236
2025-03-09 20:17:41.312667,557.0,480.0,343.0,2559.0,1170.0,304.0,65.17357860024065,75.94572927029604,56.83281529359735,40.91412207078847,15.907299463531887,43.32337086517266,44.91827163394463,71.10396913262558,54.51745789923596,90.3707127158236
2025-03-09 20:17:41.312667,559.0,477.0,346.0,2559.0,1168.0,302.0,65.17357860024065,75.94572927029604,56.83281529359735,40.91412207078847,15.907299463531887,43.32337086517266,44.91827163394463,71.10396913262558,54.51745789923596,90.3707127158236
2025-03-09 20:17:41.321000,567.0,481.0,337.0,2559.0,1170.0,307.0,65.19699375997273,76.23821307410527,56.9148287604826,40.87460289468385,15.900971594439767,43.27392487452678,45.01108545267576,71.38851606655797,54.82431830931564,90.1725680591218
2025-03-09 20:17:41.321000,567.0,483.0,336.0,2559.0,1168.0,304.0,65.19699375997273,76.23821307410527,56.9148287604826,40.87460289468385,15.900971594439767,43.27392487452678,45.01108545267576,71.38851606655797,54.82431830931564,90.1725680591218
2025-03-09 20:17:41.321000,571.0,480.0,336.0,2554.0,1167.0,298.0,65.19699375997273,76.23821307410527,56.9148287604826,40.87460289468385,15.900971594439767,43.27392487452678,45.01108545267576,71.38851606655797,54.82431830931564,90.1725680591218
2025-03-09 20:17:41.329333,572.0,480.0,336.0,2559.0,1168.0,294.0,65.22118434469927,76.54828432814419,57.01423696617127,40.830609953239595,15.900630680818814,43.22326699212244,45.100077182638955,71.68158380624367,55.14416643244378,89.9926977779418
2025-03-09 20:17:41.329333,573.0,480.0,338.0,2583.0,1166.0,290.0,65.22118434469927,76.54828432814419,57.01423696617127,40.830609953239595,15.900630680818814,43.22326699212244,45.100077182638955,71.68158380624367,55.14416643244378,89.9926977779418
2025-03-09 20:17:41.329333,571.0,483.0,336.0,2559.0,1168.0,299.0,65.22118434469927,76.54828432814419,57.01423696617127,40.830609953239595,15.900630680818814,43.22326699212244,45.100077182638955,71.68158380624367,55.14416643244378,89.9926977779418
2025-03-09 20:17:41.329333,574.0,479.0,337.0,2559.0,1165.0,298.0,65.22118434469927,76.54828432814419,57.01423696617127,40.830609953239595,15.900630680818814,43.22326699212244,45.100077182638955,71.68158380624367,55.14416643244378,89.9926977779418
2025-03-09 20:17:41.337667,586.0,483.0,339.0,2559.0,1169.0,290.0,65.24419827859174,76.87056543419722,57.12668509242868,40.78096569855122,15.907945560384022,43.17120351148813,45.186041825911545,71.97645227317813,55.46892519612468,89.83123792451408
2025-03-09 20:17:41.337667,590.0,478.0,337.0,2559.0,1173.0,295.0,65.24419827859174,76.87056543419722,57.12668509242868,40.78096569855122,15.907945560384022,43.17120351148813,45.186041825911545,71.97645227317813,55.46892519612468,89.83123792451408
2025-03-09 20:17:41.337667,592.0,485.0,337.0,2559.0,1170.0,295.0,65.24419827859174,76.87056543419722,57.12668509242868,40.78096569855122,15.907945560384022,43.17120351148813,45.186041825911545,71.97645227317813,55.46892519612468,89.83123792451408
2025-03-09 20:17:41.346000,592.0,486.0,343.0,2559.0,1170.0,292.0,65.26494098082642,77.19937694159381,57.249184011235016,40.72701300395947,15.922907533853461,43.11936598344106,45.267336107802,72.26686605305969,55.792673800006355,89.68542071521993
2025-03-09 20:17:41.346000,592.0,481.0,338.0,2559.0,1170.0,298.0,65.26494098082642,77.19937694159381,57.249184011235016,40.72701300395947,15.922907533853461,43.11936598344106,45.267336107802,72.26686605305969,55.792673800006355,89.68542071521993
2025-03-09 20:17:41.346000,594.0,480.0,343.0,2559.0,1169.0,294.0,65.26494098082642,77.19937694159381,57.249184011235016,40.72701300395947,15.922907533853461,43.11936598344106,45.267336107802,72.26686605305969,55.792673800006355,89.68542071521993
2025-03-09 20:17:41.346000,596.0,484.0,342.0,2559.0,1174.0,293.0,65.26494098082642,77.19937694159381,57.249184011235016,40.72701300395947,15.922907533853461,43.11936598344106,45.267336107802,72.26686605305969,55.792673800006355,89.68542071521993
2025-03-09 20:17:41.354333,595.0,479.0,336.0,2559.0,1172.0,292.0,65.28313957955511,77.52918505403878,57.37942394440105,40.6703431517782,15.943521789607932,43.06898782672923,45.34101359773529,72.54767898352306,56.110859385048734,89.55227782984498
2025-03-09 20:17:41.354333,621.0,483.0,342.0,2559.0,1181.0,291.0,65.28313957955511,77.52918505403878,57.37942394440105,40.6703431517782,15.943521789607932,43.06898782672923,45.34101359773529,72.54767898352306,56.110859385048734,89.55227782984498
2025-03-09 20:17:41.354333,625.0,482.0,336.0,2558.0,1182.0,289.0,65.28313957955511,77.52918505403878,57.37942394440105,40.6703431517782,15.943521789607932,43.06898782672923,45.34101359773529,72.54767898352306,56.110859385048734,89.55227782984498
2025-03-09 20:17:41.362667,626.0,482.0,336.0,2543.0,1182.0,290.0,65.29650822184117,77.85521809278717,57.5135573794227,40.60942679355281,15.966867456812215,43.01773833192518,45.40584567249219,72.81551446866266,56.419901872309566,89.42901280136813
2025-03-09 20:17:41.362667,634.0,481.0,336.0,2547.0,1181.0,290.0,65.29650822184117,77.85521809278717,57.5135573794227,40.60942679355281,15.966867456812215,43.01773833192518,45.40584567249219,72.81551446866266,56.419901872309566,89.42901280136813
2025-03-09 20:17:41.362667,628.0,485.0,346.0,2559.0,1183.0,291.0,65.29650822184117,77.85521809278717,57.5135573794227,40.60942679355281,15.966867456812215,43.01773833192518,45.40584567249219,72.81551446866266,56.419901872309566,89.42901280136813
2025-03-09 20:17:41.362667,631.0,482.0,336.0,2558.0,1185.0,290.0,65.29650822184117,77.85521809278717,57.5135573794227,40.60942679355281,15.966867456812215,43.01773833192518,45.40584567249219,72.81551446866266,56.419901872309566,89.42901280136813
2025-03-09 20:17:41.371000,633.0,486.0,339.0,2546.0,1183.0,289.0,65.30364240113975,78.17454110253381,57.651362349531105,40.54241257637543,15.992018131569866,42.96351227386962,45.46047936372688,73.06843261953907,56.71721912941914,89.31417001748486
2025-03-09 20:17:41.371000,666.0,488.0,339.0,2596.0,1189.0,287.0,65.30364240113975,78.17454110253381,57.651362349531105,40.54241257637543,15.992018131569866,42.96351227386962,45.46047936372688,73.06843261953907,56.71721912941914,89.31417001748486
2025-03-09 20:17:41.371000,666.0,496.0,336.0,2585.0,1190.0,288.0,65.30364240113975,78.17454110253381,57.651362349531105,40.54241257637543,15.992018131569866,42.96351227386962,45.46047936372688,73.06843261953907,56.71721912941914,89.31417001748486
2025-03-09 20:17:41.371000,675.0,488.0,336.0,2555.0,1194.0,288.0,65.30364240113975,78.17454110253381,57.651362349531105,40.54241257637543,15.992018131569866,42.96351227386962,45.46047936372688,73.06843261953907,56.71721912941914,89.31417001748486
2025-03-09 20:17:41.379333,671.0,486.0,336.0,2559.0,1191.0,289.0,65.30687852178092,78.48532108141835,57.79246424412363,40.46936096712164,16.019596621679774,42.90635930601761,45.50659344379266,73.30628531476027,56.99970500382607,89.2086294188285
2025-03-09 20:17:41.379333,678.0,490.0,338.0,2544.0,1194.0,285.0,65.30687852178092,78.48532108141835,57.79246424412363,40.46936096712164,16.019596621679774,42.90635930601761,45.50659344379266,73.30628531476027,56.99970500382607,89.2086294188285
2025-03-09 20:17:41.379333,682.0,496.0,336.0,2559.0,1193.0,270.0,65.30687852178092,78.48532108141835,57.79246424412363,40.46936096712164,16.019596621679774,42.90635930601761,45.50659344379266,73.30628531476027,56.99970500382607,89.2086294188285
2025-03-09 20:17:41.387667,688.0,494.0,336.0,2559.0,1195.0,286.0,65.30926174787521,78.78533239775392,57.93296848270856,40.40139423059351,16.045889037092426,42.8542869772685,45.54529585413019,73.53302324550178,57.27365955352716,89.1110545162672
2025-03-09 20:17:41.387667,683.0,498.0,337.0,2535.0,1195.0,288.0,65.30926174787521,78.78533239775392,57.93296848270856,40.40139423059351,16.045889037092426,42.8542869772685,45.54529585413019,73.53302324550178,57.27365955352716,89.1110545162672
2025-03-09 20:17:41.387667,720.0,497.0,341.0,2559.0,1200.0,283.0,65.30926174787521,78.78533239775392,57.93296848270856,40.40139423059351,16.045889037092426,42.8542869772685,45.54529585413019,73.53302324550178,57.27365955352716,89.1110545162672
2025-03-09 20:17:41.387667,722.0,498.0,336.0,2559.0,1200.0,283.0,65.30926174787521,78.78533239775392,57.93296848270856,40.40139423059351,16.045889037092426,42.8542869772685,45.54529585413019,73.53302324550178,57.27365955352716,89.1110545162672
2025-03-09 20:17:41.396000,730.0,495.0,336.0,2559.0,1200.0,283.0,65.31332988178822,79.07184116998472,58.068558348710695,40.350114975686864,16.065733421026742,42.814998732866094,45.577163659434945,73.75340346682745,57.54677052841287,89.0180196078828
2025-03-09 20:17:41.396000,730.0,496.0,336.0,2559.0,1200.0,283.0,65.31332988178822,79.07184116998472,58.068558348710695,40.350114975686864,16.065733421026742,42.814998732866094,45.577163659434945,73.75340346682745,57.54677052841287,89.0180196078828
2025-03-09 20:17:41.396000,733.0,496.0,338.0,2559.0,1199.0,289.0,65.31332988178822,79.07184116998472,58.068558348710695,40.350114975686864,16.065733421026742,42.814998732866094,45.577163659434945,73.75340346682745,57.54677052841287,89.0180196078828
2025-03-09 20:17:41.404333,733.0,496.0,339.0,2559.0,1200.0,286.0,65.32065922017563,79.34245848933423,58.19551943558247,40.3058108727102,16.082345908579608,42.780472746507165,45.609571105068554,73.965306888435,57.8073513525645,88.9276647031324
2025-03-09 20:17:41.404333,743.0,496.0,345.0,2558.0,1199.0,282.0,65.32065922017563,79.34245848933423,58.19551943558247,40.3058108727102,16.082345908579608,42.780472746507165,45.609571105068554,73.965306888435,57.8073513525645,88.9276647031324
2025-03-09 20:17:41.404333,745.0,496.0,342.0,2559.0,1200.0,283.0,65.32065922017563,79.34245848933423,58.19551943558247,40.3058108727102,16.082345908579608,42.780472746507165,45.609571105068554,73.965306888435,57.8073513525645,88.9276647031324
2025-03-09 20:17:41.404333,784.0,509.0,341.0,2557.0,1201.0,286.0,65.32065922017563,79.34245848933423,58.19551943558247,40.3058108727102,16.082345908579608,42.780472746507165,45.609571105068554,73.965306888435,57.8073513525645,88.9276647031324
2025-03-09 20:17:41.412667,787.0,501.0,336.0,2559.0,1201.0,281.0,65.33117970997576,79.59539225767274,58.31061273579999,40.25783830597112,16.099911208750452,42.74271087940153,45.64836172212923,74.16430243538873,58.04306877127972,88.83882982150405
2025-03-09 20:17:41.412667,786.0,501.0,338.0,2559.0,1201.0,277.0,65.33117970997576,79.59539225767274,58.31061273579999,40.25783830597112,16.099911208750452,42.74271087940153,45.64836172212923,74.16430243538873,58.04306877127972,88.83882982150405
2025-03-09 20:17:41.412667,789.0,503.0,336.0,2557.0,1203.0,275.0,65.33117970997576,79.59539225767274,58.31061273579999,40.25783830597112,16.099911208750452,42.74271087940153,45.64836172212923,74.16430243538873,58.04306877127972,88.83882982150405
2025-03-09 20:17:41.421000,798.0,506.0,336.0,2559.0,1206.0,279.0,65.34568237008095,79.8300147918036,58.40934819460473,40.20519538386558,16.119228673236726,42.701373671864005,45.69696194285129,74.34863040861512,58.25027283892315,88.74987460826841
2025-03-09 20:17:41.421000,803.0,511.0,338.0,2558.0,1205.0,278.0,65.34568237008095,79.8300147918036,58.40934819460473,40.20519538386558,16.119228673236726,42.701373671864005,45.69696194285129,74.34863040861512,58.25027283892315,88.74987460826841
2025-03-09 20:17:41.421000,803.0,510.0,341.0,2559.0,1202.0,279.0,65.34568237008095,79.8300147918036,58.40934819460473,40.20519538386558,16.119228673236726,42.701373671864005,45.69696194285129,74.34863040861512,58.25027283892315,88.74987460826841
2025-03-09 20:17:41.421000,852.0,525.0,333.0,2554.0,1207.0,281.0,65.34568237008095,79.8300147918036,58.40934819460473,40.20519538386558,16.119228673236726,42.701373671864005,45.69696194285129,74.34863040861512,58.25027283892315,88.74987460826841
2025-03-09 20:17:41.429333,849.0,526.0,331.0,2549.0,1201.0,276.0,65.36611685863707,80.0459120071486,58.485255449007205,40.146774827546324,16.141403061972834,42.65630248711205,45.76075872934243,74.51629484100374,58.42396840230658,88.65805829692933
2025-03-09 20:17:41.429333,857.0,511.0,336.0,2554.0,1207.0,278.0,65.36611685863707,80.0459120071486,58.485255449007205,40.146774827546324,16.141403061972834,42.65630248711205,45.76075872934243,74.51629484100374,58.42396840230658,88.65805829692933
2025-03-09 20:17:41.429333,859.0,511.0,338.0,2555.0,1204.0,275.0,65.36611685863707,80.0459120071486,58.485255449007205,40.146774827546324,16.141403061972834,42.65630248711205,45.76075872934243,74.51629484100374,58.42396840230658,88.65805829692933
2025-03-09 20:17:41.429333,864.0,527.0,338.0,2549.0,1200.0,278.0,65.36611685863707,80.0459120071486,58.485255449007205,40.146774827546324,16.141403061972834,42.65630248711205,45.76075872934243,74.51629484100374,58.42396840230658,88.65805829692933
2025-03-09 20:17:41.437667,874.0,527.0,343.0,2547.0,1200.0,278.0,65.39343922423824,80.24235122861518,58.53338689665534,40.08180245305295,16.16665338731041,42.60710707605109,45.843399988772674,74.66596377298049,58.5609393101117,88.5609176184046
2025-03-09 20:17:41.437667,877.0,527.0,338.0,2553.0,1200.0,277.0,65.39343922423824,80.24235122861518,58.53338689665534,40.08180245305295,16.16665338731041,42.60710707605109,45.843399988772674,74.66596377298049,58.5609393101117,88.5609176184046
2025-03-09 20:17:41.437667,880.0,523.0,337.0,2554.0,1201.0,276.0,65.39343922423824,80.24235122861518,58.53338689665534,40.08180245305295,16.16665338731041,42.60710707605109,45.843399988772674,74.66596377298049,58.5609393101117,88.5609176184046
2025-03-09 20:17:41.446000,919.0,532.0,336.0,2549.0,1200.0,277.0,65.42757853016953,80.41877754266486,58.550387693549666,40.008856297990675,16.194986504199758,42.55222236370489,45.94826845114986,74.79801530131921,58.659708406176826,88.45683369474357
2025-03-09 20:17:41.446000,923.0,528.0,338.0,2548.0,1202.0,275.0,65.42757853016953,80.41877754266486,58.550387693549666,40.008856297990675,16.194986504199758,42.55222236370489,45.94826845114986,74.79801530131921,58.659708406176826,88.45683369474357
2025-03-09 20:17:41.446000,925.0,528.0,336.0,2559.0,1199.0,279.0,65.42757853016953,80.41877754266486,58.550387693549666,40.008856297990675,16.194986504199758,42.55222236370489,45.94826845114986,74.79801530131921,58.659708406176826,88.45683369474357
2025-03-09 20:17:41.446000,932.0,528.0,341.0,2551.0,1202.0,275.0,65.42757853016953,80.41877754266486,58.550387693549666,40.008856297990675,16.194986504199758,42.55222236370489,45.94826845114986,74.79801530131921,58.659708406176826,88.45683369474357
2025-03-09 20:17:41.454333,935.0,535.0,335.0,2555.0,1200.0,276.0,65.46884323678582,80.5739819132659,58.532487222261054,39.92716312945629,16.226883629488825,42.490577594359564,46.079756328307276,74.91311602732965,58.718392611005726,88.34352554644498
2025-03-09 20:17:41.454333,938.0,532.0,342.0,2547.0,1200.0,272.0,65.46884323678582,80.5739819132659,58.532487222261054,39.92716312945629,16.226883629488825,42.490577594359564,46.079756328307276,74.91311602732965,58.718392611005726,88.34352554644498
2025-03-09 20:17:41.454333,944.0,536.0,339.0,2554.0,1200.0,278.0,65.46884323678582,80.5739819132659,58.532487222261054,39.92716312945629,16.226883629488825,42.490577594359564,46.079756328307276,74.91311602732965,58.718392611005726,88.34352554644498
2025-03-09 20:17:41.462667,976.0,540.0,341.0,2545.0,1195.0,282.0,65.51936989258607,80.70804383805459,58.47972417199267,39.83688436984872,16.2625093873017,42.42206165105776,46.23966080005494,75.01307969291385,58.73659864973388,88.21945954642659
2025-03-09 20:17:41.462667,976.0,538.0,337.0,2549.0,1200.0,274.0,65.51936989258607,80.70804383805459,58.47972417199267,39.83688436984872,16.2625093873017,42.42206165105776,46.23966080005494,75.01307969291385,58.73659864973388,88.21945954642659
2025-03-09 20:17:41.462667,978.0,543.0,338.0,2547.0,1199.0,276.0,65.51936989258607,80.70804383805459,58.47972417199267,39.83688436984872,16.2625093873017,42.42206165105776,46.23966080005494,75.01307969291385,58.73659864973388,88.21945954642659
2025-03-09 20:17:41.462667,983.0,540.0,335.0,2547.0,1200.0,274.0,65.51936989258607,80.70804383805459,58.47972417199267,39.83688436984872,16.2625093873017,42.42206165105776,46.23966080005494,75.01307969291385,58.73659864973388,88.21945954642659
2025-03-09 20:17:41.471000,983.0,534.0,341.0,2546.0,1197.0,274.0,65.58198273248317,80.82300835952738,58.39681884964251,39.74362236785394,16.299101407603107,42.35063898214929,46.423854944977215,75.10250104136337,58.721520056235484,88.08372959037966
2025-03-09 20:17:41.471000,987.0,544.0,336.0,2544.0,1200.0,278.0,65.58198273248317,80.82300835952738,58.39681884964251,39.74362236785394,16.299101407603107,42.35063898214929,46.423854944977215,75.10250104136337,58.721520056235484,88.08372959037966
2025-03-09 20:17:41.471000,990.0,537.0,345.0,2544.0,1199.0,273.0,65.58198273248317,80.82300835952738,58.39681884964251,39.74362236785394,16.299101407603107,42.35063898214929,46.423854944977215,75.10250104136337,58.721520056235484,88.08372959037966
2025-03-09 20:17:41.479333,993.0,546.0,343.0,2551.0,1199.0,275.0,65.65799108486345,80.91948716008405,58.28532256633377,39.65833829273442,16.330715070034465,42.283740741226424,46.62701767498925,75.18662332241539,58.68491921904092,87.93369013418777
2025-03-09 20:17:41.479333,1011.0,547.0,378.0,2544.0,1195.0,273.0,65.65799108486345,80.91948716008405,58.28532256633377,39.65833829273442,16.330715070034465,42.283740741226424,46.62701767498925,75.18662332241539,58.68491921904092,87.93369013418777
2025-03-09 20:17:41.479333,1014.0,543.0,375.0,2546.0,1198.0,277.0,65.65799108486345,80.91948716008405,58.28532256633377,39.65833829273442,16.330715070034465,42.283740741226424,46.62701767498925,75.18662332241539,58.68491921904092,87.93369013418777
2025-03-09 20:17:41.479333,1014.0,548.0,368.0,2546.0,1195.0,272.0,65.65799108486345,80.91948716008405,58.28532256633377,39.65833829273442,16.330715070034465,42.283740741226424,46.62701767498925,75.18662332241539,58.68491921904092,87.93369013418777
2025-03-09 20:17:41.487667,1015.0,544.0,370.0,2544.0,1195.0,272.0,65.7469302563991,80.99631658385047,58.143099885453395,39.5855773179078,16.353890221359226,42.223842219620586,46.848048222157125,75.26730515010838,58.63115595306894,87.76542736952106
2025-03-09 20:17:41.487667,1018.0,556.0,370.0,2544.0,1194.0,274.0,65.7469302563991,80.99631658385047,58.143099885453395,39.5855773179078,16.353890221359226,42.223842219620586,46.848048222157125,75.26730515010838,58.63115595306894,87.76542736952106
2025-03-09 20:17:41.487667,1017.0,548.0,368.0,2547.0,1197.0,274.0,65.7469302563991,80.99631658385047,58.143099885453395,39.5855773179078,16.353890221359226,42.223842219620586,46.848048222157125,75.26730515010838,58.63115595306894,87.76542736952106
2025-03-09 20:17:41.496000,1021.0,554.0,368.0,2545.0,1193.0,277.0,65.84761100839744,81.05313117538462,57.97035560916442,39.52392593611997,16.367932022022515,42.169238680695145,47.08632187315019,75.34469533397699,58.56015939954642,87.575493530059
2025-03-09 20:17:41.496000,1023.0,560.0,357.0,2549.0,1195.0,272.0,65.84761100839744,81.05313117538462,57.97035560916442,39.52392593611997,16.367932022022515,42.169238680695145,47.08632187315019,75.34469533397699,58.56015939954642,87.575493530059
2025-03-09 20:17:41.496000,1023.0,551.0,363.0,2541.0,1190.0,279.0,65.84761100839744,81.05313117538462,57.97035560916442,39.52392593611997,16.367932022022515,42.169238680695145,47.08632187315019,75.34469533397699,58.56015939954642,87.575493530059
2025-03-09 20:17:41.496000,1023.0,555.0,354.0,2544.0,1194.0,272.0,65.84761100839744,81.05313117538462,57.97035560916442,39.52392593611997,16.367932022022515,42.169238680695145,47.08632187315019,75.34469533397699,58.56015939954642,87.575493530059
2025-03-09 20:17:41.504333,1032.0,557.0,361.0,2544.0,1194.0,273.0,65.95958041357282,81.09213435760826,57.77030759006595,39.471638938478456,16.372700799043162,42.118169192400295,47.34054838019268,75.42090719171385,58.47401688525915,87.36280127794853
2025-03-09 20:17:41.504333,1015.0,555.0,349.0,2544.0,1193.0,274.0,65.95958041357282,81.09213435760826,57.77030759006595,39.471638938478456,16.372700799043162,42.118169192400295,47.34054838019268,75.42090719171385,58.47401688525915,87.36280127794853
2025-03-09 20:17:41.504333,1022.0,555.0,355.0,2544.0,1194.0,270.0,65.95958041357282,81.09213435760826,57.77030759006595,39.471638938478456,16.372700799043162,42.118169192400295,47.34054838019268,75.42090719171385,58.47401688525915,87.36280127794853
2025-03-09 20:17:41.512667,1021.0,549.0,357.0,2547.0,1191.0,267.0,66.08382891607697,81.11720355048026,57.54617062070542,39.42541415698947,16.36921764387887,42.067815325614625,47.61198556707762,75.49952151662139,58.374078735970905,87.12765472850435
2025-03-09 20:17:41.512667,1013.0,551.0,371.0,2540.0,1195.0,272.0,66.08382891607697,81.11720355048026,57.54617062070542,39.42541415698947,16.36921764387887,42.067815325614625,47.61198556707762,75.49952151662139,58.374078735970905,87.12765472850435
2025-03-09 20:17:41.512667,1015.0,559.0,359.0,2544.0,1191.0,272.0,66.08382891607697,81.11720355048026,57.54617062070542,39.42541415698947,16.36921764387887,42.067815325614625,47.61198556707762,75.49952151662139,58.374078735970905,87.12765472850435
2025-03-09 20:17:41.521000,1013.0,558.0,353.0,2543.0,1189.0,276.0,66.22046142761684,81.1305538429387,57.2982585945922,39.38159762140182,16.359426678670527,42.01559077496322,47.903055582551396,75.58128423522226,58.25861941720973,86.87740788925595
2025-03-09 20:17:41.521000,1011.0,557.0,346.0,2542.0,1191.0,275.0,66.22046142761684,81.1305538429387,57.2982585945922,39.38159762140182,16.359426678670527,42.01559077496322,47.903055582551396,75.58128423522226,58.25861941720973,86.87740788925595
2025-03-09 20:17:41.521000,1011.0,555.0,345.0,2541.0,1190.0,274.0,66.22046142761684,81.1305538429387,57.2982585945922,39.38159762140182,16.359426678670527,42.01559077496322,47.903055582551396,75.58128423522226,58.25861941720973,86.87740788925595
2025-03-09 20:17:41.521000,1008.0,553.0,349.0,2541.0,1187.0,272.0,66.22046142761684,81.1305538429387,57.2982585945922,39.38159762140182,16.359426678670527,42.01559077496322,47.903055582551396,75.58128423522226,58.25861941720973,86.87740788925595
2025-03-09 20:17:41.529333,1007.0,559.0,351.0,2543.0,1191.0,272.0,66.36740932192569,81.13174795574943,57.02597790012264,39.33778466893064,16.344245486506903,41.95992560925637,48.21329166056335,75.66379201841117,58.12519677439976,86.62467048241241
2025-03-09 20:17:41.529333,998.0,559.0,384.0,2538.0,1202.0,272.0,66.36740932192569,81.13174795574943,57.02597790012264,39.33778466893064,16.344245486506903,41.95992560925637,48.21329166056335,75.66379201841117,58.12519677439976,86.62467048241241
2025-03-09 20:17:41.529333,998.0,553.0,393.0,2537.0,1196.0,267.0,66.36740932192569,81.13174795574943,57.02597790012264,39.33778466893064,16.344245486506903,41.95992560925637,48.21329166056335,75.66379201841117,58.12519677439976,86.62467048241241
2025-03-09 20:17:41.537667,991.0,556.0,400.0,2533.0,1194.0,268.0,66.5225212523963,81.11967126218947,56.72937633285046,39.2929561031846,16.323608751519576,41.90017867375745,48.54050094032891,75.74451028181126,57.97233422809915,86.37300987141509
2025-03-09 20:17:41.537667,990.0,551.0,403.0,2541.0,1187.0,267.0,66.5225212523963,81.11967126218947,56.72937633285046,39.2929561031846,16.323608751519576,41.90017867375745,48.54050094032891,75.74451028181126,57.97233422809915,86.37300987141509
2025-03-09 20:17:41.537667,991.0,550.0,396.0,2539.0,1190.0,275.0,66.5225212523963,81.11967126218947,56.72937633285046,39.2929561031846,16.323608751519576,41.90017867375745,48.54050094032891,75.74451028181126,57.97233422809915,86.37300987141509
2025-03-09 20:17:41.537667,989.0,551.0,390.0,2535.0,1192.0,273.0,66.5225212523963,81.11967126218947,56.72937633285046,39.2929561031846,16.323608751519576,41.90017867375745,48.54050094032891,75.74451028181126,57.97233422809915,86.37300987141509
2025-03-09 20:17:41.546000,982.0,557.0,383.0,2540.0,1199.0,270.0,66.68466554967941,81.0941791628504,56.408582018378574,39.24840647570931,16.297476679997665,41.837893422988635,48.88255077822678,75.82174880502868,57.80038488731605,86.11495823312407
2025-03-09 20:17:41.546000,963.0,559.0,378.0,2529.0,1200.0,277.0,66.68466554967941,81.0941791628504,56.408582018378574,39.24840647570931,16.297476679997665,41.837893422988635,48.88255077822678,75.82174880502868,57.80038488731605,86.11495823312407
2025-03-09 20:17:41.546000,964.0,547.0,382.0,2542.0,1200.0,270.0,66.68466554967941,81.0941791628504,56.408582018378574,39.24840647570931,16.297476679997665,41.837893422988635,48.88255077822678,75.82174880502868,57.80038488731605,86.11495823312407
2025-03-09 20:17:41.546000,959.0,555.0,362.0,2536.0,1202.0,272.0,66.68466554967941,81.0941791628504,56.408582018378574,39.24840647570931,16.297476679997665,41.837893422988635,48.88255077822678,75.82174880502868,57.80038488731605,86.11495823312407
2025-03-09 20:17:41.554333,960.0,554.0,370.0,2541.0,1200.0,265.0,66.85154317861164,81.05566221824355,56.06642305494278,39.20681192271445,16.267498618636857,41.77644260126393,49.23553452090885,75.89327237786263,57.6113581404583,85.8374553008485
2025-03-09 20:17:41.554333,957.0,549.0,367.0,2535.0,1202.0,265.0,66.85154317861164,81.05566221824355,56.06642305494278,39.20681192271445,16.267498618636857,41.77644260126393,49.23553452090885,75.89327237786263,57.6113581404583,85.8374553008485
2025-03-09 20:17:41.554333,955.0,550.0,381.0,2544.0,1210.0,263.0,66.85154317861164,81.05566221824355,56.06642305494278,39.20681192271445,16.267498618636857,41.77644260126393,49.23553452090885,75.89327237786263,57.6113581404583,85.8374553008485
2025-03-09 20:17:41.562667,954.0,558.0,384.0,2527.0,1205.0,272.0,67.0198377358987,81.0052820126485,55.70828536923911,39.170205582159824,16.234190049930127,41.717923299096256,49.59379100700396,75.95867192916887,57.410105534458566,85.53604992388794
2025-03-09 20:17:41.562667,949.0,560.0,379.0,2534.0,1206.0,267.0,67.0198377358987,81.0052820126485,55.70828536923911,39.170205582159824,16.234190049930127,41.717923299096256,49.59379100700396,75.95867192916887,57.410105534458566,85.53604992388794
2025-03-09 20:17:41.562667,927.0,554.0,375.0,2534.0,1216.0,270.0,67.0198377358987,81.0052820126485,55.70828536923911,39.170205582159824,16.234190049930127,41.717923299096256,49.59379100700396,75.95867192916887,57.410105534458566,85.53604992388794
2025-03-09 20:17:41.562667,922.0,547.0,378.0,2534.0,1213.0,276.0,67.0198377358987,81.0052820126485,55.70828536923911,39.170205582159824,16.234190049930127,41.717923299096256,49.59379100700396,75.95867192916887,57.410105534458566,85.53604992388794
2025-03-09 20:17:41.571000,926.0,554.0,377.0,2535.0,1216.0,266.0,67.18780297022421,80.94467342950253,55.33880655612463,39.139246270845135,16.196901438761206,41.66267219557019,49.95319248318053,76.01924594673176,57.20105780977552,85.21516062629713
2025-03-09 20:17:41.571000,922.0,554.0,379.0,2534.0,1213.0,267.0,67.18780297022421,80.94467342950253,55.33880655612463,39.139246270845135,16.196901438761206,41.66267219557019,49.95319248318053,76.01924594673176,57.20105780977552,85.21516062629713
2025-03-09 20:17:41.571000,913.0,558.0,374.0,2539.0,1217.0,272.0,67.18780297022421,80.94467342950253,55.33880655612463,39.139246270845135,16.196901438761206,41.66267219557019,49.95319248318053,76.01924594673176,57.20105780977552,85.21516062629713
2025-03-09 20:17:41.579333,914.0,548.0,371.0,2531.0,1227.0,266.0,67.35603154579736,80.87483869505601,54.9614882529459,39.11555177396828,16.15595245181231,41.61221707198059,50.311642257892835,76.07619802540937,56.98645329481337,84.87681972051125
2025-03-09 20:17:41.579333,912.0,555.0,374.0,2533.0,1221.0,265.0,67.35603154579736,80.87483869505601,54.9614882529459,39.11555177396828,16.15595245181231,41.61221707198059,50.311642257892835,76.07619802540937,56.98645329481337,84.87681972051125
2025-03-09 20:17:41.579333,880.0,551.0,368.0,2531.0,1226.0,267.0,67.35603154579736,80.87483869505601,54.9614882529459,39.11555177396828,16.15595245181231,41.61221707198059,50.311642257892835,76.07619802540937,56.98645329481337,84.87681972051125
2025-03-09 20:17:41.579333,881.0,555.0,368.0,2538.0,1230.0,267.0,67.35603154579736,80.87483869505601,54.9614882529459,39.11555177396828,16.15595245181231,41.61221707198059,50.311642257892835,76.07619802540937,56.98645329481337,84.87681972051125
2025-03-09 20:17:41.587667,880.0,550.0,369.0,2539.0,1249.0,268.0,67.52490908439255,80.79663060289282,54.58012363951756,39.10076010812122,16.112805122255857,41.56864260181105,50.66695015393136,76.12961341425698,56.76762321367736,84.52210659781421
2025-03-09 20:17:41.587667,873.0,556.0,378.0,2535.0,1229.0,265.0,67.52490908439255,80.79663060289282,54.58012363951756,39.10076010812122,16.112805122255857,41.56864260181105,50.66695015393136,76.12961341425698,56.76762321367736,84.52210659781421
2025-03-09 20:17:41.587667,879.0,551.0,378.0,2539.0,1228.0,267.0,67.52490908439255,80.79663060289282,54.58012363951756,39.10076010812122,16.112805122255857,41.56864260181105,50.66695015393136,76.12961341425698,56.76762321367736,84.52210659781421
2025-03-09 20:17:41.596000,871.0,557.0,368.0,2537.0,1241.0,270.0,67.69157354108519,80.71112367156368,54.19852337397874,39.09340661254389,16.06743286312863,41.53087835354183,51.01510705271021,76.17867000440316,56.54677418865179,84.1530722424331
2025-03-09 20:17:41.596000,866.0,549.0,380.0,2533.0,1232.0,262.0,67.69157354108519,80.71112367156368,54.19852337397874,39.09340661254389,16.06743286312863,41.53087835354183,51.01510705271021,76.17867000440316,56.54677418865179,84.1530722424331
2025-03-09 20:17:41.596000,864.0,549.0,369.0,2535.0,1238.0,265.0,67.69157354108519,80.71112367156368,54.19852337397874,39.09340661254389,16.06743286312863,41.53087835354183,51.01510705271021,76.17867000440316,56.54677418865179,84.1530722424331
2025-03-09 20:17:41.596000,827.0,542.0,369.0,2535.0,1248.0,256.0,67.69157354108519,80.71112367156368,54.19852337397874,39.09340661254389,16.06743286312863,41.53087835354183,51.01510705271021,76.17867000440316,56.54677418865179,84.1530722424331
2025-03-09 20:17:41.604333,829.0,550.0,368.0,2541.0,1249.0,269.0,67.85222865698971,80.61866486680411,53.82046075712016,39.091845213656214,16.019276573485524,41.49721803678357,51.35190885900724,76.22281281448545,56.32669103953704,83.77152472836927
2025-03-09 20:17:41.604333,822.0,543.0,368.0,2543.0,1251.0,264.0,67.85222865698971,80.61866486680411,53.82046075712016,39.091845213656214,16.019276573485524,41.49721803678357,51.35190885900724,76.22281281448545,56.32669103953704,83.77152472836927
2025-03-09 20:17:41.604333,825.0,550.0,373.0,2535.0,1249.0,263.0,67.85222865698971,80.61866486680411,53.82046075712016,39.091845213656214,16.019276573485524,41.49721803678357,51.35190885900724,76.22281281448545,56.32669103953704,83.77152472836927
2025-03-09 20:17:41.612667,816.0,547.0,378.0,2531.0,1249.0,256.0,68.00427260101335,80.52009105693453,53.450221053493046,39.09620506841279,15.967914407941732,41.46744838080332,51.6735651353382,76.26274763981816,56.11153672198772,83.37952694962311
2025-03-09 20:17:41.612667,816.0,545.0,371.0,2529.0,1250.0,255.0,68.00427260101335,80.52009105693453,53.450221053493046,39.09620506841279,15.967914407941732,41.46744838080332,51.6735651353382,76.26274763981816,56.11153672198772,83.37952694962311
2025-03-09 20:17:41.612667,815.0,547.0,368.0,2528.0,1258.0,238.0,68.00427260101335,80.52009105693453,53.450221053493046,39.09620506841279,15.967914407941732,41.46744838080332,51.6735651353382,76.26274763981816,56.11153672198772,83.37952694962311
2025-03-09 20:17:41.612667,782.0,545.0,366.0,2539.0,1262.0,258.0,68.00427260101335,80.52009105693453,53.450221053493046,39.09620506841279,15.967914407941732,41.46744838080332,51.6735651353382,76.26274763981816,56.11153672198772,83.37952694962311
2025-03-09 20:17:41.621000,777.0,542.0,368.0,2554.0,1265.0,260.0,68.14470285963282,80.41684573308922,53.092935013841085,39.10499287479304,15.913932825918407,41.440299326540256,51.976460762679864,76.29883269764677,55.904794134240426,82.97966798749586
2025-03-09 20:17:41.621000,775.0,536.0,368.0,2510.0,1264.0,263.0,68.14470285963282,80.41684573308922,53.092935013841085,39.10499287479304,15.913932825918407,41.440299326540256,51.976460762679864,76.29883269764677,55.904794134240426,82.97966798749586
2025-03-09 20:17:41.621000,771.0,540.0,368.0,2547.0,1264.0,263.0,68.14470285963282,80.41684573308922,53.092935013841085,39.10499287479304,15.913932825918407,41.440299326540256,51.976460762679864,76.29883269764677,55.904794134240426,82.97966798749586
2025-03-09 20:17:41.621000,766.0,542.0,369.0,2538.0,1264.0,259.0,68.14470285963282,80.41684573308922,53.092935013841085,39.10499287479304,15.913932825918407,41.440299326540256,51.976460762679864,76.29883269764677,55.904794134240426,82.97966798749586
2025-03-09 20:17:41.629333,763.0,539.0,368.0,2555.0,1267.0,284.0,68.27102927753504,80.31037810413176,52.75279150222636,39.115707262071204,15.858751667986052,41.414360055542446,52.25742071620962,76.32958765107462,55.707525242496395,82.57501938165703
2025-03-09 20:17:41.629333,763.0,540.0,370.0,2529.0,1267.0,261.0,68.27102927753504,80.31037810413176,52.75279150222636,39.115707262071204,15.858751667986052,41.414360055542446,52.25742071620962,76.32958765107462,55.707525242496395,82.57501938165703
2025-03-09 20:17:41.629333,758.0,544.0,371.0,2534.0,1271.0,263.0,68.27102927753504,80.31037810413176,52.75279150222636,39.115707262071204,15.858751667986052,41.414360055542446,52.25742071620962,76.32958765107462,55.707525242496395,82.57501938165703
2025-03-09 20:17:41.637667,731.0,534.0,368.0,2528.0,1287.0,261.0,68.38239862060838,80.20060760885673,52.42818409567198,39.12695338057419,15.804270138202245,41.38978227109963,52.51684444677979,76.35128375820499,55.51680038373772,82.16685931208599
2025-03-09 20:17:41.637667,729.0,539.0,369.0,2535.0,1293.0,266.0,68.38239862060838,80.20060760885673,52.42818409567198,39.12695338057419,15.804270138202245,41.38978227109963,52.51684444677979,76.35128375820499,55.51680038373772,82.16685931208599
2025-03-09 20:17:41.637667,726.0,529.0,371.0,2535.0,1295.0,263.0,68.38239862060838,80.20060760885673,52.42818409567198,39.12695338057419,15.804270138202245,41.38978227109963,52.51684444677979,76.35128375820499,55.51680038373772,82.16685931208599
2025-03-09 20:17:41.637667,722.0,537.0,370.0,2533.0,1294.0,263.0,68.38239862060838,80.20060760885673,52.42818409567198,39.12695338057419,15.804270138202245,41.38978227109963,52.51684444677979,76.35128375820499,55.51680038373772,82.16685931208599
2025-03-09 20:17:41.646000,720.0,535.0,369.0,2528.0,1294.0,258.0,68.47765381090309,80.08565239914401,52.114067747330544,39.13588700590838,15.751801012082815,41.3648194470413,52.75778856319397,76.36009650607811,55.327166469691285,81.75568992470753
2025-03-09 20:17:41.646000,720.0,537.0,370.0,2527.0,1303.0,262.0,68.47765381090309,80.08565239914401,52.114067747330544,39.13588700590838,15.751801012082815,41.3648194470413,52.75778856319397,76.36009650607811,55.327166469691285,81.75568992470753
2025-03-09 20:17:41.646000,718.0,539.0,371.0,2533.0,1296.0,259.0,68.47765381090309,80.08565239914401,52.114067747330544,39.13588700590838,15.751801012082815,41.3648194470413,52.75778856319397,76.36009650607811,55.327166469691285,81.75568992470753
2025-03-09 20:17:41.646000,710.0,533.0,368.0,2528.0,1280.0,256.0,68.47765381090309,80.08565239914401,52.114067747330544,39.13588700590838,15.751801012082815,41.3648194470413,52.75778856319397,76.36009650607811,55.327166469691285,81.75568992470753
2025-03-09 20:17:41.654333,689.0,531.0,363.0,2522.0,1315.0,255.0,68.55429863063402,79.96401111511095,51.80840891123218,39.1383981436166,15.70188713126828,41.335942653487876,52.98127930830274,76.35359534264096,55.13520833966668,81.34357551791821
2025-03-09 20:17:41.654333,688.0,535.0,366.0,2529.0,1326.0,266.0,68.55429863063402,79.96401111511095,51.80840891123218,39.1383981436166,15.70188713126828,41.335942653487876,52.98127930830274,76.35359534264096,55.13520833966668,81.34357551791821
2025-03-09 20:17:41.654333,686.0,530.0,370.0,2534.0,1318.0,259.0,68.55429863063402,79.96401111511095,51.80840891123218,39.1383981436166,15.70188713126828,41.335942653487876,52.98127930830274,76.35359534264096,55.13520833966668,81.34357551791821
2025-03-09 20:17:41.654333,685.0,528.0,368.0,2512.0,1321.0,269.0,68.55429863063402,79.96401111511095,51.80840891123218,39.1383981436166,15.70188713126828,41.335942653487876,52.98127930830274,76.35359534264096,55.13520833966668,81.34357551791821
2025-03-09 20:17:41.662667,682.0,535.0,369.0,2537.0,1328.0,257.0,68.61014193421602,79.83471255345279,51.511845828975964,39.13261272684498,15.65424784791216,41.30120380426748,53.186086332122954,76.3308319410205,54.94077215144826,80.93244107623113
2025-03-09 20:17:41.662667,678.0,528.0,373.0,2539.0,1331.0,256.0,68.61014193421602,79.83471255345279,51.511845828975964,39.13261272684498,15.65424784791216,41.30120380426748,53.186086332122954,76.3308319410205,54.94077215144826,80.93244107623113
2025-03-09 20:17:41.662667,677.0,530.0,370.0,2529.0,1329.0,269.0,68.61014193421602,79.83471255345279,51.511845828975964,39.13261272684498,15.65424784791216,41.30120380426748,53.186086332122954,76.3308319410205,54.94077215144826,80.93244107623113
2025-03-09 20:17:41.671000,656.0,528.0,365.0,2517.0,1342.0,257.0,68.64288529369828,79.69619604112692,51.22735088959831,39.12113210935687,15.608253324093255,41.26261511753317,53.367720250090265,76.29062827629286,54.74697818757752,80.5238487790164
2025-03-09 20:17:41.671000,655.0,529.0,366.0,2528.0,1344.0,256.0,68.64288529369828,79.69619604112692,51.22735088959831,39.12113210935687,15.608253324093255,41.26261511753317,53.367720250090265,76.29062827629286,54.74697818757752,80.5238487790164
2025-03-09 20:17:41.671000,656.0,530.0,369.0,2503.0,1345.0,256.0,68.64288529369828,79.69619604112692,51.22735088959831,39.12113210935687,15.608253324093255,41.26261511753317,53.367720250090265,76.29062827629286,54.74697818757752,80.5238487790164
2025-03-09 20:17:41.671000,654.0,525.0,371.0,2544.0,1343.0,257.0,68.64288529369828,79.69619604112692,51.22735088959831,39.12113210935687,15.608253324093255,41.26261511753317,53.367720250090265,76.29062827629286,54.74697818757752,80.5238487790164
2025-03-09 20:17:41.679333,653.0,529.0,370.0,2537.0,1342.0,252.0,68.65050713077243,79.54736685153617,50.95966871259768,39.10886471984246,15.563306706437725,41.224392972145054,53.519998643431315,76.23203496932437,54.55916030176536,80.11966309056068
2025-03-09 20:17:41.679333,651.0,528.0,368.0,2538.0,1350.0,262.0,68.65050713077243,79.54736685153617,50.95966871259768,39.10886471984246,15.563306706437725,41.224392972145054,53.519998643431315,76.23203496932437,54.55916030176536,80.11966309056068
2025-03-09 20:17:41.679333,645.0,527.0,373.0,2523.0,1357.0,254.0,68.65050713077243,79.54736685153617,50.95966871259768,39.10886471984246,15.563306706437725,41.224392972145054,53.519998643431315,76.23203496932437,54.55916030176536,80.11966309056068
2025-03-09 20:17:41.679333,645.0,529.0,368.0,2528.0,1348.0,261.0,68.65050713077243,79.54736685153617,50.95966871259768,39.10886471984246,15.563306706437725,41.224392972145054,53.519998643431315,76.23203496932437,54.55916030176536,80.11966309056068
2025-03-09 20:17:41.687667,624.0,528.0,375.0,2528.0,1351.0,254.0,68.63372399658189,79.38840188806955,50.70940156376828,39.09653527083329,15.519634686822306,41.18727900948978,53.64286979700373,76.15532396995476,54.37780283930106,79.72158556954524
2025-03-09 20:17:41.687667,625.0,527.0,377.0,2530.0,1360.0,257.0,68.63372399658189,79.38840188806955,50.70940156376828,39.09653527083329,15.519634686822306,41.18727900948978,53.64286979700373,76.15532396995476,54.37780283930106,79.72158556954524
2025-03-09 20:17:41.696000,624.0,527.0,369.0,2534.0,1355.0,256.0,68.59462820972492,79.2193986865807,50.47436720197034,39.081758085219725,15.478139678262597,41.14945928607693,53.73986726774421,76.0606324093521,54.198996641824344,79.3311360027591
2025-03-09 20:17:41.696000,625.0,523.0,375.0,2537.0,1338.0,256.0,68.59462820972492,79.2193986865807,50.47436720197034,39.081758085219725,15.478139678262597,41.14945928607693,53.73986726774421,76.0606324093521,54.198996641824344,79.3311360027591
2025-03-09 20:17:41.696000,622.0,527.0,375.0,2534.0,1346.0,254.0,68.59462820972492,79.2193986865807,50.47436720197034,39.081758085219725,15.478139678262597,41.14945928607693,53.73986726774421,76.0606324093521,54.198996641824344,79.3311360027591
2025-03-09 20:17:41.696000,623.0,527.0,377.0,2532.0,1353.0,252.0,68.59462820972492,79.2193986865807,50.47436720197034,39.081758085219725,15.478139678262597,41.14945928607693,53.73986726774421,76.0606324093521,54.198996641824344,79.3311360027591
2025-03-09 20:17:41.704333,621.0,527.0,365.0,2539.0,1383.0,254.0,68.53493662232655,79.04130428040047,50.25380927562425,39.06332293905975,15.440067165008104,41.110414502809455,53.81325529460676,75.94815060841046,54.02072605254517,78.95136859000112
2025-03-09 20:17:41.704333,608.0,526.0,373.0,2534.0,1371.0,253.0,68.53493662232655,79.04130428040047,50.25380927562425,39.06332293905975,15.440067165008104,41.110414502809455,53.81325529460676,75.94815060841046,54.02072605254517,78.95136859000112
2025-03-09 20:17:41.704333,607.0,511.0,375.0,2529.0,1357.0,254.0,68.53493662232655,79.04130428040047,50.25380927562425,39.06332293905975,15.440067165008104,41.110414502809455,53.81325529460676,75.94815060841046,54.02072605254517,78.95136859000112
2025-03-09 20:17:41.704333,607.0,525.0,373.0,2533.0,1357.0,251.0,68.53493662232655,79.04130428040047,50.25380927562425,39.06332293905975,15.440067165008104,41.110414502809455,53.81325529460676,75.94815060841046,54.02072605254517,78.95136859000112
2025-03-09 20:17:41.712667,607.0,528.0,379.0,2533.0,1374.0,261.0,68.45671445030864,78.85616324297483,50.047646190464945,39.04219950883724,15.404768339742429,41.07089689033722,53.86409901345055,75.82007688935688,53.844966379448486,78.58677096673517
2025-03-09 20:17:41.712667,602.0,511.0,378.0,2541.0,1360.0,254.0,68.45671445030864,78.85616324297483,50.047646190464945,39.04219950883724,15.404768339742429,41.07089689033722,53.86409901345055,75.82007688935688,53.844966379448486,78.58677096673517
2025-03-09 20:17:41.712667,605.0,528.0,383.0,2525.0,1360.0,254.0,68.45671445030864,78.85616324297483,50.047646190464945,39.04219950883724,15.404768339742429,41.07089689033722,53.86409901345055,75.82007688935688,53.844966379448486,78.58677096673517
2025-03-09 20:17:41.712667,602.0,525.0,386.0,2528.0,1360.0,252.0,68.45671445030864,78.85616324297483,50.047646190464945,39.04219950883724,15.404768339742429,41.07089689033722,53.86409901345055,75.82007688935688,53.844966379448486,78.58677096673517
2025-03-09 20:17:41.721000,599.0,511.0,387.0,2529.0,1354.0,253.0,68.36220473568599,78.66571081304369,49.85434755407312,39.02204918925388,15.370557349649882,41.03366337232575,53.89365543511878,75.67920959287576,53.675674749810256,78.24092167981125
2025-03-09 20:17:41.721000,591.0,524.0,383.0,2528.0,1356.0,241.0,68.36220473568599,78.66571081304369,49.85434755407312,39.02204918925388,15.370557349649882,41.03366337232575,53.89365543511878,75.67920959287576,53.675674749810256,78.24092167981125
2025-03-09 20:17:41.721000,589.0,511.0,384.0,2532.0,1358.0,258.0,68.36220473568599,78.66571081304369,49.85434755407312,39.02204918925388,15.370557349649882,41.03366337232575,53.89365543511878,75.67920959287576,53.675674749810256,78.24092167981125
2025-03-09 20:17:41.729333,590.0,511.0,383.0,2541.0,1354.0,259.0,68.25405422942059,78.47265093201315,49.6744734009472,39.005656186304776,15.336352212039793,41.00082509587909,53.90283188667954,75.5291637571555,53.51707952834654,77.91733867336475
2025-03-09 20:17:41.729333,588.0,523.0,374.0,2530.0,1358.0,254.0,68.25405422942059,78.47265093201315,49.6744734009472,39.005656186304776,15.336352212039793,41.00082509587909,53.90283188667954,75.5291637571555,53.51707952834654,77.91733867336475
2025-03-09 20:17:41.729333,585.0,511.0,373.0,2530.0,1353.0,249.0,68.25405422942059,78.47265093201315,49.6744734009472,39.005656186304776,15.336352212039793,41.00082509587909,53.90283188667954,75.5291637571555,53.51707952834654,77.91733867336475
2025-03-09 20:17:41.729333,583.0,523.0,373.0,2523.0,1354.0,262.0,68.25405422942059,78.47265093201315,49.6744734009472,39.005656186304776,15.336352212039793,41.00082509587909,53.90283188667954,75.5291637571555,53.51707952834654,77.91733867336475
2025-03-09 20:17:41.737667,585.0,511.0,377.0,2526.0,1357.0,251.0,68.1353860794894,78.28027186260486,49.5099807886989,38.990361846331716,15.302945118651172,40.970142664679564,53.89406874942814,75.37336906772119,53.36886127600921,77.62054639435536
2025-03-09 20:17:41.737667,578.0,511.0,363.0,2540.0,1350.0,249.0,68.1353860794894,78.28027186260486,49.5099807886989,38.990361846331716,15.302945118651172,40.970142664679564,53.89406874942814,75.37336906772119,53.36886127600921,77.62054639435536
2025-03-09 20:17:41.737667,576.0,511.0,352.0,2542.0,1351.0,243.0,68.1353860794894,78.28027186260486,49.5099807886989,38.990361846331716,15.302945118651172,40.970142664679564,53.89406874942814,75.37336906772119,53.36886127600921,77.62054639435536
2025-03-09 20:17:41.737667,575.0,509.0,353.0,2541.0,1347.0,251.0,68.1353860794894,78.28027186260486,49.5099807886989,38.990361846331716,15.302945118651172,40.970142664679564,53.89406874942814,75.37336906772119,53.36886127600921,77.62054639435536
2025-03-09 20:17:41.746000,576.0,508.0,349.0,2525.0,1348.0,247.0,68.00932662658727,78.09086140545574,49.36223858470574,38.97299208414696,15.270798304961119,40.93892736157963,53.86944069535322,75.214198016486,53.22901249167793,77.3552668809744
2025-03-09 20:17:41.746000,573.0,511.0,353.0,2539.0,1346.0,252.0,68.00932662658727,78.09086140545574,49.36223858470574,38.97299208414696,15.270798304961119,40.93892736157963,53.86944069535322,75.214198016486,53.22901249167793,77.3552668809744
2025-03-09 20:17:41.746000,579.0,511.0,353.0,2553.0,1345.0,245.0,68.00932662658727,78.09086140545574,49.36223858470574,38.97299208414696,15.270798304961119,40.93892736157963,53.86944069535322,75.214198016486,53.22901249167793,77.3552668809744
2025-03-09 20:17:41.754333,573.0,511.0,347.0,2534.0,1346.0,247.0,67.8788864446011,77.90565433327654,49.231050705431265,38.95232005165268,15.239931593252381,40.90632326929654,53.83060803273792,75.05273065149142,53.095436777669576,77.12567199582323
2025-03-09 20:17:41.754333,571.0,507.0,358.0,2522.0,1344.0,247.0,67.8788864446011,77.90565433327654,49.231050705431265,38.95232005165268,15.239931593252381,40.90632326929654,53.83060803273792,75.05273065149142,53.095436777669576,77.12567199582323
2025-03-09 20:17:41.754333,571.0,511.0,353.0,2525.0,1339.0,247.0,67.8788864446011,77.90565433327654,49.231050705431265,38.95232005165268,15.239931593252381,40.90632326929654,53.83060803273792,75.05273065149142,53.095436777669576,77.12567199582323
2025-03-09 20:17:41.762667,566.0,509.0,349.0,2529.0,1338.0,247.0,67.7482424718582,77.72574001014144,49.11549266522669,38.92853375858708,15.210110220634128,40.87253054147774,53.78014735253545,74.8909363915956,52.96625403494323,76.93401752597919
2025-03-09 20:17:41.762667,564.0,511.0,349.0,2524.0,1340.0,242.0,67.7482424718582,77.72574001014144,49.11549266522669,38.92853375858708,15.210110220634128,40.87253054147774,53.78014735253545,74.8909363915956,52.96625403494323,76.93401752597919
2025-03-09 20:17:41.762667,566.0,511.0,358.0,2523.0,1338.0,245.0,67.7482424718582,77.72574001014144,49.11549266522669,38.92853375858708,15.210110220634128,40.87253054147774,53.78014735253545,74.8909363915956,52.96625403494323,76.93401752597919
2025-03-09 20:17:41.762667,563.0,511.0,349.0,2514.0,1342.0,250.0,67.7482424718582,77.72574001014144,49.11549266522669,38.92853375858708,15.210110220634128,40.87253054147774,53.78014735253545,74.8909363915956,52.96625403494323,76.93401752597919
2025-03-09 20:17:41.771000,560.0,511.0,350.0,2526.0,1333.0,243.0,67.6227529182014,77.55364601013183,49.01636540503951,38.90312082746014,15.181005003914008,40.838697680736594,53.72060580854696,74.73300678348123,52.84199322077974,76.78228233351443
2025-03-09 20:17:41.771000,565.0,511.0,365.0,2528.0,1333.0,246.0,67.6227529182014,77.55364601013183,49.01636540503951,38.90312082746014,15.181005003914008,40.838697680736594,53.72060580854696,74.73300678348123,52.84199322077974,76.78228233351443
2025-03-09 20:17:41.771000,560.0,511.0,369.0,2526.0,1325.0,246.0,67.6227529182014,77.55364601013183,49.01636540503951,38.90312082746014,15.181005003914008,40.838697680736594,53.72060580854696,74.73300678348123,52.84199322077974,76.78228233351443
2025-03-09 20:17:41.771000,559.0,510.0,373.0,2526.0,1323.0,246.0,67.6227529182014,77.55364601013183,49.01636540503951,38.90312082746014,15.181005003914008,40.838697680736594,53.72060580854696,74.73300678348123,52.84199322077974,76.78228233351443
2025-03-09 20:17:41.779333,560.0,511.0,378.0,2529.0,1323.0,243.0,67.50536124481057,77.391357774857,48.9367875584678,38.8771801874867,15.153354127521062,40.805925266180104,53.65223709126525,74.58163466992882,52.723869737468384,76.67297594215816
2025-03-09 20:17:41.779333,560.0,511.0,383.0,2523.0,1316.0,245.0,67.50536124481057,77.391357774857,48.9367875584678,38.8771801874867,15.153354127521062,40.805925266180104,53.65223709126525,74.58163466992882,52.723869737468384,76.67297594215816
2025-03-09 20:17:41.779333,560.0,511.0,387.0,2525.0,1321.0,241.0,67.50536124481057,77.391357774857,48.9367875584678,38.8771801874867,15.153354127521062,40.805925266180104,53.65223709126525,74.58163466992882,52.723869737468384,76.67297594215816
2025-03-09 20:17:41.787667,559.0,510.0,391.0,2520.0,1314.0,245.0,67.3964530013804,77.23987104049144,48.87873441272946,38.85086838644715,15.127584356874562,40.77442893715134,53.57447807555954,74.43771904268709,52.613044880519844,76.60873460499097
2025-03-09 20:17:41.787667,560.0,511.0,391.0,2521.0,1310.0,244.0,67.3964530013804,77.23987104049144,48.87873441272946,38.85086838644715,15.127584356874562,40.77442893715134,53.57447807555954,74.43771904268709,52.613044880519844,76.60873460499097
2025-03-09 20:17:41.787667,557.0,511.0,393.0,2527.0,1309.0,242.0,67.3964530013804,77.23987104049144,48.87873441272946,38.85086838644715,15.127584356874562,40.77442893715134,53.57447807555954,74.43771904268709,52.613044880519844,76.60873460499097
2025-03-09 20:17:41.787667,555.0,511.0,374.0,2517.0,1296.0,244.0,67.3964530013804,77.23987104049144,48.87873441272946,38.85086838644715,15.127584356874562,40.77442893715134,53.57447807555954,74.43771904268709,52.613044880519844,76.60873460499097
2025-03-09 20:17:41.796000,558.0,509.0,369.0,2525.0,1296.0,243.0,67.29636187643894,77.09939495734915,48.84139794938104,38.82407755216816,15.10412431444167,40.744393321182365,53.48811599049925,74.30083460088287,52.50880205228077,76.59008420025488
2025-03-09 20:17:41.796000,551.0,511.0,371.0,2523.0,1291.0,242.0,67.29636187643894,77.09939495734915,48.84139794938104,38.82407755216816,15.10412431444167,40.744393321182365,53.48811599049925,74.30083460088287,52.50880205228077,76.59008420025488
2025-03-09 20:17:41.796000,551.0,511.0,368.0,2522.0,1294.0,240.0,67.29636187643894,77.09939495734915,48.84139794938104,38.82407755216816,15.10412431444167,40.744393321182365,53.48811599049925,74.30083460088287,52.50880205228077,76.59008420025488
2025-03-09 20:17:41.804333,555.0,511.0,368.0,2519.0,1290.0,241.0,67.20636869308129,76.97049867640088,48.82401737013466,38.7994790376256,15.083673994868429,40.7188497319913,53.39360892600115,74.17039728122529,52.41167517636714,76.61599095657296
2025-03-09 20:17:41.804333,551.0,511.0,368.0,2520.0,1288.0,241.0,67.20636869308129,76.97049867640088,48.82401737013466,38.7994790376256,15.083673994868429,40.7188497319913,53.39360892600115,74.17039728122529,52.41167517636714,76.61599095657296
2025-03-09 20:17:41.804333,555.0,511.0,370.0,2519.0,1289.0,240.0,67.20636869308129,76.97049867640088,48.82401737013466,38.7994790376256,15.083673994868429,40.7188497319913,53.39360892600115,74.17039728122529,52.41167517636714,76.61599095657296
2025-03-09 20:17:41.804333,545.0,511.0,368.0,2517.0,1268.0,242.0,67.20636869308129,76.97049867640088,48.82401737013466,38.7994790376256,15.083673994868429,40.7188497319913,53.39360892600115,74.17039728122529,52.41167517636714,76.61599095657296
2025-03-09 20:17:41.812667,542.0,511.0,376.0,2513.0,1269.0,241.0,67.1273324885556,76.85434923330574,48.82666975151464,38.781509674865596,15.066846949712394,40.702256860775044,53.29082677645734,74.04669438826964,52.32493496723753,76.68630322816014
2025-03-09 20:17:41.812667,548.0,502.0,375.0,2525.0,1268.0,241.0,67.1273324885556,76.85434923330574,48.82666975151464,38.781509674865596,15.066846949712394,40.702256860775044,53.29082677645734,74.04669438826964,52.32493496723753,76.68630322816014
2025-03-09 20:17:41.812667,546.0,510.0,370.0,2514.0,1267.0,243.0,67.1273324885556,76.85434923330574,48.82666975151464,38.781509674865596,15.066846949712394,40.702256860775044,53.29082677645734,74.04669438826964,52.32493496723753,76.68630322816014
2025-03-09 20:17:41.812667,547.0,511.0,367.0,2516.0,1268.0,241.0,67.1273324885556,76.85434923330574,48.82666975151464,38.781509674865596,15.066846949712394,40.702256860775044,53.29082677645734,74.04669438826964,52.32493496723753,76.68630322816014
2025-03-09 20:17:41.821000,544.0,507.0,371.0,2517.0,1265.0,241.0,67.05850374832326,76.75111951344807,48.84908870138118,38.771627452306724,15.053766112156286,40.695673108250254,53.18023711379423,73.93050961988448,52.25075788069678,76.8011153202362
2025-03-09 20:17:41.821000,544.0,510.0,374.0,2514.0,1264.0,241.0,67.05850374832326,76.75111951344807,48.84908870138118,38.771627452306724,15.053766112156286,40.695673108250254,53.18023711379423,73.93050961988448,52.25075788069678,76.8011153202362
2025-03-09 20:17:41.821000,553.0,511.0,378.0,2512.0,1264.0,240.0,67.05850374832326,76.75111951344807,48.84908870138118,38.771627452306724,15.053766112156286,40.695673108250254,53.18023711379423,73.93050961988448,52.25075788069678,76.8011153202362
2025-03-09 20:17:41.829333,539.0,506.0,374.0,2512.0,1255.0,237.0,66.99848756504919,76.65896955366792,48.88886119578554,38.769549886645194,15.043938368178718,40.69820171422367,53.063174723159335,73.82162930310633,52.18843548827186,76.95779795284024
2025-03-09 20:17:41.829333,542.0,510.0,375.0,2512.0,1255.0,240.0,66.99848756504919,76.65896955366792,48.88886119578554,38.769549886645194,15.043938368178718,40.69820171422367,53.063174723159335,73.82162930310633,52.18843548827186,76.95779795284024
2025-03-09 20:17:41.829333,542.0,506.0,381.0,2512.0,1247.0,241.0,66.99848756504919,76.65896955366792,48.88886119578554,38.769549886645194,15.043938368178718,40.69820171422367,53.063174723159335,73.82162930310633,52.18843548827186,76.95779795284024
2025-03-09 20:17:41.829333,541.0,501.0,372.0,2512.0,1247.0,240.0,66.99848756504919,76.65896955366792,48.88886119578554,38.769549886645194,15.043938368178718,40.69820171422367,53.063174723159335,73.82162930310633,52.18843548827186,76.95779795284024
2025-03-09 20:17:41.837667,540.0,507.0,380.0,2515.0,1246.0,240.0,66.94600048109781,76.57571342528317,48.942269430646334,38.775380172345606,15.036493149227514,40.709261344134276,52.941397897217435,73.7194993316799,52.13691691050817,77.15104315151166
2025-03-09 20:17:41.837667,536.0,505.0,377.0,2514.0,1246.0,243.0,66.94600048109781,76.57571342528317,48.942269430646334,38.775380172345606,15.036493149227514,40.709261344134276,52.941397897217435,73.7194993316799,52.13691691050817,77.15104315151166
2025-03-09 20:17:41.837667,537.0,507.0,373.0,2512.0,1243.0,240.0,66.94600048109781,76.57571342528317,48.942269430646334,38.775380172345606,15.036493149227514,40.709261344134276,52.941397897217435,73.7194993316799,52.13691691050817,77.15104315151166
2025-03-09 20:17:41.846000,533.0,502.0,381.0,2517.0,1235.0,241.0,66.90053846379261,76.50137302111833,49.00761065283371,38.787931763281584,15.031296638786905,40.72739967425144,52.816881328124715,73.62499074082162,52.09602379967985,77.37731810502409
2025-03-09 20:17:41.846000,537.0,501.0,374.0,2511.0,1232.0,240.0,66.90053846379261,76.50137302111833,49.00761065283371,38.787931763281584,15.031296638786905,40.72739967425144,52.816881328124715,73.62499074082162,52.09602379967985,77.37731810502409
2025-03-09 20:17:41.846000,531.0,507.0,373.0,2514.0,1234.0,241.0,66.90053846379261,76.50137302111833,49.00761065283371,38.787931763281584,15.031296638786905,40.72739967425144,52.816881328124715,73.62499074082162,52.09602379967985,77.37731810502409
2025-03-09 20:17:41.846000,534.0,511.0,382.0,2497.0,1236.0,243.0,66.90053846379261,76.50137302111833,49.00761065283371,38.787931763281584,15.031296638786905,40.72739967425144,52.816881328124715,73.62499074082162,52.09602379967985,77.37731810502409
2025-03-09 20:17:41.854333,528.0,511.0,378.0,2517.0,1234.0,241.0,66.86162120108702,76.43698436006481,49.08334066727505,38.80325513269361,15.028930556048984,40.749182512689735,52.69208799632717,73.53842563166674,52.06384959064749,77.63581699385037
2025-03-09 20:17:41.854333,533.0,511.0,379.0,2515.0,1238.0,243.0,66.86162120108702,76.43698436006481,49.08334066727505,38.80325513269361,15.028930556048984,40.749182512689735,52.69208799632717,73.53842563166674,52.06384959064749,77.63581699385037
2025-03-09 20:17:41.854333,530.0,509.0,378.0,2514.0,1230.0,238.0,66.86162120108702,76.43698436006481,49.08334066727505,38.80325513269361,15.028930556048984,40.749182512689735,52.69208799632717,73.53842563166674,52.06384959064749,77.63581699385037
2025-03-09 20:17:41.862667,532.0,503.0,380.0,2510.0,1232.0,242.0,66.82777075857061,76.38183268173277,49.16699951819824,38.81754736721509,15.029652493251499,40.77132180126294,52.56851863671621,73.45822705179486,52.03713740489731,77.9236735727955
2025-03-09 20:17:41.862667,530.0,501.0,391.0,2513.0,1222.0,240.0,66.82777075857061,76.38183268173277,49.16699951819824,38.81754736721509,15.029652493251499,40.77132180126294,52.56851863671621,73.45822705179486,52.03713740489731,77.9236735727955
2025-03-09 20:17:41.862667,529.0,500.0,390.0,2498.0,1223.0,239.0,66.82777075857061,76.38183268173277,49.16699951819824,38.81754736721509,15.029652493251499,40.77132180126294,52.56851863671621,73.45822705179486,52.03713740489731,77.9236735727955
2025-03-09 20:17:41.862667,530.0,506.0,393.0,2512.0,1223.0,240.0,66.82777075857061,76.38183268173277,49.16699951819824,38.81754736721509,15.029652493251499,40.77132180126294,52.56851863671621,73.45822705179486,52.03713740489731,77.9236735727955
2025-03-09 20:17:41.871000,527.0,506.0,391.0,2516.0,1226.0,243.0,66.79591220951411,76.33420869330135,49.25794110278848,38.82932327721361,15.03301262044703,40.792330348307786,52.444547172251625,73.38215754285332,52.01522915695227,78.23722974392622
2025-03-09 20:17:41.871000,528.0,507.0,389.0,2518.0,1221.0,241.0,66.79591220951411,76.33420869330135,49.25794110278848,38.82932327721361,15.03301262044703,40.792330348307786,52.444547172251625,73.38215754285332,52.01522915695227,78.23722974392622
2025-03-09 20:17:41.871000,531.0,510.0,394.0,2511.0,1222.0,240.0,66.79591220951411,76.33420869330135,49.25794110278848,38.82932327721361,15.03301262044703,40.792330348307786,52.444547172251625,73.38215754285332,52.01522915695227,78.23722974392622
2025-03-09 20:17:41.879333,529.0,505.0,385.0,2513.0,1221.0,240.0,66.76270595026035,76.29249856261406,49.3565026024361,38.83825699353869,15.038187822555278,40.81140914855748,52.31787301706177,73.30895567980727,51.999401474894924,78.57390255781993
2025-03-09 20:17:41.879333,527.0,498.0,377.0,2512.0,1216.0,242.0,66.76270595026035,76.29249856261406,49.3565026024361,38.83825699353869,15.038187822555278,40.81140914855748,52.31787301706177,73.30895567980727,51.999401474894924,78.57390255781993
2025-03-09 20:17:41.879333,528.0,510.0,370.0,2514.0,1217.0,240.0,66.76270595026035,76.29249856261406,49.3565026024361,38.83825699353869,15.038187822555278,40.81140914855748,52.31787301706177,73.30895567980727,51.999401474894924,78.57390255781993
2025-03-09 20:17:41.879333,529.0,511.0,371.0,2515.0,1214.0,247.0,66.76270595026035,76.29249856261406,49.3565026024361,38.83825699353869,15.038187822555278,40.81140914855748,52.31787301706177,73.30895567980727,51.999401474894924,78.57390255781993
2025-03-09 20:17:41.887667,528.0,499.0,378.0,2512.0,1219.0,240.0,66.72718434818728,76.25477025925058,49.462257948369206,38.844843030086146,15.044509710925647,40.82874940205942,52.18722220785214,73.23726456204282,51.98888020174385,78.92896782425761
2025-03-09 20:17:41.887667,525.0,503.0,382.0,2517.0,1216.0,238.0,66.72718434818728,76.25477025925058,49.462257948369206,38.844843030086146,15.044509710925647,40.82874940205942,52.18722220785214,73.23726456204282,51.98888020174385,78.92896782425761
2025-03-09 20:17:41.887667,510.0,503.0,373.0,2513.0,1216.0,242.0,66.72718434818728,76.25477025925058,49.462257948369206,38.844843030086146,15.044509710925647,40.82874940205942,52.18722220785214,73.23726456204282,51.98888020174385,78.92896782425761
2025-03-09 20:17:41.887667,528.0,497.0,376.0,2517.0,1209.0,241.0,66.72718434818728,76.25477025925058,49.462257948369206,38.844843030086146,15.044509710925647,40.82874940205942,52.18722220785214,73.23726456204282,51.98888020174385,78.92896782425761
2025-03-09 20:17:41.896000,526.0,503.0,378.0,2512.0,1213.0,240.0,66.69047052380773,76.22047350509956,49.574429843059924,38.84992467069253,15.051110648464658,40.844939894364266,52.05261081481001,73.16707586594795,51.98305793680018,79.29732748390435
2025-03-09 20:17:41.896000,528.0,496.0,377.0,2515.0,1205.0,240.0,66.69047052380773,76.22047350509956,49.574429843059924,38.84992467069253,15.051110648464658,40.844939894364266,52.05261081481001,73.16707586594795,51.98305793680018,79.29732748390435
2025-03-09 20:17:41.896000,526.0,508.0,377.0,2519.0,1202.0,239.0,66.69047052380773,76.22047350509956,49.574429843059924,38.84992467069253,15.051110648464658,40.844939894364266,52.05261081481001,73.16707586594795,51.98305793680018,79.29732748390435
2025-03-09 20:17:41.904333,526.0,501.0,384.0,2512.0,1207.0,240.0,66.65330851179311,76.1900337186467,49.69291190317404,38.853958770581364,15.057250535200497,40.86020373066634,51.91403442110397,73.09910163283882,51.98258527967363,79.67571523219378
2025-03-09 20:17:41.904333,525.0,501.0,384.0,2510.0,1203.0,245.0,66.65330851179311,76.1900337186467,49.69291190317404,38.853958770581364,15.057250535200497,40.86020373066634,51.91403442110397,73.09910163283882,51.98258527967363,79.67571523219378
2025-03-09 20:17:41.904333,524.0,503.0,386.0,2515.0,1200.0,241.0,66.65330851179311,76.1900337186467,49.69291190317404,38.853958770581364,15.057250535200497,40.86020373066634,51.91403442110397,73.09910163283882,51.98258527967363,79.67571523219378
2025-03-09 20:17:41.904333,526.0,499.0,379.0,2513.0,1202.0,241.0,66.65330851179311,76.1900337186467,49.69291190317404,38.853958770581364,15.057250535200497,40.86020373066634,51.91403442110397,73.09910163283882,51.98258527967363,79.67571523219378
2025-03-09 20:17:41.912667,527.0,501.0,384.0,2513.0,1200.0,246.0,66.61641864737625,76.16306640596977,49.818323449272455,38.85817663248435,15.063604864700455,40.87579652781977,51.77153661423414,73.033360712788,51.98721569035698,80.06253793059454
2025-03-09 20:17:41.912667,511.0,506.0,368.0,2507.0,1198.0,240.0,66.61641864737625,76.16306640596977,49.818323449272455,38.85817663248435,15.063604864700455,40.87579652781977,51.77153661423414,73.033360712788,51.98721569035698,80.06253793059454
2025-03-09 20:17:41.912667,511.0,501.0,365.0,2512.0,1193.0,243.0,66.61641864737625,76.16306640596977,49.818323449272455,38.85817663248435,15.063604864700455,40.87579652781977,51.77153661423414,73.033360712788,51.98721569035698,80.06253793059454
2025-03-09 20:17:41.921000,524.0,501.0,371.0,2517.0,1193.0,243.0,66.57959250066114,76.13888865918224,49.950550727708716,38.864776772669565,15.070924691991166,40.89397822172258,51.624774482251944,72.96899770038128,51.99733937906196,80.4569373970696
2025-03-09 20:17:41.921000,524.0,500.0,370.0,2512.0,1193.0,240.0,66.57959250066114,76.13888865918224,49.950550727708716,38.864776772669565,15.070924691991166,40.89397822172258,51.624774482251944,72.96899770038128,51.99733937906196,80.4569373970696
2025-03-09 20:17:41.921000,511.0,499.0,367.0,2512.0,1194.0,243.0,66.57959250066114,76.13888865918224,49.950550727708716,38.864776772669565,15.070924691991166,40.89397822172258,51.624774482251944,72.96899770038128,51.99733937906196,80.4569373970696
2025-03-09 20:17:41.921000,524.0,496.0,377.0,2512.0,1189.0,244.0,66.57959250066114,76.13888865918224,49.950550727708716,38.864776772669565,15.070924691991166,40.89397822172258,51.624774482251944,72.96899770038128,51.99733937906196,80.4569373970696
2025-03-09 20:17:41.929333,511.0,498.0,374.0,2514.0,1192.0,245.0,66.54062123941434,76.1182777040961,50.08958856517408,38.87565728799546,15.077926366087317,40.916491141350754,51.47089022276358,72.90495878248298,52.01679301384662,80.85681351127215
2025-03-09 20:17:41.929333,511.0,497.0,369.0,2513.0,1189.0,245.0,66.54062123941434,76.1182777040961,50.08958856517408,38.87565728799546,15.077926366087317,40.916491141350754,51.47089022276358,72.90495878248298,52.01679301384662,80.85681351127215
2025-03-09 20:17:41.929333,525.0,496.0,368.0,2518.0,1184.0,246.0,66.54062123941434,76.1182777040961,50.08958856517408,38.87565728799546,15.077926366087317,40.916491141350754,51.47089022276358,72.90495878248298,52.01679301384662,80.85681351127215
2025-03-09 20:17:41.937667,525.0,500.0,369.0,2512.0,1188.0,243.0,66.49929373128728,76.10185860976596,50.23504735231835,38.89183412818341,15.08393860408051,40.944516616951965,51.30855115965291,72.84033026554921,52.0466209580404,81.25878508154871
2025-03-09 20:17:41.937667,525.0,498.0,363.0,2515.0,1185.0,244.0,66.49929373128728,76.10185860976596,50.23504735231835,38.89183412818341,15.08393860408051,40.944516616951965,51.30855115965291,72.84033026554921,52.0466209580404,81.25878508154871
2025-03-09 20:17:41.937667,527.0,499.0,374.0,2516.0,1149.0,246.0,66.49929373128728,76.10185860976596,50.23504735231835,38.89183412818341,15.08393860408051,40.944516616951965,51.30855115965291,72.84033026554921,52.0466209580404,81.25878508154871
2025-03-09 20:17:41.937667,511.0,497.0,372.0,2512.0,1184.0,247.0,66.49929373128728,76.10185860976596,50.23504735231835,38.89183412818341,15.08393860408051,40.944516616951965,51.30855115965291,72.84033026554921,52.0466209580404,81.25878508154871
2025-03-09 20:17:41.946000,511.0,496.0,371.0,2514.0,1182.0,254.0,66.45808622640806,76.08821559876984,50.38392476207976,38.91399323104499,15.089393496232598,40.978937537828195,51.1403673585498,72.77427889205823,52.08279043989437,81.66167530292161
2025-03-09 20:17:41.946000,511.0,505.0,367.0,2522.0,1166.0,247.0,66.45808622640806,76.08821559876984,50.38392476207976,38.91399323104499,15.089393496232598,40.978937537828195,51.1403673585498,72.77427889205823,52.08279043989437,81.66167530292161
2025-03-09 20:17:41.946000,511.0,497.0,369.0,2501.0,1174.0,246.0,66.45808622640806,76.08821559876984,50.38392476207976,38.91399323104499,15.089393496232598,40.978937537828195,51.1403673585498,72.77427889205823,52.08279043989437,81.66167530292161
2025-03-09 20:17:41.954333,526.0,498.0,366.0,2513.0,1172.0,246.0,66.41758667629388,76.07558216010953,50.534885790243045,38.94269426852557,15.094188974864071,41.02004789905954,50.96713457883218,72.70627366545136,52.12330557191738,82.06519842083193
2025-03-09 20:17:41.954333,526.0,503.0,370.0,2507.0,1178.0,243.0,66.41758667629388,76.07558216010953,50.534885790243045,38.94269426852557,15.094188974864071,41.02004789905954,50.96713457883218,72.70627366545136,52.12330557191738,82.06519842083193
2025-03-09 20:17:41.954333,526.0,498.0,363.0,2513.0,1173.0,243.0,66.41758667629388,76.07558216010953,50.534885790243045,38.94269426852557,15.094188974864071,41.02004789905954,50.96713457883218,72.70627366545136,52.12330557191738,82.06519842083193
2025-03-09 20:17:41.954333,522.0,502.0,368.0,2522.0,1173.0,252.0,66.41758667629388,76.07558216010953,50.534885790243045,38.94269426852557,15.094188974864071,41.02004789905954,50.96713457883218,72.70627366545136,52.12330557191738,82.06519842083193
2025-03-09 20:17:41.962667,511.0,498.0,365.0,2512.0,1172.0,245.0,66.37740123196626,76.06324386951567,50.6897218154041,38.978911772221764,15.09860986283396,41.06858778405458,50.78752911556161,72.63633877615037,52.16884393854412,82.46696434726343
2025-03-09 20:17:41.962667,524.0,499.0,368.0,2512.0,1169.0,247.0,66.37740123196626,76.06324386951567,50.6897218154041,38.978911772221764,15.09860986283396,41.06858778405458,50.78752911556161,72.63633877615037,52.16884393854412,82.46696434726343
2025-03-09 20:17:41.962667,526.0,496.0,365.0,2513.0,1168.0,243.0,66.37740123196626,76.06324386951567,50.6897218154041,38.978911772221764,15.09860986283396,41.06858778405458,50.78752911556161,72.63633877615037,52.16884393854412,82.46696434726343
2025-03-09 20:17:41.962667,511.0,501.0,374.0,2514.0,1168.0,248.0,66.37740123196626,76.06324386951567,50.6897218154041,38.978911772221764,15.09860986283396,41.06858778405458,50.78752911556161,72.63633877615037,52.16884393854412,82.46696434726343
2025-03-09 20:17:41.971000,528.0,497.0,370.0,2528.0,1165.0,231.0,66.3386353600465,76.05047419679622,50.85002943672548,39.02176730884354,15.103132017628734,41.12348624157147,50.602047891359234,72.56550389555655,52.217953260150445,82.8645849204983
2025-03-09 20:17:41.971000,511.0,502.0,383.0,2519.0,1166.0,254.0,66.3386353600465,76.05047419679622,50.85002943672548,39.02176730884354,15.103132017628734,41.12348624157147,50.602047891359234,72.56550389555655,52.217953260150445,82.8645849204983
2025-03-09 20:17:41.971000,523.0,496.0,378.0,2519.0,1167.0,254.0,66.3386353600465,76.05047419679622,50.85002943672548,39.02176730884354,15.103132017628734,41.12348624157147,50.602047891359234,72.56550389555655,52.217953260150445,82.8645849204983
2025-03-09 20:17:41.979333,523.0,496.0,384.0,2522.0,1159.0,251.0,66.30175796374998,76.03606398540067,51.01603282286783,39.068218975524566,15.108194298047726,41.18143858429375,50.41279763613241,72.49503957940735,52.26780496014109,83.25662904935155
2025-03-09 20:17:41.979333,511.0,501.0,383.0,2517.0,1167.0,250.0,66.30175796374998,76.03606398540067,51.01603282286783,39.068218975524566,15.108194298047726,41.18143858429375,50.41279763613241,72.49503957940735,52.26780496014109,83.25662904935155
2025-03-09 20:17:41.979333,525.0,498.0,370.0,2512.0,1166.0,252.0,66.30175796374998,76.03606398540067,51.01603282286783,39.068218975524566,15.108194298047726,41.18143858429375,50.41279763613241,72.49503957940735,52.26780496014109,83.25662904935155
2025-03-09 20:17:41.979333,523.0,496.0,379.0,2515.0,1161.0,251.0,66.30175796374998,76.03606398540067,51.01603282286783,39.068218975524566,15.108194298047726,41.18143858429375,50.41279763613241,72.49503957940735,52.26780496014109,83.25662904935155
2025-03-09 20:17:41.987667,526.0,498.0,377.0,2515.0,1163.0,256.0,66.26656522491604,76.01993026778176,51.18552379883224,39.11743068690307,15.113521485859518,41.24129891189971,50.222085661027535,72.42589440130793,52.31812014522534,83.64341239227943
2025-03-09 20:17:41.987667,525.0,496.0,379.0,2519.0,1187.0,251.0,66.26656522491604,76.01993026778176,51.18552379883224,39.11743068690307,15.113521485859518,41.24129891189971,50.222085661027535,72.42589440130793,52.31812014522534,83.64341239227943
2025-03-09 20:17:41.987667,511.0,496.0,380.0,2517.0,1152.0,251.0,66.26656522491604,76.01993026778176,51.18552379883224,39.11743068690307,15.113521485859518,41.24129891189971,50.222085661027535,72.42589440130793,52.31812014522534,83.64341239227943
2025-03-09 20:17:41.996000,525.0,498.0,378.0,2517.0,1150.0,252.0,66.23349813972617,76.00239517911356,51.35445822570645,39.16983862486426,15.118967935298075,41.30347683547657,50.03300158412277,72.35831637166957,52.36841063341101,84.02652468731581
2025-03-09 20:17:41.996000,528.0,496.0,373.0,2517.0,1154.0,253.0,66.23349813972617,76.00239517911356,51.35445822570645,39.16983862486426,15.118967935298075,41.30347683547657,50.03300158412277,72.35831637166957,52.36841063341101,84.02652468731581
2025-03-09 20:17:41.996000,523.0,495.0,381.0,2515.0,1152.0,253.0,66.23349813972617,76.00239517911356,51.35445822570645,39.16983862486426,15.118967935298075,41.30347683547657,50.03300158412277,72.35831637166957,52.36841063341101,84.02652468731581
2025-03-09 20:17:41.996000,528.0,495.0,379.0,2522.0,1153.0,253.0,66.23349813972617,76.00239517911356,51.35445822570645,39.16983862486426,15.118967935298075,41.30347683547657,50.03300158412277,72.35831637166957,52.36841063341101,84.02652468731581
2025-03-09 20:17:42.004333,528.0,496.0,375.0,2522.0,1141.0,254.0,66.20209504316354,75.98354332607961,51.523400167703926,39.22725894454238,15.125059573437419,41.36993688460667,49.844525329767514,72.29161436489593,52.41988221527696,84.40612078117312
2025-03-09 20:17:42.004333,526.0,496.0,377.0,2517.0,1139.0,259.0,66.20209504316354,75.98354332607961,51.523400167703926,39.22725894454238,15.125059573437419,41.36993688460667,49.844525329767514,72.29161436489593,52.41988221527696,84.40612078117312
2025-03-09 20:17:42.004333,527.0,496.0,374.0,2521.0,1143.0,253.0,66.20209504316354,75.98354332607961,51.523400167703926,39.22725894454238,15.125059573437419,41.36993688460667,49.844525329767514,72.29161436489593,52.41988221527696,84.40612078117312
2025-03-09 20:17:42.012667,527.0,495.0,374.0,2518.0,1141.0,271.0,66.17178690577707,75.96413652382245,51.694217610992425,39.2921532390488,15.131916921793481,41.443128334405685,49.65442478056478,72.22565783746889,52.47545952877676,84.78147978173514
2025-03-09 20:17:42.012667,523.0,495.0,373.0,2525.0,1139.0,257.0,66.17178690577707,75.96413652382245,51.694217610992425,39.2921532390488,15.131916921793481,41.443128334405685,49.65442478056478,72.22565783746889,52.47545952877676,84.78147978173514
2025-03-09 20:17:42.012667,525.0,497.0,368.0,2522.0,1139.0,250.0,66.17178690577707,75.96413652382245,51.694217610992425,39.2921532390488,15.131916921793481,41.443128334405685,49.65442478056478,72.22565783746889,52.47545952877676,84.78147978173514
2025-03-09 20:17:42.012667,528.0,498.0,369.0,2519.0,1145.0,246.0,66.17178690577707,75.96413652382245,51.694217610992425,39.2921532390488,15.131916921793481,41.443128334405685,49.65442478056478,72.22565783746889,52.47545952877676,84.78147978173514
2025-03-09 20:17:42.021000,528.0,496.0,375.0,2525.0,1142.0,253.0,66.14213406799504,75.94427481826816,51.865958080444166,39.35130788610089,15.144338457102954,41.5127301936862,49.46806977965504,72.15764050055375,52.52300529221707,85.15171511283417
2025-03-09 20:17:42.021000,528.0,500.0,375.0,2522.0,1138.0,264.0,66.14213406799504,75.94427481826816,51.865958080444166,39.35130788610089,15.144338457102954,41.5127301936862,49.46806977965504,72.15764050055375,52.52300529221707,85.15171511283417
2025-03-09 20:17:42.021000,511.0,494.0,368.0,2530.0,1135.0,259.0,66.14213406799504,75.94427481826816,51.865958080444166,39.35130788610089,15.144338457102954,41.5127301936862,49.46806977965504,72.15764050055375,52.52300529221707,85.15171511283417
2025-03-09 20:17:42.029333,528.0,493.0,375.0,2523.0,1135.0,256.0,66.11115726551965,75.92317211256734,52.03849269843771,39.38956175514679,15.166338843976872,41.566347370311455,49.28924768533686,72.08396018716,52.549968667376156,85.51567163506766
2025-03-09 20:17:42.029333,528.0,496.0,368.0,2531.0,1136.0,264.0,66.11115726551965,75.92317211256734,52.03849269843771,39.38956175514679,15.166338843976872,41.566347370311455,49.28924768533686,72.08396018716,52.549968667376156,85.51567163506766
2025-03-09 20:17:42.029333,528.0,494.0,373.0,2518.0,1136.0,256.0,66.11115726551965,75.92317211256734,52.03849269843771,39.38956175514679,15.166338843976872,41.566347370311455,49.28924768533686,72.08396018716,52.549968667376156,85.51567163506766
2025-03-09 20:17:42.029333,527.0,496.0,375.0,2529.0,1136.0,258.0,66.11115726551965,75.92317211256734,52.03849269843771,39.38956175514679,15.166338843976872,41.566347370311455,49.28924768533686,72.08396018716,52.549968667376156,85.51567163506766
2025-03-09 20:17:42.037667,528.0,496.0,375.0,2528.0,1134.0,266.0,66.07794498823185,75.90033959923095,52.21394724478144,39.418401122938256,15.191602419732892,41.61214326819697,49.11072731381814,72.0075638787431,52.56926797665805,85.87222299799414
2025-03-09 20:17:42.037667,528.0,496.0,371.0,2529.0,1130.0,265.0,66.07794498823185,75.90033959923095,52.21394724478144,39.418401122938256,15.191602419732892,41.61214326819697,49.11072731381814,72.0075638787431,52.56926797665805,85.87222299799414
2025-03-09 20:17:42.037667,525.0,491.0,377.0,2524.0,1127.0,262.0,66.07794498823185,75.90033959923095,52.21394724478144,39.418401122938256,15.191602419732892,41.61214326819697,49.11072731381814,72.0075638787431,52.56926797665805,85.87222299799414
2025-03-09 20:17:42.037667,527.0,497.0,374.0,2517.0,1134.0,261.0,66.07794498823185,75.90033959923095,52.21394724478144,39.418401122938256,15.191602419732892,41.61214326819697,49.11072731381814,72.0075638787431,52.56926797665805,85.87222299799414
2025-03-09 20:17:42.046000,527.0,495.0,370.0,2529.0,1129.0,259.0,66.0443459653618,75.87521761547144,52.39269574687819,39.45189173860842,15.214367832100525,41.660914684382504,48.92738315880788,71.93169907068624,52.59267746466555,86.22098594859638
2025-03-09 20:17:42.046000,525.0,501.0,368.0,2522.0,1105.0,260.0,66.0443459653618,75.87521761547144,52.39269574687819,39.45189173860842,15.214367832100525,41.660914684382504,48.92738315880788,71.93169907068624,52.59267746466555,86.22098594859638
2025-03-09 20:17:42.046000,524.0,498.0,370.0,2531.0,1122.0,259.0,66.0443459653618,75.87521761547144,52.39269574687819,39.45189173860842,15.214367832100525,41.660914684382504,48.92738315880788,71.93169907068624,52.59267746466555,86.22098594859638
2025-03-09 20:17:42.046000,526.0,493.0,372.0,2534.0,1125.0,267.0,66.0443459653618,75.87521761547144,52.39269574687819,39.45189173860842,15.214367832100525,41.660914684382504,48.92738315880788,71.93169907068624,52.59267746466555,86.22098594859638
2025-03-09 20:17:42.054333,527.0,496.0,374.0,2531.0,1125.0,267.0,66.0119196685375,75.8467810825784,52.5734472583391,39.49158496798135,15.234958077520657,41.71444103457458,48.739751995865376,71.85504893104009,52.61817814443865,86.56194120929152
2025-03-09 20:17:42.054333,527.0,495.0,369.0,2531.0,1122.0,268.0,66.0119196685375,75.8467810825784,52.5734472583391,39.49158496798135,15.234958077520657,41.71444103457458,48.739751995865376,71.85504893104009,52.61817814443865,86.56194120929152
2025-03-09 20:17:42.054333,525.0,487.0,373.0,2541.0,1123.0,269.0,66.0119196685375,75.8467810825784,52.5734472583391,39.49158496798135,15.234958077520657,41.71444103457458,48.739751995865376,71.85504893104009,52.61817814443865,86.56194120929152
2025-03-09 20:17:42.062667,523.0,496.0,364.0,2525.0,1121.0,272.0,65.97987447862126,75.81308356707763,52.75515268550721,39.53769386284015,15.254781783193186,41.77360488379552,48.54758068105906,71.77447501406132,52.64273490783802,86.8940370412159
2025-03-09 20:17:42.062667,528.0,496.0,368.0,2544.0,1132.0,270.0,65.97987447862126,75.81308356707763,52.75515268550721,39.53769386284015,15.254781783193186,41.77360488379552,48.54758068105906,71.77447501406132,52.64273490783802,86.8940370412159
2025-03-09 20:17:42.062667,526.0,491.0,374.0,2530.0,1107.0,271.0,65.97987447862126,75.81308356707763,52.75515268550721,39.53769386284015,15.254781783193186,41.77360488379552,48.54758068105906,71.77447501406132,52.64273490783802,86.8940370412159
2025-03-09 20:17:42.071000,511.0,491.0,369.0,2544.0,1119.0,265.0,65.94753180636496,75.77274672000708,52.936413353277615,39.58330566527826,15.277571542503578,41.83373070581617,48.35344133939948,71.68561802221647,52.65724261458198,87.21766404545815
2025-03-09 20:17:42.071000,525.0,494.0,369.0,2541.0,1119.0,265.0,65.94753180636496,75.77274672000708,52.936413353277615,39.58330566527826,15.277571542503578,41.83373070581617,48.35344133939948,71.68561802221647,52.65724261458198,87.21766404545815
2025-03-09 20:17:42.071000,511.0,496.0,375.0,2541.0,1119.0,274.0,65.94753180636496,75.77274672000708,52.936413353277615,39.58330566527826,15.277571542503578,41.83373070581617,48.35344133939948,71.68561802221647,52.65724261458198,87.21766404545815
2025-03-09 20:17:42.071000,511.0,491.0,366.0,2531.0,1133.0,272.0,65.94753180636496,75.77274672000708,52.936413353277615,39.58330566527826,15.277571542503578,41.83373070581617,48.35344133939948,71.68561802221647,52.65724261458198,87.21766404545815
2025-03-09 20:17:42.071000,511.0,492.0,369.0,2544.0,1118.0,272.0,65.94753180636496,75.77274672000708,52.936413353277615,39.58330566527826,15.277571542503578,41.83373070581617,48.35344133939948,71.68561802221647,52.65724261458198,87.21766404545815
2025-03-09 20:17:42.079333,511.0,485.0,373.0,2544.0,1115.0,272.0,65.91456755154522,75.72517469644836,53.11405962327205,39.63208515990105,15.301528689973647,41.89765068038126,48.157349517730864,71.588352205365,52.66395071165545,87.53361693429095
2025-03-09 20:17:42.079333,523.0,486.0,368.0,2539.0,1117.0,272.0,65.91456755154522,75.72517469644836,53.11405962327205,39.63208515990105,15.301528689973647,41.89765068038126,48.157349517730864,71.588352205365,52.66395071165545,87.53361693429095
2025-03-09 20:17:42.079333,523.0,487.0,368.0,2545.0,1118.0,272.0,65.91456755154522,75.72517469644836,53.11405962327205,39.63208515990105,15.301528689973647,41.89765068038126,48.157349517730864,71.588352205365,52.66395071165545,87.53361693429095
2025-03-09 20:17:42.087667,511.0,495.0,371.0,2539.0,1117.0,272.0,65.88013234928552,75.67000187969649,53.289777185993735,39.70056091298021,15.318039797500596,41.97696125875895,47.9509860095881,71.48805488449062,52.68095570816371,87.84079063709909
2025-03-09 20:17:42.087667,511.0,494.0,368.0,2550.0,1114.0,272.0,65.88013234928552,75.67000187969649,53.289777185993735,39.70056091298021,15.318039797500596,41.97696125875895,47.9509860095881,71.48805488449062,52.68095570816371,87.84079063709909
2025-03-09 20:17:42.087667,511.0,492.0,368.0,2538.0,1109.0,272.0,65.88013234928552,75.67000187969649,53.289777185993735,39.70056091298021,15.318039797500596,41.97696125875895,47.9509860095881,71.48805488449062,52.68095570816371,87.84079063709909
2025-03-09 20:17:42.096000,511.0,491.0,371.0,2539.0,1118.0,272.0,65.84401310150916,75.606604850285,53.46832058614053,39.782551944108064,15.328462802187538,42.0662096920525,47.73321243925106,71.38441752467004,52.70440519259388,88.1404785570505
2025-03-09 20:17:42.096000,511.0,496.0,367.0,2519.0,1106.0,272.0,65.84401310150916,75.606604850285,53.46832058614053,39.782551944108064,15.328462802187538,42.0662096920525,47.73321243925106,71.38441752467004,52.70440519259388,88.1404785570505
2025-03-09 20:17:42.096000,509.0,493.0,366.0,2539.0,1104.0,272.0,65.84401310150916,75.606604850285,53.46832058614053,39.782551944108064,15.328462802187538,42.0662096920525,47.73321243925106,71.38441752467004,52.70440519259388,88.1404785570505
2025-03-09 20:17:42.096000,511.0,487.0,368.0,2543.0,1107.0,273.0,65.84401310150916,75.606604850285,53.46832058614053,39.782551944108064,15.328462802187538,42.0662096920525,47.73321243925106,71.38441752467004,52.70440519259388,88.1404785570505
2025-03-09 20:17:42.104333,511.0,489.0,368.0,2555.0,1106.0,271.0,65.80727789352044,75.53406061509445,53.648588625926045,39.86453111456441,15.336902614035523,42.15428333902089,47.51060556339458,71.27560878788026,52.72127311930051,88.43757961864313
2025-03-09 20:17:42.104333,511.0,485.0,368.0,2544.0,1109.0,275.0,65.80727789352044,75.53406061509445,53.648588625926045,39.86453111456441,15.336902614035523,42.15428333902089,47.51060556339458,71.27560878788026,52.72127311930051,88.43757961864313
2025-03-09 20:17:42.104333,511.0,484.0,368.0,2533.0,1115.0,276.0,65.80727789352044,75.53406061509445,53.648588625926045,39.86453111456441,15.336902614035523,42.15428333902089,47.51060556339458,71.27560878788026,52.72127311930051,88.43757961864313
2025-03-09 20:17:42.104333,511.0,487.0,367.0,2545.0,1107.0,272.0,65.80727789352044,75.53406061509445,53.648588625926045,39.86453111456441,15.336902614035523,42.15428333902089,47.51060556339458,71.27560878788026,52.72127311930051,88.43757961864313
2025-03-09 20:17:42.112667,508.0,485.0,367.0,2547.0,1108.0,274.0,65.76981866574309,75.45126036875975,53.82515050920115,39.94333799777322,15.343315878782851,42.2378585429289,47.28867049318262,71.16221133112744,52.72805255959161,88.7352891635328
2025-03-09 20:17:42.112667,510.0,483.0,370.0,2544.0,1104.0,278.0,65.76981866574309,75.45126036875975,53.82515050920115,39.94333799777322,15.343315878782851,42.2378585429289,47.28867049318262,71.16221133112744,52.72805255959161,88.7352891635328
2025-03-09 20:17:42.112667,511.0,486.0,373.0,2549.0,1103.0,274.0,65.76981866574309,75.45126036875975,53.82515050920115,39.94333799777322,15.343315878782851,42.2378585429289,47.28867049318262,71.16221133112744,52.72805255959161,88.7352891635328
2025-03-09 20:17:42.121000,511.0,494.0,368.0,2544.0,1106.0,281.0,65.73166252858117,75.35731420818564,53.9956971214193,40.01973394630179,15.348846023806118,42.31785931173278,47.06976492665782,71.0436612971471,52.723360240590715,89.03489709806145
2025-03-09 20:17:42.121000,509.0,484.0,365.0,2545.0,1107.0,284.0,65.73166252858117,75.35731420818564,53.9956971214193,40.01973394630179,15.348846023806118,42.31785931173278,47.06976492665782,71.0436612971471,52.723360240590715,89.03489709806145
2025-03-09 20:17:42.121000,510.0,486.0,368.0,2550.0,1105.0,277.0,65.73166252858117,75.35731420818564,53.9956971214193,40.01973394630179,15.348846023806118,42.31785931173278,47.06976492665782,71.0436612971471,52.723360240590715,89.03489709806145
2025-03-09 20:17:42.121000,510.0,485.0,368.0,2551.0,1104.0,278.0,65.73166252858117,75.35731420818564,53.9956971214193,40.01973394630179,15.348846023806118,42.31785931173278,47.06976492665782,71.0436612971471,52.723360240590715,89.03489709806145
2025-03-09 20:17:42.129333,506.0,491.0,363.0,2559.0,1106.0,283.0,65.69422118078901,75.25222158198976,54.16037053722869,40.09736236992758,15.355192014041886,42.39815634721592,46.85477542422221,70.91990096035757,52.70774092103074,89.33727767857165
2025-03-09 20:17:42.129333,509.0,489.0,367.0,2546.0,1106.0,282.0,65.69422118078901,75.25222158198976,54.16037053722869,40.09736236992758,15.355192014041886,42.39815634721592,46.85477542422221,70.91990096035757,52.70774092103074,89.33727767857165
2025-03-09 20:17:42.129333,510.0,487.0,368.0,2552.0,1090.0,282.0,65.69422118078901,75.25222158198976,54.16037053722869,40.09736236992758,15.355192014041886,42.39815634721592,46.85477542422221,70.91990096035757,52.70774092103074,89.33727767857165
2025-03-09 20:17:42.129333,507.0,483.0,366.0,2554.0,1110.0,286.0,65.69422118078901,75.25222158198976,54.16037053722869,40.09736236992758,15.355192014041886,42.39815634721592,46.85477542422221,70.91990096035757,52.70774092103074,89.33727767857165
2025-03-09 20:17:42.137667,511.0,483.0,364.0,2549.0,1105.0,275.0,65.65642148440487,75.13630247398312,54.31743682095742,40.17576438975312,15.362830601013854,42.478436899114925,46.645106510057204,70.79085616995961,52.68127119306976,89.64106310704777
2025-03-09 20:17:42.137667,507.0,483.0,368.0,2541.0,1107.0,287.0,65.65642148440487,75.13630247398312,54.31743682095742,40.17576438975312,15.362830601013854,42.478436899114925,46.645106510057204,70.79085616995961,52.68127119306976,89.64106310704777
2025-03-09 20:17:42.137667,507.0,485.0,365.0,2556.0,1107.0,291.0,65.65642148440487,75.13630247398312,54.31743682095742,40.17576438975312,15.362830601013854,42.478436899114925,46.645106510057204,70.79085616995961,52.68127119306976,89.64106310704777
2025-03-09 20:17:42.146000,499.0,484.0,361.0,2553.0,1108.0,294.0,65.61560112926,75.00792156312677,54.46287091523071,40.252497790547324,15.371310166138933,42.556553539213276,46.4414460301525,70.65368653476325,52.6410749290831,89.94284119694744
2025-03-09 20:17:42.146000,501.0,482.0,368.0,2559.0,1107.0,295.0,65.61560112926,75.00792156312677,54.46287091523071,40.252497790547324,15.371310166138933,42.556553539213276,46.4414460301525,70.65368653476325,52.6410749290831,89.94284119694744
2025-03-09 20:17:42.146000,506.0,482.0,365.0,2559.0,1106.0,291.0,65.61560112926,75.00792156312677,54.46287091523071,40.252497790547324,15.371310166138933,42.556553539213276,46.4414460301525,70.65368653476325,52.6410749290831,89.94284119694744
2025-03-09 20:17:42.146000,503.0,481.0,368.0,2559.0,1111.0,293.0,65.61560112926,75.00792156312677,54.46287091523071,40.252497790547324,15.371310166138933,42.556553539213276,46.4414460301525,70.65368653476325,52.6410749290831,89.94284119694744
2025-03-09 20:17:42.154333,506.0,487.0,368.0,2559.0,1111.0,291.0,65.57248584446624,74.86464305213784,54.59440638878366,40.32836704275855,15.38055463608379,42.633656296698696,46.243627981278756,70.50512253287653,52.58332769256267,90.23985649815025
2025-03-09 20:17:42.154333,502.0,485.0,368.0,2556.0,1110.0,294.0,65.57248584446624,74.86464305213784,54.59440638878366,40.32836704275855,15.38055463608379,42.633656296698696,46.243627981278756,70.50512253287653,52.58332769256267,90.23985649815025
2025-03-09 20:17:42.154333,497.0,480.0,369.0,2587.0,1106.0,294.0,65.57248584446624,74.86464305213784,54.59440638878366,40.32836704275855,15.38055463608379,42.633656296698696,46.243627981278756,70.50512253287653,52.58332769256267,90.23985649815025
2025-03-09 20:17:42.162667,497.0,484.0,365.0,2559.0,1116.0,299.0,65.53119625951436,74.70593680846483,54.712873631421154,40.40433304628134,15.391709833475968,42.711244753683815,46.05293442892658,70.34469773509383,52.504772097991484,90.53196491223795
2025-03-09 20:17:42.162667,503.0,479.0,363.0,2559.0,1117.0,299.0,65.53119625951436,74.70593680846483,54.712873631421154,40.40433304628134,15.391709833475968,42.711244753683815,46.05293442892658,70.34469773509383,52.504772097991484,90.53196491223795
2025-03-09 20:17:42.162667,499.0,483.0,370.0,2559.0,1121.0,299.0,65.53119625951436,74.70593680846483,54.712873631421154,40.40433304628134,15.391709833475968,42.711244753683815,46.05293442892658,70.34469773509383,52.504772097991484,90.53196491223795
2025-03-09 20:17:42.162667,501.0,476.0,369.0,2559.0,1121.0,302.0,65.53119625951436,74.70593680846483,54.712873631421154,40.40433304628134,15.391709833475968,42.711244753683815,46.05293442892658,70.34469773509383,52.504772097991484,90.53196491223795
2025-03-09 20:17:42.171000,499.0,482.0,368.0,2559.0,1121.0,299.0,65.49473246423017,74.53299050750906,54.81812736386544,40.47805283312468,15.404114416577345,42.786743707004085,45.8724950966101,70.17530169747211,52.40443435614955,90.82144715457683
2025-03-09 20:17:42.171000,495.0,479.0,364.0,2559.0,1119.0,298.0,65.49473246423017,74.53299050750906,54.81812736386544,40.47805283312468,15.404114416577345,42.786743707004085,45.8724950966101,70.17530169747211,52.40443435614955,90.82144715457683
2025-03-09 20:17:42.171000,498.0,481.0,368.0,2559.0,1125.0,301.0,65.49473246423017,74.53299050750906,54.81812736386544,40.47805283312468,15.404114416577345,42.786743707004085,45.8724950966101,70.17530169747211,52.40443435614955,90.82144715457683
2025-03-09 20:17:42.179333,496.0,481.0,367.0,2559.0,1129.0,304.0,65.45968140820983,74.34502728464649,54.905473629783316,40.546902993153076,15.414499468218336,42.85618056002002,45.70400728245499,69.99836620617798,52.28379389787191,91.10750383536835
2025-03-09 20:17:42.179333,496.0,479.0,362.0,2559.0,1135.0,304.0,65.45968140820983,74.34502728464649,54.905473629783316,40.546902993153076,15.414499468218336,42.85618056002002,45.70400728245499,69.99836620617798,52.28379389787191,91.10750383536835
2025-03-09 20:17:42.179333,496.0,477.0,362.0,2559.0,1134.0,305.0,65.45968140820983,74.34502728464649,54.905473629783316,40.546902993153076,15.414499468218336,42.85618056002002,45.70400728245499,69.99836620617798,52.28379389787191,91.10750383536835
2025-03-09 20:17:42.179333,497.0,486.0,367.0,2559.0,1133.0,304.0,65.45968140820983,74.34502728464649,54.905473629783316,40.546902993153076,15.414499468218336,42.85618056002002,45.70400728245499,69.99836620617798,52.28379389787191,91.10750383536835
2025-03-09 20:17:42.187667,497.0,482.0,362.0,2559.0,1135.0,301.0,65.41256435229676,74.13808503818241,54.97112690525763,40.60955761339632,15.420038557707706,42.9171638397838,45.54078615741904,69.80856670895533,52.14667882551619,91.37779786619785
2025-03-09 20:17:42.187667,496.0,478.0,370.0,2588.0,1135.0,308.0,65.41256435229676,74.13808503818241,54.97112690525763,40.60955761339632,15.420038557707706,42.9171638397838,45.54078615741904,69.80856670895533,52.14667882551619,91.37779786619785
2025-03-09 20:17:42.187667,495.0,480.0,363.0,2559.0,1131.0,305.0,65.41256435229676,74.13808503818241,54.97112690525763,40.60955761339632,15.420038557707706,42.9171638397838,45.54078615741904,69.80856670895533,52.14667882551619,91.37779786619785
2025-03-09 20:17:42.187667,495.0,491.0,368.0,2559.0,1136.0,310.0,65.41256435229676,74.13808503818241,54.97112690525763,40.60955761339632,15.420038557707706,42.9171638397838,45.54078615741904,69.80856670895533,52.14667882551619,91.37779786619785
2025-03-09 20:17:42.196000,490.0,481.0,362.0,2559.0,1145.0,317.0,65.33956881861934,73.9096834447432,55.0156530333517,40.665121029540536,15.419540844677535,42.968165845472114,45.373966399349136,69.60124489296132,51.998954491358255,91.61707552580891
2025-03-09 20:17:42.196000,491.0,479.0,363.0,2583.0,1143.0,319.0,65.33956881861934,73.9096834447432,55.0156530333517,40.665121029540536,15.419540844677535,42.968165845472114,45.373966399349136,69.60124489296132,51.998954491358255,91.61707552580891
2025-03-09 20:17:42.196000,494.0,474.0,364.0,2559.0,1143.0,319.0,65.33956881861934,73.9096834447432,55.0156530333517,40.665121029540536,15.419540844677535,42.968165845472114,45.373966399349136,69.60124489296132,51.998954491358255,91.61707552580891
2025-03-09 20:17:42.204333,494.0,473.0,364.0,2585.0,1147.0,318.0,65.23651114889977,73.66173759004721,55.04094826894151,40.712484683176186,15.41318203880989,43.00776676254244,45.20178115309744,69.37828579842747,51.84535100745996,91.82082316059571
2025-03-09 20:17:42.204333,489.0,479.0,362.0,2582.0,1146.0,319.0,65.23651114889977,73.66173759004721,55.04094826894151,40.712484683176186,15.41318203880989,43.00776676254244,45.20178115309744,69.37828579842747,51.84535100745996,91.82082316059571
2025-03-09 20:17:42.204333,487.0,479.0,359.0,2559.0,1146.0,317.0,65.23651114889977,73.66173759004721,55.04094826894151,40.712484683176186,15.41318203880989,43.00776676254244,45.20178115309744,69.37828579842747,51.84535100745996,91.82082316059571
2025-03-09 20:17:42.204333,490.0,475.0,366.0,2559.0,1146.0,322.0,65.23651114889977,73.66173759004721,55.04094826894151,40.712484683176186,15.41318203880989,43.00776676254244,45.20178115309744,69.37828579842747,51.84535100745996,91.82082316059571
2025-03-09 20:17:42.212667,483.0,477.0,357.0,2587.0,1152.0,323.0,65.1040291305791,73.39737119450388,55.04923201272273,40.7513149368371,15.401983106924483,43.035955731717316,45.02448128276069,69.14215886010486,51.68838842110346,91.99013562848201
2025-03-09 20:17:42.212667,484.0,475.0,359.0,2559.0,1151.0,327.0,65.1040291305791,73.39737119450388,55.04923201272273,40.7513149368371,15.401983106924483,43.035955731717316,45.02448128276069,69.14215886010486,51.68838842110346,91.99013562848201
2025-03-09 20:17:42.212667,479.0,473.0,369.0,2559.0,1151.0,329.0,65.1040291305791,73.39737119450388,55.04923201272273,40.7513149368371,15.401983106924483,43.035955731717316,45.02448128276069,69.14215886010486,51.68838842110346,91.99013562848201
2025-03-09 20:17:42.221000,485.0,475.0,366.0,2582.0,1152.0,325.0,64.94626064473321,73.12093861120356,55.04484295808909,40.783101373118825,15.387408220103989,43.055086325789674,44.841496592201956,68.89517652348789,51.53026357606989,92.12999493884666
2025-03-09 20:17:42.221000,482.0,476.0,363.0,2582.0,1153.0,330.0,64.94626064473321,73.12093861120356,55.04484295808909,40.783101373118825,15.387408220103989,43.055086325789674,44.841496592201956,68.89517652348789,51.53026357606989,92.12999493884666
2025-03-09 20:17:42.221000,480.0,473.0,368.0,2585.0,1152.0,327.0,64.94626064473321,73.12093861120356,55.04484295808909,40.783101373118825,15.387408220103989,43.055086325789674,44.841496592201956,68.89517652348789,51.53026357606989,92.12999493884666
2025-03-09 20:17:42.221000,480.0,477.0,368.0,2583.0,1153.0,333.0,64.94626064473321,73.12093861120356,55.04484295808909,40.783101373118825,15.387408220103989,43.055086325789674,44.841496592201956,68.89517652348789,51.53026357606989,92.12999493884666
2025-03-09 20:17:42.229333,482.0,467.0,364.0,2587.0,1152.0,331.0,64.76929649088481,72.8366418314076,55.03224378997885,40.8100859778144,15.369929062666367,43.068053864634116,44.652132747724586,68.63985356320804,51.37281947917329,92.24737521470325
2025-03-09 20:17:42.229333,478.0,469.0,351.0,2587.0,1153.0,333.0,64.76929649088481,72.8366418314076,55.03224378997885,40.8100859778144,15.369929062666367,43.068053864634116,44.652132747724586,68.63985356320804,51.37281947917329,92.24737521470325
2025-03-09 20:17:42.229333,477.0,471.0,356.0,2590.0,1154.0,333.0,64.76929649088481,72.8366418314076,55.03224378997885,40.8100859778144,15.369929062666367,43.068053864634116,44.652132747724586,68.63985356320804,51.37281947917329,92.24737521470325
2025-03-09 20:17:42.237667,471.0,473.0,353.0,2559.0,1154.0,332.0,64.57843381789984,72.54769123763604,55.01431859355011,40.83401405095352,15.34935990744607,43.077024333492325,44.45609229204023,68.37816384287314,51.21717747941241,92.346781689229
2025-03-09 20:17:42.237667,475.0,477.0,349.0,2583.0,1152.0,336.0,64.57843381789984,72.54769123763604,55.01431859355011,40.83401405095352,15.34935990744607,43.077024333492325,44.45609229204023,68.37816384287314,51.21717747941241,92.346781689229
2025-03-09 20:17:42.237667,474.0,473.0,351.0,2559.0,1154.0,335.0,64.57843381789984,72.54769123763604,55.01431859355011,40.83401405095352,15.34935990744607,43.077024333492325,44.45609229204023,68.37816384287314,51.21717747941241,92.346781689229
2025-03-09 20:17:42.237667,477.0,473.0,350.0,2589.0,1155.0,333.0,64.57843381789984,72.54769123763604,55.01431859355011,40.83401405095352,15.34935990744607,43.077024333492325,44.45609229204023,68.37816384287314,51.21717747941241,92.346781689229
2025-03-09 20:17:42.246000,479.0,479.0,352.0,2586.0,1153.0,333.0,64.37807816832478,72.25637042577091,54.993271367787166,40.85650941821759,15.325105479941506,43.08363269304087,44.25341997642948,68.11230405605264,51.06462334347795,92.43208321210001
2025-03-09 20:17:42.246000,475.0,468.0,345.0,2591.0,1152.0,333.0,64.37807816832478,72.25637042577091,54.993271367787166,40.85650941821759,15.325105479941506,43.08363269304087,44.25341997642948,68.11230405605264,51.06462334347795,92.43208321210001
2025-03-09 20:17:42.246000,471.0,473.0,336.0,2586.0,1150.0,336.0,64.37807816832478,72.25637042577091,54.993271367787166,40.85650941821759,15.325105479941506,43.08363269304087,44.25341997642948,68.11230405605264,51.06462334347795,92.43208321210001
2025-03-09 20:17:42.246000,467.0,477.0,331.0,2585.0,1151.0,334.0,64.37807816832478,72.25637042577091,54.993271367787166,40.85650941821759,15.325105479941506,43.08363269304087,44.25341997642948,68.11230405605264,51.06462334347795,92.43208321210001
2025-03-09 20:17:42.254333,469.0,469.0,330.0,2587.0,1151.0,327.0,64.17225257637912,71.9641272050938,54.970127740949444,40.88010564956976,15.296698365581468,43.09028986402189,44.04472479670449,67.84406480453018,50.91613388158864,92.50812359140062
2025-03-09 20:17:42.254333,466.0,465.0,326.0,2586.0,1153.0,334.0,64.17225257637912,71.9641272050938,54.970127740949444,40.88010564956976,15.296698365581468,43.09028986402189,44.04472479670449,67.84406480453018,50.91613388158864,92.50812359140062
2025-03-09 20:17:42.254333,467.0,471.0,320.0,2590.0,1152.0,335.0,64.17225257637912,71.9641272050938,54.970127740949444,40.88010564956976,15.296698365581468,43.09028986402189,44.04472479670449,67.84406480453018,50.91613388158864,92.50812359140062
2025-03-09 20:17:42.262667,467.0,475.0,317.0,2583.0,1149.0,337.0,63.96593096208596,71.67292697923737,54.945805519105235,40.90769189400239,15.264163651291835,43.09988486369408,43.83170254678309,67.5758268633082,50.77257428797065,92.58129119278352
2025-03-09 20:17:42.262667,468.0,470.0,313.0,2592.0,1152.0,333.0,63.96593096208596,71.67292697923737,54.945805519105235,40.90769189400239,15.264163651291835,43.09988486369408,43.83170254678309,67.5758268633082,50.77257428797065,92.58129119278352
2025-03-09 20:17:42.262667,465.0,470.0,335.0,2590.0,1152.0,331.0,63.96593096208596,71.67292697923737,54.945805519105235,40.90769189400239,15.264163651291835,43.09988486369408,43.83170254678309,67.5758268633082,50.77257428797065,92.58129119278352
2025-03-09 20:17:42.262667,464.0,475.0,349.0,2592.0,1147.0,336.0,63.96593096208596,71.67292697923737,54.945805519105235,40.90769189400239,15.264163651291835,43.09988486369408,43.83170254678309,67.5758268633082,50.77257428797065,92.58129119278352
2025-03-09 20:17:42.271000,465.0,470.0,352.0,2594.0,1146.0,336.0,63.76407328386574,71.38541466890125,54.92163710554656,40.939889048919234,15.228366072422194,43.1131545075544,43.617913296027105,67.31141611606265,50.634424440013426,92.65876281973327
2025-03-09 20:17:42.271000,464.0,467.0,362.0,2583.0,1153.0,329.0,63.76407328386574,71.38541466890125,54.92163710554656,40.939889048919234,15.228366072422194,43.1131545075544,43.617913296027105,67.31141611606265,50.634424440013426,92.65876281973327
2025-03-09 20:17:42.271000,464.0,469.0,353.0,2592.0,1152.0,336.0,63.76407328386574,71.38541466890125,54.92163710554656,40.939889048919234,15.228366072422194,43.1131545075544,43.617913296027105,67.31141611606265,50.634424440013426,92.65876281973327
2025-03-09 20:17:42.279333,465.0,465.0,362.0,2593.0,1154.0,336.0,63.570770870977576,71.1037429706879,54.897681419622764,40.97414536904993,15.19079745215895,43.12774896508051,43.40927677289439,67.05509110388857,50.50025634537418,92.74754911476028
2025-03-09 20:17:42.279333,468.0,468.0,361.0,2585.0,1153.0,338.0,63.570770870977576,71.1037429706879,54.897681419622764,40.97414536904993,15.19079745215895,43.12774896508051,43.40927677289439,67.05509110388857,50.50025634537418,92.74754911476028
2025-03-09 20:17:42.279333,459.0,475.0,365.0,2597.0,1151.0,336.0,63.570770870977576,71.1037429706879,54.897681419622764,40.97414536904993,15.19079745215895,43.12774896508051,43.40927677289439,67.05509110388857,50.50025634537418,92.74754911476028
2025-03-09 20:17:42.279333,464.0,465.0,381.0,2598.0,1155.0,337.0,63.570770870977576,71.1037429706879,54.897681419622764,40.97414536904993,15.19079745215895,43.12774896508051,43.40927677289439,67.05509110388857,50.50025634537418,92.74754911476028
2025-03-09 20:17:42.287667,464.0,468.0,366.0,2596.0,1147.0,336.0,63.3895046837387,70.82990054614199,54.87213698344987,41.006653769011976,15.154230360125958,43.14068462888138,43.21334333188573,66.80988868572018,50.36641322265234,92.85352149079051
2025-03-09 20:17:42.287667,464.0,464.0,363.0,2596.0,1150.0,337.0,63.3895046837387,70.82990054614199,54.87213698344987,41.006653769011976,15.154230360125958,43.14068462888138,43.21334333188573,66.80988868572018,50.36641322265234,92.85352149079051
2025-03-09 20:17:42.287667,463.0,469.0,375.0,2592.0,1152.0,337.0,63.3895046837387,70.82990054614199,54.87213698344987,41.006653769011976,15.154230360125958,43.14068462888138,43.21334333188573,66.80988868572018,50.36641322265234,92.85352149079051
2025-03-09 20:17:42.296000,461.0,475.0,375.0,2592.0,1153.0,343.0,63.22301111285758,70.56633055192178,54.8445953416218,41.03491785522746,15.12165498888308,43.15058510663095,43.035199610350794,66.57759364889651,50.230375984834126,92.9800548085852
2025-03-09 20:17:42.296000,460.0,475.0,368.0,2594.0,1154.0,336.0,63.22301111285758,70.56633055192178,54.8445953416218,41.03491785522746,15.12165498888308,43.15058510663095,43.035199610350794,66.57759364889651,50.230375984834126,92.9800548085852
2025-03-09 20:17:42.296000,462.0,473.0,373.0,2593.0,1153.0,342.0,63.22301111285758,70.56633055192178,54.8445953416218,41.03491785522746,15.12165498888308,43.15058510663095,43.035199610350794,66.57759364889651,50.230375984834126,92.9800548085852
2025-03-09 20:17:42.296000,458.0,473.0,368.0,2589.0,1151.0,340.0,63.22301111285758,70.56633055192178,54.8445953416218,41.03491785522746,15.12165498888308,43.15058510663095,43.035199610350794,66.57759364889651,50.230375984834126,92.9800548085852
2025-03-09 20:17:42.304333,463.0,467.0,366.0,2590.0,1149.0,339.0,63.0731792263782,70.3146138467763,54.817242146638385,41.059898995049046,15.095884536088006,43.15921881303122,42.87620493372835,66.35893415266337,50.09198054728116,93.12753210170003
2025-03-09 20:17:42.304333,457.0,469.0,367.0,2592.0,1153.0,339.0,63.0731792263782,70.3146138467763,54.817242146638385,41.059898995049046,15.095884536088006,43.15921881303122,42.87620493372835,66.35893415266337,50.09198054728116,93.12753210170003
2025-03-09 20:17:42.304333,458.0,473.0,364.0,2591.0,1155.0,343.0,63.0731792263782,70.3146138467763,54.817242146638385,41.059898995049046,15.095884536088006,43.15921881303122,42.87620493372835,66.35893415266337,50.09198054728116,93.12753210170003
2025-03-09 20:17:42.312667,458.0,468.0,361.0,2593.0,1150.0,338.0,62.94105463872385,70.07538211469394,54.79365860840541,41.08505130265976,15.079646279675114,43.17065504056008,42.735124453426316,66.1534737897495,49.952331321083214,93.2939840926067
2025-03-09 20:17:42.312667,457.0,473.0,363.0,2589.0,1157.0,339.0,62.94105463872385,70.07538211469394,54.79365860840541,41.08505130265976,15.079646279675114,43.17065504056008,42.735124453426316,66.1534737897495,49.952331321083214,93.2939840926067
2025-03-09 20:17:42.312667,460.0,470.0,361.0,2591.0,1154.0,339.0,62.94105463872385,70.07538211469394,54.79365860840541,41.08505130265976,15.079646279675114,43.17065504056008,42.735124453426316,66.1534737897495,49.952331321083214,93.2939840926067
2025-03-09 20:17:42.312667,457.0,466.0,366.0,2593.0,1159.0,339.0,62.94105463872385,70.07538211469394,54.79365860840541,41.08505130265976,15.079646279675114,43.17065504056008,42.735124453426316,66.1534737897495,49.952331321083214,93.2939840926067
2025-03-09 20:17:42.321000,453.0,471.0,385.0,2593.0,1158.0,341.0,62.826086110025415,69.84878801554494,54.77603932788449,41.113882595388276,15.072870301565237,43.18833727026482,42.60858929444506,65.96024078966535,49.81401978629471,93.47570923337715
2025-03-09 20:17:42.321000,451.0,469.0,384.0,2589.0,1155.0,341.0,62.826086110025415,69.84878801554494,54.77603932788449,41.113882595388276,15.072870301565237,43.18833727026482,42.60858929444506,65.96024078966535,49.81401978629471,93.47570923337715
2025-03-09 20:17:42.321000,451.0,471.0,383.0,2599.0,1157.0,343.0,62.826086110025415,69.84878801554494,54.77603932788449,41.113882595388276,15.072870301565237,43.18833727026482,42.60858929444506,65.96024078966535,49.81401978629471,93.47570923337715
2025-03-09 20:17:42.321000,453.0,468.0,368.0,2603.0,1159.0,341.0,62.826086110025415,69.84878801554494,54.77603932788449,41.113882595388276,15.072870301565237,43.18833727026482,42.60858929444506,65.96024078966535,49.81401978629471,93.47570923337715
2025-03-09 20:17:42.329333,452.0,476.0,374.0,2594.0,1162.0,340.0,62.72569940483142,69.63507008565671,54.76540183998216,41.148775374183444,15.07127977169484,43.21334511982371,42.49093699316578,65.77936096603223,49.6827616798449,93.66723740004683
2025-03-09 20:17:42.329333,448.0,465.0,384.0,2594.0,1159.0,341.0,62.72569940483142,69.63507008565671,54.76540183998216,41.148775374183444,15.07127977169484,43.21334511982371,42.49093699316578,65.77936096603223,49.6827616798449,93.66723740004683
2025-03-09 20:17:42.329333,448.0,464.0,368.0,2598.0,1159.0,341.0,62.72569940483142,69.63507008565671,54.76540183998216,41.148775374183444,15.07127977169484,43.21334511982371,42.49093699316578,65.77936096603223,49.6827616798449,93.66723740004683
2025-03-09 20:17:42.337667,449.0,470.0,375.0,2599.0,1158.0,341.0,62.63766864077644,69.43479381045901,54.76470707150805,41.19039994174408,15.071268924233411,43.24508997394517,42.37688552435266,65.61210598967442,49.56420253852362,93.86258041310589
2025-03-09 20:17:42.337667,449.0,467.0,368.0,2593.0,1155.0,343.0,62.63766864077644,69.43479381045901,54.76470707150805,41.19039994174408,15.071268924233411,43.24508997394517,42.37688552435266,65.61210598967442,49.56420253852362,93.86258041310589
2025-03-09 20:17:42.337667,449.0,470.0,359.0,2598.0,1159.0,343.0,62.63766864077644,69.43479381045901,54.76470707150805,41.19039994174408,15.071268924233411,43.24508997394517,42.37688552435266,65.61210598967442,49.56420253852362,93.86258041310589
2025-03-09 20:17:42.337667,450.0,471.0,368.0,2596.0,1166.0,347.0,62.63766864077644,69.43479381045901,54.76470707150805,41.19039994174408,15.071268924233411,43.24508997394517,42.37688552435266,65.61210598967442,49.56420253852362,93.86258041310589
2025-03-09 20:17:42.346000,449.0,465.0,368.0,2593.0,1162.0,353.0,62.560364262000206,69.24669175705829,54.77334963627001,41.23658737008868,15.071294004638819,43.28074153031896,42.26605864687783,65.4587535036464,49.458331593017455,94.05727634167515
2025-03-09 20:17:42.346000,451.0,471.0,368.0,2593.0,1162.0,345.0,62.560364262000206,69.24669175705829,54.77334963627001,41.23658737008868,15.071294004638819,43.28074153031896,42.26605864687783,65.4587535036464,49.458331593017455,94.05727634167515
2025-03-09 20:17:42.346000,450.0,469.0,348.0,2587.0,1151.0,347.0,62.560364262000206,69.24669175705829,54.77334963627001,41.23658737008868,15.071294004638819,43.28074153031896,42.26605864687783,65.4587535036464,49.458331593017455,94.05727634167515
2025-03-09 20:17:42.354333,452.0,471.0,351.0,2600.0,1163.0,347.0,62.49475786834453,69.07162856055254,54.78829193113446,41.28364132698723,15.071010887152008,43.31721744095819,42.161210100762816,65.31896248861742,49.36191215502098,94.24897897627895
2025-03-09 20:17:42.354333,449.0,467.0,386.0,2605.0,1162.0,353.0,62.49475786834453,69.07162856055254,54.78829193113446,41.28364132698723,15.071010887152008,43.31721744095819,42.161210100762816,65.31896248861742,49.36191215502098,94.24897897627895
2025-03-09 20:17:42.354333,447.0,464.0,384.0,2595.0,1159.0,349.0,62.49475786834453,69.07162856055254,54.78829193113446,41.28364132698723,15.071010887152008,43.31721744095819,42.161210100762816,65.31896248861742,49.36191215502098,94.24897897627895
2025-03-09 20:17:42.354333,450.0,466.0,381.0,2603.0,1155.0,345.0,62.49475786834453,69.07162856055254,54.78829193113446,41.28364132698723,15.071010887152008,43.31721744095819,42.161210100762816,65.31896248861742,49.36191215502098,94.24897897627895
2025-03-09 20:17:42.362667,446.0,470.0,386.0,2601.0,1163.0,355.0,62.444506446532536,68.91514980949147,54.81009689814766,41.32947944281266,15.070835420083274,43.35416697813297,42.063070645355666,65.1930668420631,49.27436900133227,94.43564898458351
2025-03-09 20:17:42.362667,446.0,465.0,389.0,2601.0,1168.0,344.0,62.444506446532536,68.91514980949147,54.81009689814766,41.32947944281266,15.070835420083274,43.35416697813297,42.063070645355666,65.1930668420631,49.27436900133227,94.43564898458351
2025-03-09 20:17:42.362667,445.0,466.0,383.0,2598.0,1161.0,353.0,62.444506446532536,68.91514980949147,54.81009689814766,41.32947944281266,15.070835420083274,43.35416697813297,42.063070645355666,65.1930668420631,49.27436900133227,94.43564898458351
2025-03-09 20:17:42.371000,447.0,468.0,384.0,2593.0,1163.0,352.0,62.40863183316927,68.77928022620502,54.837181373462926,41.374280439469835,15.071401221520023,43.39274559674709,41.97131134936058,65.0794818558467,49.19576313295583,94.6127769656195
2025-03-09 20:17:42.371000,446.0,465.0,395.0,2595.0,1168.0,354.0,62.40863183316927,68.77928022620502,54.837181373462926,41.374280439469835,15.071401221520023,43.39274559674709,41.97131134936058,65.0794818558467,49.19576313295583,94.6127769656195
2025-03-09 20:17:42.371000,448.0,469.0,393.0,2603.0,1168.0,349.0,62.40863183316927,68.77928022620502,54.837181373462926,41.374280439469835,15.071401221520023,43.39274559674709,41.97131134936058,65.0794818558467,49.19576313295583,94.6127769656195
2025-03-09 20:17:42.371000,446.0,464.0,395.0,2605.0,1167.0,355.0,62.40863183316927,68.77928022620502,54.837181373462926,41.374280439469835,15.071401221520023,43.39274559674709,41.97131134936058,65.0794818558467,49.19576313295583,94.6127769656195
2025-03-09 20:17:42.379333,443.0,466.0,394.0,2608.0,1168.0,358.0,62.3833973634682,68.66264093862752,54.86532244687576,41.41910066072305,15.074080558021642,43.43427779244848,41.88720272142907,64.97595366870071,49.12509718343788,94.77569198555769
2025-03-09 20:17:42.379333,444.0,464.0,390.0,2602.0,1168.0,359.0,62.3833973634682,68.66264093862752,54.86532244687576,41.41910066072305,15.074080558021642,43.43427779244848,41.88720272142907,64.97595366870071,49.12509718343788,94.77569198555769
2025-03-09 20:17:42.379333,446.0,469.0,398.0,2608.0,1168.0,357.0,62.3833973634682,68.66264093862752,54.86532244687576,41.41910066072305,15.074080558021642,43.43427779244848,41.88720272142907,64.97595366870071,49.12509718343788,94.77569198555769
2025-03-09 20:17:42.387667,446.0,465.0,400.0,2605.0,1170.0,358.0,62.36750783642665,68.56436176931567,54.8917723310223,41.464261502614264,15.07930830824936,43.4788720475208,41.81279816998004,64.88253721746602,49.0618333368765,94.92264848213046
2025-03-09 20:17:42.387667,448.0,470.0,400.0,2605.0,1170.0,361.0,62.36750783642665,68.56436176931567,54.8917723310223,41.464261502614264,15.07930830824936,43.4788720475208,41.81279816998004,64.88253721746602,49.0618333368765,94.92264848213046
2025-03-09 20:17:42.387667,445.0,472.0,405.0,2588.0,1174.0,365.0,62.36750783642665,68.56436176931567,54.8917723310223,41.464261502614264,15.07930830824936,43.4788720475208,41.81279816998004,64.88253721746602,49.0618333368765,94.92264848213046
2025-03-09 20:17:42.387667,442.0,464.0,417.0,2598.0,1198.0,365.0,62.36750783642665,68.56436176931567,54.8917723310223,41.464261502614264,15.07930830824936,43.4788720475208,41.81279816998004,64.88253721746602,49.0618333368765,94.92264848213046
2025-03-09 20:17:42.396000,439.0,467.0,436.0,2603.0,1180.0,367.0,62.3606680251683,68.48333712774352,54.91466663875132,41.50924556123539,15.085993576003206,43.52534322512033,41.74944969325894,64.80006067421412,49.00568097095512,95.05307238942157
2025-03-09 20:17:42.396000,445.0,466.0,429.0,2597.0,1183.0,365.0,62.3606680251683,68.48333712774352,54.91466663875132,41.50924556123539,15.085993576003206,43.52534322512033,41.74944969325894,64.80006067421412,49.00568097095512,95.05307238942157
2025-03-09 20:17:42.396000,446.0,468.0,425.0,2610.0,1181.0,365.0,62.3606680251683,68.48333712774352,54.91466663875132,41.50924556123539,15.085993576003206,43.52534322512033,41.74944969325894,64.80006067421412,49.00568097095512,95.05307238942157
2025-03-09 20:17:42.396000,448.0,464.0,405.0,2610.0,1173.0,363.0,62.3606680251683,68.48333712774352,54.91466663875132,41.50924556123539,15.085993576003206,43.52534322512033,41.74944969325894,64.80006067421412,49.00568097095512,95.05307238942157
2025-03-09 20:17:42.404333,445.0,464.0,391.0,2599.0,1181.0,366.0,62.362166207736536,68.418803941791,54.9347841320755,41.553168141361525,15.093914156306603,43.572470590986825,41.69678534043127,64.72892216431975,48.95681603625894,95.16546386501618
2025-03-09 20:17:42.404333,444.0,471.0,403.0,2605.0,1187.0,371.0,62.362166207736536,68.418803941791,54.9347841320755,41.553168141361525,15.093914156306603,43.572470590986825,41.69678534043127,64.72892216431975,48.95681603625894,95.16546386501618
2025-03-09 20:17:42.404333,443.0,468.0,401.0,2605.0,1200.0,370.0,62.362166207736536,68.418803941791,54.9347841320755,41.553168141361525,15.093914156306603,43.572470590986825,41.69678534043127,64.72892216431975,48.95681603625894,95.16546386501618
2025-03-09 20:17:42.412667,445.0,464.0,399.0,2611.0,1200.0,371.0,62.37086276270365,68.37026438539087,54.954665635046005,41.59567318593763,15.102848914687875,43.61969884423546,41.65230690059245,64.6688748465566,48.91635702268838,95.25779272267904
2025-03-09 20:17:42.412667,445.0,471.0,397.0,2605.0,1194.0,371.0,62.37086276270365,68.37026438539087,54.954665635046005,41.59567318593763,15.102848914687875,43.61969884423546,41.65230690059245,64.6688748465566,48.91635702268838,95.25779272267904
2025-03-09 20:17:42.412667,442.0,469.0,400.0,2605.0,1197.0,378.0,62.37086276270365,68.37026438539087,54.954665635046005,41.59567318593763,15.102848914687875,43.61969884423546,41.65230690059245,64.6688748465566,48.91635702268838,95.25779272267904
2025-03-09 20:17:42.412667,441.0,464.0,406.0,2605.0,1200.0,369.0,62.37086276270365,68.37026438539087,54.954665635046005,41.59567318593763,15.102848914687875,43.61969884423546,41.65230690059245,64.6688748465566,48.91635702268838,95.25779272267904
2025-03-09 20:17:42.421000,446.0,464.0,400.0,2599.0,1196.0,368.0,62.385533226705924,68.3373267566956,54.97643509355411,41.63690037339266,15.112130534926441,43.66694082310733,41.61306511658336,64.61937279186434,48.88572856016101,95.32830077596525
2025-03-09 20:17:42.421000,445.0,465.0,400.0,2602.0,1198.0,371.0,62.385533226705924,68.3373267566956,54.97643509355411,41.63690037339266,15.112130534926441,43.66694082310733,41.61306511658336,64.61937279186434,48.88572856016101,95.32830077596525
2025-03-09 20:17:42.421000,441.0,464.0,403.0,2621.0,1204.0,366.0,62.385533226705924,68.3373267566956,54.97643509355411,41.63690037339266,15.112130534926441,43.66694082310733,41.61306511658336,64.61937279186434,48.88572856016101,95.32830077596525
2025-03-09 20:17:42.429333,445.0,465.0,403.0,2559.0,1207.0,377.0,62.40451786398003,68.31966139904019,55.00057713719028,41.67778042254905,15.122179095203737,43.71538347736363,41.57699893726483,64.57872510552563,48.865361357672555,95.37515580563658
2025-03-09 20:17:42.429333,439.0,467.0,408.0,2609.0,1205.0,374.0,62.40451786398003,68.31966139904019,55.00057713719028,41.67778042254905,15.122179095203737,43.71538347736363,41.57699893726483,64.57872510552563,48.865361357672555,95.37515580563658
2025-03-09 20:17:42.429333,440.0,464.0,400.0,2613.0,1201.0,368.0,62.40451786398003,68.31966139904019,55.00057713719028,41.67778042254905,15.122179095203737,43.71538347736363,41.57699893726483,64.57872510552563,48.865361357672555,95.37515580563658
2025-03-09 20:17:42.429333,441.0,464.0,400.0,2636.0,1199.0,373.0,62.40451786398003,68.31966139904019,55.00057713719028,41.67778042254905,15.122179095203737,43.71538347736363,41.57699893726483,64.57872510552563,48.865361357672555,95.37515580563658
2025-03-09 20:17:42.437667,438.0,464.0,401.0,2625.0,1203.0,373.0,62.42494858374609,68.31470240236462,55.02542755862078,41.72075406561379,15.132712459610483,43.76670407220214,41.54325229051753,64.54587994006664,48.85619666495835,95.39734798057576
2025-03-09 20:17:42.437667,443.0,470.0,400.0,2615.0,1211.0,362.0,62.42494858374609,68.31470240236462,55.02542755862078,41.72075406561379,15.132712459610483,43.76670407220214,41.54325229051753,64.54587994006664,48.85619666495835,95.39734798057576
2025-03-09 20:17:42.437667,437.0,465.0,405.0,2606.0,1216.0,375.0,62.42494858374609,68.31470240236462,55.02542755862078,41.72075406561379,15.132712459610483,43.76670407220214,41.54325229051753,64.54587994006664,48.85619666495835,95.39734798057576
2025-03-09 20:17:42.437667,441.0,463.0,405.0,2621.0,1221.0,379.0,62.42494858374609,68.31470240236462,55.02542755862078,41.72075406561379,15.132712459610483,43.76670407220214,41.54325229051753,64.54587994006664,48.85619666495835,95.39734798057576
2025-03-09 20:17:42.446000,444.0,464.0,403.0,2595.0,1222.0,384.0,62.442907708686974,68.31740130875906,55.048324176172564,41.767571582155945,15.142834364877741,43.82080192480997,41.512588528005026,64.52115821704643,48.859017995574725,95.39514685351186
2025-03-09 20:17:42.446000,445.0,468.0,407.0,2603.0,1216.0,382.0,62.442907708686974,68.31740130875906,55.048324176172564,41.767571582155945,15.142834364877741,43.82080192480997,41.512588528005026,64.52115821704643,48.859017995574725,95.39514685351186
2025-03-09 20:17:42.446000,443.0,464.0,406.0,2606.0,1220.0,396.0,62.442907708686974,68.31740130875906,55.048324176172564,41.767571582155945,15.142834364877741,43.82080192480997,41.512588528005026,64.52115821704643,48.859017995574725,95.39514685351186
2025-03-09 20:17:42.454333,442.0,469.0,408.0,2607.0,1217.0,379.0,62.45609710520324,68.32594900570133,55.06653501298623,41.81841714388831,15.150710270405515,43.87639205819975,41.48638307337473,64.50642181264938,48.87565971755863,95.36934157853713
2025-03-09 20:17:42.454333,439.0,464.0,405.0,2603.0,1219.0,385.0,62.45609710520324,68.32594900570133,55.06653501298623,41.81841714388831,15.150710270405515,43.87639205819975,41.48638307337473,64.50642181264938,48.87565971755863,95.36934157853713
2025-03-09 20:17:42.454333,439.0,467.0,404.0,2603.0,1206.0,382.0,62.45609710520324,68.32594900570133,55.06653501298623,41.81841714388831,15.150710270405515,43.87639205819975,41.48638307337473,64.50642181264938,48.87565971755863,95.36934157853713
2025-03-09 20:17:42.462667,439.0,465.0,400.0,2608.0,1225.0,387.0,62.4643821934725,68.34168769451688,55.07904021774935,41.87433925554169,15.15381354655319,43.93362085628265,41.46433163636009,64.50389983434076,48.909710243774676,95.32043406213133
2025-03-09 20:17:42.462667,438.0,464.0,400.0,2606.0,1232.0,388.0,62.4643821934725,68.34168769451688,55.07904021774935,41.87433925554169,15.15381354655319,43.93362085628265,41.46433163636009,64.50389983434076,48.909710243774676,95.32043406213133
2025-03-09 20:17:42.462667,439.0,470.0,405.0,2597.0,1238.0,385.0,62.4643821934725,68.34168769451688,55.07904021774935,41.87433925554169,15.15381354655319,43.93362085628265,41.46433163636009,64.50389983434076,48.909710243774676,95.32043406213133
2025-03-09 20:17:42.462667,438.0,468.0,406.0,2607.0,1232.0,393.0,62.4643821934725,68.34168769451688,55.07904021774935,41.87433925554169,15.15381354655319,43.93362085628265,41.46433163636009,64.50389983434076,48.909710243774676,95.32043406213133
2025-03-09 20:17:42.471000,438.0,465.0,402.0,2605.0,1233.0,385.0,62.467247581722575,68.36557826145179,55.086049295362294,41.932746892150774,15.153164173041757,43.99069349461513,41.44674746691722,64.51283793848238,48.95975091080947,95.24810116576073
2025-03-09 20:17:42.471000,439.0,466.0,400.0,2608.0,1235.0,387.0,62.467247581722575,68.36557826145179,55.086049295362294,41.932746892150774,15.153164173041757,43.99069349461513,41.44674746691722,64.51283793848238,48.95975091080947,95.24810116576073
2025-03-09 20:17:42.471000,440.0,459.0,400.0,2594.0,1233.0,396.0,62.467247581722575,68.36557826145179,55.086049295362294,41.932746892150774,15.153164173041757,43.99069349461513,41.44674746691722,64.51283793848238,48.95975091080947,95.24810116576073
2025-03-09 20:17:42.471000,435.0,469.0,401.0,2608.0,1243.0,391.0,62.467247581722575,68.36557826145179,55.086049295362294,41.932746892150774,15.153164173041757,43.99069349461513,41.44674746691722,64.51283793848238,48.95975091080947,95.24810116576073
2025-03-09 20:17:42.479333,436.0,463.0,398.0,2610.0,1254.0,400.0,62.46376092568182,68.39820821100568,55.08836578070308,41.98479784563398,15.154069655790062,44.04181904018851,41.43563902204595,64.52871654586124,49.01692288658124,95.15126468664495
2025-03-09 20:17:42.479333,439.0,466.0,409.0,2559.0,1259.0,384.0,62.46376092568182,68.39820821100568,55.08836578070308,41.98479784563398,15.154069655790062,44.04181904018851,41.43563902204595,64.52871654586124,49.01692288658124,95.15126468664495
2025-03-09 20:17:42.479333,435.0,473.0,401.0,2608.0,1245.0,390.0,62.46376092568182,68.39820821100568,55.08836578070308,41.98479784563398,15.154069655790062,44.04181904018851,41.43563902204595,64.52871654586124,49.01692288658124,95.15126468664495
2025-03-09 20:17:42.487667,444.0,468.0,406.0,2621.0,1248.0,384.0,62.45315075751334,68.44040805440106,55.08654101455912,42.0246455323031,15.159997525859085,44.08324536331052,41.432093637396655,64.54849953836528,49.07572159264002,95.02890148194754
2025-03-09 20:17:42.487667,437.0,464.0,400.0,2610.0,1245.0,399.0,62.45315075751334,68.44040805440106,55.08654101455912,42.0246455323031,15.159997525859085,44.08324536331052,41.432093637396655,64.54849953836528,49.07572159264002,95.02890148194754
2025-03-09 20:17:42.487667,433.0,465.0,400.0,2607.0,1253.0,395.0,62.45315075751334,68.44040805440106,55.08654101455912,42.0246455323031,15.159997525859085,44.08324536331052,41.432093637396655,64.54849953836528,49.07572159264002,95.02890148194754
2025-03-09 20:17:42.487667,438.0,465.0,406.0,2613.0,1251.0,396.0,62.45315075751334,68.44040805440106,55.08654101455912,42.0246455323031,15.159997525859085,44.08324536331052,41.432093637396655,64.54849953836528,49.07572159264002,95.02890148194754
2025-03-09 20:17:42.496000,438.0,467.0,400.0,2607.0,1252.0,396.0,62.43554439423615,68.49291965210779,55.08141948660105,42.05131453898505,15.171693759448196,44.11466911008412,41.435473939144714,64.57113166333946,49.135254641191324,94.88082198014276
2025-03-09 20:17:42.496000,438.0,464.0,400.0,2605.0,1251.0,397.0,62.43554439423615,68.49291965210779,55.08141948660105,42.05131453898505,15.171693759448196,44.11466911008412,41.435473939144714,64.57113166333946,49.135254641191324,94.88082198014276
2025-03-09 20:17:42.496000,436.0,465.0,407.0,2602.0,1258.0,409.0,62.43554439423615,68.49291965210779,55.08141948660105,42.05131453898505,15.171693759448196,44.11466911008412,41.435473939144714,64.57113166333946,49.135254641191324,94.88082198014276
2025-03-09 20:17:42.496000,437.0,464.0,401.0,2595.0,1260.0,399.0,62.43554439423615,68.49291965210779,55.08141948660105,42.05131453898505,15.171693759448196,44.11466911008412,41.435473939144714,64.57113166333946,49.135254641191324,94.88082198014276
2025-03-09 20:17:42.504333,435.0,464.0,403.0,2611.0,1262.0,391.0,62.41227846160251,68.55674580367808,55.07358394593589,42.06262213822962,15.190028317291333,44.13465900370455,41.44665305529508,64.59630409680301,49.19357259965005,94.70849626057459
2025-03-09 20:17:42.504333,434.0,461.0,406.0,2603.0,1251.0,397.0,62.41227846160251,68.55674580367808,55.07358394593589,42.06262213822962,15.190028317291333,44.13465900370455,41.44665305529508,64.59630409680301,49.19357259965005,94.70849626057459
2025-03-09 20:17:42.504333,437.0,462.0,406.0,2599.0,1254.0,397.0,62.41227846160251,68.55674580367808,55.07358394593589,42.06262213822962,15.190028317291333,44.13465900370455,41.44665305529508,64.59630409680301,49.19357259965005,94.70849626057459
2025-03-09 20:17:42.512667,434.0,464.0,405.0,2602.0,1248.0,395.0,62.385403255289056,68.63218578213241,55.06277006490716,42.057407402356,15.215544287357083,44.14254478547362,41.46717723480811,64.62384678230619,49.24840948217613,94.51483304639981
2025-03-09 20:17:42.512667,439.0,467.0,403.0,2608.0,1238.0,390.0,62.385403255289056,68.63218578213241,55.06277006490716,42.057407402356,15.215544287357083,44.14254478547362,41.46717723480811,64.62384678230619,49.24840948217613,94.51483304639981
2025-03-09 20:17:42.512667,434.0,464.0,407.0,2592.0,1247.0,391.0,62.385403255289056,68.63218578213241,55.06277006490716,42.057407402356,15.215544287357083,44.14254478547362,41.46717723480811,64.62384678230619,49.24840948217613,94.51483304639981
2025-03-09 20:17:42.512667,437.0,469.0,406.0,2607.0,1219.0,394.0,62.385403255289056,68.63218578213241,55.06277006490716,42.057407402356,15.215544287357083,44.14254478547362,41.46717723480811,64.62384678230619,49.24840948217613,94.51483304639981
2025-03-09 20:17:42.521000,434.0,463.0,401.0,2603.0,1238.0,399.0,62.357801373804634,68.71962149306549,55.048096942133625,42.038130856285015,15.246732567339434,44.14007956983622,41.49845835620665,64.65580965209772,49.30108127660675,94.30410507601731
2025-03-09 20:17:42.521000,435.0,464.0,405.0,2603.0,1248.0,391.0,62.357801373804634,68.71962149306549,55.048096942133625,42.038130856285015,15.246732567339434,44.14007956983622,41.49845835620665,64.65580965209772,49.30108127660675,94.30410507601731
2025-03-09 20:17:42.521000,432.0,463.0,400.0,2595.0,1255.0,393.0,62.357801373804634,68.71962149306549,55.048096942133625,42.038130856285015,15.246732567339434,44.14007956983622,41.49845835620665,64.65580965209772,49.30108127660675,94.30410507601731
2025-03-09 20:17:42.521000,437.0,464.0,405.0,2606.0,1247.0,393.0,62.357801373804634,68.71962149306549,55.048096942133625,42.038130856285015,15.246732567339434,44.14007956983622,41.49845835620665,64.65580965209772,49.30108127660675,94.30410507601731
2025-03-09 20:17:42.529333,433.0,464.0,400.0,2598.0,1238.0,393.0,62.33265840904328,68.81944546072049,55.02801435977097,42.008915338120815,15.280946774385628,44.12995460163324,41.54227716672136,64.69570246479606,49.35482733890474,94.08197668128645
2025-03-09 20:17:42.529333,433.0,464.0,402.0,2595.0,1242.0,400.0,62.33265840904328,68.81944546072049,55.02801435977097,42.008915338120815,15.280946774385628,44.12995460163324,41.54227716672136,64.69570246479606,49.35482733890474,94.08197668128645
2025-03-09 20:17:42.529333,434.0,465.0,404.0,2609.0,1238.0,384.0,62.33265840904328,68.81944546072049,55.02801435977097,42.008915338120815,15.280946774385628,44.12995460163324,41.54227716672136,64.69570246479606,49.35482733890474,94.08197668128645
2025-03-09 20:17:42.529333,434.0,464.0,401.0,2607.0,1242.0,386.0,62.33265840904328,68.81944546072049,55.02801435977097,42.008915338120815,15.280946774385628,44.12995460163324,41.54227716672136,64.69570246479606,49.35482733890474,94.08197668128645
2025-03-09 20:17:42.537667,432.0,464.0,400.0,2603.0,1241.0,394.0,62.31374311528001,68.93212013744846,55.001332638318914,41.973433416031,15.31689956914628,44.114891875886826,41.60127640077103,64.74663740387666,49.41151015735669,93.85460896935055
2025-03-09 20:17:42.537667,435.0,464.0,402.0,2605.0,1249.0,385.0,62.31374311528001,68.93212013744846,55.001332638318914,41.973433416031,15.31689956914628,44.114891875886826,41.60127640077103,64.74663740387666,49.41151015735669,93.85460896935055
2025-03-09 20:17:42.546000,438.0,464.0,403.0,2607.0,1243.0,384.0,62.3057740930432,69.05857385240961,54.9669459149411,41.93330293093582,15.35505645955872,44.09646850316094,41.679586272469805,64.81096626727906,49.47019316345071,93.62855107087988
2025-03-09 20:17:42.546000,432.0,459.0,410.0,2614.0,1239.0,385.0,62.3057740930432,69.05857385240961,54.9669459149411,41.93330293093582,15.35505645955872,44.09646850316094,41.679586272469805,64.81096626727906,49.47019316345071,93.62855107087988
2025-03-09 20:17:42.546000,435.0,464.0,401.0,2610.0,1241.0,389.0,62.3057740930432,69.05857385240961,54.9669459149411,41.93330293093582,15.35505645955872,44.09646850316094,41.679586272469805,64.81096626727906,49.47019316345071,93.62855107087988
2025-03-09 20:17:42.546000,439.0,464.0,400.0,2588.0,1237.0,381.0,62.3057740930432,69.05857385240961,54.9669459149411,41.93330293093582,15.35505645955872,44.09646850316094,41.679586272469805,64.81096626727906,49.47019316345071,93.62855107087988
2025-03-09 20:17:42.546000,437.0,464.0,405.0,2608.0,1237.0,384.0,62.3057740930432,69.05857385240961,54.9669459149411,41.93330293093582,15.35505645955872,44.09646850316094,41.679586272469805,64.81096626727906,49.47019316345071,93.62855107087988
2025-03-09 20:17:42.554333,433.0,466.0,403.0,2611.0,1235.0,384.0,62.31409719922036,69.19969859775182,54.924110009830414,41.88911864035844,15.395838728136358,44.07549968699714,41.78101255209087,64.89046974069386,49.528719876315776,93.41123711653822
2025-03-09 20:17:42.554333,435.0,464.0,400.0,2598.0,1238.0,386.0,62.31409719922036,69.19969859775182,54.924110009830414,41.88911864035844,15.395838728136358,44.07549968699714,41.78101255209087,64.89046974069386,49.528719876315776,93.41123711653822
2025-03-09 20:17:42.554333,435.0,466.0,402.0,2618.0,1238.0,386.0,62.31409719922036,69.19969859775182,54.924110009830414,41.88911864035844,15.395838728136358,44.07549968699714,41.78101255209087,64.89046974069386,49.528719876315776,93.41123711653822
2025-03-09 20:17:42.562667,435.0,464.0,403.0,2606.0,1238.0,400.0,62.34445436401708,69.3562862453312,54.872695946832856,41.84151432470728,15.439552197205618,44.052877040946036,41.908714884664874,64.98670417399245,49.58471313148308,93.21098798834625
2025-03-09 20:17:42.562667,435.0,464.0,403.0,2609.0,1233.0,381.0,62.34445436401708,69.3562862453312,54.872695946832856,41.84151432470728,15.439552197205618,44.052877040946036,41.908714884664874,64.98670417399245,49.58471313148308,93.21098798834625
2025-03-09 20:17:42.562667,437.0,464.0,403.0,2601.0,1232.0,374.0,62.34445436401708,69.3562862453312,54.872695946832856,41.84151432470728,15.439552197205618,44.052877040946036,41.908714884664874,64.98670417399245,49.58471313148308,93.21098798834625
2025-03-09 20:17:42.562667,435.0,466.0,403.0,2591.0,1227.0,384.0,62.34445436401708,69.3562862453312,54.872695946832856,41.84151432470728,15.439552197205618,44.052877040946036,41.908714884664874,64.98670417399245,49.58471313148308,93.21098798834625
2025-03-09 20:17:42.571000,439.0,464.0,403.0,2598.0,1232.0,382.0,62.40375627064139,69.53033523932277,54.81337077092602,41.792052444343554,15.48566719577842,44.029828502533704,42.06630720637804,65.10381219414009,49.63822487139862,93.0371685402657
2025-03-09 20:17:42.571000,437.0,464.0,410.0,2601.0,1232.0,379.0,62.40375627064139,69.53033523932277,54.81337077092602,41.792052444343554,15.48566719577842,44.029828502533704,42.06630720637804,65.10381219414009,49.63822487139862,93.0371685402657
2025-03-09 20:17:42.571000,439.0,464.0,406.0,2559.0,1232.0,379.0,62.40375627064139,69.53033523932277,54.81337077092602,41.792052444343554,15.48566719577842,44.029828502533704,42.06630720637804,65.10381219414009,49.63822487139862,93.0371685402657
2025-03-09 20:17:42.579333,438.0,467.0,404.0,2617.0,1232.0,379.0,62.50038254659902,69.72532463153914,54.75115978151813,41.74309862215829,15.532408146808182,44.00771786679656,42.255010387428484,65.24865025259088,49.69286151094369,92.89941588443953
2025-03-09 20:17:42.579333,439.0,468.0,400.0,2597.0,1227.0,375.0,62.50038254659902,69.72532463153914,54.75115978151813,41.74309862215829,15.532408146808182,44.00771786679656,42.255010387428484,65.24865025259088,49.69286151094369,92.89941588443953
2025-03-09 20:17:42.579333,435.0,455.0,407.0,2593.0,1211.0,382.0,62.50038254659902,69.72532463153914,54.75115978151813,41.74309862215829,15.532408146808182,44.00771786679656,42.255010387428484,65.24865025259088,49.69286151094369,92.89941588443953
2025-03-09 20:17:42.579333,438.0,463.0,398.0,2594.0,1227.0,374.0,62.50038254659902,69.72532463153914,54.75115978151813,41.74309862215829,15.532408146808182,44.00771786679656,42.255010387428484,65.24865025259088,49.69286151094369,92.89941588443953
2025-03-09 20:17:42.587667,439.0,464.0,404.0,2593.0,1225.0,375.0,62.63732102106734,69.94320567110705,54.69422915092141,41.69547867973194,15.578962242245936,43.987026304886285,42.4700415735704,65.42377610116034,49.75211276279204,92.79878236770298
2025-03-09 20:17:42.587667,441.0,463.0,405.0,2598.0,1214.0,374.0,62.63732102106734,69.94320567110705,54.69422915092141,41.69547867973194,15.578962242245936,43.987026304886285,42.4700415735704,65.42377610116034,49.75211276279204,92.79878236770298
2025-03-09 20:17:42.587667,438.0,464.0,400.0,2594.0,1223.0,373.0,62.63732102106734,69.94320567110705,54.69422915092141,41.69547867973194,15.578962242245936,43.987026304886285,42.4700415735704,65.42377610116034,49.75211276279204,92.79878236770298
2025-03-09 20:17:42.587667,439.0,464.0,403.0,2592.0,1221.0,373.0,62.63732102106734,69.94320567110705,54.69422915092141,41.69547867973194,15.578962242245936,43.987026304886285,42.4700415735704,65.42377610116034,49.75211276279204,92.79878236770298
2025-03-09 20:17:42.596000,435.0,464.0,401.0,2593.0,1222.0,371.0,62.80338331676036,70.17885453064547,54.645635563819376,41.64850792893307,15.62530538195338,43.96743018514616,42.69967667394489,65.62018340018436,49.81612095259884,92.7186504314345
2025-03-09 20:17:42.596000,439.0,467.0,407.0,2592.0,1216.0,369.0,62.80338331676036,70.17885453064547,54.645635563819376,41.64850792893307,15.62530538195338,43.96743018514616,42.69967667394489,65.62018340018436,49.81612095259884,92.7186504314345
2025-03-09 20:17:42.604333,446.0,470.0,399.0,2590.0,1217.0,367.0,62.97775481876958,70.421955369117,54.605264695962056,41.60085062465505,15.671549451053945,43.947941385564796,42.927861296353676,65.8220804902589,49.88380219867239,92.63012523458636
2025-03-09 20:17:42.604333,442.0,464.0,403.0,2590.0,1214.0,368.0,62.97775481876958,70.421955369117,54.605264695962056,41.60085062465505,15.671549451053945,43.947941385564796,42.927861296353676,65.8220804902589,49.88380219867239,92.63012523458636
2025-03-09 20:17:42.604333,446.0,470.0,407.0,2587.0,1216.0,369.0,62.97775481876958,70.421955369117,54.605264695962056,41.60085062465505,15.671549451053945,43.947941385564796,42.927861296353676,65.8220804902589,49.88380219867239,92.63012523458636
2025-03-09 20:17:42.604333,446.0,459.0,400.0,2586.0,1216.0,368.0,62.97775481876958,70.421955369117,54.605264695962056,41.60085062465505,15.671549451053945,43.947941385564796,42.927861296353676,65.8220804902589,49.88380219867239,92.63012523458636
2025-03-09 20:17:42.612667,445.0,464.0,400.0,2591.0,1217.0,368.0,63.13939016597457,70.66158888546182,54.571953977147516,41.550684186606816,15.717317604828263,43.92645154595475,43.14045276526993,66.01526381982137,49.954591279684315,92.50398863597808
2025-03-09 20:17:42.612667,448.0,466.0,402.0,2583.0,1215.0,367.0,63.13939016597457,70.66158888546182,54.571953977147516,41.550684186606816,15.717317604828263,43.92645154595475,43.14045276526993,66.01526381982137,49.954591279684315,92.50398863597808
2025-03-09 20:17:42.612667,446.0,458.0,402.0,2586.0,1211.0,365.0,63.13939016597457,70.66158888546182,54.571953977147516,41.550684186606816,15.717317604828263,43.92645154595475,43.14045276526993,66.01526381982137,49.954591279684315,92.50398863597808
2025-03-09 20:17:42.612667,448.0,464.0,400.0,2588.0,1209.0,364.0,63.13939016597457,70.66158888546182,54.571953977147516,41.550684186606816,15.717317604828263,43.92645154595475,43.14045276526993,66.01526381982137,49.954591279684315,92.50398863597808
2025-03-09 20:17:42.621000,448.0,465.0,403.0,2587.0,1204.0,368.0,63.27446559728271,70.88976223916399,54.54303731002284,41.49717300589238,15.76152601199826,43.90113835004832,43.330373330156185,66.19199937940962,50.02869461294461,92.32202574532226
2025-03-09 20:17:42.621000,449.0,464.0,402.0,2589.0,1209.0,363.0,63.27446559728271,70.88976223916399,54.54303731002284,41.49717300589238,15.76152601199826,43.90113835004832,43.330373330156185,66.19199937940962,50.02869461294461,92.32202574532226
2025-03-09 20:17:42.621000,449.0,465.0,400.0,2559.0,1211.0,363.0,63.27446559728271,70.88976223916399,54.54303731002284,41.49717300589238,15.76152601199826,43.90113835004832,43.330373330156185,66.19199937940962,50.02869461294461,92.32202574532226
2025-03-09 20:17:42.621000,451.0,466.0,400.0,2587.0,1209.0,364.0,63.27446559728271,70.88976223916399,54.54303731002284,41.49717300589238,15.76152601199826,43.90113835004832,43.330373330156185,66.19199937940962,50.02869461294461,92.32202574532226
2025-03-09 20:17:42.629333,450.0,464.0,400.0,2582.0,1207.0,362.0,63.38090320655391,71.10519406177131,54.51644196604176,41.44063784151226,15.803241504660997,43.87133531619757,43.49907358665458,66.35349121006767,50.10763605312507,92.08316865777452
2025-03-09 20:17:42.629333,449.0,462.0,406.0,2559.0,1207.0,361.0,63.38090320655391,71.10519406177131,54.51644196604176,41.44063784151226,15.803241504660997,43.87133531619757,43.49907358665458,66.35349121006767,50.10763605312507,92.08316865777452
2025-03-09 20:17:42.629333,457.0,464.0,401.0,2582.0,1203.0,355.0,63.38090320655391,71.10519406177131,54.51644196604176,41.44063784151226,15.803241504660997,43.87133531619757,43.49907358665458,66.35349121006767,50.10763605312507,92.08316865777452
2025-03-09 20:17:42.637667,453.0,469.0,406.0,2582.0,1201.0,355.0,63.46506783669742,71.31135445190417,54.491374398433095,41.38210309876441,15.842045008118712,43.83743091400103,43.65302975963564,66.50633441303474,50.193190514950686,91.79688428962686
2025-03-09 20:17:42.637667,453.0,464.0,401.0,2559.0,1206.0,355.0,63.46506783669742,71.31135445190417,54.491374398433095,41.38210309876441,15.842045008118712,43.83743091400103,43.65302975963564,66.50633441303474,50.193190514950686,91.79688428962686
2025-03-09 20:17:42.637667,458.0,467.0,405.0,2559.0,1203.0,361.0,63.46506783669742,71.31135445190417,54.491374398433095,41.38210309876441,15.842045008118712,43.83743091400103,43.65302975963564,66.50633441303474,50.193190514950686,91.79688428962686
2025-03-09 20:17:42.637667,459.0,464.0,404.0,2559.0,1201.0,355.0,63.46506783669742,71.31135445190417,54.491374398433095,41.38210309876441,15.842045008118712,43.83743091400103,43.65302975963564,66.50633441303474,50.193190514950686,91.79688428962686
2025-03-09 20:17:42.646000,457.0,464.0,402.0,2559.0,1203.0,353.0,63.535147567489005,71.5130106911894,54.46742075792924,41.32286422322816,15.877127017372008,43.80005180823676,43.7992705874725,66.65841919901466,50.287715342936664,91.47450787614747
2025-03-09 20:17:42.646000,461.0,467.0,400.0,2559.0,1206.0,358.0,63.535147567489005,71.5130106911894,54.46742075792924,41.32286422322816,15.877127017372008,43.80005180823676,43.7992705874725,66.65841919901466,50.287715342936664,91.47450787614747
2025-03-09 20:17:42.646000,461.0,464.0,401.0,2559.0,1200.0,355.0,63.535147567489005,71.5130106911894,54.46742075792924,41.32286422322816,15.877127017372008,43.80005180823676,43.7992705874725,66.65841919901466,50.287715342936664,91.47450787614747
2025-03-09 20:17:42.654333,464.0,464.0,400.0,2559.0,1200.0,353.0,63.59850432380897,71.71366270262911,54.44443169076463,41.26378738500124,15.90800874718818,43.75981059369078,43.94310164859616,66.81516579815937,50.39168264417734,91.12686643051063
2025-03-09 20:17:42.654333,466.0,467.0,405.0,2559.0,1203.0,350.0,63.59850432380897,71.71366270262911,54.44443169076463,41.26378738500124,15.90800874718818,43.75981059369078,43.94310164859616,66.81516579815937,50.39168264417734,91.12686643051063
2025-03-09 20:17:42.654333,464.0,467.0,400.0,2559.0,1210.0,352.0,63.59850432380897,71.71366270262911,54.44443169076463,41.26378738500124,15.90800874718818,43.75981059369078,43.94310164859616,66.81516579815937,50.39168264417734,91.12686643051063
2025-03-09 20:17:42.654333,468.0,467.0,398.0,2559.0,1202.0,352.0,63.59850432380897,71.71366270262911,54.44443169076463,41.26378738500124,15.90800874718818,43.75981059369078,43.94310164859616,66.81516579815937,50.39168264417734,91.12686643051063
2025-03-09 20:17:42.662667,467.0,470.0,405.0,2559.0,1200.0,352.0,63.66260311971324,71.9161271201749,54.42169669287144,41.205204343703365,15.935455216776662,43.71739580146994,44.09033702449737,66.98044348238639,50.503158814330455,90.76572467618266
2025-03-09 20:17:42.662667,467.0,464.0,407.0,2559.0,1200.0,352.0,63.66260311971324,71.9161271201749,54.42169669287144,41.205204343703365,15.935455216776662,43.71739580146994,44.09033702449737,66.98044348238639,50.503158814330455,90.76572467618266
2025-03-09 20:17:42.662667,470.0,470.0,400.0,2559.0,1200.0,350.0,63.66260311971324,71.9161271201749,54.42169669287144,41.205204343703365,15.935455216776662,43.71739580146994,44.09033702449737,66.98044348238639,50.503158814330455,90.76572467618266
2025-03-09 20:17:42.662667,479.0,468.0,394.0,2559.0,1201.0,353.0,63.66260311971324,71.9161271201749,54.42169669287144,41.205204343703365,15.935455216776662,43.71739580146994,44.09033702449737,66.98044348238639,50.503158814330455,90.76572467618266
2025-03-09 20:17:42.671000,475.0,473.0,400.0,2559.0,1200.0,347.0,63.7313232196418,72.12280177178786,54.4000327243811,41.14698589792217,15.96073567288669,43.673278080797076,44.24363676478341,67.15626753566019,50.621399560380965,90.39759685736583
2025-03-09 20:17:42.671000,483.0,469.0,398.0,2559.0,1198.0,349.0,63.7313232196418,72.12280177178786,54.4000327243811,41.14698589792217,15.96073567288669,43.673278080797076,44.24363676478341,67.15626753566019,50.621399560380965,90.39759685736583
2025-03-09 20:17:42.671000,482.0,465.0,396.0,2559.0,1200.0,349.0,63.7313232196418,72.12280177178786,54.4000327243811,41.14698589792217,15.96073567288669,43.673278080797076,44.24363676478341,67.15626753566019,50.621399560380965,90.39759685736583
2025-03-09 20:17:42.679333,481.0,471.0,400.0,2559.0,1200.0,349.0,63.799947498589766,72.3328881253356,54.38074510753133,41.08752361686266,15.984934355327502,43.626761235752305,44.39876707835645,67.33843466151795,50.7458797527811,90.01710458589847
2025-03-09 20:17:42.679333,482.0,467.0,394.0,2559.0,1200.0,346.0,63.799947498589766,72.3328881253356,54.38074510753133,41.08752361686266,15.984934355327502,43.626761235752305,44.39876707835645,67.33843466151795,50.7458797527811,90.01710458589847
2025-03-09 20:17:42.679333,489.0,467.0,400.0,2559.0,1200.0,348.0,63.799947498589766,72.3328881253356,54.38074510753133,41.08752361686266,15.984934355327502,43.626761235752305,44.39876707835645,67.33843466151795,50.7458797527811,90.01710458589847
2025-03-09 20:17:42.679333,485.0,470.0,400.0,2559.0,1197.0,343.0,63.799947498589766,72.3328881253356,54.38074510753133,41.08752361686266,15.984934355327502,43.626761235752305,44.39876707835645,67.33843466151795,50.7458797527811,90.01710458589847
2025-03-09 20:17:42.687667,494.0,470.0,400.0,2559.0,1200.0,343.0,63.86523571146022,72.54595296360486,54.364804420240475,41.02497855511141,16.008179811225986,43.576826053592654,44.55167232211596,67.52309909095442,50.875668076345086,89.62257448404426
2025-03-09 20:17:42.687667,496.0,474.0,400.0,2559.0,1200.0,348.0,63.86523571146022,72.54595296360486,54.364804420240475,41.02497855511141,16.008179811225986,43.576826053592654,44.55167232211596,67.52309909095442,50.875668076345086,89.62257448404426
2025-03-09 20:17:42.687667,496.0,475.0,407.0,2559.0,1200.0,342.0,63.86523571146022,72.54595296360486,54.364804420240475,41.02497855511141,16.008179811225986,43.576826053592654,44.55167232211596,67.52309909095442,50.875668076345086,89.62257448404426
2025-03-09 20:17:42.696000,494.0,475.0,413.0,2559.0,1201.0,347.0,63.93347051655509,72.76393804850345,54.35254976682886,40.96078733609495,16.031325583244303,43.52580969163633,44.7043391153277,67.71073871239349,51.008209078706216,89.22520587141858
2025-03-09 20:17:42.696000,496.0,477.0,389.0,2559.0,1202.0,342.0,63.93347051655509,72.76393804850345,54.35254976682886,40.96078733609495,16.031325583244303,43.52580969163633,44.7043391153277,67.71073871239349,51.008209078706216,89.22520587141858
2025-03-09 20:17:42.696000,497.0,470.0,385.0,2559.0,1202.0,347.0,63.93347051655509,72.76393804850345,54.35254976682886,40.96078733609495,16.031325583244303,43.52580969163633,44.7043391153277,67.71073871239349,51.008209078706216,89.22520587141858
2025-03-09 20:17:42.696000,496.0,479.0,397.0,2559.0,1199.0,343.0,63.93347051655509,72.76393804850345,54.35254976682886,40.96078733609495,16.031325583244303,43.52580969163633,44.7043391153277,67.71073871239349,51.008209078706216,89.22520587141858
2025-03-09 20:17:42.704333,507.0,466.0,394.0,2559.0,1201.0,343.0,64.01331262378808,72.98826629370436,54.34559294320633,40.89816818304207,16.05656614734464,43.47786621601921,44.85997344702876,67.90269848133367,51.14013007340271,88.8367768214442
2025-03-09 20:17:42.704333,510.0,473.0,403.0,2559.0,1201.0,339.0,64.01331262378808,72.98826629370436,54.34559294320633,40.89816818304207,16.05656614734464,43.47786621601921,44.85997344702876,67.90269848133367,51.14013007340271,88.8367768214442
2025-03-09 20:17:42.704333,511.0,472.0,419.0,2559.0,1210.0,338.0,64.01331262378808,72.98826629370436,54.34559294320633,40.89816818304207,16.05656614734464,43.47786621601921,44.85997344702876,67.90269848133367,51.14013007340271,88.8367768214442
2025-03-09 20:17:42.712667,506.0,475.0,405.0,2559.0,1203.0,349.0,64.10803167131806,73.21929057318485,54.345705926924424,40.83814374746918,16.08479750315954,43.43443113109968,45.018761780180796,68.09924821739996,51.27001570944996,88.46410037284727
2025-03-09 20:17:42.712667,511.0,470.0,394.0,2559.0,1202.0,341.0,64.10803167131806,73.21929057318485,54.345705926924424,40.83814374746918,16.08479750315954,43.43443113109968,45.018761780180796,68.09924821739996,51.27001570944996,88.46410037284727
2025-03-09 20:17:42.712667,510.0,477.0,395.0,2558.0,1202.0,339.0,64.10803167131806,73.21929057318485,54.345705926924424,40.83814374746918,16.08479750315954,43.43443113109968,45.018761780180796,68.09924821739996,51.27001570944996,88.46410037284727
2025-03-09 20:17:42.712667,511.0,472.0,391.0,2559.0,1205.0,340.0,64.10803167131806,73.21929057318485,54.345705926924424,40.83814374746918,16.08479750315954,43.43443113109968,45.018761780180796,68.09924821739996,51.27001570944996,88.46410037284727
2025-03-09 20:17:42.721000,511.0,474.0,399.0,2559.0,1206.0,341.0,64.2130833882609,73.45506545693333,54.353453419447895,40.77792074076112,16.11547651271451,43.39279367988835,45.177193176383916,68.29749811106485,51.39705119728101,88.11004872992348
2025-03-09 20:17:42.721000,528.0,476.0,382.0,2559.0,1203.0,341.0,64.2130833882609,73.45506545693333,54.353453419447895,40.77792074076112,16.11547651271451,43.39279367988835,45.177193176383916,68.29749811106485,51.39705119728101,88.11004872992348
2025-03-09 20:17:42.721000,528.0,480.0,382.0,2557.0,1203.0,336.0,64.2130833882609,73.45506545693333,54.353453419447895,40.77792074076112,16.11547651271451,43.39279367988835,45.177193176383916,68.29749811106485,51.39705119728101,88.11004872992348
2025-03-09 20:17:42.729333,528.0,473.0,387.0,2557.0,1202.0,337.0,64.32022032772258,73.69245131251834,54.37067716045653,40.7151948564353,16.148261775501556,43.35068341882599,45.328630970453446,68.49261131083135,51.521863230667456,87.77739051482403
2025-03-09 20:17:42.729333,526.0,479.0,375.0,2558.0,1202.0,336.0,64.32022032772258,73.69245131251834,54.37067716045653,40.7151948564353,16.148261775501556,43.35068341882599,45.328630970453446,68.49261131083135,51.521863230667456,87.77739051482403
2025-03-09 20:17:42.729333,529.0,474.0,384.0,2554.0,1202.0,336.0,64.32022032772258,73.69245131251834,54.37067716045653,40.7151948564353,16.148261775501556,43.35068341882599,45.328630970453446,68.49261131083135,51.521863230667456,87.77739051482403
2025-03-09 20:17:42.729333,528.0,477.0,384.0,2557.0,1206.0,336.0,64.32022032772258,73.69245131251834,54.37067716045653,40.7151948564353,16.148261775501556,43.35068341882599,45.328630970453446,68.49261131083135,51.521863230667456,87.77739051482403
2025-03-09 20:17:42.737667,529.0,479.0,383.0,2555.0,1206.0,337.0,64.42467569770021,73.92954901190329,54.400154888324934,40.65223971515145,16.18389433678085,43.31060546005149,45.46712425350031,68.68062825342624,51.646330638901794,87.47138958855278
2025-03-09 20:17:42.737667,543.0,481.0,382.0,2552.0,1207.0,333.0,64.42467569770021,73.92954901190329,54.400154888324934,40.65223971515145,16.18389433678085,43.31060546005149,45.46712425350031,68.68062825342624,51.646330638901794,87.47138958855278
2025-03-09 20:17:42.737667,545.0,481.0,387.0,2550.0,1207.0,335.0,64.42467569770021,73.92954901190329,54.400154888324934,40.65223971515145,16.18389433678085,43.31060546005149,45.46712425350031,68.68062825342624,51.646330638901794,87.47138958855278
2025-03-09 20:17:42.737667,546.0,479.0,390.0,2550.0,1211.0,336.0,64.42467569770021,73.92954901190329,54.400154888324934,40.65223971515145,16.18389433678085,43.31060546005149,45.46712425350031,68.68062825342624,51.646330638901794,87.47138958855278
2025-03-09 20:17:42.746000,545.0,476.0,390.0,2550.0,1207.0,336.0,64.5251048460225,74.16394008660225,54.43944510665225,40.590560801752694,16.22345384879731,43.27447757003845,45.59272190716107,68.85824582429053,51.76799554856376,87.19247809783609
2025-03-09 20:17:42.746000,543.0,479.0,397.0,2553.0,1210.0,335.0,64.5251048460225,74.16394008660225,54.43944510665225,40.590560801752694,16.22345384879731,43.27447757003845,45.59272190716107,68.85824582429053,51.76799554856376,87.19247809783609
2025-03-09 20:17:42.746000,545.0,484.0,398.0,2549.0,1211.0,331.0,64.5251048460225,74.16394008660225,54.43944510665225,40.590560801752694,16.22345384879731,43.27447757003845,45.59272190716107,68.85824582429053,51.76799554856376,87.19247809783609
2025-03-09 20:17:42.754333,548.0,484.0,406.0,2554.0,1205.0,333.0,64.61852596947531,74.39199863937066,54.485260005182816,40.5272237721405,16.266979378174245,43.23941596218529,45.70630590242696,69.0225470749538,51.88259593935792,86.93302469698487
2025-03-09 20:17:42.754333,552.0,485.0,401.0,2551.0,1207.0,332.0,64.61852596947531,74.39199863937066,54.485260005182816,40.5272237721405,16.266979378174245,43.23941596218529,45.70630590242696,69.0225470749538,51.88259593935792,86.93302469698487
2025-03-09 20:17:42.754333,559.0,485.0,419.0,2555.0,1209.0,330.0,64.61852596947531,74.39199863937066,54.485260005182816,40.5272237721405,16.266979378174245,43.23941596218529,45.70630590242696,69.0225470749538,51.88259593935792,86.93302469698487
2025-03-09 20:17:42.754333,560.0,482.0,421.0,2544.0,1206.0,336.0,64.61852596947531,74.39199863937066,54.485260005182816,40.5272237721405,16.266979378174245,43.23941596218529,45.70630590242696,69.0225470749538,51.88259593935792,86.93302469698487
2025-03-09 20:17:42.762667,560.0,477.0,432.0,2546.0,1210.0,330.0,64.70053651941669,74.61014358393193,54.53540404017898,40.457269168536484,16.314115787141414,43.20026577098505,45.80830321404888,69.17144037104951,51.986551956059536,86.68566938025691
2025-03-09 20:17:42.762667,563.0,480.0,441.0,2549.0,1215.0,322.0,64.70053651941669,74.61014358393193,54.53540404017898,40.457269168536484,16.314115787141414,43.20026577098505,45.80830321404888,69.17144037104951,51.986551956059536,86.68566938025691
2025-03-09 20:17:42.762667,565.0,484.0,448.0,2557.0,1231.0,332.0,64.70053651941669,74.61014358393193,54.53540404017898,40.457269168536484,16.314115787141414,43.20026577098505,45.80830321404888,69.17144037104951,51.986551956059536,86.68566938025691
2025-03-09 20:17:42.771000,563.0,477.0,431.0,2548.0,1207.0,326.0,64.76852701891735,74.81514571169708,54.5880053949646,40.377340023472186,16.36423876494935,43.153400958646415,45.89909112926024,69.30323127651101,52.07657250504318,86.44590363621637
2025-03-09 20:17:42.771000,566.0,484.0,438.0,2550.0,1215.0,334.0,64.76852701891735,74.81514571169708,54.5880053949646,40.377340023472186,16.36423876494935,43.153400958646415,45.89909112926024,69.30323127651101,52.07657250504318,86.44590363621637
2025-03-09 20:17:42.771000,574.0,479.0,389.0,2544.0,1214.0,321.0,64.76852701891735,74.81514571169708,54.5880053949646,40.377340023472186,16.36423876494935,43.153400958646415,45.89909112926024,69.30323127651101,52.07657250504318,86.44590363621637
2025-03-09 20:17:42.771000,576.0,483.0,388.0,2550.0,1213.0,324.0,64.76852701891735,74.81514571169708,54.5880053949646,40.377340023472186,16.36423876494935,43.153400958646415,45.89909112926024,69.30323127651101,52.07657250504318,86.44590363621637
2025-03-09 20:17:42.779333,576.0,486.0,390.0,2539.0,1213.0,323.0,64.8207713498256,75.00437513082107,54.64279935774222,40.28580923256629,16.416896822830807,43.09693362604129,45.97798259787789,69.41655799964437,52.15062681387968,86.20910169893077
2025-03-09 20:17:42.779333,576.0,481.0,392.0,2543.0,1213.0,325.0,64.8207713498256,75.00437513082107,54.64279935774222,40.28580923256629,16.416896822830807,43.09693362604129,45.97798259787789,69.41655799964437,52.15062681387968,86.20910169893077
2025-03-09 20:17:42.779333,576.0,485.0,395.0,2534.0,1213.0,332.0,64.8207713498256,75.00437513082107,54.64279935774222,40.28580923256629,16.416896822830807,43.09693362604129,45.97798259787789,69.41655799964437,52.15062681387968,86.20910169893077
2025-03-09 20:17:42.787667,578.0,482.0,399.0,2547.0,1212.0,325.0,64.85597493556132,75.17626025791111,54.699035117598285,40.18127571066061,16.471340614264346,43.02898215129025,46.045394579626596,69.5115414322363,52.20797310888724,85.9766977654282
2025-03-09 20:17:42.787667,579.0,480.0,422.0,2544.0,1213.0,322.0,64.85597493556132,75.17626025791111,54.699035117598285,40.18127571066061,16.471340614264346,43.02898215129025,46.045394579626596,69.5115414322363,52.20797310888724,85.9766977654282
2025-03-09 20:17:42.787667,577.0,481.0,422.0,2552.0,1214.0,322.0,64.85597493556132,75.17626025791111,54.699035117598285,40.18127571066061,16.471340614264346,43.02898215129025,46.045394579626596,69.5115414322363,52.20797310888724,85.9766977654282
2025-03-09 20:17:42.787667,592.0,478.0,454.0,2545.0,1207.0,323.0,64.85597493556132,75.17626025791111,54.699035117598285,40.18127571066061,16.471340614264346,43.02898215129025,46.045394579626596,69.5115414322363,52.20797310888724,85.9766977654282
2025-03-09 20:17:42.796000,587.0,491.0,448.0,2541.0,1210.0,322.0,64.873339552003,75.32876590089407,54.752815420136734,40.06343138471807,16.527952914576097,42.94934381246209,46.10374811433006,69.58661612006959,52.24579448755376,85.7500373089609
2025-03-09 20:17:42.796000,592.0,479.0,460.0,2543.0,1198.0,321.0,64.873339552003,75.32876590089407,54.752815420136734,40.06343138471807,16.527952914576097,42.94934381246209,46.10374811433006,69.58661612006959,52.24579448755376,85.7500373089609
2025-03-09 20:17:42.796000,592.0,486.0,470.0,2544.0,1216.0,321.0,64.873339552003,75.32876590089407,54.752815420136734,40.06343138471807,16.527952914576097,42.94934381246209,46.10374811433006,69.58661612006959,52.24579448755376,85.7500373089609
2025-03-09 20:17:42.804333,594.0,486.0,474.0,2543.0,1214.0,320.0,64.87171855594005,75.46001386859939,54.80063286370034,39.96261184268496,16.5730374644659,42.87968752485208,46.143712907500024,69.64910120190638,52.29177802917788,85.52017709826676
2025-03-09 20:17:42.804333,597.0,484.0,446.0,2550.0,1215.0,320.0,64.87171855594005,75.46001386859939,54.80063286370034,39.96261184268496,16.5730374644659,42.87968752485208,46.143712907500024,69.64910120190638,52.29177802917788,85.52017709826676
2025-03-09 20:17:42.804333,593.0,490.0,446.0,2539.0,1207.0,321.0,64.87171855594005,75.46001386859939,54.80063286370034,39.96261184268496,16.5730374644659,42.87968752485208,46.143712907500024,69.64910120190638,52.29177802917788,85.52017709826676
2025-03-09 20:17:42.804333,610.0,484.0,448.0,2544.0,1218.0,322.0,64.87171855594005,75.46001386859939,54.80063286370034,39.96261184268496,16.5730374644659,42.87968752485208,46.143712907500024,69.64910120190638,52.29177802917788,85.52017709826676
2025-03-09 20:17:42.812667,614.0,490.0,432.0,2543.0,1206.0,320.0,64.84922466344578,75.56885944790177,54.839296022536345,39.90415029707094,16.594551263191796,42.837422870563074,46.158053378392445,69.70660244030037,52.37099703954594,85.2789717116617
2025-03-09 20:17:42.812667,610.0,496.0,442.0,2545.0,1216.0,314.0,64.84922466344578,75.56885944790177,54.839296022536345,39.90415029707094,16.594551263191796,42.837422870563074,46.158053378392445,69.70660244030037,52.37099703954594,85.2789717116617
2025-03-09 20:17:42.812667,609.0,481.0,462.0,2539.0,1210.0,322.0,64.84922466344578,75.56885944790177,54.839296022536345,39.90415029707094,16.594551263191796,42.837422870563074,46.158053378392445,69.70660244030037,52.37099703954594,85.2789717116617
2025-03-09 20:17:42.812667,609.0,494.0,463.0,2543.0,1239.0,314.0,64.84922466344578,75.56885944790177,54.839296022536345,39.90415029707094,16.594551263191796,42.837422870563074,46.158053378392445,69.70660244030037,52.37099703954594,85.2789717116617
2025-03-09 20:17:42.821000,618.0,487.0,448.0,2544.0,1207.0,318.0,64.80222476112289,75.65379809663494,54.86623527305921,39.851418287549095,16.60954401536745,42.79598590192148,46.16131435166058,69.7477368348753,52.44820211159388,85.0233201239912
2025-03-09 20:17:42.821000,618.0,485.0,443.0,2541.0,1210.0,316.0,64.80222476112289,75.65379809663494,54.86623527305921,39.851418287549095,16.60954401536745,42.79598590192148,46.16131435166058,69.7477368348753,52.44820211159388,85.0233201239912
2025-03-09 20:17:42.821000,618.0,484.0,448.0,2539.0,1210.0,320.0,64.80222476112289,75.65379809663494,54.86623527305921,39.851418287549095,16.60954401536745,42.79598590192148,46.16131435166058,69.7477368348753,52.44820211159388,85.0233201239912
2025-03-09 20:17:42.829333,629.0,493.0,371.0,2541.0,1207.0,318.0,64.72805058428705,75.71423050037426,54.880758879058696,39.776918776283736,16.630754458207438,42.73589918008758,46.16240382942296,69.76281271620905,52.49697432965575,84.75162480296639
2025-03-09 20:17:42.829333,627.0,495.0,362.0,2538.0,1211.0,320.0,64.72805058428705,75.71423050037426,54.880758879058696,39.776918776283736,16.630754458207438,42.73589918008758,46.16240382942296,69.76281271620905,52.49697432965575,84.75162480296639
2025-03-09 20:17:42.829333,631.0,491.0,361.0,2537.0,1206.0,305.0,64.72805058428705,75.71423050037426,54.880758879058696,39.776918776283736,16.630754458207438,42.73589918008758,46.16240382942296,69.76281271620905,52.49697432965575,84.75162480296639
2025-03-09 20:17:42.829333,631.0,492.0,362.0,2541.0,1211.0,319.0,64.72805058428705,75.71423050037426,54.880758879058696,39.776918776283736,16.630754458207438,42.73589918008758,46.16240382942296,69.76281271620905,52.49697432965575,84.75162480296639
2025-03-09 20:17:42.837667,634.0,491.0,368.0,2535.0,1206.0,314.0,64.6266577112075,75.75067418111853,54.88324899783917,39.689373373182015,16.653565770548656,42.663543767948504,46.15656623668409,69.75355716525438,52.52622955184666,84.46380712321057
2025-03-09 20:17:42.837667,635.0,494.0,359.0,2532.0,1207.0,326.0,64.6266577112075,75.75067418111853,54.88324899783917,39.689373373182015,16.653565770548656,42.663543767948504,46.15656623668409,69.75355716525438,52.52622955184666,84.46380712321057
2025-03-09 20:17:42.837667,635.0,495.0,358.0,2539.0,1211.0,313.0,64.6266577112075,75.75067418111853,54.88324899783917,39.689373373182015,16.653565770548656,42.663543767948504,46.15656623668409,69.75355716525438,52.52622955184666,84.46380712321057
2025-03-09 20:17:42.846000,650.0,491.0,336.0,2529.0,1199.0,314.0,64.49735223149203,75.76233977970034,54.87398131365468,39.594823368545356,16.675838738019525,42.583428664626204,46.141180425391774,69.72072235172598,52.54120390527031,84.15830583201858
2025-03-09 20:17:42.846000,647.0,490.0,336.0,2543.0,1206.0,307.0,64.49735223149203,75.76233977970034,54.87398131365468,39.594823368545356,16.675838738019525,42.583428664626204,46.141180425391774,69.72072235172598,52.54120390527031,84.15830583201858
2025-03-09 20:17:42.846000,647.0,496.0,341.0,2533.0,1201.0,309.0,64.49735223149203,75.76233977970034,54.87398131365468,39.594823368545356,16.675838738019525,42.583428664626204,46.141180425391774,69.72072235172598,52.54120390527031,84.15830583201858
2025-03-09 20:17:42.846000,656.0,496.0,336.0,2537.0,1200.0,310.0,64.49735223149203,75.76233977970034,54.87398131365468,39.594823368545356,16.675838738019525,42.583428664626204,46.141180425391774,69.72072235172598,52.54120390527031,84.15830583201858
2025-03-09 20:17:42.854333,653.0,495.0,342.0,2521.0,1200.0,308.0,64.33992636322617,75.74965978569209,54.85208988090171,39.49554842429192,16.697439000228798,42.49766102422515,46.11618183230354,69.66425840667961,52.54369349948839,83.83332423344469
2025-03-09 20:17:42.854333,656.0,494.0,339.0,2533.0,1200.0,306.0,64.33992636322617,75.74965978569209,54.85208988090171,39.49554842429192,16.697439000228798,42.49766102422515,46.11618183230354,69.66425840667961,52.54369349948839,83.83332423344469
2025-03-09 20:17:42.854333,656.0,494.0,336.0,2544.0,1199.0,313.0,64.33992636322617,75.74965978569209,54.85208988090171,39.49554842429192,16.697439000228798,42.49766102422515,46.11618183230354,69.66425840667961,52.54369349948839,83.83332423344469
2025-03-09 20:17:42.862667,658.0,496.0,334.0,2541.0,1202.0,307.0,64.15635294703657,75.7153191169511,54.81556367881547,39.39142908907468,16.71767119638329,42.406391777200476,46.0832799664286,69.58518612056446,52.534472949455214,83.4890289215429
2025-03-09 20:17:42.862667,673.0,496.0,327.0,2526.0,1192.0,304.0,64.15635294703657,75.7153191169511,54.81556367881547,39.39142908907468,16.71767119638329,42.406391777200476,46.0832799664286,69.58518612056446,52.534472949455214,83.4890289215429
2025-03-09 20:17:42.862667,675.0,498.0,329.0,2529.0,1185.0,304.0,64.15635294703657,75.7153191169511,54.81556367881547,39.39142908907468,16.71767119638329,42.406391777200476,46.0832799664286,69.58518612056446,52.534472949455214,83.4890289215429
2025-03-09 20:17:42.862667,675.0,499.0,337.0,2528.0,1175.0,305.0,64.15635294703657,75.7153191169511,54.81556367881547,39.39142908907468,16.71767119638329,42.406391777200476,46.0832799664286,69.58518612056446,52.534472949455214,83.4890289215429
2025-03-09 20:17:42.871000,679.0,497.0,336.0,2529.0,1187.0,306.0,63.949174398189015,75.66155103380699,54.76341390195516,39.281998258730496,16.735511884522438,42.30893723892708,46.0446881613741,69.48603358524575,52.51454966224739,83.12665406361863
2025-03-09 20:17:42.871000,682.0,499.0,336.0,2534.0,1182.0,306.0,63.949174398189015,75.66155103380699,54.76341390195516,39.281998258730496,16.735511884522438,42.30893723892708,46.0446881613741,69.48603358524575,52.51454966224739,83.12665406361863
2025-03-09 20:17:42.871000,685.0,499.0,336.0,2530.0,1184.0,309.0,63.949174398189015,75.66155103380699,54.76341390195516,39.281998258730496,16.735511884522438,42.30893723892708,46.0446881613741,69.48603358524575,52.51454966224739,83.12665406361863
2025-03-09 20:17:42.879333,684.0,501.0,339.0,2530.0,1174.0,305.0,63.7221331694761,75.59057334789902,54.69602480993572,39.16703538624879,16.750296427628086,42.20474352377364,46.00300340752247,69.37043371238012,52.48488179477465,82.7484458657243
2025-03-09 20:17:42.879333,701.0,502.0,333.0,2527.0,1169.0,302.0,63.7221331694761,75.59057334789902,54.69602480993572,39.16703538624879,16.750296427628086,42.20474352377364,46.00300340752247,69.37043371238012,52.48488179477465,82.7484458657243
2025-03-09 20:17:42.879333,701.0,510.0,337.0,2527.0,1178.0,309.0,63.7221331694761,75.59057334789902,54.69602480993572,39.16703538624879,16.750296427628086,42.20474352377364,46.00300340752247,69.37043371238012,52.48488179477465,82.7484458657243
2025-03-09 20:17:42.879333,705.0,503.0,339.0,2538.0,1175.0,290.0,63.7221331694761,75.59057334789902,54.69602480993572,39.16703538624879,16.750296427628086,42.20474352377364,46.00300340752247,69.37043371238012,52.48488179477465,82.7484458657243
2025-03-09 20:17:42.887667,705.0,505.0,336.0,2512.0,1168.0,304.0,63.47953075161827,75.50362431658569,54.6105247910017,39.04688410650373,16.761486603219364,42.09369335319381,45.963515219828146,69.24182355251378,52.444944379349835,82.35631144518973
2025-03-09 20:17:42.887667,709.0,507.0,338.0,2523.0,1174.0,302.0,63.47953075161827,75.50362431658569,54.6105247910017,39.04688410650373,16.761486603219364,42.09369335319381,45.963515219828146,69.24182355251378,52.444944379349835,82.35631144518973
2025-03-09 20:17:42.887667,712.0,511.0,337.0,2525.0,1167.0,295.0,63.47953075161827,75.50362431658569,54.6105247910017,39.04688410650373,16.761486603219364,42.09369335319381,45.963515219828146,69.24182355251378,52.444944379349835,82.35631144518973
2025-03-09 20:17:42.887667,711.0,502.0,339.0,2531.0,1165.0,295.0,63.47953075161827,75.50362431658569,54.6105247910017,39.04688410650373,16.761486603219364,42.09369335319381,45.963515219828146,69.24182355251378,52.444944379349835,82.35631144518973
2025-03-09 20:17:42.896000,707.0,508.0,336.0,2530.0,1167.0,295.0,63.22484667408524,75.40170787677263,54.50300978958908,38.922463432030575,16.76834457333198,41.9762581112811,45.93113218247789,69.1026945064206,52.394503898967784,81.95186861087888
2025-03-09 20:17:42.896000,736.0,511.0,341.0,2527.0,1152.0,304.0,63.22484667408524,75.40170787677263,54.50300978958908,38.922463432030575,16.76834457333198,41.9762581112811,45.93113218247789,69.1026945064206,52.394503898967784,81.95186861087888
2025-03-09 20:17:42.896000,738.0,524.0,336.0,2537.0,1153.0,299.0,63.22484667408524,75.40170787677263,54.50300978958908,38.922463432030575,16.76834457333198,41.9762581112811,45.93113218247789,69.1026945064206,52.394503898967784,81.95186861087888
2025-03-09 20:17:42.896000,735.0,511.0,339.0,2515.0,1152.0,279.0,63.22484667408524,75.40170787677263,54.50300978958908,38.922463432030575,16.76834457333198,41.9762581112811,45.93113218247789,69.1026945064206,52.394503898967784,81.95186861087888
2025-03-09 20:17:42.904333,740.0,527.0,340.0,2509.0,1152.0,302.0,62.96153477696162,75.28703213480156,54.37508347069207,38.79490238114169,16.769839245941583,41.85304070926201,45.90661112152448,68.95640293655134,52.33590193823443,81.5378128015094
2025-03-09 20:17:42.904333,745.0,511.0,339.0,2532.0,1150.0,287.0,62.96153477696162,75.28703213480156,54.37508347069207,38.79490238114169,16.769839245941583,41.85304070926201,45.90661112152448,68.95640293655134,52.33590193823443,81.5378128015094
2025-03-09 20:17:42.904333,746.0,511.0,341.0,2522.0,1145.0,299.0,62.96153477696162,75.28703213480156,54.37508347069207,38.79490238114169,16.769839245941583,41.85304070926201,45.90661112152448,68.95640293655134,52.33590193823443,81.5378128015094
2025-03-09 20:17:42.912667,747.0,522.0,341.0,2517.0,1147.0,295.0,62.69309602605164,75.1630185836616,54.23453011185865,38.66653731672909,16.764656311525407,41.72564443635228,45.88594740167025,68.80734909998358,52.27469653220093,81.11786679928872
2025-03-09 20:17:42.912667,768.0,528.0,349.0,2500.0,1133.0,294.0,62.69309602605164,75.1630185836616,54.23453011185865,38.66653731672909,16.764656311525407,41.72564443635228,45.88594740167025,68.80734909998358,52.27469653220093,81.11786679928872
2025-03-09 20:17:42.912667,773.0,534.0,346.0,2518.0,1138.0,298.0,62.69309602605164,75.1630185836616,54.23453011185865,38.66653731672909,16.764656311525407,41.72564443635228,45.88594740167025,68.80734909998358,52.27469653220093,81.11786679928872
2025-03-09 20:17:42.921000,773.0,531.0,349.0,2512.0,1138.0,291.0,62.422643972081936,75.03188815764463,54.08553807007341,38.540374492648894,16.75208215183311,41.5967123312688,45.86674036362559,68.65782219949006,52.21426418379545,80.69410284756175
2025-03-09 20:17:42.921000,778.0,531.0,346.0,2512.0,1137.0,291.0,62.422643972081936,75.03188815764463,54.08553807007341,38.540374492648894,16.75208215183311,41.5967123312688,45.86674036362559,68.65782219949006,52.21426418379545,80.69410284756175
2025-03-09 20:17:42.921000,780.0,535.0,353.0,2487.0,1135.0,287.0,62.422643972081936,75.03188815764463,54.08553807007341,38.540374492648894,16.75208215183311,41.5967123312688,45.86674036362559,68.65782219949006,52.21426418379545,80.69410284756175
2025-03-09 20:17:42.921000,782.0,538.0,346.0,2513.0,1136.0,289.0,62.422643972081936,75.03188815764463,54.08553807007341,38.540374492648894,16.75208215183311,41.5967123312688,45.86674036362559,68.65782219949006,52.21426418379545,80.69410284756175
2025-03-09 20:17:42.921000,784.0,537.0,350.0,2509.0,1123.0,290.0,62.422643972081936,75.03188815764463,54.08553807007341,38.540374492648894,16.75208215183311,41.5967123312688,45.86674036362559,68.65782219949006,52.21426418379545,80.69410284756175
2025-03-09 20:17:42.929333,790.0,532.0,347.0,2519.0,1134.0,288.0,62.153053692117695,74.89421029300621,53.9291113649361,38.41754662434942,16.7331737574374,41.467970163365855,45.84915847081727,68.5076134239496,52.1531932926216,80.26709535416849
2025-03-09 20:17:42.929333,814.0,548.0,349.0,2506.0,1122.0,286.0,62.153053692117695,74.89421029300621,53.9291113649361,38.41754662434942,16.7331737574374,41.467970163365855,45.84915847081727,68.5076134239496,52.1531932926216,80.26709535416849
2025-03-09 20:17:42.937667,816.0,548.0,353.0,2509.0,1101.0,279.0,61.88604955548201,74.75037122841998,53.76778137675594,38.29933487506799,16.710778907125867,41.34203750648712,45.83216186466314,68.3549467689642,52.08954203320604,79.83828703976792
2025-03-09 20:17:42.937667,818.0,559.0,354.0,2511.0,1114.0,286.0,61.88604955548201,74.75037122841998,53.76778137675594,38.29933487506799,16.710778907125867,41.34203750648712,45.83216186466314,68.3549467689642,52.08954203320604,79.83828703976792
2025-03-09 20:17:42.937667,822.0,554.0,352.0,2512.0,1115.0,288.0,61.88604955548201,74.75037122841998,53.76778137675594,38.29933487506799,16.710778907125867,41.34203750648712,45.83216186466314,68.3549467689642,52.08954203320604,79.83828703976792
2025-03-09 20:17:42.937667,823.0,560.0,363.0,2507.0,1127.0,288.0,61.88604955548201,74.75037122841998,53.76778137675594,38.29933487506799,16.710778907125867,41.34203750648712,45.83216186466314,68.3549467689642,52.08954203320604,79.83828703976792
2025-03-09 20:17:42.946000,825.0,559.0,354.0,2506.0,1117.0,290.0,61.62321617164024,74.60137089777949,53.605760728942506,38.18908201424748,16.687778741404976,41.22351059193532,45.81293020603,68.19810866884578,52.02345083307301,79.4102654592419
2025-03-09 20:17:42.946000,831.0,560.0,347.0,2505.0,1111.0,284.0,61.62321617164024,74.60137089777949,53.605760728942506,38.18908201424748,16.687778741404976,41.22351059193532,45.81293020603,68.19810866884578,52.02345083307301,79.4102654592419
2025-03-09 20:17:42.946000,859.0,567.0,358.0,2497.0,1104.0,280.0,61.62321617164024,74.60137089777949,53.605760728942506,38.18908201424748,16.687778741404976,41.22351059193532,45.81293020603,68.19810866884578,52.02345083307301,79.4102654592419
2025-03-09 20:17:42.946000,863.0,575.0,357.0,2501.0,1099.0,272.0,61.62321617164024,74.60137089777949,53.605760728942506,38.18908201424748,16.687778741404976,41.22351059193532,45.81293020603,68.19810866884578,52.02345083307301,79.4102654592419
2025-03-09 20:17:42.954333,866.0,577.0,356.0,2506.0,1095.0,278.0,61.36766277130014,74.44793950006321,53.444410235002266,38.08759470214544,16.66571198029398,41.113778797587855,45.79243667237276,68.03778450712937,51.95334957554199,78.98549332963434
2025-03-09 20:17:42.954333,868.0,577.0,363.0,2559.0,1098.0,281.0,61.36766277130014,74.44793950006321,53.444410235002266,38.08759470214544,16.66571198029398,41.113778797587855,45.79243667237276,68.03778450712937,51.95334957554199,78.98549332963434
2025-03-09 20:17:42.954333,867.0,576.0,356.0,2501.0,1099.0,304.0,61.36766277130014,74.44793950006321,53.444410235002266,38.08759470214544,16.66571198029398,41.113778797587855,45.79243667237276,68.03778450712937,51.95334957554199,78.98549332963434
2025-03-09 20:17:42.954333,870.0,576.0,362.0,2471.0,1097.0,275.0,61.36766277130014,74.44793950006321,53.444410235002266,38.08759470214544,16.66571198029398,41.113778797587855,45.79243667237276,68.03778450712937,51.95334957554199,78.98549332963434
2025-03-09 20:17:42.962667,870.0,575.0,354.0,2496.0,1090.0,271.0,61.12322004109608,74.29137828695353,53.283344796399874,37.99298352487205,16.645141893214785,41.010932772533955,45.77499682009986,67.8775646542856,51.87732838758066,78.56691881311164
2025-03-09 20:17:42.962667,875.0,576.0,362.0,2559.0,1090.0,261.0,61.12322004109608,74.29137828695353,53.283344796399874,37.99298352487205,16.645141893214785,41.010932772533955,45.77499682009986,67.8775646542856,51.87732838758066,78.56691881311164
2025-03-09 20:17:42.962667,900.0,592.0,365.0,2501.0,1079.0,272.0,61.12322004109608,74.29137828695353,53.283344796399874,37.99298352487205,16.645141893214785,41.010932772533955,45.77499682009986,67.8775646542856,51.87732838758066,78.56691881311164
2025-03-09 20:17:42.971000,898.0,592.0,358.0,2499.0,1077.0,272.0,60.89248692550002,74.13263744743229,53.121589415200674,37.904669988255854,16.62571098104414,40.91404454422769,45.76349963144875,67.7201923897674,51.79489561459912,78.15689392802904
2025-03-09 20:17:42.971000,902.0,603.0,365.0,2512.0,1079.0,274.0,60.89248692550002,74.13263744743229,53.121589415200674,37.904669988255854,16.62571098104414,40.91404454422769,45.76349963144875,67.7201923897674,51.79489561459912,78.15689392802904
2025-03-09 20:17:42.971000,902.0,594.0,369.0,2506.0,1075.0,272.0,60.89248692550002,74.13263744743229,53.121589415200674,37.904669988255854,16.62571098104414,40.91404454422769,45.76349963144875,67.7201923897674,51.79489561459912,78.15689392802904
2025-03-09 20:17:42.971000,909.0,595.0,366.0,2492.0,1077.0,272.0,60.89248692550002,74.13263744743229,53.121589415200674,37.904669988255854,16.62571098104414,40.91404454422769,45.76349963144875,67.7201923897674,51.79489561459912,78.15689392802904
2025-03-09 20:17:42.979333,901.0,599.0,363.0,2513.0,1075.0,272.0,60.67702627405635,73.9717031921276,52.95755513392238,37.822428985460974,16.606752608532677,40.82261510986703,45.75950115800458,67.56662903321003,51.70506048675132,77.7558801482575
2025-03-09 20:17:42.979333,910.0,595.0,368.0,2511.0,1072.0,272.0,60.67702627405635,73.9717031921276,52.95755513392238,37.822428985460974,16.606752608532677,40.82261510986703,45.75950115800458,67.56662903321003,51.70506048675132,77.7558801482575
2025-03-09 20:17:42.979333,926.0,613.0,369.0,2496.0,1062.0,268.0,60.67702627405635,73.9717031921276,52.95755513392238,37.822428985460974,16.606752608532677,40.82261510986703,45.75950115800458,67.56662903321003,51.70506048675132,77.7558801482575
2025-03-09 20:17:42.979333,923.0,615.0,370.0,2494.0,1059.0,269.0,60.67702627405635,73.9717031921276,52.95755513392238,37.822428985460974,16.606752608532677,40.82261510986703,45.75950115800458,67.56662903321003,51.70506048675132,77.7558801482575
2025-03-09 20:17:42.987667,922.0,614.0,368.0,2494.0,1059.0,267.0,60.47814065361362,73.80925099360094,52.79039997667828,37.74479599697507,16.588030463734782,40.73524957944092,45.76440062052422,67.41789905159801,51.60666527440009,77.36434488979904
2025-03-09 20:17:42.987667,928.0,617.0,368.0,2493.0,1061.0,270.0,60.47814065361362,73.80925099360094,52.79039997667828,37.74479599697507,16.588030463734782,40.73524957944092,45.76440062052422,67.41789905159801,51.60666527440009,77.36434488979904
2025-03-09 20:17:42.996000,931.0,617.0,368.0,2495.0,1057.0,267.0,60.296218862730825,73.64711978886132,52.619896947669766,37.6708064240862,16.569088371435534,40.65101410546469,45.77885572734207,67.27538335629035,51.50081821461534,76.98374250969289
2025-03-09 20:17:42.996000,930.0,621.0,370.0,2491.0,1056.0,267.0,60.296218862730825,73.64711978886132,52.619896947669766,37.6708064240862,16.569088371435534,40.65101410546469,45.77885572734207,67.27538335629035,51.50081821461534,76.98374250969289
2025-03-09 20:17:42.996000,934.0,624.0,370.0,2494.0,1058.0,267.0,60.296218862730825,73.64711978886132,52.619896947669766,37.6708064240862,16.569088371435534,40.65101410546469,45.77885572734207,67.27538335629035,51.50081821461534,76.98374250969289
2025-03-09 20:17:42.996000,935.0,619.0,374.0,2487.0,1054.0,269.0,60.296218862730825,73.64711978886132,52.619896947669766,37.6708064240862,16.569088371435534,40.65101410546469,45.77885572734207,67.27538335629035,51.50081821461534,76.98374250969289
2025-03-09 20:17:42.996000,950.0,629.0,377.0,2485.0,1044.0,262.0,60.296218862730825,73.64711978886132,52.619896947669766,37.6708064240862,16.569088371435534,40.65101410546469,45.77885572734207,67.27538335629035,51.50081821461534,76.98374250969289
2025-03-09 20:17:43.004333,954.0,635.0,381.0,2483.0,1045.0,263.0,60.13033207648551,73.48718734515727,52.44485087840072,37.600331418626695,16.54871716070361,40.56963483036528,45.802808243213704,67.13969684991176,51.39014209102261,76.61485362945663
2025-03-09 20:17:43.004333,953.0,634.0,383.0,2482.0,1049.0,262.0,60.13033207648551,73.48718734515727,52.44485087840072,37.600331418626695,16.54871716070361,40.56963483036528,45.802808243213704,67.13969684991176,51.39014209102261,76.61485362945663
2025-03-09 20:17:43.004333,955.0,637.0,384.0,2486.0,1043.0,264.0,60.13033207648551,73.48718734515727,52.44485087840072,37.600331418626695,16.54871716070361,40.56963483036528,45.802808243213704,67.13969684991176,51.39014209102261,76.61485362945663
2025-03-09 20:17:43.012667,959.0,634.0,380.0,2493.0,1044.0,262.0,59.97949770089866,73.3305351504478,52.26489746389088,37.5343487785693,16.526503467409764,40.49196239000211,45.83593818217907,67.01109354050301,51.277057432578644,76.25746414933442
2025-03-09 20:17:43.012667,957.0,642.0,379.0,2482.0,1040.0,261.0,59.97949770089866,73.3305351504478,52.26489746389088,37.5343487785693,16.526503467409764,40.49196239000211,45.83593818217907,67.01109354050301,51.277057432578644,76.25746414933442
2025-03-09 20:17:43.012667,959.0,640.0,385.0,2491.0,1041.0,256.0,59.97949770089866,73.3305351504478,52.26489746389088,37.5343487785693,16.526503467409764,40.49196239000211,45.83593818217907,67.01109354050301,51.277057432578644,76.25746414933442
2025-03-09 20:17:43.012667,959.0,640.0,383.0,2481.0,1040.0,263.0,59.97949770089866,73.3305351504478,52.26489746389088,37.5343487785693,16.526503467409764,40.49196239000211,45.83593818217907,67.01109354050301,51.277057432578644,76.25746414933442
2025-03-09 20:17:43.021000,965.0,651.0,389.0,2481.0,1038.0,258.0,59.84420639168543,73.17769205298487,52.08094106249437,37.474563747588526,16.50347112010017,40.41999904556658,45.87800498873544,66.88944353776326,51.162205363503794,75.911084287424
2025-03-09 20:17:43.021000,969.0,653.0,389.0,2480.0,1040.0,256.0,59.84420639168543,73.17769205298487,52.08094106249437,37.474563747588526,16.50347112010017,40.41999904556658,45.87800498873544,66.88944353776326,51.162205363503794,75.911084287424
2025-03-09 20:17:43.021000,965.0,643.0,391.0,2483.0,1034.0,259.0,59.84420639168543,73.17769205298487,52.08094106249437,37.474563747588526,16.50347112010017,40.41999904556658,45.87800498873544,66.88944353776326,51.162205363503794,75.911084287424
2025-03-09 20:17:43.029333,963.0,647.0,394.0,2480.0,1035.0,257.0,59.72527167110111,73.03104112483604,51.89477325228633,37.41976339680436,16.480060880146432,40.35332705792825,45.92798080146795,66.77494424512189,51.04594873798794,75.57650200012786
2025-03-09 20:17:43.029333,962.0,653.0,390.0,2481.0,1035.0,259.0,59.72527167110111,73.03104112483604,51.89477325228633,37.41976339680436,16.480060880146432,40.35332705792825,45.92798080146795,66.77494424512189,51.04594873798794,75.57650200012786
2025-03-09 20:17:43.029333,962.0,650.0,384.0,2482.0,1031.0,258.0,59.72527167110111,73.03104112483604,51.89477325228633,37.41976339680436,16.480060880146432,40.35332705792825,45.92798080146795,66.77494424512189,51.04594873798794,75.57650200012786
2025-03-09 20:17:43.029333,969.0,650.0,395.0,2486.0,1023.0,256.0,59.72527167110111,73.03104112483604,51.89477325228633,37.41976339680436,16.480060880146432,40.35332705792825,45.92798080146795,66.77494424512189,51.04594873798794,75.57650200012786
2025-03-09 20:17:43.037667,962.0,656.0,387.0,2480.0,1022.0,254.0,59.62141733593039,72.89278871541482,51.70797461538797,37.36742565124913,16.455445276204248,40.28921735004332,45.985508275088755,66.6697787211762,50.93083762536469,75.2559803996785
2025-03-09 20:17:43.037667,965.0,656.0,386.0,2479.0,1022.0,258.0,59.62141733593039,72.89278871541482,51.70797461538797,37.36742565124913,16.455445276204248,40.28921735004332,45.985508275088755,66.6697787211762,50.93083762536469,75.2559803996785
2025-03-09 20:17:43.037667,961.0,656.0,390.0,2480.0,1023.0,256.0,59.62141733593039,72.89278871541482,51.70797461538797,37.36742565124913,16.455445276204248,40.28921735004332,45.985508275088755,66.6697787211762,50.93083762536469,75.2559803996785
2025-03-09 20:17:43.037667,960.0,656.0,399.0,2478.0,1021.0,257.0,59.62141733593039,72.89278871541482,51.70797461538797,37.36742565124913,16.455445276204248,40.28921735004332,45.985508275088755,66.6697787211762,50.93083762536469,75.2559803996785
2025-03-09 20:17:43.046000,960.0,660.0,393.0,2480.0,1021.0,256.0,59.53040761314124,72.76284696107129,51.5212445161615,37.315822315032136,16.42892114336869,40.22489766020523,46.05163775818953,66.57674019690243,50.819115312373505,74.95183205277351
2025-03-09 20:17:43.046000,960.0,656.0,398.0,2480.0,1022.0,253.0,59.53040761314124,72.76284696107129,51.5212445161615,37.315822315032136,16.42892114336869,40.22489766020523,46.05163775818953,66.57674019690243,50.819115312373505,74.95183205277351
2025-03-09 20:17:43.046000,958.0,655.0,398.0,2480.0,1019.0,255.0,59.53040761314124,72.76284696107129,51.5212445161615,37.315822315032136,16.42892114336869,40.22489766020523,46.05163775818953,66.57674019690243,50.819115312373505,74.95183205277351
2025-03-09 20:17:43.054333,950.0,656.0,394.0,2480.0,1017.0,254.0,59.451165060039905,72.64160177089815,51.337368472855935,37.26509403046434,16.400524716682995,40.160182067201355,46.12473176567619,66.49688304623153,50.712721346392534,74.6653432289754
2025-03-09 20:17:43.054333,951.0,656.0,399.0,2474.0,1011.0,253.0,59.451165060039905,72.64160177089815,51.337368472855935,37.26509403046434,16.400524716682995,40.160182067201355,46.12473176567619,66.49688304623153,50.712721346392534,74.6653432289754
2025-03-09 20:17:43.054333,948.0,662.0,395.0,2475.0,1008.0,254.0,59.451165060039905,72.64160177089815,51.337368472855935,37.26509403046434,16.400524716682995,40.160182067201355,46.12473176567619,66.49688304623153,50.712721346392534,74.6653432289754
2025-03-09 20:17:43.054333,950.0,657.0,399.0,2475.0,1008.0,252.0,59.451165060039905,72.64160177089815,51.337368472855935,37.26509403046434,16.400524716682995,40.160182067201355,46.12473176567619,66.49688304623153,50.712721346392534,74.6653432289754
2025-03-09 20:17:43.062667,946.0,656.0,403.0,2480.0,1013.0,253.0,59.38201450653189,72.53011177418743,51.16150952890648,37.2175598339363,16.372007003668852,40.09822217897364,46.19987062013228,66.42829598794165,50.614144687308304,74.39766296987605
2025-03-09 20:17:43.062667,947.0,659.0,395.0,2480.0,1008.0,256.0,59.38201450653189,72.53011177418743,51.16150952890648,37.2175598339363,16.372007003668852,40.09822217897364,46.19987062013228,66.42829598794165,50.614144687308304,74.39766296987605
2025-03-09 20:17:43.062667,944.0,657.0,396.0,2477.0,1008.0,249.0,59.38201450653189,72.53011177418743,51.16150952890648,37.2175598339363,16.372007003668852,40.09822217897364,46.19987062013228,66.42829598794165,50.614144687308304,74.39766296987605
2025-03-09 20:17:43.071000,947.0,659.0,400.0,2474.0,1010.0,247.0,59.32145856096596,72.42849315686749,50.995063343072815,37.17510244717245,16.345153810599747,40.041717077687395,46.27516187587602,66.36860833119252,50.52416720616205,74.14962728966059
2025-03-09 20:17:43.071000,938.0,660.0,397.0,2478.0,1006.0,247.0,59.32145856096596,72.42849315686749,50.995063343072815,37.17510244717245,16.345153810599747,40.041717077687395,46.27516187587602,66.36860833119252,50.52416720616205,74.14962728966059
2025-03-09 20:17:43.071000,943.0,660.0,398.0,2478.0,1002.0,253.0,59.32145856096596,72.42849315686749,50.995063343072815,37.17510244717245,16.345153810599747,40.041717077687395,46.27516187587602,66.36860833119252,50.52416720616205,74.14962728966059
2025-03-09 20:17:43.071000,939.0,669.0,406.0,2479.0,1002.0,246.0,59.32145856096596,72.42849315686749,50.995063343072815,37.17510244717245,16.345153810599747,40.041717077687395,46.27516187587602,66.36860833119252,50.52416720616205,74.14962728966059
2025-03-09 20:17:43.079333,937.0,663.0,400.0,2477.0,1005.0,246.0,59.26998347954641,72.33550852442129,50.833776845221,37.13860717557532,16.321211358803765,39.99209261165207,46.35379492841012,66.3158847334195,50.44016031399311,73.92078206184074
2025-03-09 20:17:43.079333,933.0,671.0,400.0,2475.0,1004.0,253.0,59.26998347954641,72.33550852442129,50.833776845221,37.13860717557532,16.321211358803765,39.99209261165207,46.35379492841012,66.3158847334195,50.44016031399311,73.92078206184074
2025-03-09 20:17:43.079333,933.0,672.0,400.0,2469.0,1006.0,245.0,59.26998347954641,72.33550852442129,50.833776845221,37.13860717557532,16.321211358803765,39.99209261165207,46.35379492841012,66.3158847334195,50.44016031399311,73.92078206184074
2025-03-09 20:17:43.087667,939.0,660.0,400.0,2468.0,1006.0,251.0,59.227801391557676,72.25040283497367,50.67787094227783,37.108942801673784,16.300339863006485,39.95018361684408,46.43528723977274,66.26958732146502,50.36159592942984,73.71125670385332
2025-03-09 20:17:43.087667,937.0,666.0,406.0,2469.0,1006.0,250.0,59.227801391557676,72.25040283497367,50.67787094227783,37.108942801673784,16.300339863006485,39.95018361684408,46.43528723977274,66.26958732146502,50.36159592942984,73.71125670385332
2025-03-09 20:17:43.087667,928.0,678.0,402.0,2479.0,1001.0,243.0,59.227801391557676,72.25040283497367,50.67787094227783,37.108942801673784,16.300339863006485,39.95018361684408,46.43528723977274,66.26958732146502,50.36159592942984,73.71125670385332
2025-03-09 20:17:43.087667,927.0,673.0,410.0,2476.0,999.0,250.0,59.227801391557676,72.25040283497367,50.67787094227783,37.108942801673784,16.300339863006485,39.95018361684408,46.43528723977274,66.26958732146502,50.36159592942984,73.71125670385332
2025-03-09 20:17:43.096000,924.0,673.0,407.0,2464.0,998.0,247.0,59.19428630760148,72.1730612028649,50.529960400176385,37.08594573797291,16.282223084327097,39.91558092453669,46.51742228298173,66.2300796632085,50.28927703673264,73.5213930371673
2025-03-09 20:17:43.096000,920.0,671.0,411.0,2470.0,998.0,245.0,59.19428630760148,72.1730612028649,50.529960400176385,37.08594573797291,16.282223084327097,39.91558092453669,46.51742228298173,66.2300796632085,50.28927703673264,73.5213930371673
2025-03-09 20:17:43.096000,926.0,671.0,405.0,2474.0,999.0,251.0,59.19428630760148,72.1730612028649,50.529960400176385,37.08594573797291,16.282223084327097,39.91558092453669,46.51742228298173,66.2300796632085,50.28927703673264,73.5213930371673
2025-03-09 20:17:43.096000,921.0,675.0,411.0,2466.0,997.0,249.0,59.19428630760148,72.1730612028649,50.529960400176385,37.08594573797291,16.282223084327097,39.91558092453669,46.51742228298173,66.2300796632085,50.28927703673264,73.5213930371673
2025-03-09 20:17:43.104333,921.0,671.0,409.0,2466.0,998.0,248.0,59.16876318965513,72.10348816083733,50.391006469913975,37.06821854759524,16.26632434068341,39.88665809965459,46.5994852651033,66.19795220791107,50.22337272662445,73.35192049231235
2025-03-09 20:17:43.104333,923.0,673.0,408.0,2471.0,998.0,247.0,59.16876318965513,72.10348816083733,50.391006469913975,37.06821854759524,16.26632434068341,39.88665809965459,46.5994852651033,66.19795220791107,50.22337272662445,73.35192049231235
2025-03-09 20:17:43.104333,918.0,676.0,415.0,2462.0,993.0,249.0,59.16876318965513,72.10348816083733,50.391006469913975,37.06821854759524,16.26632434068341,39.88665809965459,46.5994852651033,66.19795220791107,50.22337272662445,73.35192049231235
2025-03-09 20:17:43.104333,917.0,679.0,413.0,2464.0,993.0,242.0,59.16876318965513,72.10348816083733,50.391006469913975,37.06821854759524,16.26632434068341,39.88665809965459,46.5994852651033,66.19795220791107,50.22337272662445,73.35192049231235
2025-03-09 20:17:43.112667,914.0,673.0,415.0,2467.0,994.0,242.0,59.151173226482264,72.04206883649597,50.26117737047645,37.05428447683182,16.252234048341858,39.861844771455466,46.68170173150771,66.17395223170439,50.163741193081876,73.20402078077325
2025-03-09 20:17:43.112667,917.0,671.0,413.0,2464.0,994.0,244.0,59.151173226482264,72.04206883649597,50.26117737047645,37.05428447683182,16.252234048341858,39.861844771455466,46.68170173150771,66.17395223170439,50.163741193081876,73.20402078077325
2025-03-09 20:17:43.112667,914.0,681.0,410.0,2454.0,991.0,243.0,59.151173226482264,72.04206883649597,50.26117737047645,37.05428447683182,16.252234048341858,39.861844771455466,46.68170173150771,66.17395223170439,50.163741193081876,73.20402078077325
2025-03-09 20:17:43.121000,912.0,678.0,414.0,2466.0,997.0,243.0,59.141647342379315,71.98908833928262,50.139570691463625,37.04232192718089,16.24069004162258,39.83972638871504,46.765714950094136,66.1581603205844,50.108877417707916,73.07840848304143
2025-03-09 20:17:43.121000,912.0,678.0,415.0,2465.0,990.0,246.0,59.141647342379315,71.98908833928262,50.139570691463625,37.04232192718089,16.24069004162258,39.83972638871504,46.765714950094136,66.1581603205844,50.108877417707916,73.07840848304143
2025-03-09 20:17:43.121000,913.0,678.0,411.0,2466.0,994.0,246.0,59.141647342379315,71.98908833928262,50.139570691463625,37.04232192718089,16.24069004162258,39.83972638871504,46.765714950094136,66.1581603205844,50.108877417707916,73.07840848304143
2025-03-09 20:17:43.121000,910.0,678.0,416.0,2465.0,992.0,242.0,59.141647342379315,71.98908833928262,50.139570691463625,37.04232192718089,16.24069004162258,39.83972638871504,46.765714950094136,66.1581603205844,50.108877417707916,73.07840848304143
2025-03-09 20:17:43.129333,907.0,675.0,427.0,2463.0,991.0,243.0,59.13975791636068,71.94402526605128,50.02573483628736,37.03107950439006,16.232896650452307,39.81964721423031,46.85211530198805,66.14941281986636,50.05672585101826,72.97500670269508
2025-03-09 20:17:43.129333,905.0,679.0,415.0,2467.0,990.0,242.0,59.13975791636068,71.94402526605128,50.02573483628736,37.03107950439006,16.232896650452307,39.81964721423031,46.85211530198805,66.14941281986636,50.05672585101826,72.97500670269508
2025-03-09 20:17:43.129333,905.0,676.0,415.0,2466.0,991.0,244.0,59.13975791636068,71.94402526605128,50.02573483628736,37.03107950439006,16.232896650452307,39.81964721423031,46.85211530198805,66.14941281986636,50.05672585101826,72.97500670269508
2025-03-09 20:17:43.129333,910.0,679.0,419.0,2464.0,994.0,241.0,59.13975791636068,71.94402526605128,50.02573483628736,37.03107950439006,16.232896650452307,39.81964721423031,46.85211530198805,66.14941281986636,50.05672585101826,72.97500670269508
2025-03-09 20:17:43.137667,905.0,682.0,411.0,2462.0,993.0,241.0,59.14546977324047,71.90655375601737,49.92008628651869,37.02031722449499,16.23003069313587,39.80197257303436,46.940573215521546,66.14645300196032,50.00577624284561,72.8939739411753
2025-03-09 20:17:43.137667,905.0,679.0,421.0,2465.0,991.0,241.0,59.14546977324047,71.90655375601737,49.92008628651869,37.02031722449499,16.23003069313587,39.80197257303436,46.940573215521546,66.14645300196032,50.00577624284561,72.8939739411753
2025-03-09 20:17:43.137667,909.0,677.0,420.0,2465.0,987.0,241.0,59.14546977324047,71.90655375601737,49.92008628651869,37.02031722449499,16.23003069313587,39.80197257303436,46.940573215521546,66.14645300196032,50.00577624284561,72.8939739411753
2025-03-09 20:17:43.146000,900.0,679.0,419.0,2463.0,994.0,240.0,59.15976044915718,71.87734248370587,49.823883121924254,37.00962692039096,16.233168742502336,39.78685165392405,47.03101642278453,66.14928336974312,49.95504067566904,72.83685623835046
2025-03-09 20:17:43.146000,896.0,677.0,414.0,2467.0,993.0,243.0,59.15976044915718,71.87734248370587,49.823883121924254,37.00962692039096,16.233168742502336,39.78685165392405,47.03101642278453,66.14928336974312,49.95504067566904,72.83685623835046
2025-03-09 20:17:43.146000,896.0,670.0,414.0,2461.0,992.0,242.0,59.15976044915718,71.87734248370587,49.823883121924254,37.00962692039096,16.233168742502336,39.78685165392405,47.03101642278453,66.14928336974312,49.95504067566904,72.83685623835046
2025-03-09 20:17:43.146000,895.0,681.0,416.0,2459.0,993.0,243.0,59.15976044915718,71.87734248370587,49.823883121924254,37.00962692039096,16.233168742502336,39.78685165392405,47.03101642278453,66.14928336974312,49.95504067566904,72.83685623835046
2025-03-09 20:17:43.154333,893.0,681.0,416.0,2471.0,991.0,241.0,59.184003886554514,71.85790302673529,49.73897818348576,36.999811329975,16.24055604102229,39.774626001377065,47.121515878699775,66.15942437346798,49.90668936370913,72.80635655604182
2025-03-09 20:17:43.154333,890.0,673.0,421.0,2467.0,988.0,241.0,59.184003886554514,71.85790302673529,49.73897818348576,36.999811329975,16.24055604102229,39.774626001377065,47.121515878699775,66.15942437346798,49.90668936370913,72.80635655604182
2025-03-09 20:17:43.154333,895.0,672.0,419.0,2476.0,991.0,241.0,59.184003886554514,71.85790302673529,49.73897818348576,36.999811329975,16.24055604102229,39.774626001377065,47.121515878699775,66.15942437346798,49.90668936370913,72.80635655604182
2025-03-09 20:17:43.154333,891.0,685.0,421.0,2463.0,992.0,241.0,59.184003886554514,71.85790302673529,49.73897818348576,36.999811329975,16.24055604102229,39.774626001377065,47.121515878699775,66.15942437346798,49.90668936370913,72.80635655604182
2025-03-09 20:17:43.162667,882.0,672.0,432.0,2464.0,992.0,243.0,59.21827008657554,71.84843711254926,49.66515944292404,36.991482129804,16.250319832154457,39.765381819299215,47.210767160004046,66.17711978121218,49.86212765643572,72.803261115464
2025-03-09 20:17:43.162667,881.0,670.0,416.0,2463.0,996.0,239.0,59.21827008657554,71.84843711254926,49.66515944292404,36.991482129804,16.250319832154457,39.765381819299215,47.210767160004046,66.17711978121218,49.86212765643572,72.803261115464
2025-03-09 20:17:43.162667,881.0,671.0,415.0,2462.0,993.0,239.0,59.21827008657554,71.84843711254926,49.66515944292404,36.991482129804,16.250319832154457,39.765381819299215,47.210767160004046,66.17711978121218,49.86212765643572,72.803261115464
2025-03-09 20:17:43.171000,881.0,673.0,427.0,2465.0,992.0,241.0,59.261962529034854,71.8487650884118,49.60086040260355,36.9822533331504,16.26387572789201,39.757477806243784,47.30080332044947,66.2014761955537,49.81893305331415,72.82668716775181
2025-03-09 20:17:43.171000,880.0,673.0,416.0,2465.0,993.0,241.0,59.261962529034854,71.8487650884118,49.60086040260355,36.9822533331504,16.26387572789201,39.757477806243784,47.30080332044947,66.2014761955537,49.81893305331415,72.82668716775181
2025-03-09 20:17:43.171000,880.0,676.0,413.0,2460.0,994.0,241.0,59.261962529034854,71.8487650884118,49.60086040260355,36.9822533331504,16.26387572789201,39.757477806243784,47.30080332044947,66.2014761955537,49.81893305331415,72.82668716775181
2025-03-09 20:17:43.171000,880.0,673.0,425.0,2451.0,995.0,240.0,59.261962529034854,71.8487650884118,49.60086040260355,36.9822533331504,16.26387572789201,39.757477806243784,47.30080332044947,66.2014761955537,49.81893305331415,72.82668716775181
2025-03-09 20:17:43.179333,880.0,667.0,419.0,2463.0,997.0,241.0,59.31544359980584,71.85969009411097,49.54518608560998,36.9721034933718,16.27921190893411,39.75051664351868,47.39096559087952,66.23288671726482,49.77843158260047,72.8761655077123
2025-03-09 20:17:43.179333,873.0,671.0,428.0,2454.0,998.0,239.0,59.31544359980584,71.85969009411097,49.54518608560998,36.9721034933718,16.27921190893411,39.75051664351868,47.39096559087952,66.23288671726482,49.77843158260047,72.8761655077123
2025-03-09 20:17:43.179333,875.0,675.0,414.0,2458.0,997.0,236.0,59.31544359980584,71.85969009411097,49.54518608560998,36.9721034933718,16.27921190893411,39.75051664351868,47.39096559087952,66.23288671726482,49.77843158260047,72.8761655077123
2025-03-09 20:17:43.179333,878.0,671.0,412.0,2455.0,998.0,239.0,59.31544359980584,71.85969009411097,49.54518608560998,36.9721034933718,16.27921190893411,39.75051664351868,47.39096559087952,66.23288671726482,49.77843158260047,72.8761655077123
2025-03-09 20:17:43.187667,877.0,670.0,415.0,2463.0,995.0,241.0,59.38008439671403,71.88262631535376,49.49828634366686,36.96233194677231,16.29441411669162,39.745373311430505,47.480225052686464,66.2723594966606,49.74281723575193,72.9523473455644
2025-03-09 20:17:43.187667,872.0,667.0,423.0,2459.0,995.0,240.0,59.38008439671403,71.88262631535376,49.49828634366686,36.96233194677231,16.29441411669162,39.745373311430505,47.480225052686464,66.2723594966606,49.74281723575193,72.9523473455644
2025-03-09 20:17:43.187667,873.0,669.0,421.0,2455.0,1003.0,233.0,59.38008439671403,71.88262631535376,49.49828634366686,36.96233194677231,16.29441411669162,39.745373311430505,47.480225052686464,66.2723594966606,49.74281723575193,72.9523473455644
2025-03-09 20:17:43.196000,874.0,671.0,421.0,2460.0,995.0,240.0,59.45687215965666,71.91811027168839,49.46041462129231,36.953146186218795,16.309989714372485,39.74240599413286,47.569344300367085,66.32049577435757,49.71189663048535,73.05507001183554
2025-03-09 20:17:43.196000,871.0,670.0,418.0,2465.0,999.0,240.0,59.45687215965666,71.91811027168839,49.46041462129231,36.953146186218795,16.309989714372485,39.74240599413286,47.569344300367085,66.32049577435757,49.71189663048535,73.05507001183554
2025-03-09 20:17:43.196000,861.0,670.0,419.0,2459.0,1003.0,240.0,59.45687215965666,71.91811027168839,49.46041462129231,36.953146186218795,16.309989714372485,39.74240599413286,47.569344300367085,66.32049577435757,49.71189663048535,73.05507001183554
2025-03-09 20:17:43.196000,864.0,668.0,419.0,2459.0,1004.0,239.0,59.45687215965666,71.91811027168839,49.46041462129231,36.953146186218795,16.309989714372485,39.74240599413286,47.569344300367085,66.32049577435757,49.71189663048535,73.05507001183554
2025-03-09 20:17:43.204333,863.0,669.0,415.0,2459.0,1007.0,239.0,59.54500543537368,71.96431390277732,49.429804086681415,36.9450428997057,16.32618530138514,39.74199178142434,47.65903850952548,66.37606441719777,49.6843722476141,73.18161195760523
2025-03-09 20:17:43.204333,862.0,670.0,414.0,2463.0,1023.0,238.0,59.54500543537368,71.96431390277732,49.429804086681415,36.9450428997057,16.32618530138514,39.74199178142434,47.65903850952548,66.37606441719777,49.6843722476141,73.18161195760523
2025-03-09 20:17:43.204333,863.0,671.0,416.0,2457.0,1005.0,240.0,59.54500543537368,71.96431390277732,49.429804086681415,36.9450428997057,16.32618530138514,39.74199178142434,47.65903850952548,66.37606441719777,49.6843722476141,73.18161195760523
2025-03-09 20:17:43.204333,858.0,667.0,418.0,2451.0,1005.0,240.0,59.54500543537368,71.96431390277732,49.429804086681415,36.9450428997057,16.32618530138514,39.74199178142434,47.65903850952548,66.37606441719777,49.6843722476141,73.18161195760523
2025-03-09 20:17:43.212667,859.0,676.0,417.0,2466.0,1034.0,240.0,59.64252393678174,72.01804151954991,49.40333497651894,36.93862253378077,16.342806782997755,39.74420168561557,47.750357937584155,66.4373514517592,49.6587487575953,73.32801597417613
2025-03-09 20:17:43.212667,852.0,661.0,419.0,2462.0,1008.0,240.0,59.64252393678174,72.01804151954991,49.40333497651894,36.93862253378077,16.342806782997755,39.74420168561557,47.750357937584155,66.4373514517592,49.6587487575953,73.32801597417613
2025-03-09 20:17:43.212667,857.0,667.0,419.0,2458.0,1022.0,239.0,59.64252393678174,72.01804151954991,49.40333497651894,36.93862253378077,16.342806782997755,39.74420168561557,47.750357937584155,66.4373514517592,49.6587487575953,73.32801597417613
2025-03-09 20:17:43.221000,849.0,668.0,417.0,2470.0,1009.0,240.0,59.748815951871464,72.07766880722879,49.38113665798878,36.93443334813382,16.359577053621592,39.748972466190864,47.843105696271714,66.50455463363869,49.63476865703078,73.49179036010587
2025-03-09 20:17:43.221000,851.0,667.0,417.0,2458.0,1008.0,243.0,59.748815951871464,72.07766880722879,49.38113665798878,36.93443334813382,16.359577053621592,39.748972466190864,47.843105696271714,66.50455463363869,49.63476865703078,73.49179036010587
2025-03-09 20:17:43.221000,851.0,675.0,430.0,2454.0,1008.0,239.0,59.748815951871464,72.07766880722879,49.38113665798878,36.93443334813382,16.359577053621592,39.748972466190864,47.843105696271714,66.50455463363869,49.63476865703078,73.49179036010587
2025-03-09 20:17:43.221000,850.0,670.0,414.0,2461.0,1015.0,227.0,59.748815951871464,72.07766880722879,49.38113665798878,36.93443334813382,16.359577053621592,39.748972466190864,47.843105696271714,66.50455463363869,49.63476865703078,73.49179036010587
2025-03-09 20:17:43.229333,850.0,663.0,408.0,2458.0,1004.0,240.0,59.86476684532118,72.14375737801622,49.36653126854965,36.933307465315046,16.37634293345913,39.75675854672736,47.93565029108095,66.57929925229429,49.613745487579436,73.67225283676161
2025-03-09 20:17:43.229333,850.0,668.0,417.0,2460.0,1013.0,241.0,59.86476684532118,72.14375737801622,49.36653126854965,36.933307465315046,16.37634293345913,39.75675854672736,47.93565029108095,66.57929925229429,49.613745487579436,73.67225283676161
2025-03-09 20:17:43.229333,851.0,662.0,419.0,2454.0,1010.0,247.0,59.86476684532118,72.14375737801622,49.36653126854965,36.933307465315046,16.37634293345913,39.75675854672736,47.93565029108095,66.57929925229429,49.613745487579436,73.67225283676161
2025-03-09 20:17:43.237667,847.0,663.0,415.0,2464.0,1009.0,238.0,59.99066344092445,72.21599290847679,49.36100378032762,36.93649359124148,16.39253908736786,39.768555513768035,48.02609813937731,66.66143129878581,49.59632153953715,73.86742470113491
2025-03-09 20:17:43.237667,848.0,658.0,411.0,2466.0,1015.0,217.0,59.99066344092445,72.21599290847679,49.36100378032762,36.93649359124148,16.39253908736786,39.768555513768035,48.02609813937731,66.66143129878581,49.59632153953715,73.86742470113491
2025-03-09 20:17:43.237667,848.0,656.0,402.0,2459.0,1015.0,242.0,59.99066344092445,72.21599290847679,49.36100378032762,36.93649359124148,16.39253908736786,39.768555513768035,48.02609813937731,66.66143129878581,49.59632153953715,73.86742470113491
2025-03-09 20:17:43.237667,847.0,657.0,416.0,2459.0,1013.0,222.0,59.99066344092445,72.21599290847679,49.36100378032762,36.93649359124148,16.39253908736786,39.768555513768035,48.02609813937731,66.66143129878581,49.59632153953715,73.86742470113491
2025-03-09 20:17:43.246000,846.0,662.0,418.0,2485.0,1023.0,245.0,60.12617307018794,72.29314904679681,49.36336755348747,36.94472981909315,16.407202395985088,39.78482110278928,48.11370572545934,66.74978917853328,49.5820910200975,74.07464655053585
2025-03-09 20:17:43.246000,846.0,661.0,413.0,2462.0,1014.0,239.0,60.12617307018794,72.29314904679681,49.36336755348747,36.94472981909315,16.407202395985088,39.78482110278928,48.11370572545934,66.74978917853328,49.5820910200975,74.07464655053585
2025-03-09 20:17:43.246000,839.0,654.0,407.0,2465.0,1016.0,241.0,60.12617307018794,72.29314904679681,49.36336755348747,36.94472981909315,16.407202395985088,39.78482110278928,48.11370572545934,66.74978917853328,49.5820910200975,74.07464655053585
2025-03-09 20:17:43.254333,836.0,653.0,409.0,2469.0,1022.0,240.0,60.27021787412858,72.37380938117201,49.3729478994473,36.95853667758366,16.42014968629424,39.80595631613569,48.19776304387149,66.84297810354724,49.57060037231443,74.29212236199483
2025-03-09 20:17:43.254333,834.0,656.0,418.0,2466.0,1021.0,240.0,60.27021787412858,72.37380938117201,49.3729478994473,36.95853667758366,16.42014968629424,39.80595631613569,48.19776304387149,66.84297810354724,49.57060037231443,74.29212236199483
2025-03-09 20:17:43.254333,832.0,657.0,413.0,2470.0,1013.0,237.0,60.27021787412858,72.37380938117201,49.3729478994473,36.95853667758366,16.42014968629424,39.80595631613569,48.19776304387149,66.84297810354724,49.57060037231443,74.29212236199483
2025-03-09 20:17:43.254333,833.0,656.0,409.0,2481.0,1011.0,233.0,60.27021787412858,72.37380938117201,49.3729478994473,36.95853667758366,16.42014968629424,39.80595631613569,48.19776304387149,66.84297810354724,49.57060037231443,74.29212236199483
2025-03-09 20:17:43.262667,833.0,652.0,413.0,2466.0,1019.0,240.0,60.42114583700091,72.45715813571623,49.38995321780896,36.97843675265064,16.43159505506031,39.83237086416142,48.27752963038684,66.94015158253558,49.56258479201985,74.5189675968168
2025-03-09 20:17:43.262667,835.0,650.0,411.0,2469.0,1008.0,239.0,60.42114583700091,72.45715813571623,49.38995321780896,36.97843675265064,16.43159505506031,39.83237086416142,48.27752963038684,66.94015158253558,49.56258479201985,74.5189675968168
2025-03-09 20:17:43.262667,835.0,656.0,410.0,2463.0,999.0,239.0,60.42114583700091,72.45715813571623,49.38995321780896,36.97843675265064,16.43159505506031,39.83237086416142,48.27752963038684,66.94015158253558,49.56258479201985,74.5189675968168
2025-03-09 20:17:43.271000,829.0,645.0,406.0,2469.0,1023.0,240.0,60.57758852007051,72.54262073480815,49.41454144191156,37.00451376835154,16.441645531207392,39.8641002435789,48.3523649559873,67.04059155621779,49.55853974382971,74.75379762853879
2025-03-09 20:17:43.271000,829.0,646.0,418.0,2474.0,1034.0,246.0,60.57758852007051,72.54262073480815,49.41454144191156,37.00451376835154,16.441645531207392,39.8641002435789,48.3523649559873,67.04059155621779,49.55853974382971,74.75379762853879
2025-03-09 20:17:43.271000,826.0,643.0,401.0,2470.0,1039.0,237.0,60.57758852007051,72.54262073480815,49.41454144191156,37.00451376835154,16.441645531207392,39.8641002435789,48.3523649559873,67.04059155621779,49.55853974382971,74.75379762853879
2025-03-09 20:17:43.271000,832.0,641.0,407.0,2464.0,1023.0,239.0,60.57758852007051,72.54262073480815,49.41454144191156,37.00451376835154,16.441645531207392,39.8641002435789,48.3523649559873,67.04059155621779,49.55853974382971,74.75379762853879
2025-03-09 20:17:43.279333,825.0,647.0,410.0,2467.0,1023.0,240.0,60.738057957261915,72.6288168965148,49.444451132744824,37.03654339644313,16.449930476605076,39.900887120268855,48.422467516761735,67.1425685261624,49.557706945777646,74.99475694065275
2025-03-09 20:17:43.279333,820.0,638.0,416.0,2467.0,1034.0,242.0,60.738057957261915,72.6288168965148,49.444451132744824,37.03654339644313,16.449930476605076,39.900887120268855,48.422467516761735,67.1425685261624,49.557706945777646,74.99475694065275
2025-03-09 20:17:43.279333,821.0,645.0,409.0,2465.0,1039.0,240.0,60.738057957261915,72.6288168965148,49.444451132744824,37.03654339644313,16.449930476605076,39.900887120268855,48.422467516761735,67.1425685261624,49.557706945777646,74.99475694065275
2025-03-09 20:17:43.279333,809.0,643.0,408.0,2465.0,1046.0,241.0,60.738057957261915,72.6288168965148,49.444451132744824,37.03654339644313,16.449930476605076,39.900887120268855,48.422467516761735,67.1425685261624,49.557706945777646,74.99475694065275
2025-03-09 20:17:43.287667,813.0,635.0,400.0,2472.0,1040.0,240.0,60.90057128900846,72.71354252691948,49.47612119268151,37.074136825768406,16.455665959503033,39.9422303688643,48.488090685955115,67.2435228790879,49.55860914002975,75.24043642799924
2025-03-09 20:17:43.287667,811.0,637.0,402.0,2467.0,1042.0,240.0,60.90057128900846,72.71354252691948,49.47612119268151,37.074136825768406,16.455665959503033,39.9422303688643,48.488090685955115,67.2435228790879,49.55860914002975,75.24043642799924
2025-03-09 20:17:43.287667,811.0,640.0,401.0,2474.0,1045.0,240.0,60.90057128900846,72.71354252691948,49.47612119268151,37.074136825768406,16.455665959503033,39.9422303688643,48.488090685955115,67.2435228790879,49.55860914002975,75.24043642799924
2025-03-09 20:17:43.296000,806.0,628.0,400.0,2471.0,1040.0,238.0,61.063552601347595,72.79487624120473,49.5073161769575,37.11632778685964,16.458014831872273,39.98695100992034,48.54911028186934,67.34175492586711,49.559745852749955,75.49001477409105
2025-03-09 20:17:43.296000,806.0,633.0,403.0,2461.0,1044.0,241.0,61.063552601347595,72.79487624120473,49.5073161769575,37.11632778685964,16.458014831872273,39.98695100992034,48.54911028186934,67.34175492586711,49.559745852749955,75.49001477409105
2025-03-09 20:17:43.296000,802.0,625.0,401.0,2467.0,1040.0,239.0,61.063552601347595,72.79487624120473,49.5073161769575,37.11632778685964,16.458014831872273,39.98695100992034,48.54911028186934,67.34175492586711,49.559745852749955,75.49001477409105
2025-03-09 20:17:43.296000,799.0,634.0,400.0,2466.0,1051.0,224.0,61.063552601347595,72.79487624120473,49.5073161769575,37.11632778685964,16.458014831872273,39.98695100992034,48.54911028186934,67.34175492586711,49.559745852749955,75.49001477409105
2025-03-09 20:17:43.304333,786.0,624.0,400.0,2477.0,1056.0,240.0,61.22607328725139,72.87171048070635,49.53766017903163,37.16217356770833,16.456667913418425,40.03409019410878,48.60484291178483,67.43619962658076,49.55997163884307,75.74372443154392
2025-03-09 20:17:43.304333,784.0,621.0,400.0,2478.0,1057.0,224.0,61.22607328725139,72.87171048070635,49.53766017903163,37.16217356770833,16.456667913418425,40.03409019410878,48.60484291178483,67.43619962658076,49.55997163884307,75.74372443154392
2025-03-09 20:17:43.304333,784.0,621.0,400.0,2475.0,1056.0,257.0,61.22607328725139,72.87171048070635,49.53766017903163,37.16217356770833,16.456667913418425,40.03409019410878,48.60484291178483,67.43619962658076,49.55997163884307,75.74372443154392
2025-03-09 20:17:43.312667,784.0,618.0,404.0,2485.0,1060.0,245.0,61.386447183780156,72.94314970777643,49.567080632857135,37.210930810368154,16.451564040706526,40.08300939975725,48.654147928274185,67.52540992964154,49.55887656302815,76.00253584944957
2025-03-09 20:17:43.312667,784.0,611.0,399.0,2482.0,1062.0,245.0,61.386447183780156,72.94314970777643,49.567080632857135,37.210930810368154,16.451564040706526,40.08300939975725,48.654147928274185,67.52540992964154,49.55887656302815,76.00253584944957
2025-03-09 20:17:43.312667,782.0,623.0,401.0,2475.0,1061.0,272.0,61.386447183780156,72.94314970777643,49.567080632857135,37.210930810368154,16.451564040706526,40.08300939975725,48.654147928274185,67.52540992964154,49.55887656302815,76.00253584944957
2025-03-09 20:17:43.312667,778.0,621.0,400.0,2480.0,1061.0,247.0,61.386447183780156,72.94314970777643,49.567080632857135,37.210930810368154,16.451564040706526,40.08300939975725,48.654147928274185,67.52540992964154,49.55887656302815,76.00253584944957
2025-03-09 20:17:43.321000,775.0,620.0,405.0,2477.0,1070.0,241.0,61.54348110584043,73.00907837799825,49.59626748745199,37.262145055676,16.442428972004077,40.13326992967519,48.69565848621396,67.60871566802268,49.55700232527752,76.26779047547542
2025-03-09 20:17:43.321000,757.0,610.0,406.0,2480.0,1079.0,242.0,61.54348110584043,73.00907837799825,49.59626748745199,37.262145055676,16.442428972004077,40.13326992967519,48.69565848621396,67.60871566802268,49.55700232527752,76.26779047547542
2025-03-09 20:17:43.321000,755.0,608.0,389.0,2482.0,1056.0,243.0,61.54348110584043,73.00907837799825,49.59626748745199,37.262145055676,16.442428972004077,40.13326992967519,48.69565848621396,67.60871566802268,49.55700232527752,76.26779047547542
2025-03-09 20:17:43.321000,756.0,605.0,393.0,2480.0,1083.0,245.0,61.54348110584043,73.00907837799825,49.59626748745199,37.262145055676,16.442428972004077,40.13326992967519,48.69565848621396,67.60871566802268,49.55700232527752,76.26779047547542
2025-03-09 20:17:43.329333,755.0,607.0,404.0,2482.0,1073.0,243.0,61.69669237731284,73.0692344240128,49.62523474432181,37.31556071306716,16.429065159583104,40.18454974405419,48.72902426965723,67.68586289310068,49.55437030194468,76.5399835872003
2025-03-09 20:17:43.329333,753.0,606.0,371.0,2483.0,1077.0,243.0,61.69669237731284,73.0692344240128,49.62523474432181,37.31556071306716,16.429065159583104,40.18454974405419,48.72902426965723,67.68586289310068,49.55437030194468,76.5399835872003
2025-03-09 20:17:43.329333,752.0,607.0,421.0,2480.0,1069.0,242.0,61.69669237731284,73.0692344240128,49.62523474432181,37.31556071306716,16.429065159583104,40.18454974405419,48.72902426965723,67.68586289310068,49.55437030194468,76.5399835872003
2025-03-09 20:17:43.337667,750.0,609.0,393.0,2481.0,1081.0,243.0,61.84617891479971,73.12368219642072,49.65355209094349,37.371304635220675,16.412042677313547,40.237191322201944,48.754904108564645,67.75661721664837,49.55065204358463,76.81922581736494
2025-03-09 20:17:43.337667,730.0,599.0,391.0,2482.0,1089.0,246.0,61.84617891479971,73.12368219642072,49.65355209094349,37.371304635220675,16.412042677313547,40.237191322201944,48.754904108564645,67.75661721664837,49.55065204358463,76.81922581736494
2025-03-09 20:17:43.337667,730.0,602.0,394.0,2483.0,1094.0,240.0,61.84617891479971,73.12368219642072,49.65355209094349,37.371304635220675,16.412042677313547,40.237191322201944,48.754904108564645,67.75661721664837,49.55065204358463,76.81922581736494
2025-03-09 20:17:43.337667,729.0,592.0,387.0,2486.0,1090.0,240.0,61.84617891479971,73.12368219642072,49.65355209094349,37.371304635220675,16.412042677313547,40.237191322201944,48.754904108564645,67.75661721664837,49.55065204358463,76.81922581736494
2025-03-09 20:17:43.346000,731.0,597.0,385.0,2485.0,1093.0,243.0,61.99237407965995,73.17347223042938,49.68240135208929,37.430284291879296,16.391562239554435,40.29199629475674,48.773296998370355,67.82212411085177,49.54756505064935,77.10617289987826
2025-03-09 20:17:43.346000,723.0,592.0,394.0,2495.0,1090.0,235.0,61.99237407965995,73.17347223042938,49.68240135208929,37.430284291879296,16.391562239554435,40.29199629475674,48.773296998370355,67.82212411085177,49.54756505064935,77.10617289987826
2025-03-09 20:17:43.346000,722.0,594.0,387.0,2484.0,1093.0,247.0,61.99237407965995,73.17347223042938,49.68240135208929,37.430284291879296,16.391562239554435,40.29199629475674,48.773296998370355,67.82212411085177,49.54756505064935,77.10617289987826
2025-03-09 20:17:43.346000,720.0,601.0,394.0,2483.0,1101.0,239.0,61.99237407965995,73.17347223042938,49.68240135208929,37.430284291879296,16.391562239554435,40.29199629475674,48.773296998370355,67.82212411085177,49.54756505064935,77.10617289987826
2025-03-09 20:17:43.354333,724.0,597.0,389.0,2479.0,1093.0,244.0,62.13547023676177,73.22036275663311,49.714735944109265,37.493416932372476,16.367584227842688,40.34977903226802,48.7826530692318,67.8837678533631,49.54806812673542,77.40215687951529
2025-03-09 20:17:43.354333,702.0,585.0,388.0,2458.0,1104.0,240.0,62.13547023676177,73.22036275663311,49.714735944109265,37.493416932372476,16.367584227842688,40.34977903226802,48.7826530692318,67.8837678533631,49.54806812673542,77.40215687951529
2025-03-09 20:17:43.354333,702.0,588.0,387.0,2499.0,1111.0,250.0,62.13547023676177,73.22036275663311,49.714735944109265,37.493416932372476,16.367584227842688,40.34977903226802,48.7826530692318,67.8837678533631,49.54806812673542,77.40215687951529
2025-03-09 20:17:43.362667,698.0,585.0,386.0,2485.0,1107.0,249.0,62.27469425917135,73.26566931136361,49.75463289366015,37.55867259133251,16.343167583788397,40.40952864615951,48.78280951135014,67.94216198431424,49.55200212830443,77.70733473792365
2025-03-09 20:17:43.362667,701.0,581.0,391.0,2486.0,1106.0,247.0,62.27469425917135,73.26566931136361,49.75463289366015,37.55867259133251,16.343167583788397,40.40952864615951,48.78280951135014,67.94216198431424,49.55200212830443,77.70733473792365
2025-03-09 20:17:43.362667,698.0,581.0,385.0,2492.0,1109.0,249.0,62.27469425917135,73.26566931136361,49.75463289366015,37.55867259133251,16.343167583788397,40.40952864615951,48.78280951135014,67.94216198431424,49.55200212830443,77.70733473792365
2025-03-09 20:17:43.371000,692.0,582.0,391.0,2518.0,1110.0,268.0,62.41031022100615,73.31100245165025,49.80496797896186,37.62200163641243,16.32398359374893,40.46890732755204,48.77811505096862,67.99912833544285,49.55644875998361,78.0215872519833
2025-03-09 20:17:43.371000,696.0,580.0,384.0,2489.0,1108.0,247.0,62.41031022100615,73.31100245165025,49.80496797896186,37.62200163641243,16.32398359374893,40.46890732755204,48.77811505096862,67.99912833544285,49.55644875998361,78.0215872519833
2025-03-09 20:17:43.371000,679.0,577.0,386.0,2505.0,1119.0,255.0,62.41031022100615,73.31100245165025,49.80496797896186,37.62200163641243,16.32398359374893,40.46890732755204,48.77811505096862,67.99912833544285,49.55644875998361,78.0215872519833
2025-03-09 20:17:43.371000,676.0,570.0,382.0,2487.0,1121.0,251.0,62.41031022100615,73.31100245165025,49.80496797896186,37.62200163641243,16.32398359374893,40.46890732755204,48.77811505096862,67.99912833544285,49.55644875998361,78.0215872519833
2025-03-09 20:17:43.371000,673.0,574.0,379.0,2490.0,1122.0,251.0,62.41031022100615,73.31100245165025,49.80496797896186,37.62200163641243,16.32398359374893,40.46890732755204,48.77811505096862,67.99912833544285,49.55644875998361,78.0215872519833
2025-03-09 20:17:43.379333,676.0,577.0,386.0,2494.0,1119.0,249.0,62.544640421515126,73.35749450853775,49.86463914849403,37.682443019256866,16.312243090003268,40.5276004178314,48.773042732654766,68.05639351149452,49.55942807893903,78.3447201969214
2025-03-09 20:17:43.379333,672.0,574.0,384.0,2489.0,1125.0,251.0,62.544640421515126,73.35749450853775,49.86463914849403,37.682443019256866,16.312243090003268,40.5276004178314,48.773042732654766,68.05639351149452,49.55942807893903,78.3447201969214
2025-03-09 20:17:43.379333,670.0,566.0,384.0,2489.0,1119.0,254.0,62.544640421515126,73.35749450853775,49.86463914849403,37.682443019256866,16.312243090003268,40.5276004178314,48.773042732654766,68.05639351149452,49.55942807893903,78.3447201969214
2025-03-09 20:17:43.387667,670.0,574.0,386.0,2493.0,1120.0,248.0,62.67933043369557,73.40581811545417,49.93300362177576,37.7414759964335,16.306921807558595,40.5869185978683,48.767421180637236,68.114197286689,49.56164259347914,78.6766641106872
2025-03-09 20:17:43.387667,671.0,567.0,387.0,2486.0,1122.0,256.0,62.67933043369557,73.40581811545417,49.93300362177576,37.7414759964335,16.306921807558595,40.5869185978683,48.767421180637236,68.114197286689,49.56164259347914,78.6766641106872
2025-03-09 20:17:43.387667,654.0,561.0,371.0,2490.0,1119.0,255.0,62.67933043369557,73.40581811545417,49.93300362177576,37.7414759964335,16.306921807558595,40.5869185978683,48.767421180637236,68.114197286689,49.56164259347914,78.6766641106872
2025-03-09 20:17:43.396000,653.0,561.0,375.0,2493.0,1121.0,254.0,62.81415770677629,73.45604894610564,50.01017558414953,37.800632665084564,16.306809207209437,40.64826605324331,48.75893864638626,68.17133132746844,49.56446173806525,79.01751592251688
2025-03-09 20:17:43.396000,651.0,562.0,373.0,2486.0,1115.0,253.0,62.81415770677629,73.45604894610564,50.01017558414953,37.800632665084564,16.306809207209437,40.64826605324331,48.75893864638626,68.17133132746844,49.56446173806525,79.01751592251688
2025-03-09 20:17:43.396000,655.0,554.0,383.0,2491.0,1118.0,253.0,62.81415770677629,73.45604894610564,50.01017558414953,37.800632665084564,16.306809207209437,40.64826605324331,48.75893864638626,68.17133132746844,49.56446173806525,79.01751592251688
2025-03-09 20:17:43.396000,649.0,566.0,379.0,2485.0,1121.0,254.0,62.81415770677629,73.45604894610564,50.01017558414953,37.800632665084564,16.306809207209437,40.64826605324331,48.75893864638626,68.17133132746844,49.56446173806525,79.01751592251688
2025-03-09 20:17:43.404333,651.0,559.0,375.0,2487.0,1123.0,253.0,62.94816974398006,73.50784683769878,50.09478098678996,37.86010186675475,16.31058875368652,40.711717289795814,48.7462500333111,68.22631283420402,49.568313585182125,79.3668960470333
2025-03-09 20:17:43.404333,649.0,558.0,381.0,2494.0,1120.0,255.0,62.94816974398006,73.50784683769878,50.09478098678996,37.86010186675475,16.31058875368652,40.711717289795814,48.7462500333111,68.22631283420402,49.568313585182125,79.3668960470333
2025-03-09 20:17:43.404333,636.0,554.0,380.0,2495.0,1121.0,255.0,62.94816974398006,73.50784683769878,50.09478098678996,37.86010186675475,16.31058875368652,40.711717289795814,48.7462500333111,68.22631283420402,49.568313585182125,79.3668960470333
2025-03-09 20:17:43.404333,629.0,551.0,377.0,2491.0,1120.0,256.0,62.94816974398006,73.50784683769878,50.09478098678996,37.86010186675475,16.31058875368652,40.711717289795814,48.7462500333111,68.22631283420402,49.568313585182125,79.3668960470333
2025-03-09 20:17:43.412667,629.0,547.0,374.0,2494.0,1121.0,255.0,63.08030488957414,73.56136339817274,50.18533465256089,37.918896195765974,16.316691546424675,40.77598362755634,48.7288711085886,68.27881475197418,49.57391287932016,79.72476176295704
2025-03-09 20:17:43.412667,634.0,545.0,377.0,2493.0,1120.0,256.0,63.08030488957414,73.56136339817274,50.18533465256089,37.918896195765974,16.316691546424675,40.77598362755634,48.7288711085886,68.27881475197418,49.57391287932016,79.72476176295704
2025-03-09 20:17:43.412667,635.0,555.0,375.0,2487.0,1117.0,256.0,63.08030488957414,73.56136339817274,50.18533465256089,37.918896195765974,16.316691546424675,40.77598362755634,48.7288711085886,68.27881475197418,49.57391287932016,79.72476176295704
2025-03-09 20:17:43.412667,626.0,554.0,375.0,2490.0,1104.0,258.0,63.08030488957414,73.56136339817274,50.18533465256089,37.918896195765974,16.316691546424675,40.77598362755634,48.7288711085886,68.27881475197418,49.57391287932016,79.72476176295704
2025-03-09 20:17:43.421000,629.0,555.0,373.0,2492.0,1119.0,256.0,63.20979718603479,73.61619971369161,50.28118451335434,37.977121839715025,16.324695902539595,40.8410636148046,48.70632701879356,68.32819384932925,49.58146663001076,80.09093118854159
2025-03-09 20:17:43.421000,631.0,550.0,380.0,2495.0,1119.0,256.0,63.20979718603479,73.61619971369161,50.28118451335434,37.977121839715025,16.324695902539595,40.8410636148046,48.70632701879356,68.32819384932925,49.58146663001076,80.09093118854159
2025-03-09 20:17:43.421000,617.0,545.0,370.0,2497.0,1121.0,256.0,63.20979718603479,73.61619971369161,50.28118451335434,37.977121839715025,16.324695902539595,40.8410636148046,48.70632701879356,68.32819384932925,49.58146663001076,80.09093118854159
2025-03-09 20:17:43.429333,614.0,543.0,370.0,2489.0,1119.0,257.0,63.336036690501075,73.6708085112119,50.38156876212261,38.03575137074426,16.33428831545406,40.90769670513436,48.677946147551914,68.3732516182675,49.590388656922265,80.46368463192033
2025-03-09 20:17:43.429333,618.0,545.0,375.0,2496.0,1118.0,257.0,63.336036690501075,73.6708085112119,50.38156876212261,38.03575137074426,16.33428831545406,40.90769670513436,48.677946147551914,68.3732516182675,49.590388656922265,80.46368463192033
2025-03-09 20:17:43.429333,619.0,548.0,374.0,2499.0,1117.0,255.0,63.336036690501075,73.6708085112119,50.38156876212261,38.03575137074426,16.33428831545406,40.90769670513436,48.677946147551914,68.3732516182675,49.590388656922265,80.46368463192033
2025-03-09 20:17:43.429333,618.0,539.0,375.0,2493.0,1120.0,258.0,63.336036690501075,73.6708085112119,50.38156876212261,38.03575137074426,16.33428831545406,40.90769670513436,48.677946147551914,68.3732516182675,49.590388656922265,80.46368463192033
2025-03-09 20:17:43.437667,617.0,539.0,375.0,2493.0,1121.0,258.0,63.45930482279643,73.72474487006025,50.48700858397093,38.09491645569685,16.344973180296986,40.975724356344855,48.64321937344102,68.41426102765426,49.600621094854546,80.84126227581925
2025-03-09 20:17:43.437667,611.0,541.0,375.0,2490.0,1121.0,260.0,63.45930482279643,73.72474487006025,50.48700858397093,38.09491645569685,16.344973180296986,40.975724356344855,48.64321937344102,68.41426102765426,49.600621094854546,80.84126227581925
2025-03-09 20:17:43.437667,601.0,542.0,374.0,2498.0,1117.0,263.0,63.45930482279643,73.72474487006025,50.48700858397093,38.09491645569685,16.344973180296986,40.975724356344855,48.64321937344102,68.41426102765426,49.600621094854546,80.84126227581925
2025-03-09 20:17:43.446000,605.0,545.0,370.0,2500.0,1117.0,258.0,63.58056329908902,73.77790829859849,50.59884297529603,38.15407089753404,16.356420861499632,41.04443414924135,48.60170703065229,68.4519393760457,49.61164269768378,81.22197535148898
2025-03-09 20:17:43.446000,599.0,538.0,374.0,2496.0,1118.0,260.0,63.58056329908902,73.77790829859849,50.59884297529603,38.15407089753404,16.356420861499632,41.04443414924135,48.60170703065229,68.4519393760457,49.61164269768378,81.22197535148898
2025-03-09 20:17:43.446000,605.0,544.0,373.0,2497.0,1119.0,261.0,63.58056329908902,73.77790829859849,50.59884297529603,38.15407089753404,16.356420861499632,41.04443414924135,48.60170703065229,68.4519393760457,49.61164269768378,81.22197535148898
2025-03-09 20:17:43.454333,596.0,538.0,365.0,2497.0,1118.0,258.0,63.700262259325406,73.82909178651869,50.71786751524996,38.213116823848196,16.368806626127917,41.113914169017605,48.55227177685977,68.48502108892717,49.62158904748333,81.6038527207877
2025-03-09 20:17:43.454333,601.0,538.0,368.0,2502.0,1114.0,265.0,63.700262259325406,73.82909178651869,50.71786751524996,38.213116823848196,16.368806626127917,41.113914169017605,48.55227177685977,68.48502108892717,49.62158904748333,81.6038527207877
2025-03-09 20:17:43.454333,599.0,533.0,375.0,2502.0,1120.0,263.0,63.700262259325406,73.82909178651869,50.71786751524996,38.213116823848196,16.368806626127917,41.113914169017605,48.55227177685977,68.48502108892717,49.62158904748333,81.6038527207877
2025-03-09 20:17:43.454333,602.0,540.0,365.0,2503.0,1110.0,259.0,63.700262259325406,73.82909178651869,50.71786751524996,38.213116823848196,16.368806626127917,41.113914169017605,48.55227177685977,68.48502108892717,49.62158904748333,81.6038527207877
2025-03-09 20:17:43.462667,592.0,535.0,371.0,2503.0,1107.0,261.0,63.818264498983005,73.87650464600651,50.8436317699131,38.2728995547495,16.382359341516757,41.18520227156561,48.493856056077185,68.51126419782922,49.628596155759745,81.98533456620972
2025-03-09 20:17:43.462667,592.0,528.0,359.0,2501.0,1110.0,263.0,63.818264498983005,73.87650464600651,50.8436317699131,38.2728995547495,16.382359341516757,41.18520227156561,48.493856056077185,68.51126419782922,49.628596155759745,81.98533456620972
2025-03-09 20:17:43.462667,587.0,530.0,366.0,2499.0,1111.0,261.0,63.818264498983005,73.87650464600651,50.8436317699131,38.2728995547495,16.382359341516757,41.18520227156561,48.493856056077185,68.51126419782922,49.628596155759745,81.98533456620972
2025-03-09 20:17:43.462667,592.0,529.0,368.0,2502.0,1108.0,263.0,63.818264498983005,73.87650464600651,50.8436317699131,38.2728995547495,16.382359341516757,41.18520227156561,48.493856056077185,68.51126419782922,49.628596155759745,81.98533456620972
2025-03-09 20:17:43.471000,585.0,528.0,366.0,2507.0,1110.0,263.0,63.93405890890366,73.91824914487292,50.973791151089976,38.33427920046093,16.397110230043598,41.25923137500891,48.42663777027394,68.52843422244464,49.63079247718244,82.3647449305297
2025-03-09 20:17:43.471000,592.0,533.0,369.0,2505.0,1106.0,266.0,63.93405890890366,73.91824914487292,50.973791151089976,38.33427920046093,16.397110230043598,41.25923137500891,48.42663777027394,68.52843422244464,49.63079247718244,82.3647449305297
2025-03-09 20:17:43.471000,587.0,528.0,368.0,2503.0,1107.0,266.0,63.93405890890366,73.91824914487292,50.973791151089976,38.33427920046093,16.397110230043598,41.25923137500891,48.42663777027394,68.52843422244464,49.63079247718244,82.3647449305297
2025-03-09 20:17:43.479333,576.0,528.0,368.0,2507.0,1106.0,262.0,64.04677201500988,73.95251825201757,51.106290003713575,38.39797068602536,16.412686219532826,41.33651560516823,48.35065016162891,68.53489315764523,49.627070857803126,82.74062214773122
2025-03-09 20:17:43.479333,581.0,541.0,359.0,2511.0,1105.0,266.0,64.04677201500988,73.95251825201757,51.106290003713575,38.39797068602536,16.412686219532826,41.33651560516823,48.35065016162891,68.53489315764523,49.627070857803126,82.74062214773122
2025-03-09 20:17:43.479333,583.0,528.0,359.0,2512.0,1104.0,257.0,64.04677201500988,73.95251825201757,51.106290003713575,38.39797068602536,16.412686219532826,41.33651560516823,48.35065016162891,68.53489315764523,49.627070857803126,82.74062214773122
2025-03-09 20:17:43.479333,581.0,526.0,365.0,2514.0,1104.0,268.0,64.04677201500988,73.95251825201757,51.106290003713575,38.39797068602536,16.412686219532826,41.33651560516823,48.35065016162891,68.53489315764523,49.627070857803126,82.74062214773122
2025-03-09 20:17:43.487667,579.0,529.0,361.0,2506.0,1104.0,263.0,64.15504339760233,73.97723989945999,51.24011254851577,38.46493356051581,16.42804779687474,41.41734521034453,48.26500501012795,68.52962899960701,49.617461901120095,83.11192571717878
2025-03-09 20:17:43.487667,580.0,528.0,361.0,2503.0,1105.0,263.0,64.15504339760233,73.97723989945999,51.24011254851577,38.46493356051581,16.42804779687474,41.41734521034453,48.26500501012795,68.52962899960701,49.617461901120095,83.11192571717878
2025-03-09 20:17:43.487667,577.0,527.0,364.0,2510.0,1104.0,270.0,64.15504339760233,73.97723989945999,51.24011254851577,38.46493356051581,16.42804779687474,41.41734521034453,48.26500501012795,68.52962899960701,49.617461901120095,83.11192571717878
2025-03-09 20:17:43.487667,581.0,528.0,367.0,2512.0,1103.0,267.0,64.15504339760233,73.97723989945999,51.24011254851577,38.46493356051581,16.42804779687474,41.41734521034453,48.26500501012795,68.52962899960701,49.617461901120095,83.11192571717878
2025-03-09 20:17:43.496000,571.0,511.0,365.0,2512.0,1102.0,272.0,64.25701443655329,73.9907148077193,51.37501840318588,38.53696690046778,16.440758303233,41.50192672721766,48.16828546759005,68.51352240443899,49.60492318008382,83.47772184014744
2025-03-09 20:17:43.496000,574.0,511.0,357.0,2512.0,1104.0,270.0,64.25701443655329,73.9907148077193,51.37501840318588,38.53696690046778,16.440758303233,41.50192672721766,48.16828546759005,68.51352240443899,49.60492318008382,83.47772184014744
2025-03-09 20:17:43.496000,576.0,511.0,365.0,2513.0,1104.0,270.0,64.25701443655329,73.9907148077193,51.37501840318588,38.53696690046778,16.440758303233,41.50192672721766,48.16828546759005,68.51352240443899,49.60492318008382,83.47772184014744
2025-03-09 20:17:43.504333,574.0,525.0,362.0,2509.0,1103.0,270.0,64.35132640639888,73.99263323345714,51.50923732489725,38.61647252013915,16.446764571676066,41.5903272693397,48.06038097947018,68.48967913956695,49.59492757015916,83.83718501946636
2025-03-09 20:17:43.504333,573.0,511.0,357.0,2512.0,1102.0,271.0,64.35132640639888,73.99263323345714,51.50923732489725,38.61647252013915,16.446764571676066,41.5903272693397,48.06038097947018,68.48967913956695,49.59492757015916,83.83718501946636
2025-03-09 20:17:43.504333,574.0,526.0,362.0,2513.0,1104.0,271.0,64.35132640639888,73.99263323345714,51.50923732489725,38.61647252013915,16.446764571676066,41.5903272693397,48.06038097947018,68.48967913956695,49.59492757015916,83.83718501946636
2025-03-09 20:17:43.504333,571.0,511.0,361.0,2516.0,1100.0,271.0,64.35132640639888,73.99263323345714,51.50923732489725,38.61647252013915,16.446764571676066,41.5903272693397,48.06038097947018,68.48967913956695,49.59492757015916,83.83718501946636
2025-03-09 20:17:43.512667,565.0,511.0,361.0,2521.0,1104.0,272.0,64.43655446459881,73.98408908452602,51.6413349916699,38.7040014358972,16.444599776996352,41.682225710786234,47.94209695159715,68.46009464696606,49.59112009210229,84.1893949721924
2025-03-09 20:17:43.512667,564.0,528.0,359.0,2519.0,1103.0,272.0,64.43655446459881,73.98408908452602,51.6413349916699,38.7040014358972,16.444599776996352,41.682225710786234,47.94209695159715,68.46009464696606,49.59112009210229,84.1893949721924
2025-03-09 20:17:43.512667,562.0,511.0,353.0,2522.0,1104.0,275.0,64.43655446459881,73.98408908452602,51.6413349916699,38.7040014358972,16.444599776996352,41.682225710786234,47.94209695159715,68.46009464696606,49.59112009210229,84.1893949721924
2025-03-09 20:17:43.521000,566.0,511.0,358.0,2519.0,1104.0,273.0,64.51027316659365,73.96576340711542,51.77219627784715,38.79725316544059,16.436113601272694,41.77602068417338,47.81383517186344,68.42465208395176,49.59365953395502,84.53289523541214
2025-03-09 20:17:43.521000,562.0,510.0,359.0,2519.0,1104.0,272.0,64.51027316659365,73.96576340711542,51.77219627784715,38.79725316544059,16.436113601272694,41.77602068417338,47.81383517186344,68.42465208395176,49.59365953395502,84.53289523541214
2025-03-09 20:17:43.521000,565.0,510.0,359.0,2522.0,1102.0,269.0,64.51027316659365,73.96576340711542,51.77219627784715,38.79725316544059,16.436113601272694,41.77602068417338,47.81383517186344,68.42465208395176,49.59365953395502,84.53289523541214
2025-03-09 20:17:43.521000,562.0,505.0,356.0,2515.0,1102.0,275.0,64.51027316659365,73.96576340711542,51.77219627784715,38.79725316544059,16.436113601272694,41.77602068417338,47.81383517186344,68.42465208395176,49.59365953395502,84.53289523541214
2025-03-09 20:17:43.529333,560.0,511.0,352.0,2517.0,1101.0,275.0,64.5708946712742,73.93805179872153,51.903277716641576,38.89138168396721,16.42364497891798,41.8680501016147,47.67641334862788,68.38290095602966,49.59989238079115,84.86660831719256
2025-03-09 20:17:43.529333,557.0,506.0,352.0,2527.0,1096.0,279.0,64.5708946712742,73.93805179872153,51.903277716641576,38.89138168396721,16.42364497891798,41.8680501016147,47.67641334862788,68.38290095602966,49.59989238079115,84.86660831719256
2025-03-09 20:17:43.529333,558.0,509.0,357.0,2530.0,1101.0,276.0,64.5708946712742,73.93805179872153,51.903277716641576,38.89138168396721,16.42364497891798,41.8680501016147,47.67641334862788,68.38290095602966,49.59989238079115,84.86660831719256
2025-03-09 20:17:43.537667,555.0,511.0,362.0,2526.0,1098.0,276.0,64.61874043912448,73.90214760833446,52.03427697726789,38.97999390238173,16.408798227301464,41.95335940845286,47.531917815467835,68.3343878615285,49.60521453635379,85.19115392597088
2025-03-09 20:17:43.537667,553.0,511.0,359.0,2519.0,1099.0,277.0,64.61874043912448,73.90214760833446,52.03427697726789,38.97999390238173,16.408798227301464,41.95335940845286,47.531917815467835,68.3343878615285,49.60521453635379,85.19115392597088
2025-03-09 20:17:43.537667,557.0,507.0,359.0,2527.0,1097.0,278.0,64.61874043912448,73.90214760833446,52.03427697726789,38.97999390238173,16.408798227301464,41.95335940845286,47.531917815467835,68.3343878615285,49.60521453635379,85.19115392597088
2025-03-09 20:17:43.537667,560.0,508.0,357.0,2515.0,1104.0,279.0,64.61874043912448,73.90214760833446,52.03427697726789,38.97999390238173,16.408798227301464,41.95335940845286,47.531917815467835,68.3343878615285,49.60521453635379,85.19115392597088
2025-03-09 20:17:43.546000,558.0,505.0,357.0,2523.0,1099.0,279.0,64.65486485427986,73.85913097430694,52.16245909569163,39.064995645644196,16.390427996121023,42.03340967893146,47.38187862877565,68.28018562162579,49.61121340717526,85.509308366444
2025-03-09 20:17:43.546000,545.0,501.0,355.0,2525.0,1094.0,284.0,64.65486485427986,73.85913097430694,52.16245909569163,39.064995645644196,16.390427996121023,42.03340967893146,47.38187862877565,68.28018562162579,49.61121340717526,85.509308366444
2025-03-09 20:17:43.546000,544.0,503.0,357.0,2526.0,1095.0,277.0,64.65486485427986,73.85913097430694,52.16245909569163,39.064995645644196,16.390427996121023,42.03340967893146,47.38187862877565,68.28018562162579,49.61121340717526,85.509308366444
2025-03-09 20:17:43.546000,544.0,507.0,355.0,2529.0,1090.0,282.0,64.65486485427986,73.85913097430694,52.16245909569163,39.064995645644196,16.390427996121023,42.03340967893146,47.38187862877565,68.28018562162579,49.61121340717526,85.509308366444
2025-03-09 20:17:43.554333,549.0,503.0,362.0,2525.0,1091.0,281.0,64.67851173012654,73.80868216360307,52.289535978380314,39.15318289377752,16.36712821557643,42.113717144564454,47.222902242524874,68.2209275386368,49.62388463528882,85.8214820124657
2025-03-09 20:17:43.554333,544.0,500.0,355.0,2524.0,1095.0,284.0,64.67851173012654,73.80868216360307,52.289535978380314,39.15318289377752,16.36712821557643,42.113717144564454,47.222902242524874,68.2209275386368,49.62388463528882,85.8214820124657
2025-03-09 20:17:43.554333,542.0,508.0,355.0,2529.0,1097.0,283.0,64.67851173012654,73.80868216360307,52.289535978380314,39.15318289377752,16.36712821557643,42.113717144564454,47.222902242524874,68.2209275386368,49.62388463528882,85.8214820124657
2025-03-09 20:17:43.562667,545.0,501.0,359.0,2527.0,1093.0,277.0,64.68790656653958,73.75066017780395,52.42055497593839,39.240279494962515,16.34163412544634,42.191460872537725,47.05228568368877,68.15473363577644,49.64064574099686,86.12608316346044
2025-03-09 20:17:43.562667,542.0,502.0,352.0,2535.0,1090.0,279.0,64.68790656653958,73.75066017780395,52.42055497593839,39.240279494962515,16.34163412544634,42.191460872537725,47.05228568368877,68.15473363577644,49.64064574099686,86.12608316346044
2025-03-09 20:17:43.562667,535.0,496.0,347.0,2541.0,1098.0,289.0,64.68790656653958,73.75066017780395,52.42055497593839,39.240279494962515,16.34163412544634,42.191460872537725,47.05228568368877,68.15473363577644,49.64064574099686,86.12608316346044
2025-03-09 20:17:43.562667,538.0,505.0,350.0,2536.0,1095.0,283.0,64.68790656653958,73.75066017780395,52.42055497593839,39.240279494962515,16.34163412544634,42.191460872537725,47.05228568368877,68.15473363577644,49.64064574099686,86.12608316346044
2025-03-09 20:17:43.571000,533.0,498.0,349.0,2538.0,1094.0,279.0,64.68359101208426,73.6851037573421,52.55434590101236,39.32228884895243,16.316436177384006,42.26394914806229,46.87315687393277,68.08085556829674,49.656718437304725,86.42373576040691
2025-03-09 20:17:43.571000,535.0,499.0,347.0,2537.0,1091.0,284.0,64.68359101208426,73.6851037573421,52.55434590101236,39.32228884895243,16.316436177384006,42.26394914806229,46.87315687393277,68.08085556829674,49.656718437304725,86.42373576040691
2025-03-09 20:17:43.571000,532.0,496.0,359.0,2541.0,1093.0,286.0,64.68359101208426,73.6851037573421,52.55434590101236,39.32228884895243,16.316436177384006,42.26394914806229,46.87315687393277,68.08085556829674,49.656718437304725,86.42373576040691
2025-03-09 20:17:43.579333,529.0,501.0,354.0,2539.0,1093.0,286.0,64.667024243199,73.6112114083205,52.68592932775423,39.40113081989969,16.29121324679717,42.33254058339026,46.69004178100258,68.00047827440206,49.67116886066326,86.71530220282138
2025-03-09 20:17:43.579333,530.0,501.0,346.0,2541.0,1098.0,287.0,64.667024243199,73.6112114083205,52.68592932775423,39.40113081989969,16.29121324679717,42.33254058339026,46.69004178100258,68.00047827440206,49.67116886066326,86.71530220282138
2025-03-09 20:17:43.579333,528.0,495.0,361.0,2543.0,1094.0,288.0,64.667024243199,73.6112114083205,52.68592932775423,39.40113081989969,16.29121324679717,42.33254058339026,46.69004178100258,68.00047827440206,49.67116886066326,86.71530220282138
2025-03-09 20:17:43.579333,527.0,496.0,355.0,2541.0,1093.0,284.0,64.667024243199,73.6112114083205,52.68592932775423,39.40113081989969,16.29121324679717,42.33254058339026,46.69004178100258,68.00047827440206,49.67116886066326,86.71530220282138
2025-03-09 20:17:43.587667,526.0,496.0,358.0,2534.0,1093.0,295.0,64.63954023624683,73.52825378793547,52.81223396237181,39.47788945304743,16.266406729812633,42.39817187010546,46.506400505683736,67.91427825646376,49.682498968808034,87.00122799986735
2025-03-09 20:17:43.587667,511.0,496.0,363.0,2543.0,1094.0,288.0,64.63954023624683,73.52825378793547,52.81223396237181,39.47788945304743,16.266406729812633,42.39817187010546,46.506400505683736,67.91427825646376,49.682498968808034,87.00122799986735
2025-03-09 20:17:43.587667,526.0,496.0,364.0,2544.0,1093.0,287.0,64.63954023624683,73.52825378793547,52.81223396237181,39.47788945304743,16.266406729812633,42.39817187010546,46.506400505683736,67.91427825646376,49.682498968808034,87.00122799986735
2025-03-09 20:17:43.596000,526.0,496.0,369.0,2541.0,1094.0,293.0,64.60296769108858,73.43505086021933,52.93154411339073,39.55302731317769,16.242918484733668,42.46167913909398,46.32416048240387,67.82131249533788,49.68744247774361,87.28051147604145
2025-03-09 20:17:43.596000,525.0,498.0,371.0,2539.0,1093.0,290.0,64.60296769108858,73.43505086021933,52.93154411339073,39.55302731317769,16.242918484733668,42.46167913909398,46.32416048240387,67.82131249533788,49.68744247774361,87.28051147604145
2025-03-09 20:17:43.596000,523.0,495.0,371.0,2542.0,1104.0,291.0,64.60296769108858,73.43505086021933,52.93154411339073,39.55302731317769,16.242918484733668,42.46167913909398,46.32416048240387,67.82131249533788,49.68744247774361,87.28051147604145
2025-03-09 20:17:43.596000,511.0,496.0,382.0,2547.0,1091.0,288.0,64.60296769108858,73.43505086021933,52.93154411339073,39.55302731317769,16.242918484733668,42.46167913909398,46.32416048240387,67.82131249533788,49.68744247774361,87.28051147604145
2025-03-09 20:17:43.604333,511.0,496.0,384.0,2547.0,1095.0,297.0,64.56015636091597,73.32929268344787,53.04543112253481,39.625967605422325,16.221486117339694,42.52312191040776,46.14231099396811,67.719100702768,49.68069683811458,87.5524678783174
2025-03-09 20:17:43.604333,511.0,491.0,393.0,2545.0,1099.0,279.0,64.56015636091597,73.32929268344787,53.04543112253481,39.625967605422325,16.221486117339694,42.52312191040776,46.14231099396811,67.719100702768,49.68069683811458,87.5524678783174
2025-03-09 20:17:43.604333,511.0,495.0,393.0,2545.0,1089.0,294.0,64.56015636091597,73.32929268344787,53.04543112253481,39.625967605422325,16.221486117339694,42.52312191040776,46.14231099396811,67.719100702768,49.68069683811458,87.5524678783174
2025-03-09 20:17:43.612667,511.0,489.0,385.0,2544.0,1090.0,293.0,64.51624703022406,73.20890243266153,53.15763873641548,39.700085645561245,16.203239151264437,42.5864009601046,45.958673997770454,67.60544049304094,49.6584291220409,87.82155322113528
2025-03-09 20:17:43.612667,509.0,496.0,386.0,2548.0,1091.0,293.0,64.51624703022406,73.20890243266153,53.15763873641548,39.700085645561245,16.203239151264437,42.5864009601046,45.958673997770454,67.60544049304094,49.6584291220409,87.82155322113528
2025-03-09 20:17:43.612667,510.0,496.0,390.0,2544.0,1091.0,295.0,64.51624703022406,73.20890243266153,53.15763873641548,39.700085645561245,16.203239151264437,42.5864009601046,45.958673997770454,67.60544049304094,49.6584291220409,87.82155322113528
2025-03-09 20:17:43.612667,503.0,494.0,382.0,2547.0,1094.0,293.0,64.51624703022406,73.20890243266153,53.15763873641548,39.700085645561245,16.203239151264437,42.5864009601046,45.958673997770454,67.60544049304094,49.6584291220409,87.82155322113528
2025-03-09 20:17:43.621000,499.0,496.0,385.0,2553.0,1090.0,294.0,64.47675898268278,73.07287842423966,53.26899190116034,39.78083428269991,16.188873799059543,42.65708045696677,45.77349978360676,67.47957255987437,49.61881845472865,88.09615836992961
2025-03-09 20:17:43.621000,505.0,496.0,383.0,2550.0,1088.0,298.0,64.47675898268278,73.07287842423966,53.26899190116034,39.78083428269991,16.188873799059543,42.65708045696677,45.77349978360676,67.47957255987437,49.61881845472865,88.09615836992961
2025-03-09 20:17:43.621000,509.0,496.0,385.0,2548.0,1069.0,294.0,64.47675898268278,73.07287842423966,53.26899190116034,39.78083428269991,16.188873799059543,42.65708045696677,45.77349978360676,67.47957255987437,49.61881845472865,88.09615836992961
2025-03-09 20:17:43.621000,498.0,496.0,385.0,2546.0,1092.0,299.0,64.47675898268278,73.07287842423966,53.26899190116034,39.78083428269991,16.188873799059543,42.65708045696677,45.77349978360676,67.47957255987437,49.61881845472865,88.09615836992961
2025-03-09 20:17:43.629333,506.0,492.0,390.0,2551.0,1092.0,298.0,64.44501054438737,72.92002914915494,53.37808868626868,39.87073493787292,16.177829919591794,42.737368847545405,45.58820670062328,67.34133466652833,49.560133453116336,88.38415521492765
2025-03-09 20:17:43.629333,502.0,493.0,387.0,2551.0,1103.0,301.0,64.44501054438737,72.92002914915494,53.37808868626868,39.87073493787292,16.177829919591794,42.737368847545405,45.58820670062328,67.34133466652833,49.560133453116336,88.38415521492765
2025-03-09 20:17:43.629333,501.0,490.0,385.0,2550.0,1102.0,299.0,64.44501054438737,72.92002914915494,53.37808868626868,39.87073493787292,16.177829919591794,42.737368847545405,45.58820670062328,67.34133466652833,49.560133453116336,88.38415521492765
2025-03-09 20:17:43.637667,496.0,487.0,369.0,2559.0,1095.0,304.0,64.42221703875539,72.74959848936713,53.48296083271929,39.968717129870356,16.167173972756864,42.82500590671833,45.40434812754657,67.19255538059419,49.48231231859827,88.6924096650924
2025-03-09 20:17:43.637667,497.0,495.0,384.0,2559.0,1088.0,303.0,64.42221703875539,72.74959848936713,53.48296083271929,39.968717129870356,16.167173972756864,42.82500590671833,45.40434812754657,67.19255538059419,49.48231231859827,88.6924096650924
2025-03-09 20:17:43.637667,498.0,496.0,368.0,2559.0,1088.0,305.0,64.42221703875539,72.74959848936713,53.48296083271929,39.968717129870356,16.167173972756864,42.82500590671833,45.40434812754657,67.19255538059419,49.48231231859827,88.6924096650924
2025-03-09 20:17:43.637667,496.0,490.0,381.0,2555.0,1090.0,301.0,64.42221703875539,72.74959848936713,53.48296083271929,39.968717129870356,16.167173972756864,42.82500590671833,45.40434812754657,67.19255538059419,49.48231231859827,88.6924096650924
2025-03-09 20:17:43.646000,501.0,491.0,367.0,2558.0,1095.0,319.0,64.4047409830788,72.55970151345386,53.58081083723046,40.07073616204709,16.153735474768194,42.9148281518575,45.221839409883806,67.03316589619871,49.38529668901714,89.02256274128179
2025-03-09 20:17:43.646000,497.0,485.0,374.0,2559.0,1094.0,304.0,64.4047409830788,72.55970151345386,53.58081083723046,40.07073616204709,16.153735474768194,42.9148281518575,45.221839409883806,67.03316589619871,49.38529668901714,89.02256274128179
2025-03-09 20:17:43.646000,496.0,491.0,382.0,2559.0,1072.0,295.0,64.4047409830788,72.55970151345386,53.58081083723046,40.07073616204709,16.153735474768194,42.9148281518575,45.221839409883806,67.03316589619871,49.38529668901714,89.02256274128179
2025-03-09 20:17:43.654333,496.0,487.0,377.0,2554.0,1090.0,304.0,64.38616118141918,72.34754368930436,53.66838466700962,40.1747609094244,16.135565824602416,43.00395563495263,45.03919168648278,66.86103417582768,49.269923247335434,89.36841672295907
2025-03-09 20:17:43.654333,493.0,490.0,382.0,2555.0,1102.0,309.0,64.38616118141918,72.34754368930436,53.66838466700962,40.1747609094244,16.135565824602416,43.00395563495263,45.03919168648278,66.86103417582768,49.269923247335434,89.36841672295907
2025-03-09 20:17:43.654333,495.0,485.0,385.0,2559.0,1101.0,306.0,64.38616118141918,72.34754368930436,53.66838466700962,40.1747609094244,16.135565824602416,43.00395563495263,45.03919168648278,66.86103417582768,49.269923247335434,89.36841672295907
2025-03-09 20:17:43.654333,494.0,485.0,384.0,2539.0,1092.0,307.0,64.38616118141918,72.34754368930436,53.66838466700962,40.1747609094244,16.135565824602416,43.00395563495263,45.03919168648278,66.86103417582768,49.269923247335434,89.36841672295907
2025-03-09 20:17:43.662667,492.0,491.0,380.0,2551.0,1089.0,305.0,64.35832522352716,72.11277718439062,53.74390027158411,40.280187084073546,16.11244846170943,43.09160820687063,44.853555118507344,66.67402085191806,49.14016544395011,89.71821692637528
2025-03-09 20:17:43.662667,496.0,486.0,382.0,2559.0,1102.0,308.0,64.35832522352716,72.11277718439062,53.74390027158411,40.280187084073546,16.11244846170943,43.09160820687063,44.853555118507344,66.67402085191806,49.14016544395011,89.71821692637528
2025-03-09 20:17:43.662667,493.0,487.0,380.0,2590.0,1099.0,308.0,64.35832522352716,72.11277718439062,53.74390027158411,40.280187084073546,16.11244846170943,43.09160820687063,44.853555118507344,66.67402085191806,49.14016544395011,89.71821692637528
2025-03-09 20:17:43.671000,492.0,486.0,384.0,2545.0,1104.0,307.0,64.30688461975723,71.85387139562344,53.80538939329461,40.384960917892336,16.084509788697698,43.17592484467802,44.65804221627943,66.46642513911159,49.00066351131462,90.05305897431131
2025-03-09 20:17:43.671000,491.0,487.0,375.0,2559.0,1107.0,312.0,64.30688461975723,71.85387139562344,53.80538939329461,40.384960917892336,16.084509788697698,43.17592484467802,44.65804221627943,66.46642513911159,49.00066351131462,90.05305897431131
2025-03-09 20:17:43.671000,485.0,493.0,369.0,2559.0,1117.0,318.0,64.30688461975723,71.85387139562344,53.80538939329461,40.384960917892336,16.084509788697698,43.17592484467802,44.65804221627943,66.46642513911159,49.00066351131462,90.05305897431131
2025-03-09 20:17:43.671000,491.0,490.0,369.0,2559.0,1108.0,307.0,64.30688461975723,71.85387139562344,53.80538939329461,40.384960917892336,16.084509788697698,43.17592484467802,44.65804221627943,66.46642513911159,49.00066351131462,90.05305897431131
2025-03-09 20:17:43.679333,488.0,491.0,372.0,2559.0,1111.0,314.0,64.22250064796518,71.56983874342585,53.84747135592891,40.48539883692179,16.052685341592973,43.25392944012944,44.45166471639605,66.23404760488116,48.851035734304546,90.3611457190777
2025-03-09 20:17:43.679333,484.0,493.0,375.0,2559.0,1117.0,320.0,64.22250064796518,71.56983874342585,53.84747135592891,40.48539883692179,16.052685341592973,43.25392944012944,44.45166471639605,66.23404760488116,48.851035734304546,90.3611457190777
2025-03-09 20:17:43.679333,482.0,491.0,381.0,2559.0,1119.0,320.0,64.22250064796518,71.56983874342585,53.84747135592891,40.48539883692179,16.052685341592973,43.25392944012944,44.45166471639605,66.23404760488116,48.851035734304546,90.3611457190777
2025-03-09 20:17:43.687667,486.0,488.0,374.0,2559.0,1123.0,313.0,64.10947796230936,71.26563362787407,53.86666311654228,40.578970143313946,16.017927033813038,43.32366828717071,44.24194349246162,65.98195838662964,48.690671598230225,90.64730695926262
2025-03-09 20:17:43.687667,485.0,485.0,383.0,2559.0,1119.0,319.0,64.10947796230936,71.26563362787407,53.86666311654228,40.578970143313946,16.017927033813038,43.32366828717071,44.24194349246162,65.98195838662964,48.690671598230225,90.64730695926262
2025-03-09 20:17:43.687667,479.0,490.0,383.0,2582.0,1142.0,329.0,64.10947796230936,71.26563362787407,53.86666311654228,40.578970143313946,16.017927033813038,43.32366828717071,44.24194349246162,65.98195838662964,48.690671598230225,90.64730695926262
2025-03-09 20:17:43.687667,478.0,485.0,384.0,2587.0,1135.0,309.0,64.10947796230936,71.26563362787407,53.86666311654228,40.578970143313946,16.017927033813038,43.32366828717071,44.24194349246162,65.98195838662964,48.690671598230225,90.64730695926262
2025-03-09 20:17:43.696000,479.0,487.0,388.0,2589.0,1142.0,327.0,63.975530145845326,70.94761798658591,53.86352827590655,40.665980513316185,15.980694694626742,43.385671009437665,44.03489880293014,65.717261259295,48.52153734919494,90.91955871234464
2025-03-09 20:17:43.696000,474.0,482.0,391.0,2585.0,1136.0,336.0,63.975530145845326,70.94761798658591,53.86352827590655,40.665980513316185,15.980694694626742,43.385671009437665,44.03489880293014,65.717261259295,48.52153734919494,90.91955871234464
2025-03-09 20:17:43.696000,477.0,481.0,406.0,2559.0,1134.0,336.0,63.975530145845326,70.94761798658591,53.86352827590655,40.665980513316185,15.980694694626742,43.385671009437665,44.03489880293014,65.717261259295,48.52153734919494,90.91955871234464
2025-03-09 20:17:43.696000,475.0,490.0,384.0,2559.0,1136.0,325.0,63.975530145845326,70.94761798658591,53.86352827590655,40.665980513316185,15.980694694626742,43.385671009437665,44.03489880293014,65.717261259295,48.52153734919494,90.91955871234464
2025-03-09 20:17:43.704333,474.0,483.0,373.0,2559.0,1136.0,334.0,63.82565528037734,70.62027808789227,53.83967472938364,40.748855669561536,15.940344738654506,43.442000968475696,43.832653146957455,65.44515643747366,48.34754478797023,91.18165662863242
2025-03-09 20:17:43.704333,474.0,490.0,402.0,2587.0,1147.0,336.0,63.82565528037734,70.62027808789227,53.83967472938364,40.748855669561536,15.940344738654506,43.442000968475696,43.832653146957455,65.44515643747366,48.34754478797023,91.18165662863242
2025-03-09 20:17:43.704333,471.0,477.0,394.0,2597.0,1152.0,338.0,63.82565528037734,70.62027808789227,53.83967472938364,40.748855669561536,15.940344738654506,43.442000968475696,43.832653146957455,65.44515643747366,48.34754478797023,91.18165662863242
2025-03-09 20:17:43.712667,468.0,489.0,400.0,2601.0,1147.0,330.0,63.66324706881987,70.28749661793715,53.79601989887749,40.830598087125146,15.895541717886415,43.49504177499077,43.63618619634841,65.17002917173892,48.17346975534135,91.43506834568844
2025-03-09 20:17:43.712667,465.0,481.0,397.0,2592.0,1150.0,338.0,63.66324706881987,70.28749661793715,53.79601989887749,40.830598087125146,15.895541717886415,43.49504177499077,43.63618619634841,65.17002917173892,48.17346975534135,91.43506834568844
2025-03-09 20:17:43.712667,466.0,485.0,395.0,2588.0,1151.0,337.0,63.66324706881987,70.28749661793715,53.79601989887749,40.830598087125146,15.895541717886415,43.49504177499077,43.63618619634841,65.17002917173892,48.17346975534135,91.43506834568844
2025-03-09 20:17:43.712667,467.0,487.0,398.0,2591.0,1151.0,340.0,63.66324706881987,70.28749661793715,53.79601989887749,40.830598087125146,15.895541717886415,43.49504177499077,43.63618619634841,65.17002917173892,48.17346975534135,91.43506834568844
2025-03-09 20:17:43.721000,464.0,485.0,397.0,2593.0,1150.0,339.0,63.49199483915845,69.95380495213857,53.73408004323894,40.913435476625004,15.845259594642238,43.54672829670438,43.446359381552675,64.89617038039007,48.00382049942148,91.68103287559806
2025-03-09 20:17:43.721000,465.0,482.0,377.0,2591.0,1152.0,331.0,63.49199483915845,69.95380495213857,53.73408004323894,40.913435476625004,15.845259594642238,43.54672829670438,43.446359381552675,64.89617038039007,48.00382049942148,91.68103287559806
2025-03-09 20:17:43.721000,464.0,479.0,414.0,2587.0,1165.0,354.0,63.49199483915845,69.95380495213857,53.73408004323894,40.913435476625004,15.845259594642238,43.54672829670438,43.446359381552675,64.89617038039007,48.00382049942148,91.68103287559806
2025-03-09 20:17:43.729333,463.0,486.0,427.0,2609.0,1158.0,347.0,63.317331259511874,69.62402444664035,53.6594768252083,40.997311346958064,15.789875307416922,43.59732183787166,43.2636145857491,64.62828760835937,47.841504911972955,91.92239568435708
2025-03-09 20:17:43.729333,464.0,478.0,398.0,2586.0,1166.0,350.0,63.317331259511874,69.62402444664035,53.6594768252083,40.997311346958064,15.789875307416922,43.59732183787166,43.2636145857491,64.62828760835937,47.841504911972955,91.92239568435708
2025-03-09 20:17:43.729333,463.0,482.0,401.0,2586.0,1159.0,346.0,63.317331259511874,69.62402444664035,53.6594768252083,40.997311346958064,15.789875307416922,43.59732183787166,43.2636145857491,64.62828760835937,47.841504911972955,91.92239568435708
2025-03-09 20:17:43.729333,462.0,482.0,400.0,2559.0,1160.0,348.0,63.317331259511874,69.62402444664035,53.6594768252083,40.997311346958064,15.789875307416922,43.59732183787166,43.2636145857491,64.62828760835937,47.841504911972955,91.92239568435708
2025-03-09 20:17:43.737667,462.0,479.0,387.0,2599.0,1181.0,347.0,63.14390617210642,69.30193637857373,53.57824058076771,41.07945563904667,15.730952274642712,43.64509142735836,43.08811964480884,64.36911418704378,47.68633422765397,92.16204850057183
2025-03-09 20:17:43.737667,463.0,481.0,390.0,2559.0,1167.0,350.0,63.14390617210642,69.30193637857373,53.57824058076771,41.07945563904667,15.730952274642712,43.64509142735836,43.08811964480884,64.36911418704378,47.68633422765397,92.16204850057183
2025-03-09 20:17:43.737667,458.0,477.0,400.0,2593.0,1169.0,354.0,63.14390617210642,69.30193637857373,53.57824058076771,41.07945563904667,15.730952274642712,43.64509142735836,43.08811964480884,64.36911418704378,47.68633422765397,92.16204850057183
2025-03-09 20:17:43.737667,461.0,482.0,399.0,2594.0,1170.0,350.0,63.14390617210642,69.30193637857373,53.57824058076771,41.07945563904667,15.730952274642712,43.64509142735836,43.08811964480884,64.36911418704378,47.68633422765397,92.16204850057183
2025-03-09 20:17:43.746000,459.0,473.0,397.0,2591.0,1169.0,355.0,62.97273754109744,68.98862740597666,53.49040638763458,41.15589621782434,15.669902286669016,43.68720345604349,42.92135927504808,64.11804089084447,47.53492233973227,92.4007158949441
2025-03-09 20:17:43.746000,457.0,480.0,395.0,2582.0,1173.0,354.0,62.97273754109744,68.98862740597666,53.49040638763458,41.15589621782434,15.669902286669016,43.68720345604349,42.92135927504808,64.11804089084447,47.53492233973227,92.4007158949441
2025-03-09 20:17:43.746000,459.0,476.0,390.0,2589.0,1186.0,354.0,62.97273754109744,68.98862740597666,53.49040638763458,41.15589621782434,15.669902286669016,43.68720345604349,42.92135927504808,64.11804089084447,47.53492233973227,92.4007158949441
2025-03-09 20:17:43.754333,459.0,480.0,393.0,2586.0,1182.0,352.0,62.80607716136217,68.68465840361671,53.397084309391076,41.224843948696424,15.607812082724417,43.72228265764463,42.76532342542838,63.87624318274812,47.38539320016591,92.64064424728488
2025-03-09 20:17:43.754333,458.0,479.0,394.0,2593.0,1170.0,341.0,62.80607716136217,68.68465840361671,53.397084309391076,41.224843948696424,15.607812082724417,43.72228265764463,42.76532342542838,63.87624318274812,47.38539320016591,92.64064424728488
2025-03-09 20:17:43.754333,455.0,478.0,391.0,2594.0,1178.0,391.0,62.80607716136217,68.68465840361671,53.397084309391076,41.224843948696424,15.607812082724417,43.72228265764463,42.76532342542838,63.87624318274812,47.38539320016591,92.64064424728488
2025-03-09 20:17:43.762667,453.0,474.0,375.0,2589.0,1175.0,359.0,62.64870651561816,68.39253010917827,53.30462995715392,41.286359289846,15.545867977361057,43.75033036198596,42.620977809266606,63.64840086004361,47.239718420833334,92.88509741109993
2025-03-09 20:17:43.762667,449.0,479.0,383.0,2593.0,1178.0,359.0,62.64870651561816,68.39253010917827,53.30462995715392,41.286359289846,15.545867977361057,43.75033036198596,42.620977809266606,63.64840086004361,47.239718420833334,92.88509741109993
2025-03-09 20:17:43.762667,457.0,479.0,400.0,2607.0,1175.0,355.0,62.64870651561816,68.39253010917827,53.30462995715392,41.286359289846,15.545867977361057,43.75033036198596,42.620977809266606,63.64840086004361,47.239718420833334,92.88509741109993
2025-03-09 20:17:43.762667,452.0,480.0,368.0,2559.0,1175.0,380.0,62.64870651561816,68.39253010917827,53.30462995715392,41.286359289846,15.545867977361057,43.75033036198596,42.620977809266606,63.64840086004361,47.239718420833334,92.88509741109993
2025-03-09 20:17:43.771000,457.0,477.0,363.0,2592.0,1175.0,362.0,62.505434605395905,68.11686250078611,53.218335638424215,41.34088399140986,15.48560053801986,43.77269648274464,42.488046948907176,63.437143456041106,47.09973161636861,93.134495763568
2025-03-09 20:17:43.771000,453.0,479.0,384.0,2559.0,1171.0,342.0,62.505434605395905,68.11686250078611,53.218335638424215,41.34088399140986,15.48560053801986,43.77269648274464,42.488046948907176,63.437143456041106,47.09973161636861,93.134495763568
2025-03-09 20:17:43.771000,448.0,479.0,369.0,2559.0,1175.0,366.0,62.505434605395905,68.11686250078611,53.218335638424215,41.34088399140986,15.48560053801986,43.77269648274464,42.488046948907176,63.437143456041106,47.09973161636861,93.134495763568
2025-03-09 20:17:43.771000,452.0,475.0,363.0,2533.0,1181.0,366.0,62.505434605395905,68.11686250078611,53.218335638424215,41.34088399140986,15.48560053801986,43.77269648274464,42.488046948907176,63.437143456041106,47.09973161636861,93.134495763568
2025-03-09 20:17:43.771000,453.0,478.0,375.0,2593.0,1182.0,366.0,62.505434605395905,68.11686250078611,53.218335638424215,41.34088399140986,15.48560053801986,43.77269648274464,42.488046948907176,63.437143456041106,47.09973161636861,93.134495763568
2025-03-09 20:17:43.779333,449.0,477.0,354.0,2608.0,1179.0,383.0,62.378948789016434,67.86019428034422,53.140082855250945,41.38951230194909,15.428741172033506,43.79142161450442,42.36678498279374,63.242711950261224,46.96548681530457,93.38747320222542
2025-03-09 20:17:43.779333,448.0,475.0,370.0,2602.0,1181.0,367.0,62.378948789016434,67.86019428034422,53.140082855250945,41.38951230194909,15.428741172033506,43.79142161450442,42.36678498279374,63.242711950261224,46.96548681530457,93.38747320222542
2025-03-09 20:17:43.787667,451.0,477.0,369.0,2593.0,1179.0,368.0,62.26466465349453,67.61694629362016,53.06486500514411,41.43463336421035,15.375496797175279,43.80761652184842,42.25960672511514,63.0639541593222,46.836102109683836,93.64098032696205
2025-03-09 20:17:43.787667,449.0,479.0,353.0,2531.0,1179.0,367.0,62.26466465349453,67.61694629362016,53.06486500514411,41.43463336421035,15.375496797175279,43.80761652184842,42.25960672511514,63.0639541593222,46.836102109683836,93.64098032696205
2025-03-09 20:17:43.787667,452.0,474.0,382.0,2559.0,1178.0,363.0,62.26466465349453,67.61694629362016,53.06486500514411,41.43463336421035,15.375496797175279,43.80761652184842,42.25960672511514,63.0639541593222,46.836102109683836,93.64098032696205
2025-03-09 20:17:43.787667,449.0,471.0,383.0,2592.0,1182.0,368.0,62.26466465349453,67.61694629362016,53.06486500514411,41.43463336421035,15.375496797175279,43.80761652184842,42.25960672511514,63.0639541593222,46.836102109683836,93.64098032696205
2025-03-09 20:17:43.796000,447.0,478.0,365.0,2599.0,1179.0,367.0,62.15766267473487,67.38252042551807,52.98589720496295,41.47892936869738,15.325508828469967,43.82258607571347,42.16967927496445,62.90025128681869,46.71169573918626,93.89151862528334
2025-03-09 20:17:43.796000,447.0,475.0,379.0,2595.0,1177.0,369.0,62.15766267473487,67.38252042551807,52.98589720496295,41.47892936869738,15.325508828469967,43.82258607571347,42.16967927496445,62.90025128681869,46.71169573918626,93.89151862528334
2025-03-09 20:17:43.796000,449.0,477.0,364.0,2594.0,1178.0,368.0,62.15766267473487,67.38252042551807,52.98589720496295,41.47892936869738,15.325508828469967,43.82258607571347,42.16967927496445,62.90025128681869,46.71169573918626,93.89151862528334
2025-03-09 20:17:43.796000,446.0,478.0,368.0,2590.0,1179.0,369.0,62.15766267473487,67.38252042551807,52.98589720496295,41.47892936869738,15.325508828469967,43.82258607571347,42.16967927496445,62.90025128681869,46.71169573918626,93.89151862528334
2025-03-09 20:17:43.804333,448.0,475.0,373.0,2590.0,1178.0,370.0,62.06034220913693,67.15918625998815,52.90652732681365,41.52409852528581,15.279256454450271,43.838349802055916,42.09557905174583,62.752560845406485,46.59415074599092,94.13826811431538
2025-03-09 20:17:43.804333,448.0,475.0,377.0,2592.0,1177.0,370.0,62.06034220913693,67.15918625998815,52.90652732681365,41.52409852528581,15.279256454450271,43.838349802055916,42.09557905174583,62.752560845406485,46.59415074599092,94.13826811431538
2025-03-09 20:17:43.804333,451.0,480.0,353.0,2586.0,1178.0,368.0,62.06034220913693,67.15918625998815,52.90652732681365,41.52409852528581,15.279256454450271,43.838349802055916,42.09557905174583,62.752560845406485,46.59415074599092,94.13826811431538
2025-03-09 20:17:43.804333,447.0,474.0,425.0,2591.0,1174.0,368.0,62.06034220913693,67.15918625998815,52.90652732681365,41.52409852528581,15.279256454450271,43.838349802055916,42.09557905174583,62.752560845406485,46.59415074599092,94.13826811431538
2025-03-09 20:17:43.812667,447.0,479.0,435.0,2593.0,1175.0,368.0,61.97695204931532,66.95146139897541,52.83158375700436,41.57074760372349,15.237530031610127,43.85702343405794,42.033943552536456,62.620020153771144,46.48400494345594,94.37998914990503
2025-03-09 20:17:43.812667,442.0,477.0,424.0,2593.0,1170.0,368.0,61.97695204931532,66.95146139897541,52.83158375700436,41.57074760372349,15.237530031610127,43.85702343405794,42.033943552536456,62.620020153771144,46.48400494345594,94.37998914990503
2025-03-09 20:17:43.812667,448.0,479.0,416.0,2594.0,1175.0,368.0,61.97695204931532,66.95146139897541,52.83158375700436,41.57074760372349,15.237530031610127,43.85702343405794,42.033943552536456,62.620020153771144,46.48400494345594,94.37998914990503
2025-03-09 20:17:43.821000,448.0,475.0,418.0,2593.0,1172.0,368.0,61.908054961601174,66.76125093390291,52.75978442840334,41.61819518228807,15.198681489056804,43.87849429200174,41.98277904762397,62.50074826572356,46.38092127125317,94.61415706307797
2025-03-09 20:17:43.821000,448.0,478.0,413.0,2591.0,1174.0,368.0,61.908054961601174,66.76125093390291,52.75978442840334,41.61819518228807,15.198681489056804,43.87849429200174,41.98277904762397,62.50074826572356,46.38092127125317,94.61415706307797
2025-03-09 20:17:43.821000,447.0,475.0,413.0,2591.0,1173.0,368.0,61.908054961601174,66.76125093390291,52.75978442840334,41.61819518228807,15.198681489056804,43.87849429200174,41.98277904762397,62.50074826572356,46.38092127125317,94.61415706307797
2025-03-09 20:17:43.821000,448.0,478.0,422.0,2595.0,1175.0,368.0,61.908054961601174,66.76125093390291,52.75978442840334,41.61819518228807,15.198681489056804,43.87849429200174,41.98277904762397,62.50074826572356,46.38092127125317,94.61415706307797
2025-03-09 20:17:43.829333,448.0,475.0,406.0,2599.0,1172.0,368.0,61.85221486159376,66.58680241831149,52.68632521942514,41.664610650231694,15.160472380149429,43.90060477687851,41.94275196057714,62.392926830159226,46.28242552582953,94.8394256758187
2025-03-09 20:17:43.829333,447.0,470.0,399.0,2594.0,1172.0,368.0,61.85221486159376,66.58680241831149,52.68632521942514,41.664610650231694,15.160472380149429,43.90060477687851,41.94275196057714,62.392926830159226,46.28242552582953,94.8394256758187
2025-03-09 20:17:43.829333,447.0,469.0,421.0,2590.0,1173.0,368.0,61.85221486159376,66.58680241831149,52.68632521942514,41.664610650231694,15.160472380149429,43.90060477687851,41.94275196057714,62.392926830159226,46.28242552582953,94.8394256758187
2025-03-09 20:17:43.829333,448.0,477.0,415.0,2593.0,1168.0,368.0,61.85221486159376,66.58680241831149,52.68632521942514,41.664610650231694,15.160472380149429,43.90060477687851,41.94275196057714,62.392926830159226,46.28242552582953,94.8394256758187
2025-03-09 20:17:43.837667,447.0,468.0,406.0,2590.0,1173.0,368.0,61.81003391038462,66.42808540359707,52.60797381521646,41.705418936925874,15.126073389603539,43.92057221290744,41.91806034150523,62.29409925528736,46.181424470746606,95.05584807214852
2025-03-09 20:17:43.837667,447.0,475.0,401.0,2592.0,1175.0,368.0,61.81003391038462,66.42808540359707,52.60797381521646,41.705418936925874,15.126073389603539,43.92057221290744,41.91806034150523,62.29409925528736,46.181424470746606,95.05584807214852
2025-03-09 20:17:43.846000,447.0,474.0,389.0,2598.0,1171.0,369.0,61.78282490241034,66.28677739841666,52.52553430536761,41.73475805689699,15.100313836892479,43.934911991980336,41.91197144507235,62.20269323232527,46.07148778639423,95.26323008966256
2025-03-09 20:17:43.846000,445.0,475.0,350.0,2590.0,1159.0,368.0,61.78282490241034,66.28677739841666,52.52553430536761,41.73475805689699,15.100313836892479,43.934911991980336,41.91197144507235,62.20269323232527,46.07148778639423,95.26323008966256
2025-03-09 20:17:43.846000,443.0,471.0,346.0,2593.0,1175.0,368.0,61.78282490241034,66.28677739841666,52.52553430536761,41.73475805689699,15.100313836892479,43.934911991980336,41.91197144507235,62.20269323232527,46.07148778639423,95.26323008966256
2025-03-09 20:17:43.846000,447.0,471.0,275.0,2591.0,1173.0,370.0,61.78282490241034,66.28677739841666,52.52553430536761,41.73475805689699,15.100313836892479,43.934911991980336,41.91197144507235,62.20269323232527,46.07148778639423,95.26323008966256
2025-03-09 20:17:43.854333,446.0,473.0,305.0,2585.0,1168.0,371.0,61.769684606358254,66.16399596880643,52.441151670473154,41.754618109935066,15.08270178536291,43.945250587056954,41.92215650116472,62.11956842859277,45.95638476388198,95.46054191326861
2025-03-09 20:17:43.854333,446.0,471.0,322.0,2591.0,1179.0,369.0,61.769684606358254,66.16399596880643,52.441151670473154,41.754618109935066,15.08270178536291,43.945250587056954,41.92215650116472,62.11956842859277,45.95638476388198,95.46054191326861
2025-03-09 20:17:43.854333,446.0,475.0,335.0,2595.0,1172.0,374.0,61.769684606358254,66.16399596880643,52.441151670473154,41.754618109935066,15.08270178536291,43.945250587056954,41.92215650116472,62.11956842859277,45.95638476388198,95.46054191326861
2025-03-09 20:17:43.854333,448.0,467.0,325.0,2591.0,1168.0,369.0,61.769684606358254,66.16399596880643,52.441151670473154,41.754618109935066,15.08270178536291,43.945250587056954,41.92215650116472,62.11956842859277,45.95638476388198,95.46054191326861
2025-03-09 20:17:43.862667,445.0,477.0,327.0,2593.0,1174.0,371.0,61.76557158336746,66.05580799735395,52.3572386592064,41.77558433286844,15.068541092274414,43.95831202518509,41.94254452579032,62.04771202672901,45.848286306180555,95.64607975018801
2025-03-09 20:17:43.862667,444.0,470.0,327.0,2591.0,1174.0,378.0,61.76557158336746,66.05580799735395,52.3572386592064,41.77558433286844,15.068541092274414,43.95831202518509,41.94254452579032,62.04771202672901,45.848286306180555,95.64607975018801
2025-03-09 20:17:43.862667,446.0,475.0,320.0,2590.0,1182.0,371.0,61.76557158336746,66.05580799735395,52.3572386592064,41.77558433286844,15.068541092274414,43.95831202518509,41.94254452579032,62.04771202672901,45.848286306180555,95.64607975018801
2025-03-09 20:17:43.862667,441.0,477.0,326.0,2590.0,1179.0,377.0,61.76557158336746,66.05580799735395,52.3572386592064,41.77558433286844,15.068541092274414,43.95831202518509,41.94254452579032,62.04771202672901,45.848286306180555,95.64607975018801
2025-03-09 20:17:43.871000,441.0,464.0,320.0,2591.0,1171.0,369.0,61.767806509722746,65.96103517771787,52.276389100347906,41.80162688688916,15.055585161907068,43.976260392125795,41.96950383546163,61.9891115791811,45.753808098570374,95.81813969020455
2025-03-09 20:17:43.871000,442.0,470.0,323.0,2588.0,1175.0,374.0,61.767806509722746,65.96103517771787,52.276389100347906,41.80162688688916,15.055585161907068,43.976260392125795,41.96950383546163,61.9891115791811,45.753808098570374,95.81813969020455
2025-03-09 20:17:43.871000,445.0,467.0,336.0,2594.0,1174.0,375.0,61.767806509722746,65.96103517771787,52.276389100347906,41.80162688688916,15.055585161907068,43.976260392125795,41.96950383546163,61.9891115791811,45.753808098570374,95.81813969020455
2025-03-09 20:17:43.879333,442.0,472.0,336.0,2592.0,1174.0,372.0,61.77850176971764,65.8852275453962,52.19937845047329,41.82925639824489,15.044381609690888,43.99709665636874,42.0033491977271,61.94448227042623,45.67305316780882,95.97555310917134
2025-03-09 20:17:43.879333,435.0,467.0,359.0,2586.0,1174.0,375.0,61.77850176971764,65.8852275453962,52.19937845047329,41.82925639824489,15.044381609690888,43.99709665636874,42.0033491977271,61.94448227042623,45.67305316780882,95.97555310917134
2025-03-09 20:17:43.879333,443.0,474.0,359.0,2592.0,1174.0,375.0,61.77850176971764,65.8852275453962,52.19937845047329,41.82925639824489,15.044381609690888,43.99709665636874,42.0033491977271,61.94448227042623,45.67305316780882,95.97555310917134
2025-03-09 20:17:43.879333,441.0,467.0,362.0,2585.0,1175.0,375.0,61.77850176971764,65.8852275453962,52.19937845047329,41.82925639824489,15.044381609690888,43.99709665636874,42.0033491977271,61.94448227042623,45.67305316780882,95.97555310917134
2025-03-09 20:17:43.887667,444.0,464.0,359.0,2593.0,1174.0,379.0,61.79780726704681,65.83013756072681,52.126493782752455,41.85617816584298,15.03587557262457,44.019365611861346,42.0443168941939,61.91344458490437,45.6050725852926,96.11722655803017
2025-03-09 20:17:43.887667,437.0,472.0,365.0,2592.0,1174.0,371.0,61.79780726704681,65.83013756072681,52.126493782752455,41.85617816584298,15.03587557262457,44.019365611861346,42.0443168941939,61.91344458490437,45.6050725852926,96.11722655803017
2025-03-09 20:17:43.887667,443.0,475.0,359.0,2589.0,1173.0,378.0,61.79780726704681,65.83013756072681,52.126493782752455,41.85617816584298,15.03587557262457,44.019365611861346,42.0443168941939,61.91344458490437,45.6050725852926,96.11722655803017
2025-03-09 20:17:43.887667,441.0,473.0,365.0,2591.0,1175.0,375.0,61.79780726704681,65.83013756072681,52.126493782752455,41.85617816584298,15.03587557262457,44.019365611861346,42.0443168941939,61.91344458490437,45.6050725852926,96.11722655803017
2025-03-09 20:17:43.896000,444.0,464.0,362.0,2587.0,1177.0,375.0,61.82394218807663,65.79390181975289,52.05734264361257,41.881564939445326,15.03093681096716,44.04240507808704,42.092056391828834,61.894282862669854,45.548142525730185,96.24199848586662
2025-03-09 20:17:43.896000,437.0,467.0,348.0,2587.0,1172.0,369.0,61.82394218807663,65.79390181975289,52.05734264361257,41.881564939445326,15.03093681096716,44.04240507808704,42.092056391828834,61.894282862669854,45.548142525730185,96.24199848586662
2025-03-09 20:17:43.896000,445.0,473.0,349.0,2591.0,1170.0,368.0,61.82394218807663,65.79390181975289,52.05734264361257,41.881564939445326,15.03093681096716,44.04240507808704,42.092056391828834,61.894282862669854,45.548142525730185,96.24199848586662
2025-03-09 20:17:43.904333,439.0,473.0,349.0,2592.0,1169.0,379.0,61.855234767842745,65.77480105361936,51.99066598560096,41.904952427059435,15.029623944234885,44.065938564003254,42.145580822992365,61.88454617440965,45.50047404335592,96.34859055105369
2025-03-09 20:17:43.904333,437.0,470.0,352.0,2559.0,1175.0,375.0,61.855234767842745,65.77480105361936,51.99066598560096,41.904952427059435,15.029623944234885,44.065938564003254,42.145580822992365,61.88454617440965,45.50047404335592,96.34859055105369
2025-03-09 20:17:43.904333,441.0,470.0,358.0,2588.0,1172.0,372.0,61.855234767842745,65.77480105361936,51.99066598560096,41.904952427059435,15.029623944234885,44.065938564003254,42.145580822992365,61.88454617440965,45.50047404335592,96.34859055105369
2025-03-09 20:17:43.912667,437.0,473.0,355.0,2594.0,1173.0,373.0,61.88966133924298,65.77082380911335,51.92461138871242,41.9252815475601,15.03150174748012,44.08882380931941,42.20435004098692,61.882263851020745,45.460357765586416,96.43562373184544
2025-03-09 20:17:43.912667,442.0,478.0,355.0,2601.0,1173.0,369.0,61.88966133924298,65.77082380911335,51.92461138871242,41.9252815475601,15.03150174748012,44.08882380931941,42.20435004098692,61.882263851020745,45.460357765586416,96.43562373184544
2025-03-09 20:17:43.912667,432.0,464.0,353.0,2594.0,1174.0,374.0,61.88966133924298,65.77082380911335,51.92461138871242,41.9252815475601,15.03150174748012,44.08882380931941,42.20435004098692,61.882263851020745,45.460357765586416,96.43562373184544
2025-03-09 20:17:43.912667,437.0,470.0,351.0,2595.0,1168.0,373.0,61.88966133924298,65.77082380911335,51.92461138871242,41.9252815475601,15.03150174748012,44.08882380931941,42.20435004098692,61.882263851020745,45.460357765586416,96.43562373184544
2025-03-09 20:17:43.921000,437.0,475.0,347.0,2587.0,1169.0,373.0,61.92539857219194,65.77991899004522,51.85774631931013,41.9415042032659,15.036000218680005,44.109488160553525,42.268728980330785,61.88710634042003,45.427038628225006,96.5013934080573
2025-03-09 20:17:43.921000,438.0,470.0,351.0,2588.0,1169.0,371.0,61.92539857219194,65.77991899004522,51.85774631931013,41.9415042032659,15.036000218680005,44.109488160553525,42.268728980330785,61.88710634042003,45.427038628225006,96.5013934080573
2025-03-09 20:17:43.921000,440.0,465.0,350.0,2595.0,1174.0,371.0,61.92539857219194,65.77991899004522,51.85774631931013,41.9415042032659,15.036000218680005,44.109488160553525,42.268728980330785,61.88710634042003,45.427038628225006,96.5013934080573
2025-03-09 20:17:43.921000,440.0,467.0,354.0,2594.0,1168.0,372.0,61.92539857219194,65.77991899004522,51.85774631931013,41.9415042032659,15.036000218680005,44.109488160553525,42.268728980330785,61.88710634042003,45.427038628225006,96.5013934080573
2025-03-09 20:17:43.929333,442.0,473.0,357.0,2585.0,1168.0,379.0,61.96155824783049,65.8004938480477,51.78973094059218,41.953321176164096,15.042173196858302,44.1268278536416,42.33897456980378,61.89991546322274,45.40095524849106,96.54454920287661
2025-03-09 20:17:43.929333,437.0,470.0,338.0,2590.0,1170.0,374.0,61.96155824783049,65.8004938480477,51.78973094059218,41.953321176164096,15.042173196858302,44.1268278536416,42.33897456980378,61.89991546322274,45.40095524849106,96.54454920287661
2025-03-09 20:17:43.929333,441.0,469.0,347.0,2591.0,1168.0,370.0,61.96155824783049,65.8004938480477,51.78973094059218,41.953321176164096,15.042173196858302,44.1268278536416,42.33897456980378,61.89991546322274,45.40095524849106,96.54454920287661
2025-03-09 20:17:43.937667,439.0,466.0,348.0,2586.0,1168.0,373.0,61.99823361393967,65.83223391554128,51.72103531151873,41.96093575696766,15.048273356948778,44.1399390383767,42.41529066245545,61.92316904349857,45.38442208020904,96.56525704883228
2025-03-09 20:17:43.937667,437.0,470.0,350.0,2590.0,1168.0,370.0,61.99823361393967,65.83223391554128,51.72103531151873,41.96093575696766,15.048273356948778,44.1399390383767,42.41529066245545,61.92316904349857,45.38442208020904,96.56525704883228
2025-03-09 20:17:43.937667,438.0,470.0,349.0,2588.0,1169.0,378.0,61.99823361393967,65.83223391554128,51.72103531151873,41.96093575696766,15.048273356948778,44.1399390383767,42.41529066245545,61.92316904349857,45.38442208020904,96.56525704883228
2025-03-09 20:17:43.937667,433.0,470.0,350.0,2583.0,1168.0,369.0,61.99823361393967,65.83223391554128,51.72103531151873,41.96093575696766,15.048273356948778,44.1399390383767,42.41529066245545,61.92316904349857,45.38442208020904,96.56525704883228
2025-03-09 20:17:43.946000,438.0,475.0,342.0,2559.0,1168.0,371.0,62.036531582793245,65.87587490335264,51.65396215959831,41.96514342032242,15.052196797321491,44.14828806525582,42.49736494991459,61.96080162708726,45.38151930484404,96.56460831925561
2025-03-09 20:17:43.946000,438.0,468.0,351.0,2590.0,1167.0,369.0,62.036531582793245,65.87587490335264,51.65396215959831,41.96514342032242,15.052196797321491,44.14828806525582,42.49736494991459,61.96080162708726,45.38151930484404,96.56460831925561
2025-03-09 20:17:43.946000,437.0,466.0,345.0,2583.0,1168.0,370.0,62.036531582793245,65.87587490335264,51.65396215959831,41.96514342032242,15.052196797321491,44.14828806525582,42.49736494991459,61.96080162708726,45.38151930484404,96.56460831925561
2025-03-09 20:17:43.954333,435.0,468.0,350.0,2585.0,1166.0,372.0,62.07810874673485,65.9331785645844,51.59116874949533,41.9683209265195,15.052211370706997,44.153152024921745,42.58455455703057,62.0167044194669,45.39732988197961,96.5437036258049
2025-03-09 20:17:43.954333,436.0,471.0,350.0,2589.0,1168.0,369.0,62.07810874673485,65.9331785645844,51.59116874949533,41.9683209265195,15.052211370706997,44.153152024921745,42.58455455703057,62.0167044194669,45.39732988197961,96.5437036258049
2025-03-09 20:17:43.954333,435.0,469.0,353.0,2559.0,1168.0,370.0,62.07810874673485,65.9331785645844,51.59116874949533,41.9683209265195,15.052211370706997,44.153152024921745,42.58455455703057,62.0167044194669,45.39732988197961,96.5437036258049
2025-03-09 20:17:43.954333,432.0,471.0,347.0,2587.0,1167.0,368.0,62.07810874673485,65.9331785645844,51.59116874949533,41.9683209265195,15.052211370706997,44.153152024921745,42.58455455703057,62.0167044194669,45.39732988197961,96.5437036258049
2025-03-09 20:17:43.962667,432.0,470.0,343.0,2586.0,1168.0,370.0,62.124240926652114,66.00575826734328,51.532189575923624,41.97538611520254,15.046258420418852,44.158259031288424,42.67715238789364,62.0940414540852,45.43737379474085,96.5041744527571
2025-03-09 20:17:43.962667,435.0,464.0,345.0,2591.0,1167.0,372.0,62.124240926652114,66.00575826734328,51.532189575923624,41.97538611520254,15.046258420418852,44.158259031288424,42.67715238789364,62.0940414540852,45.43737379474085,96.5041744527571
2025-03-09 20:17:43.962667,434.0,470.0,343.0,2586.0,1168.0,371.0,62.124240926652114,66.00575826734328,51.532189575923624,41.97538611520254,15.046258420418852,44.158259031288424,42.67715238789364,62.0940414540852,45.43737379474085,96.5041744527571
2025-03-09 20:17:43.971000,437.0,470.0,353.0,2559.0,1167.0,369.0,62.17535161070393,66.09381230059498,51.47250417883523,41.991968330903866,15.02880031913001,44.16675944604973,42.776010338596926,62.196549236388,45.50815681167953,96.44800137816178
2025-03-09 20:17:43.971000,432.0,469.0,346.0,2587.0,1168.0,368.0,62.17535161070393,66.09381230059498,51.47250417883523,41.991968330903866,15.02880031913001,44.16675944604973,42.776010338596926,62.196549236388,45.50815681167953,96.44800137816178
2025-03-09 20:17:43.971000,432.0,464.0,343.0,2583.0,1169.0,366.0,62.17535161070393,66.09381230059498,51.47250417883523,41.991968330903866,15.02880031913001,44.16675944604973,42.776010338596926,62.196549236388,45.50815681167953,96.44800137816178
2025-03-09 20:17:43.971000,435.0,470.0,343.0,2559.0,1166.0,368.0,62.17535161070393,66.09381230059498,51.47250417883523,41.991968330903866,15.02880031913001,44.16675944604973,42.776010338596926,62.196549236388,45.50815681167953,96.44800137816178
2025-03-09 20:17:43.979333,434.0,467.0,346.0,2559.0,1135.0,368.0,62.232487358302876,66.19671143102272,51.41049779420661,42.025605304645886,14.994567697517704,44.18352812106142,42.88012349324144,62.32786744297215,45.617092402683056,96.37630803812806
2025-03-09 20:17:43.979333,434.0,470.0,351.0,2559.0,1165.0,368.0,62.232487358302876,66.19671143102272,51.41049779420661,42.025605304645886,14.994567697517704,44.18352812106142,42.88012349324144,62.32786744297215,45.617092402683056,96.37630803812806
2025-03-09 20:17:43.979333,434.0,465.0,336.0,2583.0,1168.0,371.0,62.232487358302876,66.19671143102272,51.41049779420661,42.025605304645886,14.994567697517704,44.18352812106142,42.88012349324144,62.32786744297215,45.617092402683056,96.37630803812806
2025-03-09 20:17:43.979333,437.0,464.0,347.0,2559.0,1167.0,367.0,62.232487358302876,66.19671143102272,51.41049779420661,42.025605304645886,14.994567697517704,44.18352812106142,42.88012349324144,62.32786744297215,45.617092402683056,96.37630803812806
2025-03-09 20:17:43.987667,434.0,463.0,346.0,2559.0,1185.0,368.0,62.298061285335294,66.31412815848265,51.34964153644062,42.08720412958867,14.940910407385246,44.21722686434193,42.98697112844285,62.49204878904993,45.773278355334384,96.28889904921166
2025-03-09 20:17:43.987667,438.0,464.0,342.0,2559.0,1159.0,368.0,62.298061285335294,66.31412815848265,51.34964153644062,42.08720412958867,14.940910407385246,44.21722686434193,42.98697112844285,62.49204878904993,45.773278355334384,96.28889904921166
2025-03-09 20:17:43.987667,433.0,465.0,349.0,2559.0,1165.0,369.0,62.298061285335294,66.31412815848265,51.34964153644062,42.08720412958867,14.940910407385246,44.21722686434193,42.98697112844285,62.49204878904993,45.773278355334384,96.28889904921166
2025-03-09 20:17:43.996000,434.0,467.0,343.0,2582.0,1159.0,368.0,62.37455265302402,66.44612268068593,51.29241185215685,42.189130819132764,14.86087021492797,44.27660038343663,43.09230907569656,62.69511510215891,45.98980939450314,96.18516074591977
2025-03-09 20:17:43.996000,436.0,464.0,343.0,2559.0,1162.0,368.0,62.37455265302402,66.44612268068593,51.29241185215685,42.189130819132764,14.86087021492797,44.27660038343663,43.09230907569656,62.69511510215891,45.98980939450314,96.18516074591977
2025-03-09 20:17:43.996000,435.0,477.0,349.0,2559.0,1166.0,368.0,62.37455265302402,66.44612268068593,51.29241185215685,42.189130819132764,14.86087021492797,44.27660038343663,43.09230907569656,62.69511510215891,45.98980939450314,96.18516074591977
2025-03-09 20:17:43.996000,432.0,466.0,337.0,2585.0,1164.0,368.0,62.37455265302402,66.44612268068593,51.29241185215685,42.189130819132764,14.86087021492797,44.27660038343663,43.09230907569656,62.69511510215891,45.98980939450314,96.18516074591977
2025-03-09 20:17:44.004333,437.0,469.0,340.0,2559.0,1157.0,361.0,62.46414114291227,66.59269966394821,51.2382038524976,42.28711162379711,14.781982208426983,44.332904538535274,43.20912177901193,62.91364607543045,46.212265064112906,96.0647075515361
2025-03-09 20:17:44.004333,434.0,463.0,346.0,2559.0,1155.0,362.0,62.46414114291227,66.59269966394821,51.2382038524976,42.28711162379711,14.781982208426983,44.332904538535274,43.20912177901193,62.91364607543045,46.212265064112906,96.0647075515361
2025-03-09 20:17:44.004333,435.0,464.0,347.0,2559.0,1145.0,359.0,62.46414114291227,66.59269966394821,51.2382038524976,42.28711162379711,14.781982208426983,44.332904538535274,43.20912177901193,62.91364607543045,46.212265064112906,96.0647075515361
2025-03-09 20:17:44.012667,436.0,464.0,352.0,2559.0,1153.0,361.0,62.566183231171614,66.75058063124534,51.185575160965016,42.27754261176964,14.77269603240598,44.318095957938716,43.36983601375518,63.09158590254193,46.31244035923178,95.92637023126879
2025-03-09 20:17:44.012667,432.0,467.0,343.0,2559.0,1153.0,363.0,62.566183231171614,66.75058063124534,51.185575160965016,42.27754261176964,14.77269603240598,44.318095957938716,43.36983601375518,63.09158590254193,46.31244035923178,95.92637023126879
2025-03-09 20:17:44.012667,434.0,466.0,345.0,2583.0,1152.0,370.0,62.566183231171614,66.75058063124534,51.185575160965016,42.27754261176964,14.77269603240598,44.318095957938716,43.36983601375518,63.09158590254193,46.31244035923178,95.92637023126879
2025-03-09 20:17:44.012667,437.0,464.0,347.0,2559.0,1155.0,362.0,62.566183231171614,66.75058063124534,51.185575160965016,42.27754261176964,14.77269603240598,44.318095957938716,43.36983601375518,63.09158590254193,46.31244035923178,95.92637023126879
2025-03-09 20:17:44.021000,434.0,466.0,346.0,2559.0,1154.0,361.0,62.677154822865795,66.9142305711443,51.13477849027081,42.109465525317695,14.870871299995109,44.19914122266476,43.59193301755997,63.199938169132935,46.22435799833355,95.76799724397003
2025-03-09 20:17:44.021000,437.0,464.0,347.0,2559.0,1155.0,355.0,62.677154822865795,66.9142305711443,51.13477849027081,42.109465525317695,14.870871299995109,44.19914122266476,43.59193301755997,63.199938169132935,46.22435799833355,95.76799724397003
2025-03-09 20:17:44.021000,436.0,472.0,345.0,2559.0,1147.0,355.0,62.677154822865795,66.9142305711443,51.13477849027081,42.109465525317695,14.870871299995109,44.19914122266476,43.59193301755997,63.199938169132935,46.22435799833355,95.76799724397003
2025-03-09 20:17:44.029333,437.0,466.0,346.0,2559.0,1145.0,357.0,62.79561980798398,67.0831014389291,51.08677341620115,41.84103848535407,15.042686475928477,44.016321563144515,43.85863538817513,63.268131743369466,46.016158119057394,95.58867816001869
2025-03-09 20:17:44.029333,435.0,474.0,343.0,2559.0,1151.0,346.0,62.79561980798398,67.0831014389291,51.08677341620115,41.84103848535407,15.042686475928477,44.016321563144515,43.85863538817513,63.268131743369466,46.016158119057394,95.58867816001869
2025-03-09 20:17:44.029333,435.0,471.0,343.0,2559.0,1130.0,354.0,62.79561980798398,67.0831014389291,51.08677341620115,41.84103848535407,15.042686475928477,44.016321563144515,43.85863538817513,63.268131743369466,46.016158119057394,95.58867816001869
2025-03-09 20:17:44.029333,436.0,465.0,348.0,2559.0,1139.0,354.0,62.79561980798398,67.0831014389291,51.08677341620115,41.84103848535407,15.042686475928477,44.016321563144515,43.85863538817513,63.268131743369466,46.016158119057394,95.58867816001869
2025-03-09 20:17:44.037667,436.0,466.0,337.0,2559.0,1151.0,350.0,62.92235510630473,67.26138810852434,51.040383600989635,41.58115315738367,15.21403109750905,43.84114834064781,44.13494897054594,63.35369328885818,45.82233020603646,95.39055499638819
2025-03-09 20:17:44.037667,441.0,473.0,345.0,2559.0,1146.0,353.0,62.92235510630473,67.26138810852434,51.040383600989635,41.58115315738367,15.21403109750905,43.84114834064781,44.13494897054594,63.35369328885818,45.82233020603646,95.39055499638819
2025-03-09 20:17:44.037667,437.0,473.0,345.0,2559.0,1143.0,368.0,62.92235510630473,67.26138810852434,51.040383600989635,41.58115315738367,15.21403109750905,43.84114834064781,44.13494897054594,63.35369328885818,45.82233020603646,95.39055499638819
2025-03-09 20:17:44.037667,436.0,468.0,343.0,2559.0,1142.0,339.0,62.92235510630473,67.26138810852434,51.040383600989635,41.58115315738367,15.21403109750905,43.84114834064781,44.13494897054594,63.35369328885818,45.82233020603646,95.39055499638819
2025-03-09 20:17:44.046000,441.0,469.0,339.0,2559.0,1148.0,352.0,63.060735939053835,67.45519382349617,50.99564874491717,41.377177754694074,15.350094487630171,43.703616619888564,44.404989168275584,63.48316667505228,45.704149466928115,95.18008032004471
2025-03-09 20:17:44.046000,442.0,473.0,342.0,2559.0,1139.0,355.0,63.060735939053835,67.45519382349617,50.99564874491717,41.377177754694074,15.350094487630171,43.703616619888564,44.404989168275584,63.48316667505228,45.704149466928115,95.18008032004471
2025-03-09 20:17:44.046000,445.0,477.0,339.0,2585.0,1146.0,349.0,63.060735939053835,67.45519382349617,50.99564874491717,41.377177754694074,15.350094487630171,43.703616619888564,44.404989168275584,63.48316667505228,45.704149466928115,95.18008032004471
2025-03-09 20:17:44.054333,438.0,469.0,344.0,2559.0,1146.0,357.0,63.21419314039036,67.66991563478544,50.95580678134979,41.21400745407463,15.460594999775104,43.5941227524842,44.6724715019896,63.65077005814409,45.64654543592586,94.96394323232593
2025-03-09 20:17:44.054333,441.0,471.0,341.0,2586.0,1146.0,353.0,63.21419314039036,67.66991563478544,50.95580678134979,41.21400745407463,15.460594999775104,43.5941227524842,44.6724715019896,63.65077005814409,45.64654543592586,94.96394323232593
2025-03-09 20:17:44.054333,443.0,475.0,343.0,2559.0,1153.0,351.0,63.21419314039036,67.66991563478544,50.95580678134979,41.21400745407463,15.460594999775104,43.5941227524842,44.6724715019896,63.65077005814409,45.64654543592586,94.96394323232593
2025-03-09 20:17:44.054333,443.0,478.0,347.0,2559.0,1155.0,357.0,63.21419314039036,67.66991563478544,50.95580678134979,41.21400745407463,15.460594999775104,43.5941227524842,44.6724715019896,63.65077005814409,45.64654543592586,94.96394323232593
2025-03-09 20:17:44.062667,447.0,466.0,345.0,2559.0,1158.0,345.0,63.38214963661491,67.90758554918838,50.92535562741076,41.07897951342039,15.554876244588677,43.504885935458866,44.93786725343673,63.849559157946636,45.636846247703005,94.74532627709392
2025-03-09 20:17:44.062667,448.0,470.0,346.0,2559.0,1162.0,357.0,63.38214963661491,67.90758554918838,50.92535562741076,41.07897951342039,15.554876244588677,43.504885935458866,44.93786725343673,63.849559157946636,45.636846247703005,94.74532627709392
2025-03-09 20:17:44.062667,445.0,471.0,343.0,2587.0,1151.0,350.0,63.38214963661491,67.90758554918838,50.92535562741076,41.07897951342039,15.554876244588677,43.504885935458866,44.93786725343673,63.849559157946636,45.636846247703005,94.74532627709392
2025-03-09 20:17:44.071000,447.0,468.0,347.0,2559.0,1158.0,350.0,63.566086271481396,68.1697656732442,50.90799211211643,40.971263328158805,15.63503508056261,43.435931817676824,45.20004096203105,64.078917131533,45.674330082773984,94.53190178110503
2025-03-09 20:17:44.071000,449.0,472.0,343.0,2582.0,1152.0,349.0,63.566086271481396,68.1697656732442,50.90799211211643,40.971263328158805,15.63503508056261,43.435931817676824,45.20004096203105,64.078917131533,45.674330082773984,94.53190178110503
2025-03-09 20:17:44.071000,450.0,474.0,343.0,2559.0,1163.0,344.0,63.566086271481396,68.1697656732442,50.90799211211643,40.971263328158805,15.63503508056261,43.435931817676824,45.20004096203105,64.078917131533,45.674330082773984,94.53190178110503
2025-03-09 20:17:44.071000,448.0,479.0,342.0,2559.0,1157.0,347.0,63.566086271481396,68.1697656732442,50.90799211211643,40.971263328158805,15.63503508056261,43.435931817676824,45.20004096203105,64.078917131533,45.674330082773984,94.53190178110503
2025-03-09 20:17:44.079333,448.0,478.0,342.0,2559.0,1145.0,343.0,63.77010978334819,68.45708094984255,50.90388436155056,40.88944975692937,15.702626308610325,43.38658265300036,45.46174592757988,64.33898881664827,45.75479994467254,94.33502606814234
2025-03-09 20:17:44.079333,449.0,474.0,338.0,2559.0,1166.0,348.0,63.77010978334819,68.45708094984255,50.90388436155056,40.88944975692937,15.702626308610325,43.38658265300036,45.46174592757988,64.33898881664827,45.75479994467254,94.33502606814234
2025-03-09 20:17:44.079333,451.0,476.0,345.0,2559.0,1142.0,347.0,63.77010978334819,68.45708094984255,50.90388436155056,40.88944975692937,15.702626308610325,43.38658265300036,45.46174592757988,64.33898881664827,45.75479994467254,94.33502606814234
2025-03-09 20:17:44.087667,450.0,478.0,338.0,2559.0,1154.0,349.0,63.991859189090526,68.76544586047007,50.91131872187621,40.82600388967398,15.761866703349126,43.35141576092049,45.72437923899914,64.62362392834592,45.8670488010386,94.15634375070566
2025-03-09 20:17:44.087667,450.0,475.0,354.0,2559.0,1151.0,348.0,63.991859189090526,68.76544586047007,50.91131872187621,40.82600388967398,15.761866703349126,43.35141576092049,45.72437923899914,64.62362392834592,45.8670488010386,94.15634375070566
2025-03-09 20:17:44.087667,453.0,470.0,348.0,2559.0,1158.0,350.0,63.991859189090526,68.76544586047007,50.91131872187621,40.82600388967398,15.761866703349126,43.35141576092049,45.72437923899914,64.62362392834592,45.8670488010386,94.15634375070566
2025-03-09 20:17:44.087667,449.0,474.0,368.0,2559.0,1141.0,351.0,63.991859189090526,68.76544586047007,50.91131872187621,40.82600388967398,15.761866703349126,43.35141576092049,45.72437923899914,64.62362392834592,45.8670488010386,94.15634375070566
2025-03-09 20:17:44.096000,448.0,478.0,384.0,2559.0,1157.0,353.0,64.2206892380967,69.0871113109819,50.928662387397445,40.77410446490406,15.816282038037508,43.325106789274116,45.98377583423785,64.92282445329884,46.00273870793729,93.9866917617817
2025-03-09 20:17:44.096000,453.0,480.0,346.0,2559.0,1155.0,346.0,64.2206892380967,69.0871113109819,50.928662387397445,40.77410446490406,15.816282038037508,43.325106789274116,45.98377583423785,64.92282445329884,46.00273870793729,93.9866917617817
2025-03-09 20:17:44.096000,448.0,471.0,340.0,2559.0,1154.0,343.0,64.2206892380967,69.0871113109819,50.928662387397445,40.77410446490406,15.816282038037508,43.325106789274116,45.98377583423785,64.92282445329884,46.00273870793729,93.9866917617817
2025-03-09 20:17:44.104333,451.0,474.0,330.0,2559.0,1157.0,343.0,64.44893659998407,69.41773805238796,50.953800984983104,40.72792424522474,15.868011849501267,43.30335395964386,46.23652526785722,65.22859555104927,46.15564343224918,93.81820459208892
2025-03-09 20:17:44.104333,448.0,474.0,383.0,2559.0,1143.0,343.0,64.44893659998407,69.41773805238796,50.953800984983104,40.72792424522474,15.868011849501267,43.30335395964386,46.23652526785722,65.22859555104927,46.15564343224918,93.81820459208892
2025-03-09 20:17:44.104333,449.0,478.0,336.0,2559.0,1154.0,338.0,64.44893659998407,69.41773805238796,50.953800984983104,40.72792424522474,15.868011849501267,43.30335395964386,46.23652526785722,65.22859555104927,46.15564343224918,93.81820459208892
2025-03-09 20:17:44.104333,447.0,475.0,339.0,2559.0,1151.0,339.0,64.44893659998407,69.41773805238796,50.953800984983104,40.72792424522474,15.868011849501267,43.30335395964386,46.23652526785722,65.22859555104927,46.15564343224918,93.81820459208892
2025-03-09 20:17:44.112667,448.0,480.0,333.0,2559.0,1156.0,337.0,64.67559510721557,69.75755278184597,50.984241395028214,40.682470336173715,15.91759289012884,43.28297779537047,46.48131630315094,65.53576866737077,46.319996642539806,93.64836132835573
2025-03-09 20:17:44.112667,451.0,480.0,338.0,2559.0,1155.0,338.0,64.67559510721557,69.75755278184597,50.984241395028214,40.682470336173715,15.91759289012884,43.28297779537047,46.48131630315094,65.53576866737077,46.319996642539806,93.64836132835573
2025-03-09 20:17:44.112667,449.0,474.0,336.0,2583.0,1155.0,339.0,64.67559510721557,69.75755278184597,50.984241395028214,40.682470336173715,15.91759289012884,43.28297779537047,46.48131630315094,65.53576866737077,46.319996642539806,93.64836132835573
2025-03-09 20:17:44.112667,449.0,474.0,334.0,2559.0,1155.0,337.0,64.67559510721557,69.75755278184597,50.984241395028214,40.682470336173715,15.91759289012884,43.28297779537047,46.48131630315094,65.53576866737077,46.319996642539806,93.64836132835573
2025-03-09 20:17:44.121000,449.0,477.0,339.0,2559.0,1149.0,336.0,64.89992713896442,70.1048470096443,51.02029186234283,40.63700157946132,15.964763777876506,43.26357070396675,46.71576337905264,65.84131995279297,46.49348712862088,93.47519122012362
2025-03-09 20:17:44.121000,449.0,473.0,343.0,2559.0,1156.0,336.0,64.89992713896442,70.1048470096443,51.02029186234283,40.63700157946132,15.964763777876506,43.26357070396675,46.71576337905264,65.84131995279297,46.49348712862088,93.47519122012362
2025-03-09 20:17:44.121000,450.0,469.0,339.0,2559.0,1158.0,339.0,64.89992713896442,70.1048470096443,51.02029186234283,40.63700157946132,15.964763777876506,43.26357070396675,46.71576337905264,65.84131995279297,46.49348712862088,93.47519122012362
2025-03-09 20:17:44.129333,445.0,474.0,337.0,2559.0,1161.0,331.0,65.12097109353658,70.45571338514686,51.06469981431827,40.59431740085618,16.010501329777295,43.24756301796655,46.93743740660785,66.14328606613053,46.67532766444481,93.29564744101584
2025-03-09 20:17:44.129333,451.0,479.0,335.0,2559.0,1166.0,336.0,65.12097109353658,70.45571338514686,51.06469981431827,40.59431740085618,16.010501329777295,43.24756301796655,46.93743740660785,66.14328606613053,46.67532766444481,93.29564744101584
2025-03-09 20:17:44.129333,449.0,469.0,354.0,2554.0,1153.0,336.0,65.12097109353658,70.45571338514686,51.06469981431827,40.59431740085618,16.010501329777295,43.24756301796655,46.93743740660785,66.14328606613053,46.67532766444481,93.29564744101584
2025-03-09 20:17:44.129333,451.0,474.0,340.0,2559.0,1155.0,332.0,65.12097109353658,70.45571338514686,51.06469981431827,40.59431740085618,16.010501329777295,43.24756301796655,46.93743740660785,66.14328606613053,46.67532766444481,93.29564744101584
2025-03-09 20:17:44.137667,454.0,475.0,341.0,2559.0,1157.0,335.0,65.3358033047788,70.80681123190358,51.11734507955782,40.554586746091545,16.0550638795803,43.23460609996291,47.145536974062495,66.44034194102706,46.86483277325523,93.1074181896044
2025-03-09 20:17:44.137667,450.0,482.0,350.0,2559.0,1147.0,332.0,65.3358033047788,70.80681123190358,51.11734507955782,40.554586746091545,16.0550638795803,43.23460609996291,47.145536974062495,66.44034194102706,46.86483277325523,93.1074181896044
2025-03-09 20:17:44.137667,448.0,477.0,330.0,2559.0,1156.0,333.0,65.3358033047788,70.80681123190358,51.11734507955782,40.554586746091545,16.0550638795803,43.23460609996291,47.145536974062495,66.44034194102706,46.86483277325523,93.1074181896044
2025-03-09 20:17:44.146000,450.0,475.0,330.0,2551.0,1159.0,330.0,65.53944955422531,71.15610360520553,51.176107567856384,40.51470923997961,16.098200156921525,43.22116462867466,47.34038419780665,66.73181612551086,47.06176370883891,92.91011225670266
2025-03-09 20:17:44.146000,455.0,483.0,343.0,2544.0,1168.0,337.0,65.53944955422531,71.15610360520553,51.176107567856384,40.51470923997961,16.098200156921525,43.22116462867466,47.34038419780665,66.73181612551086,47.06176370883891,92.91011225670266
2025-03-09 20:17:44.146000,453.0,475.0,345.0,2559.0,1189.0,331.0,65.53944955422531,71.15610360520553,51.176107567856384,40.51470923997961,16.098200156921525,43.22116462867466,47.34038419780665,66.73181612551086,47.06176370883891,92.91011225670266
2025-03-09 20:17:44.146000,455.0,470.0,348.0,2559.0,1159.0,325.0,65.53944955422531,71.15610360520553,51.176107567856384,40.51470923997961,16.098200156921525,43.22116462867466,47.34038419780665,66.73181612551086,47.06176370883891,92.91011225670266
2025-03-09 20:17:44.154333,459.0,478.0,343.0,2559.0,1163.0,327.0,65.72893207279158,71.5019137696227,51.242958431295726,40.47327426978289,16.140079697623573,43.20547245026809,47.520384468344325,67.01745555010773,47.26677219592218,92.70307570700898
2025-03-09 20:17:44.154333,453.0,475.0,323.0,2559.0,1165.0,330.0,65.72893207279158,71.5019137696227,51.242958431295726,40.47327426978289,16.140079697623573,43.20547245026809,47.520384468344325,67.01745555010773,47.26677219592218,92.70307570700898
2025-03-09 20:17:44.154333,455.0,477.0,331.0,2555.0,1136.0,328.0,65.72893207279158,71.5019137696227,51.242958431295726,40.47327426978289,16.140079697623573,43.20547245026809,47.520384468344325,67.01745555010773,47.26677219592218,92.70307570700898
2025-03-09 20:17:44.162667,459.0,483.0,338.0,2559.0,1159.0,329.0,65.90301507674468,71.84278233121907,51.32167931129954,40.430079192402054,16.181494685397674,43.18724766881838,47.68340395349165,67.2969195122215,47.48015608077645,92.48589663059306
2025-03-09 20:17:44.162667,464.0,482.0,347.0,2559.0,1165.0,316.0,65.90301507674468,71.84278233121907,51.32167931129954,40.430079192402054,16.181494685397674,43.18724766881838,47.68340395349165,67.2969195122215,47.48015608077645,92.48589663059306
2025-03-09 20:17:44.162667,464.0,482.0,336.0,2556.0,1165.0,323.0,65.90301507674468,71.84278233121907,51.32167931129954,40.430079192402054,16.181494685397674,43.18724766881838,47.68340395349165,67.2969195122215,47.48015608077645,92.48589663059306
2025-03-09 20:17:44.162667,464.0,479.0,336.0,2553.0,1163.0,331.0,65.90301507674468,71.84278233121907,51.32167931129954,40.430079192402054,16.181494685397674,43.18724766881838,47.68340395349165,67.2969195122215,47.48015608077645,92.48589663059306
2025-03-09 20:17:44.171000,464.0,481.0,337.0,2551.0,1163.0,334.0,66.06084413721192,72.17724806672028,51.41005904781824,40.386567777858076,16.222442047101715,43.16743058733592,47.83119217279087,67.57048992068161,47.7018865894943,92.25992230105038
2025-03-09 20:17:44.171000,467.0,476.0,335.0,2557.0,1166.0,326.0,66.06084413721192,72.17724806672028,51.41005904781824,40.386567777858076,16.222442047101715,43.16743058733592,47.83119217279087,67.57048992068161,47.7018865894943,92.25992230105038
2025-03-09 20:17:44.171000,464.0,477.0,338.0,2555.0,1166.0,325.0,66.06084413721192,72.17724806672028,51.41005904781824,40.386567777858076,16.222442047101715,43.16743058733592,47.83119217279087,67.57048992068161,47.7018865894943,92.25992230105038
2025-03-09 20:17:44.179333,464.0,477.0,337.0,2559.0,1164.0,331.0,66.20134555979841,72.50509354558862,51.506230379213214,40.34301730559597,16.2637729864516,43.14641841763384,47.96547888360942,67.83812870971703,47.93177093535444,92.02752232264672
2025-03-09 20:17:44.179333,470.0,482.0,341.0,2553.0,1173.0,320.0,66.20134555979841,72.50509354558862,51.506230379213214,40.34301730559597,16.2637729864516,43.14641841763384,47.96547888360942,67.83812870971703,47.93177093535444,92.02752232264672
2025-03-09 20:17:44.179333,474.0,478.0,336.0,2551.0,1172.0,320.0,66.20134555979841,72.50509354558862,51.506230379213214,40.34301730559597,16.2637729864516,43.14641841763384,47.96547888360942,67.83812870971703,47.93177093535444,92.02752232264672
2025-03-09 20:17:44.179333,469.0,479.0,336.0,2490.0,1178.0,319.0,66.20134555979841,72.50509354558862,51.506230379213214,40.34301730559597,16.2637729864516,43.14641841763384,47.96547888360942,67.83812870971703,47.93177093535444,92.02752232264672
2025-03-09 20:17:44.187667,466.0,485.0,337.0,2555.0,1174.0,320.0,66.32384482049125,72.82832017271322,51.613143787378945,40.295883340301444,16.30670485892469,43.121341386868295,48.086135550285235,68.10101906276951,48.17020502801792,91.79202269122133
2025-03-09 20:17:44.187667,469.0,481.0,337.0,2550.0,1175.0,321.0,66.32384482049125,72.82832017271322,51.613143787378945,40.295883340301444,16.30670485892469,43.121341386868295,48.086135550285235,68.10101906276951,48.17020502801792,91.79202269122133
2025-03-09 20:17:44.187667,474.0,483.0,336.0,2590.0,1174.0,320.0,66.32384482049125,72.82832017271322,51.613143787378945,40.295883340301444,16.30670485892469,43.121341386868295,48.086135550285235,68.10101906276951,48.17020502801792,91.79202269122133
2025-03-09 20:17:44.187667,471.0,481.0,333.0,2551.0,1178.0,320.0,66.32384482049125,72.82832017271322,51.613143787378945,40.295883340301444,16.30670485892469,43.121341386868295,48.086135550285235,68.10101906276951,48.17020502801792,91.79202269122133
2025-03-09 20:17:44.196000,473.0,491.0,326.0,2559.0,1177.0,324.0,66.42830620929756,73.1482999003269,51.73073057180391,40.24132844272369,16.35297590106813,43.0894942518169,48.1950146252406,68.3590236672877,48.41465733666096,91.55701477607427
2025-03-09 20:17:44.196000,479.0,479.0,354.0,2544.0,1182.0,318.0,66.42830620929756,73.1482999003269,51.73073057180391,40.24132844272369,16.35297590106813,43.0894942518169,48.1950146252406,68.3590236672877,48.41465733666096,91.55701477607427
2025-03-09 20:17:44.196000,480.0,482.0,337.0,2545.0,1178.0,318.0,66.42830620929756,73.1482999003269,51.73073057180391,40.24132844272369,16.35297590106813,43.0894942518169,48.1950146252406,68.3590236672877,48.41465733666096,91.55701477607427
2025-03-09 20:17:44.196000,479.0,485.0,338.0,2549.0,1181.0,317.0,66.42830620929756,73.1482999003269,51.73073057180391,40.24132844272369,16.35297590106813,43.0894942518169,48.1950146252406,68.3590236672877,48.41465733666096,91.55701477607427
2025-03-09 20:17:44.204333,481.0,485.0,327.0,2544.0,1180.0,317.0,66.51616119509886,73.46568408007766,51.856920351763804,40.179719956447464,16.4017805387067,43.051031318409315,48.294088606720564,68.61312394952256,48.664830498634394,91.32634692210243
2025-03-09 20:17:44.204333,479.0,480.0,397.0,2545.0,1179.0,318.0,66.51616119509886,73.46568408007766,51.856920351763804,40.179719956447464,16.4017805387067,43.051031318409315,48.294088606720564,68.61312394952256,48.664830498634394,91.32634692210243
2025-03-09 20:17:44.204333,483.0,479.0,335.0,2544.0,1181.0,317.0,66.51616119509886,73.46568408007766,51.856920351763804,40.179719956447464,16.4017805387067,43.051031318409315,48.294088606720564,68.61312394952256,48.664830498634394,91.32634692210243
2025-03-09 20:17:44.212667,484.0,483.0,346.0,2545.0,1181.0,317.0,66.58866595309478,73.78170197269085,51.99284794599463,40.115100486513214,16.449485575435606,43.008228182424936,48.381450560558626,68.86636549976292,48.92656926791011,91.10367802139616
2025-03-09 20:17:44.212667,491.0,483.0,345.0,2544.0,1187.0,311.0,66.58866595309478,73.78170197269085,51.99284794599463,40.115100486513214,16.449485575435606,43.008228182424936,48.381450560558626,68.86636549976292,48.92656926791011,91.10367802139616
2025-03-09 20:17:44.212667,494.0,481.0,340.0,2544.0,1186.0,314.0,66.58866595309478,73.78170197269085,51.99284794599463,40.115100486513214,16.449485575435606,43.008228182424936,48.381450560558626,68.86636549976292,48.92656926791011,91.10367802139616
2025-03-09 20:17:44.212667,495.0,485.0,337.0,2547.0,1186.0,313.0,66.58866595309478,73.78170197269085,51.99284794599463,40.115100486513214,16.449485575435606,43.008228182424936,48.381450560558626,68.86636549976292,48.92656926791011,91.10367802139616
2025-03-09 20:17:44.221000,496.0,485.0,310.0,2544.0,1187.0,311.0,66.64546834565279,74.09666470925531,52.137174089990985,40.05024573092357,16.49453230930123,42.96323702882408,48.45609252627683,69.11865911241509,49.20231088350238,90.89206876102551
2025-03-09 20:17:44.221000,495.0,483.0,338.0,2547.0,1187.0,315.0,66.64546834565279,74.09666470925531,52.137174089990985,40.05024573092357,16.49453230930123,42.96323702882408,48.45609252627683,69.11865911241509,49.20231088350238,90.89206876102551
2025-03-09 20:17:44.221000,496.0,481.0,337.0,2544.0,1187.0,314.0,66.64546834565279,74.09666470925531,52.137174089990985,40.05024573092357,16.49453230930123,42.96323702882408,48.45609252627683,69.11865911241509,49.20231088350238,90.89206876102551
2025-03-09 20:17:44.221000,494.0,483.0,327.0,2544.0,1186.0,314.0,66.64546834565279,74.09666470925531,52.137174089990985,40.05024573092357,16.49453230930123,42.96323702882408,48.45609252627683,69.11865911241509,49.20231088350238,90.89206876102551
2025-03-09 20:17:44.229333,496.0,492.0,341.0,2559.0,1196.0,326.0,66.68752660850618,74.40915043512915,52.28225050825158,39.98535012852788,16.536767053853847,42.91644602902836,48.52277422221671,69.36831256487245,49.48750904081646,90.69398255900056
2025-03-09 20:17:44.229333,509.0,487.0,338.0,2544.0,1188.0,311.0,66.68752660850618,74.40915043512915,52.28225050825158,39.98535012852788,16.536767053853847,42.91644602902836,48.52277422221671,69.36831256487245,49.48750904081646,90.69398255900056
2025-03-09 20:17:44.237667,505.0,491.0,335.0,2544.0,1193.0,314.0,66.71633903724504,74.71751823488935,52.4231757908813,39.92095626369152,16.574886967085657,42.868019973111664,48.58420357736781,69.61445365120558,49.779047628374705,90.51049703753347
2025-03-09 20:17:44.237667,511.0,484.0,337.0,2545.0,1197.0,311.0,66.71633903724504,74.71751823488935,52.4231757908813,39.92095626369152,16.574886967085657,42.868019973111664,48.58420357736781,69.61445365120558,49.779047628374705,90.51049703753347
2025-03-09 20:17:44.237667,511.0,487.0,338.0,2544.0,1190.0,306.0,66.71633903724504,74.71751823488935,52.4231757908813,39.92095626369152,16.574886967085657,42.868019973111664,48.58420357736781,69.61445365120558,49.779047628374705,90.51049703753347
2025-03-09 20:17:44.237667,525.0,486.0,326.0,2544.0,1194.0,306.0,66.71633903724504,74.71751823488935,52.4231757908813,39.92095626369152,16.574886967085657,42.868019973111664,48.58420357736781,69.61445365120558,49.779047628374705,90.51049703753347
2025-03-09 20:17:44.246000,511.0,491.0,337.0,2546.0,1196.0,307.0,66.73214460632212,75.02046252045544,52.55927162589016,39.85785199721932,16.607799292253134,42.81844500918212,48.63937660345234,69.8557944417978,50.0760426712333,90.34206645804004
2025-03-09 20:17:44.246000,511.0,486.0,336.0,2543.0,1199.0,307.0,66.73214460632212,75.02046252045544,52.55927162589016,39.85785199721932,16.607799292253134,42.81844500918212,48.63937660345234,69.8557944417978,50.0760426712333,90.34206645804004
2025-03-09 20:17:44.246000,535.0,495.0,336.0,2538.0,1200.0,305.0,66.73214460632212,75.02046252045544,52.55927162589016,39.85785199721932,16.607799292253134,42.81844500918212,48.63937660345234,69.8557944417978,50.0760426712333,90.34206645804004
2025-03-09 20:17:44.246000,535.0,495.0,336.0,2544.0,1200.0,304.0,66.73214460632212,75.02046252045544,52.55927162589016,39.85785199721932,16.607799292253134,42.81844500918212,48.63937660345234,69.8557944417978,50.0760426712333,90.34206645804004
2025-03-09 20:17:44.254333,534.0,494.0,336.0,2539.0,1200.0,305.0,66.73560652203591,75.31600252011175,52.68912730667241,39.79376712791737,16.6366754271032,42.766256611322355,48.689681538286784,70.08990956465621,50.373056703668794,90.18785283017695
2025-03-09 20:17:44.254333,538.0,496.0,342.0,2531.0,1200.0,313.0,66.73560652203591,75.31600252011175,52.68912730667241,39.79376712791737,16.6366754271032,42.766256611322355,48.689681538286784,70.08990956465621,50.373056703668794,90.18785283017695
2025-03-09 20:17:44.254333,538.0,491.0,336.0,2535.0,1201.0,304.0,66.73560652203591,75.31600252011175,52.68912730667241,39.79376712791737,16.6366754271032,42.766256611322355,48.689681538286784,70.08990956465621,50.373056703668794,90.18785283017695
2025-03-09 20:17:44.254333,541.0,496.0,339.0,2554.0,1203.0,303.0,66.73560652203591,75.31600252011175,52.68912730667241,39.79376712791737,16.6366754271032,42.766256611322355,48.689681538286784,70.08990956465621,50.373056703668794,90.18785283017695
2025-03-09 20:17:44.262667,537.0,492.0,335.0,2542.0,1202.0,304.0,66.72837811658654,75.60220350893898,52.81057390116436,39.72464021091735,16.664210027541248,42.70879803795062,48.739225512680925,70.31473448511102,50.66208140353939,90.04618817349836
2025-03-09 20:17:44.262667,544.0,490.0,336.0,2538.0,1199.0,304.0,66.72837811658654,75.60220350893898,52.81057390116436,39.72464021091735,16.664210027541248,42.70879803795062,48.739225512680925,70.31473448511102,50.66208140353939,90.04618817349836
2025-03-09 20:17:44.262667,560.0,495.0,341.0,2538.0,1202.0,304.0,66.72837811658654,75.60220350893898,52.81057390116436,39.72464021091735,16.664210027541248,42.70879803795062,48.739225512680925,70.31473448511102,50.66208140353939,90.04618817349836
2025-03-09 20:17:44.271000,561.0,493.0,341.0,2535.0,1204.0,304.0,66.71076080336863,75.87741249066177,52.92308271967729,39.64985153227747,16.692056995305013,42.646087443826545,48.78918814271875,70.52858226859314,50.939703644188526,89.91545771855127
2025-03-09 20:17:44.271000,563.0,487.0,342.0,2534.0,1200.0,304.0,66.71076080336863,75.87741249066177,52.92308271967729,39.64985153227747,16.692056995305013,42.646087443826545,48.78918814271875,70.52858226859314,50.939703644188526,89.91545771855127
2025-03-09 20:17:44.271000,561.0,496.0,342.0,2539.0,1200.0,305.0,66.71076080336863,75.87741249066177,52.92308271967729,39.64985153227747,16.692056995305013,42.646087443826545,48.78918814271875,70.52858226859314,50.939703644188526,89.91545771855127
2025-03-09 20:17:44.271000,560.0,496.0,349.0,2533.0,1200.0,303.0,66.71076080336863,75.87741249066177,52.92308271967729,39.64985153227747,16.692056995305013,42.646087443826545,48.78918814271875,70.52858226859314,50.939703644188526,89.91545771855127
2025-03-09 20:17:44.279333,560.0,491.0,343.0,2534.0,1201.0,304.0,66.68072898268375,76.13939963757812,53.02695580879164,39.57332157246415,16.719250421277334,42.58103674608595,48.837105427374034,70.73046466513375,51.20863440110447,89.79329771076678
2025-03-09 20:17:44.279333,569.0,497.0,347.0,2537.0,1198.0,303.0,66.68072898268375,76.13939963757812,53.02695580879164,39.57332157246415,16.719250421277334,42.58103674608595,48.837105427374034,70.73046466513375,51.20863440110447,89.79329771076678
2025-03-09 20:17:44.279333,590.0,496.0,323.0,2533.0,1195.0,303.0,66.68072898268375,76.13939963757812,53.02695580879164,39.57332157246415,16.719250421277334,42.58103674608595,48.837105427374034,70.73046466513375,51.20863440110447,89.79329771076678
2025-03-09 20:17:44.279333,589.0,502.0,311.0,2534.0,1200.0,298.0,66.68072898268375,76.13939963757812,53.02695580879164,39.57332157246415,16.719250421277334,42.58103674608595,48.837105427374034,70.73046466513375,51.20863440110447,89.79329771076678
2025-03-09 20:17:44.287667,591.0,498.0,320.0,2531.0,1200.0,295.0,66.63660796780309,76.38481625816127,53.121505667340024,39.501793602281566,16.743452223720375,42.518466975473046,48.88009076086786,70.91965521799548,51.47289385020979,89.67611808021886
2025-03-09 20:17:44.287667,592.0,497.0,319.0,2535.0,1200.0,295.0,66.63660796780309,76.38481625816127,53.121505667340024,39.501793602281566,16.743452223720375,42.518466975473046,48.88009076086786,70.91965521799548,51.47289385020979,89.67611808021886
2025-03-09 20:17:44.287667,596.0,496.0,313.0,2535.0,1198.0,294.0,66.63660796780309,76.38481625816127,53.121505667340024,39.501793602281566,16.743452223720375,42.518466975473046,48.88009076086786,70.91965521799548,51.47289385020979,89.67611808021886
2025-03-09 20:17:44.296000,592.0,502.0,315.0,2523.0,1199.0,299.0,66.57746298225817,76.61133108734678,53.20571302281536,39.4373458849086,16.76324232955028,42.459396585180556,48.91741677904221,71.09573597580683,51.73327949994188,89.56119492416936
2025-03-09 20:17:44.296000,592.0,501.0,322.0,2531.0,1197.0,301.0,66.57746298225817,76.61133108734678,53.20571302281536,39.4373458849086,16.76324232955028,42.459396585180556,48.91741677904221,71.09573597580683,51.73327949994188,89.56119492416936
2025-03-09 20:17:44.296000,597.0,501.0,317.0,2531.0,1198.0,295.0,66.57746298225817,76.61133108734678,53.20571302281536,39.4373458849086,16.76324232955028,42.459396585180556,48.91741677904221,71.09573597580683,51.73327949994188,89.56119492416936
2025-03-09 20:17:44.296000,624.0,508.0,383.0,2535.0,1193.0,294.0,66.57746298225817,76.61133108734678,53.20571302281536,39.4373458849086,16.76324232955028,42.459396585180556,48.91741677904221,71.09573597580683,51.73327949994188,89.56119492416936
2025-03-09 20:17:44.304333,628.0,502.0,386.0,2534.0,1197.0,291.0,66.50214049757804,76.81846921492098,53.27718781486826,39.37446678930451,16.778755917748022,42.398988272321816,48.95101802822424,71.2573548830276,51.985672483473145,89.44707139598637
2025-03-09 20:17:44.304333,631.0,506.0,394.0,2533.0,1195.0,290.0,66.50214049757804,76.81846921492098,53.27718781486826,39.37446678930451,16.778755917748022,42.398988272321816,48.95101802822424,71.2573548830276,51.985672483473145,89.44707139598637
2025-03-09 20:17:44.304333,634.0,509.0,399.0,2535.0,1190.0,290.0,66.50214049757804,76.81846921492098,53.27718781486826,39.37446678930451,16.778755917748022,42.398988272321816,48.95101802822424,71.2573548830276,51.985672483473145,89.44707139598637
2025-03-09 20:17:44.312667,634.0,509.0,399.0,2531.0,1194.0,304.0,66.41125573067018,77.00626304059637,53.33321368283784,39.3066392017396,16.791277251730207,42.331946147751815,48.984986591330134,71.40365809256397,52.223957236482235,89.33287001535824
2025-03-09 20:17:44.312667,636.0,509.0,402.0,2534.0,1195.0,294.0,66.41125573067018,77.00626304059637,53.33321368283784,39.3066392017396,16.791277251730207,42.331946147751815,48.984986591330134,71.40365809256397,52.223957236482235,89.33287001535824
2025-03-09 20:17:44.312667,639.0,525.0,406.0,2530.0,1195.0,290.0,66.41125573067018,77.00626304059637,53.33321368283784,39.3066392017396,16.791277251730207,42.331946147751815,48.984986591330134,71.40365809256397,52.223957236482235,89.33287001535824
2025-03-09 20:17:44.312667,640.0,502.0,400.0,2528.0,1193.0,293.0,66.41125573067018,77.00626304059637,53.33321368283784,39.3066392017396,16.791277251730207,42.331946147751815,48.984986591330134,71.40365809256397,52.223957236482235,89.33287001535824
2025-03-09 20:17:44.321000,667.0,509.0,357.0,2517.0,1195.0,287.0,66.30580358342961,77.17434089054798,53.372948711520976,39.23280690677413,16.800078953210416,42.25652120381883,49.02182081985842,71.53683839659698,52.44782195784728,89.21813882123264
2025-03-09 20:17:44.321000,672.0,510.0,370.0,2526.0,1196.0,288.0,66.30580358342961,77.17434089054798,53.372948711520976,39.23280690677413,16.800078953210416,42.25652120381883,49.02182081985842,71.53683839659698,52.44782195784728,89.21813882123264
2025-03-09 20:17:44.321000,675.0,510.0,351.0,2523.0,1195.0,287.0,66.30580358342961,77.17434089054798,53.372948711520976,39.23280690677413,16.800078953210416,42.25652120381883,49.02182081985842,71.53683839659698,52.44782195784728,89.21813882123264
2025-03-09 20:17:44.329333,675.0,511.0,355.0,2544.0,1197.0,285.0,66.18669784231979,77.32295293785002,53.39799609095117,39.15607934932935,16.802130959451375,42.17374356203751,49.060600762939735,71.66087884115359,52.66257496027905,89.1025267673713
2025-03-09 20:17:44.329333,675.0,525.0,367.0,2531.0,1196.0,283.0,66.18669784231979,77.32295293785002,53.39799609095117,39.15607934932935,16.802130959451375,42.17374356203751,49.060600762939735,71.66087884115359,52.66257496027905,89.1025267673713
2025-03-09 20:17:44.329333,681.0,511.0,373.0,2533.0,1195.0,287.0,66.18669784231979,77.32295293785002,53.39799609095117,39.15607934932935,16.802130959451375,42.17374356203751,49.060600762939735,71.66087884115359,52.66257496027905,89.1025267673713
2025-03-09 20:17:44.329333,683.0,511.0,367.0,2527.0,1195.0,287.0,66.18669784231979,77.32295293785002,53.39799609095117,39.15607934932935,16.802130959451375,42.17374356203751,49.060600762939735,71.66087884115359,52.66257496027905,89.1025267673713
2025-03-09 20:17:44.337667,704.0,525.0,368.0,2525.0,1195.0,285.0,66.05696110386782,77.45448466408794,53.412665258266266,39.07838281651617,16.79607274830904,42.08491301003448,49.09909703561337,71.77879249167948,52.871848327204255,88.98647683712635
2025-03-09 20:17:44.337667,704.0,511.0,363.0,2529.0,1194.0,283.0,66.05696110386782,77.45448466408794,53.412665258266266,39.07838281651617,16.79607274830904,42.08491301003448,49.09909703561337,71.77879249167948,52.871848327204255,88.98647683712635
2025-03-09 20:17:44.337667,708.0,525.0,368.0,2527.0,1195.0,277.0,66.05696110386782,77.45448466408794,53.412665258266266,39.07838281651617,16.79607274830904,42.08491301003448,49.09909703561337,71.77879249167948,52.871848327204255,88.98647683712635
2025-03-09 20:17:44.337667,710.0,511.0,363.0,2527.0,1191.0,283.0,66.05696110386782,77.45448466408794,53.412665258266266,39.07838281651617,16.79607274830904,42.08491301003448,49.09909703561337,71.77879249167948,52.871848327204255,88.98647683712635
2025-03-09 20:17:44.346000,715.0,528.0,369.0,2522.0,1193.0,285.0,65.91847037884502,77.5710606505805,53.41876644627088,39.000366998739246,16.781814841592794,41.99100394835261,49.13612406697378,71.89121458494479,53.076879220341,88.87012488207779
2025-03-09 20:17:44.346000,719.0,528.0,355.0,2529.0,1194.0,286.0,65.91847037884502,77.5710606505805,53.41876644627088,39.000366998739246,16.781814841592794,41.99100394835261,49.13612406697378,71.89121458494479,53.076879220341,88.87012488207779
2025-03-09 20:17:44.346000,720.0,525.0,351.0,2522.0,1191.0,282.0,65.91847037884502,77.5710606505805,53.41876644627088,39.000366998739246,16.781814841592794,41.99100394835261,49.13612406697378,71.89121458494479,53.076879220341,88.87012488207779
2025-03-09 20:17:44.354333,720.0,523.0,347.0,2522.0,1194.0,281.0,65.77141941754631,77.67299809687262,53.41425674859513,38.92214418717923,16.760184530842167,41.892906570559965,49.172351698327724,71.99625680046395,53.276252931282045,88.75249723955827
2025-03-09 20:17:44.354333,751.0,530.0,353.0,2529.0,1195.0,278.0,65.77141941754631,77.67299809687262,53.41425674859513,38.92214418717923,16.760184530842167,41.892906570559965,49.172351698327724,71.99625680046395,53.276252931282045,88.75249723955827
2025-03-09 20:17:44.354333,752.0,528.0,350.0,2526.0,1200.0,277.0,65.77141941754631,77.67299809687262,53.41425674859513,38.92214418717923,16.760184530842167,41.892906570559965,49.172351698327724,71.99625680046395,53.276252931282045,88.75249723955827
2025-03-09 20:17:44.354333,752.0,530.0,368.0,2531.0,1203.0,282.0,65.77141941754631,77.67299809687262,53.41425674859513,38.92214418717923,16.760184530842167,41.892906570559965,49.172351698327724,71.99625680046395,53.276252931282045,88.75249723955827
2025-03-09 20:17:44.362667,761.0,528.0,359.0,2526.0,1200.0,277.0,65.61716198600845,77.76038171026664,53.397446404380155,38.84309837354385,16.732873722593908,41.79137260916996,49.208759491526074,72.09126018202578,53.46634535101175,88.63201316313621
2025-03-09 20:17:44.362667,763.0,529.0,371.0,2517.0,1200.0,274.0,65.61716198600845,77.76038171026664,53.397446404380155,38.84309837354385,16.732873722593908,41.79137260916996,49.208759491526074,72.09126018202578,53.46634535101175,88.63201316313621
2025-03-09 20:17:44.362667,766.0,530.0,364.0,2522.0,1200.0,282.0,65.61716198600845,77.76038171026664,53.397446404380155,38.84309837354385,16.732873722593908,41.79137260916996,49.208759491526074,72.09126018202578,53.46634535101175,88.63201316313621
2025-03-09 20:17:44.371000,768.0,528.0,368.0,2519.0,1206.0,281.0,65.45624764901265,77.83352443761677,53.367460781774994,38.76149349416681,16.703030615809553,41.686790010782275,49.2461762195624,72.17255049438367,53.64264948689983,88.5070313723959
2025-03-09 20:17:44.371000,809.0,531.0,365.0,2515.0,1200.0,275.0,65.45624764901265,77.83352443761677,53.367460781774994,38.76149349416681,16.703030615809553,41.686790010782275,49.2461762195624,72.17255049438367,53.64264948689983,88.5070313723959
2025-03-09 20:17:44.371000,813.0,544.0,367.0,2525.0,1200.0,274.0,65.45624764901265,77.83352443761677,53.367460781774994,38.76149349416681,16.703030615809553,41.686790010782275,49.2461762195624,72.17255049438367,53.64264948689983,88.5070313723959
2025-03-09 20:17:44.371000,812.0,537.0,355.0,2514.0,1200.0,274.0,65.45624764901265,77.83352443761677,53.367460781774994,38.76149349416681,16.703030615809553,41.686790010782275,49.2461762195624,72.17255049438367,53.64264948689983,88.5070313723959
2025-03-09 20:17:44.379333,816.0,540.0,353.0,2518.0,1203.0,274.0,65.28810912608715,77.89204099653017,53.3247216638433,38.67629095293138,16.67235088150707,41.5793907542975,49.28350055567425,72.23708063227872,53.80267493577067,88.37618974382174
2025-03-09 20:17:44.379333,819.0,538.0,361.0,2523.0,1200.0,274.0,65.28810912608715,77.89204099653017,53.3247216638433,38.67629095293138,16.67235088150707,41.5793907542975,49.28350055567425,72.23708063227872,53.80267493577067,88.37618974382174
2025-03-09 20:17:44.379333,821.0,548.0,347.0,2519.0,1200.0,275.0,65.28810912608715,77.89204099653017,53.3247216638433,38.67629095293138,16.67235088150707,41.5793907542975,49.28350055567425,72.23708063227872,53.80267493577067,88.37618974382174
2025-03-09 20:17:44.387667,828.0,541.0,350.0,2515.0,1200.0,274.0,65.11303552380032,77.93427297636443,53.26891940853924,38.58876034332743,16.640814271525564,41.470625899885974,49.31935220840535,72.28268578981664,53.94489721457714,88.23734267718919
2025-03-09 20:17:44.387667,830.0,543.0,336.0,2515.0,1198.0,274.0,65.11303552380032,77.93427297636443,53.26891940853924,38.58876034332743,16.640814271525564,41.470625899885974,49.31935220840535,72.28268578981664,53.94489721457714,88.23734267718919
2025-03-09 20:17:44.387667,878.0,559.0,371.0,2521.0,1205.0,271.0,65.11303552380032,77.93427297636443,53.26891940853924,38.58876034332743,16.640814271525564,41.470625899885974,49.31935220840535,72.28268578981664,53.94489721457714,88.23734267718919
2025-03-09 20:17:44.387667,880.0,560.0,350.0,2517.0,1206.0,273.0,65.11303552380032,77.93427297636443,53.26891940853924,38.58876034332743,16.640814271525564,41.470625899885974,49.31935220840535,72.28268578981664,53.94489721457714,88.23734267718919
2025-03-09 20:17:44.396000,881.0,555.0,350.0,2519.0,1206.0,272.0,64.93181261514113,77.9582996782865,53.19820417964461,38.501230664630114,16.607903996357297,41.36229306167688,49.35434731824631,72.30885153634563,54.068691932200515,88.08751599405747
2025-03-09 20:17:44.396000,887.0,560.0,350.0,2527.0,1206.0,271.0,64.93181261514113,77.9582996782865,53.19820417964461,38.501230664630114,16.607903996357297,41.36229306167688,49.35434731824631,72.30885153634563,54.068691932200515,88.08751599405747
2025-03-09 20:17:44.396000,892.0,561.0,347.0,2514.0,1210.0,271.0,64.93181261514113,77.9582996782865,53.19820417964461,38.501230664630114,16.607903996357297,41.36229306167688,49.35434731824631,72.30885153634563,54.068691932200515,88.08751599405747
2025-03-09 20:17:44.396000,895.0,557.0,353.0,2519.0,1206.0,273.0,64.93181261514113,77.9582996782865,53.19820417964461,38.501230664630114,16.607903996357297,41.36229306167688,49.35434731824631,72.30885153634563,54.068691932200515,88.08751599405747
2025-03-09 20:17:44.404333,898.0,561.0,350.0,2525.0,1205.0,274.0,64.74567384639897,77.96317611367222,53.11017017812634,38.41470626013463,16.572898476627348,41.25461699793559,49.39109522455054,72.31704718811355,54.173891541043645,87.92485908326267
2025-03-09 20:17:44.404333,948.0,577.0,361.0,2517.0,1211.0,271.0,64.74567384639897,77.96317611367222,53.11017017812634,38.41470626013463,16.572898476627348,41.25461699793559,49.39109522455054,72.31704718811355,54.173891541043645,87.92485908326267
2025-03-09 20:17:44.404333,951.0,577.0,354.0,2515.0,1213.0,270.0,64.74567384639897,77.96317611367222,53.11017017812634,38.41470626013463,16.572898476627348,41.25461699793559,49.39109522455054,72.31704718811355,54.173891541043645,87.92485908326267
2025-03-09 20:17:44.412667,958.0,578.0,358.0,2519.0,1216.0,254.0,64.55601785673866,77.94885044337389,53.00316437048545,38.32778266690456,16.53547308269352,41.14586722179834,49.432484071439134,72.3090396965439,54.25931183949577,87.74897620820431
2025-03-09 20:17:44.412667,963.0,587.0,350.0,2527.0,1213.0,271.0,64.55601785673866,77.94885044337389,53.00316437048545,38.32778266690456,16.53547308269352,41.14586722179834,49.432484071439134,72.3090396965439,54.25931183949577,87.74897620820431
2025-03-09 20:17:44.412667,971.0,577.0,356.0,2526.0,1212.0,272.0,64.55601785673866,77.94885044337389,53.00316437048545,38.32778266690456,16.53547308269352,41.14586722179834,49.432484071439134,72.3090396965439,54.25931183949577,87.74897620820431
2025-03-09 20:17:44.412667,976.0,581.0,354.0,2519.0,1212.0,264.0,64.55601785673866,77.94885044337389,53.00316437048545,38.32778266690456,16.53547308269352,41.14586722179834,49.432484071439134,72.3090396965439,54.25931183949577,87.74897620820431
2025-03-09 20:17:44.421000,979.0,586.0,356.0,2517.0,1213.0,271.0,64.36522262984903,77.91644125569883,52.87923898741344,38.241016516417034,16.495944821684436,41.03635500095064,49.47919223318964,72.28749491460191,54.32576577495136,87.5600750029565
2025-03-09 20:17:44.421000,982.0,583.0,362.0,2525.0,1216.0,269.0,64.36522262984903,77.91644125569883,52.87923898741344,38.241016516417034,16.495944821684436,41.03635500095064,49.47919223318964,72.28749491460191,54.32576577495136,87.5600750029565
2025-03-09 20:17:44.421000,1055.0,592.0,359.0,2512.0,1206.0,266.0,64.36522262984903,77.91644125569883,52.87923898741344,38.241016516417034,16.495944821684436,41.03635500095064,49.47919223318964,72.28749491460191,54.32576577495136,87.5600750029565
2025-03-09 20:17:44.429333,1060.0,603.0,373.0,2512.0,1211.0,265.0,64.17706112452082,77.8683231320219,52.74328967327861,38.1568630678217,16.455361702735598,40.928458482597875,49.53046678070417,72.25597345631118,54.375496552725366,87.35900891840134
2025-03-09 20:17:44.429333,1064.0,607.0,355.0,2515.0,1213.0,263.0,64.17706112452082,77.8683231320219,52.74328967327861,38.1568630678217,16.455361702735598,40.928458482597875,49.53046678070417,72.25597345631118,54.375496552725366,87.35900891840134
2025-03-09 20:17:44.429333,1069.0,607.0,368.0,2524.0,1213.0,271.0,64.17706112452082,77.8683231320219,52.74328967327861,38.1568630678217,16.455361702735598,40.928458482597875,49.53046678070417,72.25597345631118,54.375496552725366,87.35900891840134
2025-03-09 20:17:44.429333,1073.0,611.0,374.0,2529.0,1238.0,264.0,64.17706112452082,77.8683231320219,52.74328967327861,38.1568630678217,16.455361702735598,40.928458482597875,49.53046678070417,72.25597345631118,54.375496552725366,87.35900891840134
2025-03-09 20:17:44.437667,1082.0,611.0,367.0,2512.0,1230.0,266.0,63.993979781118334,77.80740969620581,52.59812719044238,38.07629602408008,16.41462073821022,40.82351300614629,49.58611784620388,72.21679071235938,54.41037601386551,87.14775810328472
2025-03-09 20:17:44.437667,1087.0,615.0,368.0,2517.0,1211.0,267.0,63.993979781118334,77.80740969620581,52.59812719044238,38.07629602408008,16.41462073821022,40.82351300614629,49.58611784620388,72.21679071235938,54.41037601386551,87.14775810328472
2025-03-09 20:17:44.437667,1141.0,625.0,368.0,2507.0,1216.0,262.0,63.993979781118334,77.80740969620581,52.59812719044238,38.07629602408008,16.41462073821022,40.82351300614629,49.58611784620388,72.21679071235938,54.41037601386551,87.14775810328472
2025-03-09 20:17:44.446000,1143.0,624.0,374.0,2512.0,1207.0,266.0,63.816359447262926,77.73563053310886,52.4459666329156,37.99916466093303,16.37372755023403,40.72165016086107,49.64452060256228,72.17073527312928,54.431991674845854,86.92813000609475
2025-03-09 20:17:44.446000,1153.0,629.0,382.0,2511.0,1213.0,265.0,63.816359447262926,77.73563053310886,52.4459666329156,37.99916466093303,16.37372755023403,40.72165016086107,49.64452060256228,72.17073527312928,54.431991674845854,86.92813000609475
2025-03-09 20:17:44.446000,1159.0,628.0,367.0,2512.0,1207.0,262.0,63.816359447262926,77.73563053310886,52.4459666329156,37.99916466093303,16.37372755023403,40.72165016086107,49.64452060256228,72.17073527312928,54.431991674845854,86.92813000609475
2025-03-09 20:17:44.454333,1165.0,631.0,369.0,2505.0,1200.0,259.0,63.644758062370116,77.6536351859686,52.288440500616964,37.924939710179665,16.332332553824088,40.62242997625727,49.70410630695037,72.11821252315892,54.44035319768569,86.70103731497602
2025-03-09 20:17:44.454333,1168.0,631.0,370.0,2511.0,1205.0,259.0,63.644758062370116,77.6536351859686,52.288440500616964,37.924939710179665,16.332332553824088,40.62242997625727,49.70410630695037,72.11821252315892,54.44035319768569,86.70103731497602
2025-03-09 20:17:44.454333,1172.0,640.0,373.0,2514.0,1200.0,260.0,63.644758062370116,77.6536351859686,52.288440500616964,37.924939710179665,16.332332553824088,40.62242997625727,49.70410630695037,72.11821252315892,54.44035319768569,86.70103731497602
2025-03-09 20:17:44.454333,1222.0,655.0,374.0,2515.0,1200.0,251.0,63.644758062370116,77.6536351859686,52.288440500616964,37.924939710179665,16.332332553824088,40.62242997625727,49.70410630695037,72.11821252315892,54.44035319768569,86.70103731497602
2025-03-09 20:17:44.462667,1229.0,655.0,384.0,2449.0,1200.0,269.0,63.47986974859144,77.56221186156911,52.127616979106584,37.85385429385074,16.2903114238081,40.526098667092384,49.76326490596498,72.05999415764187,54.436052422821604,86.46818303941943
2025-03-09 20:17:44.462667,1231.0,662.0,378.0,2517.0,1200.0,256.0,63.47986974859144,77.56221186156911,52.127616979106584,37.85385429385074,16.2903114238081,40.526098667092384,49.76326490596498,72.05999415764187,54.436052422821604,86.46818303941943
2025-03-09 20:17:44.462667,1233.0,657.0,375.0,2512.0,1200.0,256.0,63.47986974859144,77.56221186156911,52.127616979106584,37.85385429385074,16.2903114238081,40.526098667092384,49.76326490596498,72.05999415764187,54.436052422821604,86.46818303941943
2025-03-09 20:17:44.471000,1232.0,662.0,375.0,2511.0,1200.0,259.0,63.322781116986484,77.46343642988214,51.96530236970697,37.78765872692878,16.247888632138476,40.434734434357395,49.820497741143626,71.99669234168809,54.421188897737515,86.23228736147198
2025-03-09 20:17:44.471000,1241.0,667.0,384.0,2506.0,1200.0,246.0,63.322781116986484,77.46343642988214,51.96530236970697,37.78765872692878,16.247888632138476,40.434734434357395,49.820497741143626,71.99669234168809,54.421188897737515,86.23228736147198
2025-03-09 20:17:44.471000,1243.0,661.0,377.0,2514.0,1186.0,246.0,63.322781116986484,77.46343642988214,51.96530236970697,37.78765872692878,16.247888632138476,40.434734434357395,49.820497741143626,71.99669234168809,54.421188897737515,86.23228736147198
2025-03-09 20:17:44.471000,1267.0,687.0,383.0,2501.0,1195.0,250.0,63.322781116986484,77.46343642988214,51.96530236970697,37.78765872692878,16.247888632138476,40.434734434357395,49.820497741143626,71.99669234168809,54.421188897737515,86.23228736147198
2025-03-09 20:17:44.479333,1268.0,687.0,384.0,2503.0,1189.0,254.0,63.17463961417174,77.35942731130919,51.8015228778883,37.727940639986926,16.20529281439986,40.35026442506558,49.87594702347906,71.92893909543108,54.39763711101452,85.99607637682878
2025-03-09 20:17:44.479333,1269.0,685.0,391.0,2499.0,1190.0,258.0,63.17463961417174,77.35942731130919,51.8015228778883,37.727940639986926,16.20529281439986,40.35026442506558,49.87594702347906,71.92893909543108,54.39763711101452,85.99607637682878
2025-03-09 20:17:44.479333,1269.0,690.0,382.0,2500.0,1190.0,256.0,63.17463961417174,77.35942731130919,51.8015228778883,37.727940639986926,16.20529281439986,40.35026442506558,49.87594702347906,71.92893909543108,54.39763711101452,85.99607637682878
2025-03-09 20:17:44.487667,1274.0,688.0,383.0,2507.0,1168.0,253.0,63.034799128075775,77.2516684799019,51.636260782096,37.67526663609118,16.162539382007346,40.27324980694923,49.92990249654199,71.85754415505102,54.36782084468446,85.76300999634276
2025-03-09 20:17:44.487667,1278.0,690.0,403.0,2496.0,1185.0,251.0,63.034799128075775,77.2516684799019,51.636260782096,37.67526663609118,16.162539382007346,40.27324980694923,49.92990249654199,71.85754415505102,54.36782084468446,85.76300999634276
2025-03-09 20:17:44.487667,1271.0,689.0,382.0,2501.0,1190.0,242.0,63.034799128075775,77.2516684799019,51.636260782096,37.67526663609118,16.162539382007346,40.27324980694923,49.92990249654199,71.85754415505102,54.36782084468446,85.76300999634276
2025-03-09 20:17:44.487667,1279.0,704.0,375.0,2496.0,1181.0,255.0,63.034799128075775,77.2516684799019,51.636260782096,37.67526663609118,16.162539382007346,40.27324980694923,49.92990249654199,71.85754415505102,54.36782084468446,85.76300999634276
2025-03-09 20:17:44.496000,1277.0,705.0,382.0,2496.0,1181.0,240.0,62.90158232866309,77.14069417761961,51.47071624965497,37.62992670176941,16.119688247948545,40.20380518485954,49.98143922689065,71.7829548534464,54.334008215766644,85.53512137284903
2025-03-09 20:17:44.496000,1281.0,706.0,383.0,2497.0,1180.0,250.0,62.90158232866309,77.14069417761961,51.47071624965497,37.62992670176941,16.119688247948545,40.20380518485954,49.98143922689065,71.7829548534464,54.334008215766644,85.53512137284903
2025-03-09 20:17:44.496000,1283.0,707.0,389.0,2495.0,1171.0,242.0,62.90158232866309,77.14069417761961,51.47071624965497,37.62992670176941,16.119688247948545,40.20380518485954,49.98143922689065,71.7829548534464,54.334008215766644,85.53512137284903
2025-03-09 20:17:44.504333,1282.0,709.0,399.0,2512.0,1174.0,248.0,62.775225555724795,77.02706602230343,51.306124750257304,37.59173600820217,16.07700289518173,40.141814515418226,50.03012508586143,71.70582129794073,54.29646794385991,85.31343274109972
2025-03-09 20:17:44.504333,1281.0,717.0,367.0,2502.0,1180.0,256.0,62.775225555724795,77.02706602230343,51.306124750257304,37.59173600820217,16.07700289518173,40.141814515418226,50.03012508586143,71.70582129794073,54.29646794385991,85.31343274109972
2025-03-09 20:17:44.504333,1280.0,715.0,381.0,2501.0,1179.0,251.0,62.775225555724795,77.02706602230343,51.306124750257304,37.59173600820217,16.07700289518173,40.141814515418226,50.03012508586143,71.70582129794073,54.29646794385991,85.31343274109972
2025-03-09 20:17:44.512667,1297.0,720.0,399.0,2496.0,1168.0,240.0,62.656737551268755,76.91221530894906,51.14517309561255,37.55789125699071,16.035523060095734,40.08497150718169,50.07602146890093,71.62772260612276,54.253808027474925,85.10092798394857
2025-03-09 20:17:44.512667,1299.0,726.0,395.0,2496.0,1168.0,242.0,62.656737551268755,76.91221530894906,51.14517309561255,37.55789125699071,16.035523060095734,40.08497150718169,50.07602146890093,71.62772260612276,54.253808027474925,85.10092798394857
2025-03-09 20:17:44.512667,1298.0,726.0,390.0,2488.0,1168.0,248.0,62.656737551268755,76.91221530894906,51.14517309561255,37.55789125699071,16.035523060095734,40.08497150718169,50.07602146890093,71.62772260612276,54.253808027474925,85.10092798394857
2025-03-09 20:17:44.512667,1299.0,735.0,398.0,2468.0,1166.0,243.0,62.656737551268755,76.91221530894906,51.14517309561255,37.55789125699071,16.035523060095734,40.08497150718169,50.07602146890093,71.62772260612276,54.253808027474925,85.10092798394857
2025-03-09 20:17:44.521000,1300.0,733.0,385.0,2490.0,1184.0,251.0,62.545961860695094,76.79744752763936,50.99007542752308,37.525218716270196,15.996069726265963,40.0303839389983,50.119444897400776,71.55031449089299,54.20537792999383,84.90020046490491
2025-03-09 20:17:44.521000,1299.0,742.0,390.0,2487.0,1168.0,241.0,62.545961860695094,76.79744752763936,50.99007542752308,37.525218716270196,15.996069726265963,40.0303839389983,50.119444897400776,71.55031449089299,54.20537792999383,84.90020046490491
2025-03-09 20:17:44.521000,1302.0,734.0,390.0,2497.0,1168.0,227.0,62.545961860695094,76.79744752763936,50.99007542752308,37.525218716270196,15.996069726265963,40.0303839389983,50.119444897400776,71.55031449089299,54.20537792999383,84.90020046490491
2025-03-09 20:17:44.529333,1311.0,741.0,400.0,2487.0,1158.0,241.0,62.44248862662541,76.68387856248525,50.84298761155042,37.492247064252986,15.958446908418784,39.97649949980847,50.15937470695904,71.47493537882133,54.152059632852605,84.71256910968032
2025-03-09 20:17:44.529333,1303.0,746.0,400.0,2501.0,1155.0,240.0,62.44248862662541,76.68387856248525,50.84298761155042,37.492247064252986,15.958446908418784,39.97649949980847,50.15937470695904,71.47493537882133,54.152059632852605,84.71256910968032
2025-03-09 20:17:44.529333,1311.0,749.0,407.0,2497.0,1157.0,240.0,62.44248862662541,76.68387856248525,50.84298761155042,37.492247064252986,15.958446908418784,39.97649949980847,50.15937470695904,71.47493537882133,54.152059632852605,84.71256910968032
2025-03-09 20:17:44.529333,1306.0,752.0,379.0,2480.0,1155.0,235.0,62.44248862662541,76.68387856248525,50.84298761155042,37.492247064252986,15.958446908418784,39.97649949980847,50.15937470695904,71.47493537882133,54.152059632852605,84.71256910968032
2025-03-09 20:17:44.537667,1308.0,737.0,402.0,2491.0,1145.0,241.0,62.34657499300337,76.57232175721121,50.70584935127613,37.4580147135775,15.922340746381327,39.92224522023823,50.194727796766664,71.4027907620741,54.09420056661413,84.54003257163403
2025-03-09 20:17:44.537667,1311.0,747.0,396.0,2490.0,1163.0,241.0,62.34657499300337,76.57232175721121,50.70584935127613,37.4580147135775,15.922340746381327,39.92224522023823,50.194727796766664,71.4027907620741,54.09420056661413,84.54003257163403
2025-03-09 20:17:44.537667,1310.0,752.0,400.0,2521.0,1154.0,235.0,62.34657499300337,76.57232175721121,50.70584935127613,37.4580147135775,15.922340746381327,39.92224522023823,50.194727796766664,71.4027907620741,54.09420056661413,84.54003257163403
2025-03-09 20:17:44.546000,1305.0,763.0,405.0,2501.0,1150.0,237.0,62.25898518645805,76.46344589524927,50.579962949113295,37.42362727745767,15.888007486563385,39.86884648327991,50.22453002443094,71.33416259919917,54.0323676073727,84.38539998105198
2025-03-09 20:17:44.546000,1310.0,759.0,409.0,2480.0,1152.0,240.0,62.25898518645805,76.46344589524927,50.579962949113295,37.42362727745767,15.888007486563385,39.86884648327991,50.22453002443094,71.33416259919917,54.0323676073727,84.38539998105198
2025-03-09 20:17:44.546000,1309.0,761.0,417.0,2483.0,1136.0,240.0,62.25898518645805,76.46344589524927,50.579962949113295,37.42362727745767,15.888007486563385,39.86884648327991,50.22453002443094,71.33416259919917,54.0323676073727,84.38539998105198
2025-03-09 20:17:44.546000,1309.0,763.0,394.0,2498.0,1151.0,240.0,62.25898518645805,76.46344589524927,50.579962949113295,37.42362727745767,15.888007486563385,39.86884648327991,50.22453002443094,71.33416259919917,54.0323676073727,84.38539998105198
2025-03-09 20:17:44.554333,1306.0,763.0,391.0,2475.0,1159.0,240.0,62.181173054495936,76.35776673886943,50.46457855821209,37.392503525461194,15.855734025801077,39.81982821053129,50.24897959135189,71.26875835746219,53.967716924144405,84.2508199380392
2025-03-09 20:17:44.554333,1307.0,764.0,410.0,2492.0,1142.0,233.0,62.181173054495936,76.35776673886943,50.46457855821209,37.392503525461194,15.855734025801077,39.81982821053129,50.24897959135189,71.26875835746219,53.967716924144405,84.2508199380392
2025-03-09 20:17:44.554333,1305.0,767.0,404.0,2481.0,1148.0,239.0,62.181173054495936,76.35776673886943,50.46457855821209,37.392503525461194,15.855734025801077,39.81982821053129,50.24897959135189,71.26875835746219,53.967716924144405,84.2508199380392
2025-03-09 20:17:44.562667,1300.0,773.0,406.0,2480.0,1138.0,240.0,62.114704638179624,76.25642066865252,50.35915007951905,37.36681474918724,15.825988517972867,39.77764679623482,50.268812754099756,71.20672068994025,53.90112915698632,84.13795417261963
2025-03-09 20:17:44.562667,1296.0,775.0,403.0,2481.0,1152.0,240.0,62.114704638179624,76.25642066865252,50.35915007951905,37.36681474918724,15.825988517972867,39.77764679623482,50.268812754099756,71.20672068994025,53.90112915698632,84.13795417261963
2025-03-09 20:17:44.562667,1303.0,772.0,410.0,2481.0,1136.0,245.0,62.114704638179624,76.25642066865252,50.35915007951905,37.36681474918724,15.825988517972867,39.77764679623482,50.268812754099756,71.20672068994025,53.90112915698632,84.13795417261963
2025-03-09 20:17:44.571000,1299.0,777.0,429.0,2475.0,1137.0,241.0,62.0605600058772,76.1609043643962,50.26434974110175,37.34740818510565,15.799278158446693,39.743443230342386,50.28429874524845,71.14868520564322,53.83366930393483,84.04738137819913
2025-03-09 20:17:44.571000,1297.0,777.0,404.0,2482.0,1137.0,236.0,62.0605600058772,76.1609043643962,50.26434974110175,37.34740818510565,15.799278158446693,39.743443230342386,50.28429874524845,71.14868520564322,53.83366930393483,84.04738137819913
2025-03-09 20:17:44.571000,1299.0,771.0,396.0,2467.0,1139.0,228.0,62.0605600058772,76.1609043643962,50.26434974110175,37.34740818510565,15.799278158446693,39.743443230342386,50.28429874524845,71.14868520564322,53.83366930393483,84.04738137819913
2025-03-09 20:17:44.571000,1296.0,779.0,405.0,2478.0,1136.0,240.0,62.0605600058772,76.1609043643962,50.26434974110175,37.34740818510565,15.799278158446693,39.743443230342386,50.28429874524845,71.14868520564322,53.83366930393483,84.04738137819913
2025-03-09 20:17:44.579333,1285.0,782.0,413.0,2475.0,1132.0,231.0,62.01911359474243,76.07268023215572,50.18175625692808,37.33524781192511,15.776143971324055,39.718492915217944,50.29472293618936,71.09501031494652,53.76692751891446,83.97910119179126
2025-03-09 20:17:44.579333,1293.0,778.0,427.0,2499.0,1135.0,227.0,62.01911359474243,76.07268023215572,50.18175625692808,37.33524781192511,15.776143971324055,39.718492915217944,50.29472293618936,71.09501031494652,53.76692751891446,83.97910119179126
2025-03-09 20:17:44.579333,1282.0,781.0,401.0,2478.0,1132.0,238.0,62.01911359474243,76.07268023215572,50.18175625692808,37.33524781192511,15.776143971324055,39.718492915217944,50.29472293618936,71.09501031494652,53.76692751891446,83.97910119179126
2025-03-09 20:17:44.587667,1279.0,775.0,417.0,2474.0,1130.0,231.0,61.99013205881303,75.99274393310107,50.113369407466735,37.33100239591575,15.756354485621557,39.70357701168283,50.29810340124576,71.04572279373637,53.702627525046466,83.93288510374977
2025-03-09 20:17:44.587667,1284.0,775.0,405.0,2469.0,1133.0,236.0,61.99013205881303,75.99274393310107,50.113369407466735,37.33100239591575,15.756354485621557,39.70357701168283,50.29810340124576,71.04572279373637,53.702627525046466,83.93288510374977
2025-03-09 20:17:44.587667,1280.0,784.0,407.0,2480.0,1131.0,238.0,61.99013205881303,75.99274393310107,50.113369407466735,37.33100239591575,15.756354485621557,39.70357701168283,50.29810340124576,71.04572279373637,53.702627525046466,83.93288510374977
2025-03-09 20:17:44.587667,1283.0,780.0,413.0,2448.0,1126.0,219.0,61.99013205881303,75.99274393310107,50.113369407466735,37.33100239591575,15.756354485621557,39.70357701168283,50.29810340124576,71.04572279373637,53.702627525046466,83.93288510374977
2025-03-09 20:17:44.596000,1269.0,780.0,427.0,2461.0,1125.0,235.0,61.97244234335378,75.91997142775851,50.05892405828741,37.334366862111146,15.738291722898518,39.698071484479286,50.292379530293616,70.99961795717742,53.64073378340953,83.9063850182059
2025-03-09 20:17:44.596000,1266.0,765.0,402.0,2477.0,1123.0,238.0,61.97244234335378,75.91997142775851,50.05892405828741,37.334366862111146,15.738291722898518,39.698071484479286,50.292379530293616,70.99961795717742,53.64073378340953,83.9063850182059
2025-03-09 20:17:44.596000,1263.0,775.0,402.0,2478.0,1123.0,237.0,61.97244234335378,75.91997142775851,50.05892405828741,37.334366862111146,15.738291722898518,39.698071484479286,50.292379530293616,70.99961795717742,53.64073378340953,83.9063850182059
2025-03-09 20:17:44.604333,1264.0,778.0,410.0,2411.0,1124.0,237.0,61.96535794848139,75.85333328418723,50.01764720600925,37.34372413451465,15.7209708129451,39.70013791399609,50.277218913200336,70.95618601060933,53.57997191803937,83.89670140392573
2025-03-09 20:17:44.604333,1264.0,774.0,408.0,2478.0,1123.0,235.0,61.96535794848139,75.85333328418723,50.01764720600925,37.34372413451465,15.7209708129451,39.70013791399609,50.277218913200336,70.95618601060933,53.57997191803937,83.89670140392573
2025-03-09 20:17:44.604333,1263.0,779.0,412.0,2474.0,1122.0,234.0,61.96535794848139,75.85333328418723,50.01764720600925,37.34372413451465,15.7209708129451,39.70013791399609,50.277218913200336,70.95618601060933,53.57997191803937,83.89670140392573
2025-03-09 20:17:44.604333,1263.0,774.0,402.0,2463.0,1121.0,235.0,61.96535794848139,75.85333328418723,50.01764720600925,37.34372413451465,15.7209708129451,39.70013791399609,50.277218913200336,70.95618601060933,53.57997191803937,83.89670140392573
2025-03-09 20:17:44.612667,1237.0,767.0,401.0,2470.0,1114.0,237.0,61.96957839871746,75.7933408150186,49.988237106869725,37.357486505868664,15.704424033779876,39.7079940702885,50.255376680875784,70.91705095016306,53.519764028185485,83.90151972510647
2025-03-09 20:17:44.612667,1237.0,766.0,410.0,2473.0,1094.0,240.0,61.96957839871746,75.7933408150186,49.988237106869725,37.357486505868664,15.704424033779876,39.7079940702885,50.255376680875784,70.91705095016306,53.519764028185485,83.90151972510647
2025-03-09 20:17:44.612667,1232.0,763.0,412.0,2472.0,1113.0,234.0,61.96957839871746,75.7933408150186,49.988237106869725,37.357486505868664,15.704424033779876,39.7079940702885,50.255376680875784,70.91705095016306,53.519764028185485,83.90151972510647
2025-03-09 20:17:44.621000,1227.0,766.0,406.0,2469.0,1111.0,234.0,61.98486690544466,75.73999499497073,49.969478607482586,37.37452889383527,15.689088930334293,39.72055471404892,50.22879221545982,70.88251649529053,53.45952681828518,83.91855813739032
2025-03-09 20:17:44.621000,1226.0,767.0,408.0,2467.0,1111.0,235.0,61.98486690544466,75.73999499497073,49.969478607482586,37.37452889383527,15.689088930334293,39.72055471404892,50.22879221545982,70.88251649529053,53.45952681828518,83.91855813739032
2025-03-09 20:17:44.621000,1220.0,769.0,414.0,2476.0,1109.0,233.0,61.98486690544466,75.73999499497073,49.969478607482586,37.37452889383527,15.689088930334293,39.72055471404892,50.22879221545982,70.88251649529053,53.45952681828518,83.91855813739032
2025-03-09 20:17:44.621000,1221.0,765.0,417.0,2475.0,1109.0,233.0,61.98486690544466,75.73999499497073,49.969478607482586,37.37452889383527,15.689088930334293,39.72055471404892,50.22879221545982,70.88251649529053,53.45952681828518,83.91855813739032
2025-03-09 20:17:44.629333,1223.0,767.0,389.0,2477.0,1117.0,235.0,62.00940968256472,75.69220670340638,49.9610458793211,37.394180741297085,15.675081123499348,39.73712623176612,50.197092544451415,70.85142045998391,53.39898791374075,83.94572290464299
2025-03-09 20:17:44.629333,1189.0,757.0,405.0,2453.0,1104.0,223.0,62.00940968256472,75.69220670340638,49.9610458793211,37.394180741297085,15.675081123499348,39.73712623176612,50.197092544451415,70.85142045998391,53.39898791374075,83.94572290464299
2025-03-09 20:17:44.629333,1187.0,751.0,411.0,2467.0,1104.0,234.0,62.00940968256472,75.69220670340638,49.9610458793211,37.394180741297085,15.675081123499348,39.73712623176612,50.197092544451415,70.85142045998391,53.39898791374075,83.94572290464299
2025-03-09 20:17:44.637667,1179.0,751.0,418.0,2464.0,1104.0,238.0,62.0417452682985,75.64902507455196,49.96313356512881,37.41605731341647,15.663097143793049,39.757494534414064,50.15987492461626,70.82252904406714,53.33763388160754,83.9821213246699
2025-03-09 20:17:44.637667,1179.0,760.0,399.0,2470.0,1104.0,234.0,62.0417452682985,75.64902507455196,49.96313356512881,37.41605731341647,15.663097143793049,39.757494534414064,50.15987492461626,70.82252904406714,53.33763388160754,83.9821213246699
2025-03-09 20:17:44.637667,1175.0,752.0,405.0,2473.0,1104.0,235.0,62.0417452682985,75.64902507455196,49.96313356512881,37.41605731341647,15.663097143793049,39.757494534414064,50.15987492461626,70.82252904406714,53.33763388160754,83.9821213246699
2025-03-09 20:17:44.637667,1171.0,752.0,407.0,2471.0,1104.0,236.0,62.0417452682985,75.64902507455196,49.96313356512881,37.41605731341647,15.663097143793049,39.757494534414064,50.15987492461626,70.82252904406714,53.33763388160754,83.9821213246699
2025-03-09 20:17:44.646000,1175.0,752.0,414.0,2474.0,1104.0,230.0,62.08114972391653,75.60949860814586,49.97464346879489,37.43955372811832,15.653723392723844,39.78131943305495,50.117761996818054,70.79451665641116,53.27407477627085,84.02827395596722
2025-03-09 20:17:44.646000,1138.0,737.0,401.0,2471.0,1103.0,234.0,62.08114972391653,75.60949860814586,49.97464346879489,37.43955372811832,15.653723392723844,39.78131943305495,50.117761996818054,70.79451665641116,53.27407477627085,84.02827395596722
2025-03-09 20:17:44.646000,1139.0,735.0,409.0,2469.0,1101.0,231.0,62.08114972391653,75.60949860814586,49.97464346879489,37.43955372811832,15.653723392723844,39.78131943305495,50.117761996818054,70.79451665641116,53.27407477627085,84.02827395596722
2025-03-09 20:17:44.646000,1136.0,741.0,411.0,2466.0,1098.0,234.0,62.08114972391653,75.60949860814586,49.97464346879489,37.43955372811832,15.653723392723844,39.78131943305495,50.117761996818054,70.79451665641116,53.27407477627085,84.02827395596722
2025-03-09 20:17:44.654333,1133.0,735.0,406.0,2465.0,1101.0,233.0,62.12649217651536,75.5727371119488,49.99355807734116,37.464570601994204,15.647269282980375,39.808595034553605,50.07192023302774,70.76613542503834,53.20782117352495,84.08484368658436
2025-03-09 20:17:44.654333,1127.0,740.0,407.0,2467.0,1102.0,232.0,62.12649217651536,75.5727371119488,49.99355807734116,37.464570601994204,15.647269282980375,39.808595034553605,50.07192023302774,70.76613542503834,53.20782117352495,84.08484368658436
2025-03-09 20:17:44.662667,1123.0,739.0,418.0,2461.0,1103.0,234.0,62.17669657390416,75.5383235885131,50.0184083280364,37.492159538957466,15.643692101417072,39.83990677630223,50.02379391443306,70.73774177055641,53.14045803372263,84.15220824096583
2025-03-09 20:17:44.662667,1119.0,725.0,401.0,2470.0,1099.0,237.0,62.17669657390416,75.5383235885131,50.0184083280364,37.492159538957466,15.643692101417072,39.83990677630223,50.02379391443306,70.73774177055641,53.14045803372263,84.15220824096583
2025-03-09 20:17:44.662667,1086.0,723.0,406.0,2470.0,1098.0,237.0,62.17669657390416,75.5383235885131,50.0184083280364,37.492159538957466,15.643692101417072,39.83990677630223,50.02379391443306,70.73774177055641,53.14045803372263,84.15220824096583
2025-03-09 20:17:44.662667,1082.0,715.0,404.0,2469.0,1097.0,234.0,62.17669657390416,75.5383235885131,50.0184083280364,37.492159538957466,15.643692101417072,39.83990677630223,50.02379391443306,70.73774177055641,53.14045803372263,84.15220824096583
2025-03-09 20:17:44.671000,1080.0,718.0,400.0,2475.0,1103.0,230.0,62.23145083276044,75.50671615280957,50.04874613296682,37.52225852110429,15.642775101446654,39.87472670292306,49.97483620628642,70.71087309987928,53.07348115047279,84.23061979961665
2025-03-09 20:17:44.671000,1078.0,716.0,404.0,2473.0,1099.0,231.0,62.23145083276044,75.50671615280957,50.04874613296682,37.52225852110429,15.642775101446654,39.87472670292306,49.97483620628642,70.71087309987928,53.07348115047279,84.23061979961665
2025-03-09 20:17:44.671000,1072.0,709.0,403.0,2462.0,1094.0,230.0,62.23145083276044,75.50671615280957,50.04874613296682,37.52225852110429,15.642775101446654,39.87472670292306,49.97483620628642,70.71087309987928,53.07348115047279,84.23061979961665
2025-03-09 20:17:44.671000,1071.0,713.0,400.0,2468.0,1095.0,234.0,62.23145083276044,75.50671615280957,50.04874613296682,37.52225852110429,15.642775101446654,39.87472670292306,49.97483620628642,70.71087309987928,53.07348115047279,84.23061979961665
2025-03-09 20:17:44.679333,1064.0,711.0,403.0,2469.0,1094.0,237.0,62.290334588711346,75.47857807659082,50.085347011056776,37.55440029892745,15.64333290831238,39.91219491565987,49.92416909123425,70.68647600662862,53.00855895648547,84.32031293083955
2025-03-09 20:17:44.679333,1018.0,699.0,401.0,2473.0,1101.0,234.0,62.290334588711346,75.47857807659082,50.085347011056776,37.55440029892745,15.64333290831238,39.91219491565987,49.92416909123425,70.68647600662862,53.00855895648547,84.32031293083955
2025-03-09 20:17:44.679333,1017.0,690.0,394.0,2473.0,1099.0,230.0,62.290334588711346,75.47857807659082,50.085347011056776,37.55440029892745,15.64333290831238,39.91219491565987,49.92416909123425,70.68647600662862,53.00855895648547,84.32031293083955
2025-03-09 20:17:44.679333,1011.0,689.0,401.0,2477.0,1102.0,237.0,62.290334588711346,75.47857807659082,50.085347011056776,37.55440029892745,15.64333290831238,39.91219491565987,49.92416909123425,70.68647600662862,53.00855895648547,84.32031293083955
2025-03-09 20:17:44.687667,1008.0,694.0,402.0,2471.0,1099.0,237.0,62.35285903898847,75.45457504587283,50.12943178615557,37.58858360662285,15.644288935366763,39.95202114535636,49.870238203123314,70.66508761056667,52.94755390619194,84.42243700974028
2025-03-09 20:17:44.687667,1008.0,690.0,406.0,2475.0,1104.0,231.0,62.35285903898847,75.45457504587283,50.12943178615557,37.58858360662285,15.644288935366763,39.95202114535636,49.870238203123314,70.66508761056667,52.94755390619194,84.42243700974028
2025-03-09 20:17:44.696000,1002.0,688.0,400.0,2475.0,1099.0,231.0,62.41851789999392,75.43529586715273,50.18210930446038,37.62507066829965,15.644667445556845,39.994163361836804,49.811602693283255,70.64720785392645,52.892407630554516,84.53853268895247
2025-03-09 20:17:44.696000,994.0,686.0,400.0,2478.0,1102.0,235.0,62.41851789999392,75.43529586715273,50.18210930446038,37.62507066829965,15.644667445556845,39.994163361836804,49.811602693283255,70.64720785392645,52.892407630554516,84.53853268895247
2025-03-09 20:17:44.696000,960.0,678.0,400.0,2477.0,1107.0,237.0,62.41851789999392,75.43529586715273,50.18210930446038,37.62507066829965,15.644667445556845,39.994163361836804,49.811602693283255,70.64720785392645,52.892407630554516,84.53853268895247
2025-03-09 20:17:44.696000,955.0,673.0,406.0,2479.0,1105.0,239.0,62.41851789999392,75.43529586715273,50.18210930446038,37.62507066829965,15.644667445556845,39.994163361836804,49.811602693283255,70.64720785392645,52.892407630554516,84.53853268895247
2025-03-09 20:17:44.704333,950.0,669.0,391.0,2480.0,1109.0,235.0,62.48699177605274,75.42117134182674,50.244715029719835,37.66541031392963,15.643455013695876,40.039901487617186,49.74598670564616,70.63276427037171,52.84543812122547,84.66953445473963
2025-03-09 20:17:44.704333,948.0,673.0,395.0,2480.0,1107.0,231.0,62.48699177605274,75.42117134182674,50.244715029719835,37.66541031392963,15.643455013695876,40.039901487617186,49.74598670564616,70.63276427037171,52.84543812122547,84.66953445473963
2025-03-09 20:17:44.704333,946.0,676.0,399.0,2479.0,1109.0,237.0,62.48699177605274,75.42117134182674,50.244715029719835,37.66541031392963,15.643455013695876,40.039901487617186,49.74598670564616,70.63276427037171,52.84543812122547,84.66953445473963
2025-03-09 20:17:44.704333,944.0,667.0,393.0,2480.0,1110.0,237.0,62.48699177605274,75.42117134182674,50.244715029719835,37.66541031392963,15.643455013695876,40.039901487617186,49.74598670564616,70.63276427037171,52.84543812122547,84.66953445473963
2025-03-09 20:17:44.712667,941.0,670.0,397.0,2483.0,1105.0,239.0,62.558869383605575,75.41261535989493,50.31744420649324,37.711366474184736,15.640171977778758,40.09097561359379,49.67239420829526,70.62145138104573,52.80786750510843,84.81600053170311
2025-03-09 20:17:44.712667,911.0,656.0,396.0,2478.0,1109.0,237.0,62.558869383605575,75.41261535989493,50.31744420649324,37.711366474184736,15.640171977778758,40.09097561359379,49.67239420829526,70.62145138104573,52.80786750510843,84.81600053170311
2025-03-09 20:17:44.712667,907.0,656.0,388.0,2480.0,1106.0,240.0,62.558869383605575,75.41261535989493,50.31744420649324,37.711366474184736,15.640171977778758,40.09097561359379,49.67239420829526,70.62145138104573,52.80786750510843,84.81600053170311
2025-03-09 20:17:44.721000,906.0,654.0,394.0,2480.0,1108.0,235.0,62.6354378133019,75.41018794163497,50.40045333995953,37.76176286001876,15.635105048691589,40.146602229434784,49.59127622388654,70.61334758848729,52.77819745698317,84.97699270511156
2025-03-09 20:17:44.721000,902.0,657.0,383.0,2483.0,1107.0,240.0,62.6354378133019,75.41018794163497,50.40045333995953,37.76176286001876,15.635105048691589,40.146602229434784,49.59127622388654,70.61334758848729,52.77819745698317,84.97699270511156
2025-03-09 20:17:44.721000,900.0,656.0,391.0,2486.0,1109.0,240.0,62.6354378133019,75.41018794163497,50.40045333995953,37.76176286001876,15.635105048691589,40.146602229434784,49.59127622388654,70.61334758848729,52.77819745698317,84.97699270511156
2025-03-09 20:17:44.721000,898.0,656.0,395.0,2485.0,1104.0,238.0,62.6354378133019,75.41018794163497,50.40045333995953,37.76176286001876,15.635105048691589,40.146602229434784,49.59127622388654,70.61334758848729,52.77819745698317,84.97699270511156
2025-03-09 20:17:44.729333,894.0,656.0,397.0,2480.0,1106.0,239.0,62.71774877478911,75.4147751031648,50.49582450115089,37.81299375167255,15.62955097617938,40.20385786224019,49.503198502230475,70.60921160778827,52.75379838157672,85.15074286344247
2025-03-09 20:17:44.729333,889.0,647.0,390.0,2483.0,1106.0,238.0,62.71774877478911,75.4147751031648,50.49582450115089,37.81299375167255,15.62955097617938,40.20385786224019,49.503198502230475,70.60921160778827,52.75379838157672,85.15074286344247
2025-03-09 20:17:44.729333,864.0,645.0,385.0,2484.0,1106.0,240.0,62.71774877478911,75.4147751031648,50.49582450115089,37.81299375167255,15.62955097617938,40.20385786224019,49.503198502230475,70.60921160778827,52.75379838157672,85.15074286344247
2025-03-09 20:17:44.729333,865.0,636.0,381.0,2482.0,1103.0,240.0,62.71774877478911,75.4147751031648,50.49582450115089,37.81299375167255,15.62955097617938,40.20385786224019,49.503198502230475,70.60921160778827,52.75379838157672,85.15074286344247
2025-03-09 20:17:44.737667,859.0,639.0,382.0,2483.0,1104.0,240.0,62.80640612793276,75.42628753854548,50.60267096188043,37.864579591788726,15.624629840414194,40.26261646796689,49.40994981561694,70.60885935589877,52.7332316120413,85.33564361572634
2025-03-09 20:17:44.737667,853.0,640.0,382.0,2491.0,1104.0,242.0,62.80640612793276,75.42628753854548,50.60267096188043,37.864579591788726,15.624629840414194,40.26261646796689,49.40994981561694,70.60885935589877,52.7332316120413,85.33564361572634
2025-03-09 20:17:44.737667,853.0,637.0,381.0,2481.0,1103.0,241.0,62.80640612793276,75.42628753854548,50.60267096188043,37.864579591788726,15.624629840414194,40.26261646796689,49.40994981561694,70.60885935589877,52.7332316120413,85.33564361572634
2025-03-09 20:17:44.746000,851.0,639.0,380.0,2480.0,1103.0,240.0,62.90151186969013,75.4418598618775,50.715248557653695,37.91961606485231,15.621637809676457,40.32597021353062,49.315485674715454,70.60999358362092,52.71413575178897,85.5290871661783
2025-03-09 20:17:44.746000,850.0,626.0,388.0,2481.0,1104.0,241.0,62.90151186969013,75.4418598618775,50.715248557653695,37.91961606485231,15.621637809676457,40.32597021353062,49.315485674715454,70.60999358362092,52.71413575178897,85.5290871661783
2025-03-09 20:17:44.746000,821.0,624.0,383.0,2487.0,1103.0,242.0,62.90151186969013,75.4418598618775,50.715248557653695,37.91961606485231,15.621637809676457,40.32597021353062,49.315485674715454,70.60999358362092,52.71413575178897,85.5290871661783
2025-03-09 20:17:44.746000,823.0,625.0,378.0,2487.0,1102.0,241.0,62.90151186969013,75.4418598618775,50.715248557653695,37.91961606485231,15.621637809676457,40.32597021353062,49.315485674715454,70.60999358362092,52.71413575178897,85.5290871661783
2025-03-09 20:17:44.754333,816.0,617.0,384.0,2485.0,1098.0,249.0,63.003044122754986,75.46019994234938,50.830810717260384,37.97919452447308,15.621712782710897,40.39512147350676,49.222302762880986,70.61165592406635,52.69507215163603,85.73006868979395
2025-03-09 20:17:44.754333,819.0,618.0,382.0,2483.0,1101.0,242.0,63.003044122754986,75.46019994234938,50.830810717260384,37.97919452447308,15.621712782710897,40.39512147350676,49.222302762880986,70.61165592406635,52.69507215163603,85.73006868979395
2025-03-09 20:17:44.754333,821.0,624.0,377.0,2480.0,1103.0,239.0,63.003044122754986,75.46019994234938,50.830810717260384,37.97919452447308,15.621712782710897,40.39512147350676,49.222302762880986,70.61165592406635,52.69507215163603,85.73006868979395
2025-03-09 20:17:44.762667,813.0,621.0,375.0,2491.0,1096.0,240.0,63.11031830263238,75.48304334139227,50.94956659208586,38.040053143980586,15.624179602447722,40.46705624626874,49.13047989091978,70.61452807586318,52.676442387317564,85.93931185450782
2025-03-09 20:17:44.762667,810.0,614.0,377.0,2490.0,1093.0,242.0,63.11031830263238,75.48304334139227,50.94956659208586,38.040053143980586,15.624179602447722,40.46705624626874,49.13047989091978,70.61452807586318,52.676442387317564,85.93931185450782
2025-03-09 20:17:44.762667,811.0,616.0,369.0,2491.0,1098.0,245.0,63.11031830263238,75.48304334139227,50.94956659208586,38.040053143980586,15.624179602447722,40.46705624626874,49.13047989091978,70.61452807586318,52.676442387317564,85.93931185450782
2025-03-09 20:17:44.762667,786.0,613.0,384.0,2494.0,1095.0,243.0,63.11031830263238,75.48304334139227,50.94956659208586,38.040053143980586,15.624179602447722,40.46705624626874,49.13047989091978,70.61452807586318,52.676442387317564,85.93931185450782
2025-03-09 20:17:44.771000,783.0,607.0,379.0,2494.0,1098.0,246.0,63.223251459866326,75.51225292726917,51.07258996725056,38.09994684585804,15.627627708256556,40.53953704504601,49.03882713041946,70.61954512119365,52.6594548436196,86.1575959726938
2025-03-09 20:17:44.771000,784.0,610.0,375.0,2491.0,1093.0,241.0,63.223251459866326,75.51225292726917,51.07258996725056,38.09994684585804,15.627627708256556,40.53953704504601,49.03882713041946,70.61954512119365,52.6594548436196,86.1575959726938
2025-03-09 20:17:44.771000,784.0,604.0,385.0,2485.0,1094.0,242.0,63.223251459866326,75.51225292726917,51.07258996725056,38.09994684585804,15.627627708256556,40.53953704504601,49.03882713041946,70.61954512119365,52.6594548436196,86.1575959726938
2025-03-09 20:17:44.779333,784.0,605.0,385.0,2495.0,1090.0,247.0,63.340975091880274,75.54672981905593,51.20111223125946,38.15870884311768,15.631387262147928,40.61185007431309,48.94597380311847,70.62693794589818,52.64444899675495,86.38519429560914
2025-03-09 20:17:44.779333,781.0,604.0,377.0,2493.0,1084.0,243.0,63.340975091880274,75.54672981905593,51.20111223125946,38.15870884311768,15.631387262147928,40.61185007431309,48.94597380311847,70.62693794589818,52.64444899675495,86.38519429560914
2025-03-09 20:17:44.779333,775.0,605.0,384.0,2484.0,1097.0,249.0,63.340975091880274,75.54672981905593,51.20111223125946,38.15870884311768,15.631387262147928,40.61185007431309,48.94597380311847,70.62693794589818,52.64444899675495,86.38519429560914
2025-03-09 20:17:44.779333,759.0,595.0,384.0,2496.0,1090.0,240.0,63.340975091880274,75.54672981905593,51.20111223125946,38.15870884311768,15.631387262147928,40.61185007431309,48.94597380311847,70.62693794589818,52.64444899675495,86.38519429560914
2025-03-09 20:17:44.787667,755.0,594.0,383.0,2496.0,1089.0,246.0,63.46104993677226,75.58328778292709,51.33507116555135,38.21630018006999,15.635165932855875,40.683071116050556,48.85141217222923,70.63624252080474,52.63093096024732,86.6224487426407
2025-03-09 20:17:44.787667,752.0,592.0,385.0,2491.0,1091.0,249.0,63.46104993677226,75.58328778292709,51.33507116555135,38.21630018006999,15.635165932855875,40.683071116050556,48.85141217222923,70.63624252080474,52.63093096024732,86.6224487426407
2025-03-09 20:17:44.787667,753.0,592.0,378.0,2496.0,1093.0,254.0,63.46104993677226,75.58328778292709,51.33507116555135,38.21630018006999,15.635165932855875,40.683071116050556,48.85141217222923,70.63624252080474,52.63093096024732,86.6224487426407
2025-03-09 20:17:44.787667,752.0,592.0,384.0,2495.0,1094.0,248.0,63.46104993677226,75.58328778292709,51.33507116555135,38.21630018006999,15.635165932855875,40.683071116050556,48.85141217222923,70.63624252080474,52.63093096024732,86.6224487426407
2025-03-09 20:17:44.796000,752.0,593.0,386.0,2497.0,1103.0,251.0,63.582613355567,75.61961207206926,51.47304531799525,38.274242692304476,15.638341940094902,40.753897483214764,48.755582664640535,70.64727748085011,52.61894442475222,86.86960125675823
2025-03-09 20:17:44.796000,749.0,591.0,385.0,2501.0,1095.0,250.0,63.582613355567,75.61961207206926,51.47304531799525,38.274242692304476,15.638341940094902,40.753897483214764,48.755582664640535,70.64727748085011,52.61894442475222,86.86960125675823
2025-03-09 20:17:44.796000,744.0,592.0,387.0,2498.0,1099.0,253.0,63.582613355567,75.61961207206926,51.47304531799525,38.274242692304476,15.638341940094902,40.753897483214764,48.755582664640535,70.64727748085011,52.61894442475222,86.86960125675823
2025-03-09 20:17:44.804333,730.0,587.0,391.0,2502.0,1093.0,250.0,63.70534109883789,75.65320048384757,51.61260356546617,38.33449634338216,15.640446008373896,40.82560924440504,48.65955867773175,70.65940607002041,52.60780394074146,87.12559825288236
2025-03-09 20:17:44.804333,729.0,585.0,391.0,2503.0,1095.0,275.0,63.70534109883789,75.65320048384757,51.61260356546617,38.33449634338216,15.640446008373896,40.82560924440504,48.65955867773175,70.65940607002041,52.60780394074146,87.12559825288236
2025-03-09 20:17:44.804333,728.0,581.0,388.0,2507.0,1097.0,251.0,63.70534109883789,75.65320048384757,51.61260356546617,38.33449634338216,15.640446008373896,40.82560924440504,48.65955867773175,70.65940607002041,52.60780394074146,87.12559825288236
2025-03-09 20:17:44.804333,726.0,579.0,391.0,2504.0,1091.0,252.0,63.70534109883789,75.65320048384757,51.61260356546617,38.33449634338216,15.640446008373896,40.82560924440504,48.65955867773175,70.65940607002041,52.60780394074146,87.12559825288236
2025-03-09 20:17:44.812667,721.0,575.0,392.0,2503.0,1091.0,253.0,63.82768565313823,75.68121789011303,51.75298351422492,38.39810334333514,15.641172797834505,40.89894291020619,48.56204210392502,70.67048496279503,52.59639369781582,87.38889676826594
2025-03-09 20:17:44.812667,721.0,578.0,389.0,2507.0,1091.0,251.0,63.82768565313823,75.68121789011303,51.75298351422492,38.39810334333514,15.641172797834505,40.89894291020619,48.56204210392502,70.67048496279503,52.59639369781582,87.38889676826594
2025-03-09 20:17:44.812667,722.0,583.0,400.0,2506.0,1091.0,242.0,63.82768565313823,75.68121789011303,51.75298351422492,38.39810334333514,15.641172797834505,40.89894291020619,48.56204210392502,70.67048496279503,52.59639369781582,87.38889676826594
2025-03-09 20:17:44.821000,705.0,574.0,383.0,2512.0,1093.0,254.0,63.94782522067976,75.70249893764961,51.89536083933886,38.46673051441349,15.639685843353629,40.975273839605755,48.45975099866247,70.67889821060444,52.58628964478048,87.65924461755642
2025-03-09 20:17:44.821000,703.0,570.0,384.0,2512.0,1094.0,253.0,63.94782522067976,75.70249893764961,51.89536083933886,38.46673051441349,15.639685843353629,40.975273839605755,48.45975099866247,70.67889821060444,52.58628964478048,87.65924461755642
2025-03-09 20:17:44.821000,702.0,566.0,400.0,2507.0,1093.0,254.0,63.94782522067976,75.70249893764961,51.89536083933886,38.46673051441349,15.639685843353629,40.975273839605755,48.45975099866247,70.67889821060444,52.58628964478048,87.65924461755642
2025-03-09 20:17:44.821000,701.0,572.0,397.0,2510.0,1091.0,256.0,63.94782522067976,75.70249893764961,51.89536083933886,38.46673051441349,15.639685843353629,40.975273839605755,48.45975099866247,70.67889821060444,52.58628964478048,87.65924461755642
2025-03-09 20:17:44.829333,697.0,563.0,386.0,2509.0,1091.0,255.0,64.06374204161006,75.71757083093404,52.04092138561496,38.542906214995504,15.63435926516752,41.056397558562324,48.34969778217562,70.68489710176672,52.582313174851166,87.93773213317846
2025-03-09 20:17:44.829333,701.0,564.0,385.0,2512.0,1092.0,256.0,64.06374204161006,75.71757083093404,52.04092138561496,38.542906214995504,15.63435926516752,41.056397558562324,48.34969778217562,70.68489710176672,52.582313174851166,87.93773213317846
2025-03-09 20:17:44.829333,703.0,569.0,393.0,2512.0,1094.0,267.0,64.06374204161006,75.71757083093404,52.04092138561496,38.542906214995504,15.63435926516752,41.056397558562324,48.34969778217562,70.68489710176672,52.582313174851166,87.93773213317846
2025-03-09 20:17:44.829333,694.0,563.0,382.0,2509.0,1099.0,253.0,64.06374204161006,75.71757083093404,52.04092138561496,38.542906214995504,15.63435926516752,41.056397558562324,48.34969778217562,70.68489710176672,52.582313174851166,87.93773213317846
2025-03-09 20:17:44.837667,687.0,560.0,375.0,2518.0,1099.0,255.0,64.17334236533453,75.72730449373458,52.19106526937009,38.62814635537353,15.623742079549716,41.14324951148622,48.22903777607395,70.68891376375467,52.588917933639735,88.22511960485885
2025-03-09 20:17:44.837667,686.0,561.0,381.0,2514.0,1088.0,258.0,64.17334236533453,75.72730449373458,52.19106526937009,38.62814635537353,15.623742079549716,41.14324951148622,48.22903777607395,70.68891376375467,52.588917933639735,88.22511960485885
2025-03-09 20:17:44.837667,685.0,558.0,388.0,2513.0,1081.0,257.0,64.17334236533453,75.72730449373458,52.19106526937009,38.62814635537353,15.623742079549716,41.14324951148622,48.22903777607395,70.68891376375467,52.588917933639735,88.22511960485885
2025-03-09 20:17:44.846000,678.0,562.0,387.0,2513.0,1094.0,257.0,64.27546839051664,75.73272796180152,52.34727689292288,38.72084761975143,15.607571519809914,41.23412833486033,48.097101669120036,70.69209532020585,52.60765224872684,88.5215495897746
2025-03-09 20:17:44.846000,685.0,563.0,378.0,2513.0,1099.0,259.0,64.27546839051664,75.73272796180152,52.34727689292288,38.72084761975143,15.607571519809914,41.23412833486033,48.097101669120036,70.69209532020585,52.60765224872684,88.5215495897746
2025-03-09 20:17:44.846000,677.0,555.0,389.0,2515.0,1089.0,256.0,64.27546839051664,75.73272796180152,52.34727689292288,38.72084761975143,15.607571519809914,41.23412833486033,48.097101669120036,70.69209532020585,52.60765224872684,88.5215495897746
2025-03-09 20:17:44.846000,682.0,555.0,385.0,2513.0,1088.0,258.0,64.27546839051664,75.73272796180152,52.34727689292288,38.72084761975143,15.607571519809914,41.23412833486033,48.097101669120036,70.69209532020585,52.60765224872684,88.5215495897746
2025-03-09 20:17:44.854333,675.0,560.0,381.0,2519.0,1090.0,261.0,64.370933113432,75.73490416424286,52.50941783678951,38.81805539599016,15.587522857729063,41.326822307541384,47.95653858607839,70.69529593645456,52.63633661318161,88.82735052074067
2025-03-09 20:17:44.854333,662.0,553.0,365.0,2523.0,1085.0,263.0,64.370933113432,75.73490416424286,52.50941783678951,38.81805539599016,15.587522857729063,41.326822307541384,47.95653858607839,70.69529593645456,52.63633661318161,88.82735052074067
2025-03-09 20:17:44.854333,661.0,549.0,373.0,2522.0,1082.0,256.0,64.370933113432,75.73490416424286,52.50941783678951,38.81805539599016,15.587522857729063,41.326822307541384,47.95653858607839,70.69529593645456,52.63633661318161,88.82735052074067
2025-03-09 20:17:44.862667,660.0,546.0,382.0,2518.0,1087.0,235.0,64.46188349515535,75.73444281911605,52.67702807919867,38.91574066265437,15.568240945465801,41.419713909281,47.81086832440646,70.69619801249074,52.66776604643474,89.14212014480722
2025-03-09 20:17:44.862667,661.0,553.0,384.0,2517.0,1075.0,252.0,64.46188349515535,75.73444281911605,52.67702807919867,38.91574066265437,15.568240945465801,41.419713909281,47.81086832440646,70.69619801249074,52.66776604643474,89.14212014480722
2025-03-09 20:17:44.862667,657.0,545.0,385.0,2529.0,1085.0,258.0,64.46188349515535,75.73444281911605,52.67702807919867,38.91574066265437,15.568240945465801,41.419713909281,47.81086832440646,70.69619801249074,52.66776604643474,89.14212014480722
2025-03-09 20:17:44.862667,667.0,545.0,386.0,2515.0,1081.0,257.0,64.46188349515535,75.73444281911605,52.67702807919867,38.91574066265437,15.568240945465801,41.419713909281,47.81086832440646,70.69619801249074,52.66776604643474,89.14212014480722
2025-03-09 20:17:44.871000,657.0,551.0,382.0,2529.0,1084.0,259.0,64.54976085077095,75.73152526216772,52.84973017642129,39.00824072562891,15.553699752458474,41.509623363236315,47.66252706132067,70.69147632455287,52.69376960977504,89.46452330150508
2025-03-09 20:17:44.871000,644.0,540.0,379.0,2523.0,1075.0,256.0,64.54976085077095,75.73152526216772,52.84973017642129,39.00824072562891,15.553699752458474,41.509623363236315,47.66252706132067,70.69147632455287,52.69376960977504,89.46452330150508
2025-03-09 20:17:44.871000,642.0,542.0,384.0,2538.0,1079.0,259.0,64.54976085077095,75.73152526216772,52.84973017642129,39.00824072562891,15.553699752458474,41.509623363236315,47.66252706132067,70.69147632455287,52.69376960977504,89.46452330150508
2025-03-09 20:17:44.879333,640.0,542.0,377.0,2527.0,1088.0,265.0,64.63454934301366,75.7256298149638,53.026957395155044,39.09642307547308,15.543845877640697,41.59735415798949,47.511434570987845,70.68056414874933,52.71424094106048,89.79378428263776
2025-03-09 20:17:44.879333,639.0,539.0,378.0,2559.0,1073.0,263.0,64.63454934301366,75.7256298149638,53.026957395155044,39.09642307547308,15.543845877640697,41.59735415798949,47.511434570987845,70.68056414874933,52.71424094106048,89.79378428263776
2025-03-09 20:17:44.879333,640.0,537.0,382.0,2507.0,1083.0,265.0,64.63454934301366,75.7256298149638,53.026957395155044,39.09642307547308,15.543845877640697,41.59735415798949,47.511434570987845,70.68056414874933,52.71424094106048,89.79378428263776
2025-03-09 20:17:44.879333,639.0,547.0,378.0,2538.0,1077.0,263.0,64.63454934301366,75.7256298149638,53.026957395155044,39.09642307547308,15.543845877640697,41.59735415798949,47.511434570987845,70.68056414874933,52.71424094106048,89.79378428263776
2025-03-09 20:17:44.887667,636.0,539.0,381.0,2534.0,1077.0,262.0,64.71428997310947,75.7153274826832,53.21014474331127,39.185875610056705,15.538072643435726,41.6872411367648,47.35515643309823,70.66405865730913,52.73420956235239,90.12912264591593
2025-03-09 20:17:44.887667,636.0,535.0,383.0,2559.0,1077.0,263.0,64.71428997310947,75.7153274826832,53.21014474331127,39.185875610056705,15.538072643435726,41.6872411367648,47.35515643309823,70.66405865730913,52.73420956235239,90.12912264591593
2025-03-09 20:17:44.887667,623.0,531.0,377.0,2535.0,1077.0,256.0,64.71428997310947,75.7153274826832,53.21014474331127,39.185875610056705,15.538072643435726,41.6872411367648,47.35515643309823,70.66405865730913,52.73420956235239,90.12912264591593
2025-03-09 20:17:44.896000,624.0,534.0,385.0,2531.0,1074.0,272.0,64.7868271651347,75.70003324280759,53.402748606124156,39.27805488717057,15.536842482300301,41.780328561456926,47.19100726584707,70.64233483405899,52.756574542539845,90.46920836675487
2025-03-09 20:17:44.896000,624.0,531.0,381.0,2544.0,1075.0,261.0,64.7868271651347,75.70003324280759,53.402748606124156,39.27805488717057,15.536842482300301,41.780328561456926,47.19100726584707,70.64233483405899,52.756574542539845,90.46920836675487
2025-03-09 20:17:44.896000,621.0,534.0,373.0,2540.0,1074.0,272.0,64.7868271651347,75.70003324280759,53.402748606124156,39.27805488717057,15.536842482300301,41.780328561456926,47.19100726584707,70.64233483405899,52.756574542539845,90.46920836675487
2025-03-09 20:17:44.896000,620.0,528.0,374.0,2540.0,1076.0,266.0,64.7868271651347,75.70003324280759,53.402748606124156,39.27805488717057,15.536842482300301,41.780328561456926,47.19100726584707,70.64233483405899,52.756574542539845,90.46920836675487
2025-03-09 20:17:44.904333,622.0,527.0,379.0,2544.0,1073.0,268.0,64.85262203900814,75.68056957950587,53.60679393948875,39.37255575352107,15.53932139893261,41.87582873344719,47.018025903083846,70.6170473886514,52.7829597921784,90.81300048337351
2025-03-09 20:17:44.904333,617.0,529.0,380.0,2544.0,1074.0,265.0,64.85262203900814,75.68056957950587,53.60679393948875,39.37255575352107,15.53932139893261,41.87582873344719,47.018025903083846,70.6170473886514,52.7829597921784,90.81300048337351
2025-03-09 20:17:44.904333,603.0,528.0,333.0,2547.0,1074.0,245.0,64.85262203900814,75.68056957950587,53.60679393948875,39.37255575352107,15.53932139893261,41.87582873344719,47.018025903083846,70.6170473886514,52.7829597921784,90.81300048337351
2025-03-09 20:17:44.904333,606.0,528.0,381.0,2542.0,1072.0,256.0,64.85262203900814,75.68056957950587,53.60679393948875,39.37255575352107,15.53932139893261,41.87582873344719,47.018025903083846,70.6170473886514,52.7829597921784,90.81300048337351
2025-03-09 20:17:44.912667,607.0,511.0,398.0,2551.0,1072.0,275.0,64.91371040990096,75.6576471585373,53.82229434933118,39.470961274306056,15.543027535399977,41.974311645403596,46.83594180654889,70.59053616297713,52.815691177783044,91.15997691179528
2025-03-09 20:17:44.912667,607.0,528.0,375.0,2546.0,1075.0,271.0,64.91371040990096,75.6576471585373,53.82229434933118,39.470961274306056,15.543027535399977,41.974311645403596,46.83594180654889,70.59053616297713,52.815691177783044,91.15997691179528
2025-03-09 20:17:44.912667,606.0,527.0,400.0,2542.0,1073.0,251.0,64.91371040990096,75.6576471585373,53.82229434933118,39.470961274306056,15.543027535399977,41.974311645403596,46.83594180654889,70.59053616297713,52.815691177783044,91.15997691179528
2025-03-09 20:17:44.921000,606.0,525.0,386.0,2547.0,1072.0,275.0,64.97179036453667,75.63141713086404,54.049792281444276,39.573903963204685,15.545855334171355,42.075768032635935,46.64362985041443,70.56381948347176,52.85569453351452,91.509354044069
2025-03-09 20:17:44.921000,599.0,524.0,379.0,2555.0,1086.0,277.0,64.97179036453667,75.63141713086404,54.049792281444276,39.573903963204685,15.545855334171355,42.075768032635935,46.64362985041443,70.56381948347176,52.85569453351452,91.509354044069
2025-03-09 20:17:44.921000,597.0,525.0,374.0,2541.0,1071.0,272.0,64.97179036453667,75.63141713086404,54.049792281444276,39.573903963204685,15.545855334171355,42.075768032635935,46.64362985041443,70.56381948347176,52.85569453351452,91.509354044069
2025-03-09 20:17:44.921000,592.0,528.0,373.0,2553.0,1068.0,275.0,64.97179036453667,75.63141713086404,54.049792281444276,39.573903963204685,15.545855334171355,42.075768032635935,46.64362985041443,70.56381948347176,52.85569453351452,91.509354044069
2025-03-09 20:17:44.929333,591.0,511.0,375.0,2549.0,1066.0,272.0,65.02905996867729,75.60226711127024,54.2886204727185,39.6785711159374,15.546553660330032,42.17729347075824,46.44258263860717,70.53801819517635,52.90098707208987,91.86124118512313
2025-03-09 20:17:44.929333,591.0,511.0,370.0,2554.0,1069.0,274.0,65.02905996867729,75.60226711127024,54.2886204727185,39.6785711159374,15.546553660330032,42.17729347075824,46.44258263860717,70.53801819517635,52.90098707208987,91.86124118512313
2025-03-09 20:17:44.929333,592.0,525.0,374.0,2541.0,1067.0,272.0,65.02905996867729,75.60226711127024,54.2886204727185,39.6785711159374,15.546553660330032,42.17729347075824,46.44258263860717,70.53801819517635,52.90098707208987,91.86124118512313
2025-03-09 20:17:44.937667,590.0,511.0,380.0,2559.0,1070.0,285.0,65.08811253528928,75.56994291200667,54.53446214786447,39.78182038111631,15.54607445054569,42.27633173286421,46.23862062986592,70.5133631472236,52.946446692647214,92.21596229039872
2025-03-09 20:17:44.937667,589.0,511.0,374.0,2547.0,1067.0,258.0,65.08811253528928,75.56994291200667,54.53446214786447,39.78182038111631,15.54607445054569,42.27633173286421,46.23862062986592,70.5133631472236,52.946446692647214,92.21596229039872
2025-03-09 20:17:44.937667,592.0,510.0,377.0,2559.0,1068.0,274.0,65.08811253528928,75.56994291200667,54.53446214786447,39.78182038111631,15.54607445054569,42.27633173286421,46.23862062986592,70.5133631472236,52.946446692647214,92.21596229039872
2025-03-09 20:17:44.937667,576.0,509.0,378.0,2555.0,1061.0,274.0,65.08811253528928,75.56994291200667,54.53446214786447,39.78182038111631,15.54607445054569,42.27633173286421,46.23862062986592,70.5133631472236,52.946446692647214,92.21596229039872
2025-03-09 20:17:44.946000,575.0,511.0,383.0,2559.0,1072.0,277.0,65.15144592313598,75.5333321001259,54.78372238884514,39.88366175692005,15.546102491717399,42.37356781194453,46.036060376018895,70.4886735511336,52.987549650721945,92.5728691090215
2025-03-09 20:17:44.946000,576.0,511.0,382.0,2548.0,1072.0,278.0,65.15144592313598,75.5333321001259,54.78372238884514,39.88366175692005,15.546102491717399,42.37356781194453,46.036060376018895,70.4886735511336,52.987549650721945,92.5728691090215
2025-03-09 20:17:44.946000,575.0,506.0,368.0,2559.0,1056.0,279.0,65.15144592313598,75.5333321001259,54.78372238884514,39.88366175692005,15.546102491717399,42.37356781194453,46.036060376018895,70.4886735511336,52.987549650721945,92.5728691090215
2025-03-09 20:17:44.954333,574.0,504.0,368.0,2549.0,1070.0,277.0,65.2208723709082,75.49177523908638,55.03326172935881,39.98557019481836,15.548137958168299,42.471174527825106,45.83764190517535,70.46217202148941,53.0213099984254,92.93216654925385
2025-03-09 20:17:44.954333,576.0,511.0,389.0,2557.0,1107.0,279.0,65.2208723709082,75.49177523908638,55.03326172935881,39.98557019481836,15.548137958168299,42.471174527825106,45.83764190517535,70.46217202148941,53.0213099984254,92.93216654925385
2025-03-09 20:17:44.954333,570.0,509.0,365.0,2559.0,1072.0,279.0,65.2208723709082,75.49177523908638,55.03326172935881,39.98557019481836,15.548137958168299,42.471174527825106,45.83764190517535,70.46217202148941,53.0213099984254,92.93216654925385
2025-03-09 20:17:44.954333,568.0,510.0,369.0,2530.0,1070.0,284.0,65.2208723709082,75.49177523908638,55.03326172935881,39.98557019481836,15.548137958168299,42.471174527825106,45.83764190517535,70.46217202148941,53.0213099984254,92.93216654925385
2025-03-09 20:17:44.962667,563.0,507.0,351.0,2559.0,1078.0,286.0,65.29651620590779,75.445801364386,55.278893262160814,40.08894491911328,15.551090827792592,42.5702204359159,45.64552304258424,70.43414467969122,53.04856573796699,93.29534631590485
2025-03-09 20:17:44.962667,560.0,505.0,377.0,2546.0,1067.0,286.0,65.29651620590779,75.445801364386,55.278893262160814,40.08894491911328,15.551090827792592,42.5702204359159,45.64552304258424,70.43414467969122,53.04856573796699,93.29534631590485
2025-03-09 20:17:44.962667,562.0,511.0,365.0,2559.0,1082.0,289.0,65.29651620590779,75.445801364386,55.278893262160814,40.08894491911328,15.551090827792592,42.5702204359159,45.64552304258424,70.43414467969122,53.04856573796699,93.29534631590485
2025-03-09 20:17:44.971000,560.0,502.0,365.0,2559.0,1077.0,287.0,65.3791400070104,75.396773265727,55.52015861900951,40.19651438648162,15.554193170300707,42.672957934918955,45.45995551231892,70.4061930623802,53.072384508665074,93.66395146296186
2025-03-09 20:17:44.971000,560.0,503.0,363.0,2559.0,1091.0,287.0,65.3791400070104,75.396773265727,55.52015861900951,40.19651438648162,15.554193170300707,42.672957934918955,45.45995551231892,70.4061930623802,53.072384508665074,93.66395146296186
2025-03-09 20:17:44.971000,559.0,509.0,368.0,2559.0,1071.0,287.0,65.3791400070104,75.396773265727,55.52015861900951,40.19651438648162,15.554193170300707,42.672957934918955,45.45995551231892,70.4061930623802,53.072384508665074,93.66395146296186
2025-03-09 20:17:44.971000,560.0,510.0,359.0,2559.0,1079.0,288.0,65.3791400070104,75.396773265727,55.52015861900951,40.19651438648162,15.554193170300707,42.672957934918955,45.45995551231892,70.4061930623802,53.072384508665074,93.66395146296186
2025-03-09 20:17:44.979333,551.0,507.0,383.0,2559.0,1090.0,304.0,65.4701936844207,75.34488925280307,55.759605814573824,40.308595901819466,15.558453652952197,42.779724852962694,45.281350497033735,70.37965789164444,53.09301931604803,94.03768636415278
2025-03-09 20:17:44.979333,551.0,496.0,367.0,2559.0,1090.0,290.0,65.4701936844207,75.34488925280307,55.759605814573824,40.308595901819466,15.558453652952197,42.779724852962694,45.281350497033735,70.37965789164444,53.09301931604803,94.03768636415278
2025-03-09 20:17:44.979333,552.0,501.0,369.0,2559.0,1091.0,296.0,65.4701936844207,75.34488925280307,55.759605814573824,40.308595901819466,15.558453652952197,42.779724852962694,45.281350497033735,70.37965789164444,53.09301931604803,94.03768636415278
2025-03-09 20:17:44.979333,548.0,504.0,370.0,2545.0,1088.0,347.0,65.4701936844207,75.34488925280307,55.759605814573824,40.308595901819466,15.558453652952197,42.779724852962694,45.281350497033735,70.37965789164444,53.09301931604803,94.03768636415278
2025-03-09 20:17:44.987667,550.0,502.0,360.0,2589.0,1092.0,304.0,65.56746613514811,75.2888754594872,56.00060846088548,40.41900745060524,15.564875959676208,42.88489530724054,45.10861497348008,70.3534968700966,53.107625038065926,94.41244261321218
2025-03-09 20:17:44.987667,549.0,507.0,366.0,2559.0,1098.0,301.0,65.56746613514811,75.2888754594872,56.00060846088548,40.41900745060524,15.564875959676208,42.88489530724054,45.10861497348008,70.3534968700966,53.107625038065926,94.41244261321218
2025-03-09 20:17:44.987667,546.0,498.0,368.0,2559.0,1099.0,306.0,65.56746613514811,75.2888754594872,56.00060846088548,40.41900745060524,15.564875959676208,42.88489530724054,45.10861497348008,70.3534968700966,53.107625038065926,94.41244261321218
2025-03-09 20:17:44.996000,545.0,497.0,371.0,2555.0,1103.0,317.0,65.66748335451841,75.22703778846795,56.246655601475766,40.523312454403104,15.572508026715127,42.9840390699208,44.93752967097523,70.32568168259662,53.11559441387934,94.78278928245228
2025-03-09 20:17:44.996000,542.0,498.0,368.0,2559.0,1115.0,303.0,65.66748335451841,75.22703778846795,56.246655601475766,40.523312454403104,15.572508026715127,42.9840390699208,44.93752967097523,70.32568168259662,53.11559441387934,94.78278928245228
2025-03-09 20:17:44.996000,539.0,495.0,369.0,2587.0,1119.0,305.0,65.66748335451841,75.22703778846795,56.246655601475766,40.523312454403104,15.572508026715127,42.9840390699208,44.93752967097523,70.32568168259662,53.11559441387934,94.78278928245228
2025-03-09 20:17:44.996000,540.0,497.0,369.0,2513.0,1119.0,306.0,65.66748335451841,75.22703778846795,56.246655601475766,40.523312454403104,15.572508026715127,42.9840390699208,44.93752967097523,70.32568168259662,53.11559441387934,94.78278928245228
2025-03-09 20:17:45.004333,542.0,494.0,370.0,2583.0,1122.0,305.0,65.76937830678395,75.1559193370732,56.497108004313176,40.622051337961246,15.580979444103885,43.07775298101631,44.766096262562534,70.29235056415446,53.11410797999906,95.14474150631953
2025-03-09 20:17:45.004333,535.0,496.0,365.0,2598.0,1125.0,307.0,65.76937830678395,75.1559193370732,56.497108004313176,40.622051337961246,15.580979444103885,43.07775298101631,44.766096262562534,70.29235056415446,53.11410797999906,95.14474150631953
2025-03-09 20:17:45.004333,536.0,499.0,365.0,2589.0,1129.0,305.0,65.76937830678395,75.1559193370732,56.497108004313176,40.622051337961246,15.580979444103885,43.07775298101631,44.766096262562534,70.29235056415446,53.11410797999906,95.14474150631953
2025-03-09 20:17:45.012667,535.0,496.0,351.0,2587.0,1126.0,304.0,65.87153784052808,75.07091833348412,56.74480756755223,40.715551790914745,15.590117696310301,43.1663266236886,44.597025388749856,70.2491789752831,53.09783076623442,95.49556666928194
2025-03-09 20:17:45.012667,528.0,496.0,377.0,2608.0,1141.0,314.0,65.87153784052808,75.07091833348412,56.74480756755223,40.715551790914745,15.590117696310301,43.1663266236886,44.597025388749856,70.2491789752831,53.09783076623442,95.49556666928194
2025-03-09 20:17:45.012667,528.0,499.0,365.0,2590.0,1152.0,314.0,65.87153784052808,75.07091833348412,56.74480756755223,40.715551790914745,15.590117696310301,43.1663266236886,44.597025388749856,70.2491789752831,53.09783076623442,95.49556666928194
2025-03-09 20:17:45.012667,527.0,496.0,359.0,2594.0,1148.0,316.0,65.87153784052808,75.07091833348412,56.74480756755223,40.715551790914745,15.590117696310301,43.1663266236886,44.597025388749856,70.2491789752831,53.09783076623442,95.49556666928194
2025-03-09 20:17:45.021000,527.0,491.0,368.0,2598.0,1151.0,315.0,65.97057240147518,74.9679821728297,56.98003897428511,40.80334643714138,15.599006583999174,43.24900511080236,44.43400381877549,70.1923431222102,53.062152228825205,95.83408769367398
2025-03-09 20:17:45.021000,523.0,497.0,328.0,2586.0,1151.0,317.0,65.97057240147518,74.9679821728297,56.98003897428511,40.80334643714138,15.599006583999174,43.24900511080236,44.43400381877549,70.1923431222102,53.062152228825205,95.83408769367398
2025-03-09 20:17:45.021000,527.0,496.0,348.0,2594.0,1155.0,315.0,65.97057240147518,74.9679821728297,56.98003897428511,40.80334643714138,15.599006583999174,43.24900511080236,44.43400381877549,70.1923431222102,53.062152228825205,95.83408769367398
2025-03-09 20:17:45.029333,528.0,498.0,371.0,2591.0,1154.0,320.0,66.0641250125065,74.84468630037486,57.19923639042382,40.88649977256778,15.605908123952503,43.32631387428481,44.27596702367205,70.11933859793518,53.006306664896904,96.16024186901129
2025-03-09 20:17:45.029333,524.0,494.0,320.0,2595.0,1156.0,317.0,66.0641250125065,74.84468630037486,57.19923639042382,40.88649977256778,15.605908123952503,43.32631387428481,44.27596702367205,70.11933859793518,53.006306664896904,96.16024186901129
2025-03-09 20:17:45.029333,511.0,499.0,339.0,2597.0,1171.0,327.0,66.0641250125065,74.84468630037486,57.19923639042382,40.88649977256778,15.605908123952503,43.32631387428481,44.27596702367205,70.11933859793518,53.006306664896904,96.16024186901129
2025-03-09 20:17:45.029333,511.0,495.0,356.0,2605.0,1174.0,327.0,66.0641250125065,74.84468630037486,57.19923639042382,40.88649977256778,15.605908123952503,43.32631387428481,44.27596702367205,70.11933859793518,53.006306664896904,96.16024186901129
2025-03-09 20:17:45.037667,509.0,493.0,345.0,2601.0,1179.0,327.0,66.15043327909642,74.69987991580085,57.403099950104576,40.966939113249055,15.60944407762136,43.39948173018522,44.11999444348913,70.02949624699086,52.93238897059338,96.47366558779574
2025-03-09 20:17:45.037667,510.0,495.0,341.0,2597.0,1175.0,330.0,66.15043327909642,74.69987991580085,57.403099950104576,40.966939113249055,15.60944407762136,43.39948173018522,44.11999444348913,70.02949624699086,52.93238897059338,96.47366558779574
2025-03-09 20:17:45.037667,506.0,494.0,321.0,2595.0,1179.0,337.0,66.15043327909642,74.69987991580085,57.403099950104576,40.966939113249055,15.60944407762136,43.39948173018522,44.11999444348913,70.02949624699086,52.93238897059338,96.47366558779574
2025-03-09 20:17:45.037667,508.0,495.0,354.0,2603.0,1183.0,334.0,66.15043327909642,74.69987991580085,57.403099950104576,40.966939113249055,15.60944407762136,43.39948173018522,44.11999444348913,70.02949624699086,52.93238897059338,96.47366558779574
2025-03-09 20:17:45.046000,503.0,494.0,345.0,2603.0,1183.0,331.0,66.22743842465057,74.53309588024112,57.59102171591053,41.0463868776404,15.608631689180934,43.46939722812177,43.965164438450216,69.92359723508484,52.843091966106876,96.77354629735738
2025-03-09 20:17:45.046000,497.0,496.0,351.0,2608.0,1201.0,339.0,66.22743842465057,74.53309588024112,57.59102171591053,41.0463868776404,15.608631689180934,43.46939722812177,43.965164438450216,69.92359723508484,52.843091966106876,96.77354629735738
2025-03-09 20:17:45.046000,498.0,487.0,336.0,2608.0,1200.0,342.0,66.22743842465057,74.53309588024112,57.59102171591053,41.0463868776404,15.608631689180934,43.46939722812177,43.965164438450216,69.92359723508484,52.843091966106876,96.77354629735738
2025-03-09 20:17:45.054333,495.0,495.0,346.0,2603.0,1200.0,342.0,66.29298028828362,74.3446708271979,57.76153325804074,41.12442498931387,15.603358545049222,43.535149286829615,43.812694148263645,69.80321895017359,52.740077657289106,97.05784391129
2025-03-09 20:17:45.054333,496.0,493.0,343.0,2602.0,1200.0,342.0,66.29298028828362,74.3446708271979,57.76153325804074,41.12442498931387,15.603358545049222,43.535149286829615,43.812694148263645,69.80321895017359,52.740077657289106,97.05784391129
2025-03-09 20:17:45.054333,495.0,487.0,345.0,2603.0,1206.0,344.0,66.29298028828362,74.3446708271979,57.76153325804074,41.12442498931387,15.603358545049222,43.535149286829615,43.812694148263645,69.80321895017359,52.740077657289106,97.05784391129
2025-03-09 20:17:45.054333,496.0,491.0,338.0,2605.0,1201.0,343.0,66.29298028828362,74.3446708271979,57.76153325804074,41.12442498931387,15.603358545049222,43.535149286829615,43.812694148263645,69.80321895017359,52.740077657289106,97.05784391129
2025-03-09 20:17:45.062667,496.0,493.0,342.0,2606.0,1207.0,344.0,66.3452333717768,74.13671175335053,57.912911295734304,41.1981334350823,15.593383273029534,43.593736831684225,43.66457543967288,69.67056929112836,52.624595934390285,97.32368098417774
2025-03-09 20:17:45.062667,496.0,497.0,337.0,2606.0,1203.0,346.0,66.3452333717768,74.13671175335053,57.912911295734304,41.1981334350823,15.593383273029534,43.593736831684225,43.66457543967288,69.67056929112836,52.624595934390285,97.32368098417774
2025-03-09 20:17:45.062667,486.0,489.0,327.0,2597.0,1221.0,354.0,66.3452333717768,74.13671175335053,57.912911295734304,41.1981334350823,15.593383273029534,43.593736831684225,43.66457543967288,69.67056929112836,52.624595934390285,97.32368098417774
2025-03-09 20:17:45.071000,489.0,491.0,336.0,2607.0,1218.0,353.0,66.3841228304078,73.91283167627597,58.04521793494043,41.26621793242784,15.5790467724257,43.64455830789143,43.52078347786637,69.52663940547147,52.497987201950814,97.5690016635768
2025-03-09 20:17:45.071000,486.0,491.0,338.0,2602.0,1218.0,354.0,66.3841228304078,73.91283167627597,58.04521793494043,41.26621793242784,15.5790467724257,43.64455830789143,43.52078347786637,69.52663940547147,52.497987201950814,97.5690016635768
2025-03-09 20:17:45.071000,487.0,492.0,333.0,2533.0,1227.0,356.0,66.3841228304078,73.91283167627597,58.04521793494043,41.26621793242784,15.5790467724257,43.64455830789143,43.52078347786637,69.52663940547147,52.497987201950814,97.5690016635768
2025-03-09 20:17:45.071000,485.0,486.0,337.0,2606.0,1227.0,355.0,66.3841228304078,73.91283167627597,58.04521793494043,41.26621793242784,15.5790467724257,43.64455830789143,43.52078347786637,69.52663940547147,52.497987201950814,97.5690016635768
2025-03-09 20:17:45.071000,487.0,490.0,338.0,2608.0,1226.0,355.0,66.3841228304078,73.91283167627597,58.04521793494043,41.26621793242784,15.5790467724257,43.64455830789143,43.52078347786637,69.52663940547147,52.497987201950814,97.5690016635768
2025-03-09 20:17:45.079333,489.0,491.0,321.0,2608.0,1223.0,358.0,66.41043228653304,73.67588633784518,58.15961594551958,41.32885778825218,15.560945984308725,43.6885288856405,43.380303368878884,69.37167328457669,52.36124902579977,97.79248228485723
2025-03-09 20:17:45.079333,479.0,481.0,343.0,2609.0,1232.0,365.0,66.41043228653304,73.67588633784518,58.15961594551958,41.32885778825218,15.560945984308725,43.6885288856405,43.380303368878884,69.37167328457669,52.36124902579977,97.79248228485723
2025-03-09 20:17:45.087667,474.0,487.0,345.0,2608.0,1231.0,363.0,66.42427195114723,73.42672967777035,58.2564659160303,41.38641777077729,15.539331919046148,43.72633243401658,43.24228301428768,69.20533839497128,52.21447403272233,97.99344962537482
2025-03-09 20:17:45.087667,474.0,487.0,349.0,2606.0,1227.0,363.0,66.42427195114723,73.42672967777035,58.2564659160303,41.38641777077729,15.539331919046148,43.72633243401658,43.24228301428768,69.20533839497128,52.21447403272233,97.99344962537482
2025-03-09 20:17:45.087667,478.0,486.0,342.0,2608.0,1232.0,367.0,66.42427195114723,73.42672967777035,58.2564659160303,41.38641777077729,15.539331919046148,43.72633243401658,43.24228301428768,69.20533839497128,52.21447403272233,97.99344962537482
2025-03-09 20:17:45.087667,471.0,489.0,341.0,2607.0,1234.0,366.0,66.42427195114723,73.42672967777035,58.2564659160303,41.38641777077729,15.539331919046148,43.72633243401658,43.24228301428768,69.20533839497128,52.21447403272233,97.99344962537482
2025-03-09 20:17:45.096000,469.0,483.0,343.0,2610.0,1232.0,363.0,66.4254272593274,73.16553087936303,58.335784209495166,41.440533773740086,15.514517829972297,43.75952577745502,43.10623508259964,69.02786199885612,52.05845515345923,98.17221259009592
2025-03-09 20:17:45.096000,474.0,487.0,343.0,2608.0,1229.0,366.0,66.4254272593274,73.16553087936303,58.335784209495166,41.440533773740086,15.514517829972297,43.75952577745502,43.10623508259964,69.02786199885612,52.05845515345923,98.17221259009592
2025-03-09 20:17:45.096000,474.0,483.0,344.0,2608.0,1232.0,366.0,66.4254272593274,73.16553087936303,58.335784209495166,41.440533773740086,15.514517829972297,43.75952577745502,43.10623508259964,69.02786199885612,52.05845515345923,98.17221259009592
2025-03-09 20:17:45.096000,465.0,485.0,380.0,2611.0,1241.0,370.0,66.4254272593274,73.16553087936303,58.335784209495166,41.440533773740086,15.514517829972297,43.75952577745502,43.10623508259964,69.02786199885612,52.05845515345923,98.17221259009592
2025-03-09 20:17:45.104333,467.0,482.0,393.0,2586.0,1239.0,384.0,66.41403456827155,72.89309597690955,58.398037861340825,41.49259068512963,15.48675764043335,43.789310532867376,42.97208567766014,68.84051695022856,51.894725015376125,98.33062072927794
2025-03-09 20:17:45.104333,469.0,484.0,373.0,2608.0,1237.0,368.0,66.41403456827155,72.89309597690955,58.398037861340825,41.49259068512963,15.48675764043335,43.789310532867376,42.97208567766014,68.84051695022856,51.894725015376125,98.33062072927794
2025-03-09 20:17:45.104333,467.0,482.0,368.0,2611.0,1235.0,366.0,66.41403456827155,72.89309597690955,58.398037861340825,41.49259068512963,15.48675764043335,43.789310532867376,42.97208567766014,68.84051695022856,51.894725015376125,98.33062072927794
2025-03-09 20:17:45.104333,467.0,485.0,362.0,2610.0,1236.0,371.0,66.41403456827155,72.89309597690955,58.398037861340825,41.49259068512963,15.48675764043335,43.789310532867376,42.97208567766014,68.84051695022856,51.894725015376125,98.33062072927794
2025-03-09 20:17:45.112667,467.0,483.0,354.0,2608.0,1241.0,367.0,66.38930732041862,72.61008226340238,58.441181306913776,41.54385662902558,15.45456897682248,43.8163177172431,42.839722265998546,68.64450531227584,51.725157506418704,98.47097748370776
2025-03-09 20:17:45.112667,464.0,487.0,339.0,2608.0,1241.0,368.0,66.38930732041862,72.61008226340238,58.441181306913776,41.54385662902558,15.45456897682248,43.8163177172431,42.839722265998546,68.64450531227584,51.725157506418704,98.47097748370776
2025-03-09 20:17:45.121000,464.0,486.0,335.0,2615.0,1257.0,368.0,66.34941699149455,72.31625968802327,58.45985674561033,41.59584091096334,15.416591153548563,43.84130423178984,42.710799544163066,68.4406268539794,51.55037175029098,98.59506873380197
2025-03-09 20:17:45.121000,467.0,491.0,338.0,2614.0,1260.0,379.0,66.34941699149455,72.31625968802327,58.45985674561033,41.59584091096334,15.416591153548563,43.84130423178984,42.710799544163066,68.4406268539794,51.55037175029098,98.59506873380197
2025-03-09 20:17:45.121000,464.0,490.0,340.0,2610.0,1266.0,383.0,66.34941699149455,72.31625968802327,58.45985674561033,41.59584091096334,15.416591153548563,43.84130423178984,42.710799544163066,68.4406268539794,51.55037175029098,98.59506873380197
2025-03-09 20:17:45.121000,462.0,484.0,363.0,2609.0,1255.0,378.0,66.34941699149455,72.31625968802327,58.45985674561033,41.59584091096334,15.416591153548563,43.84130423178984,42.710799544163066,68.4406268539794,51.55037175029098,98.59506873380197
2025-03-09 20:17:45.121000,462.0,480.0,357.0,2613.0,1269.0,373.0,66.34941699149455,72.31625968802327,58.45985674561033,41.59584091096334,15.416591153548563,43.84130423178984,42.710799544163066,68.4406268539794,51.55037175029098,98.59506873380197
2025-03-09 20:17:45.129333,463.0,484.0,366.0,2609.0,1264.0,380.0,66.29333421211473,72.01266044650552,58.451214090931074,41.648561419728885,15.372438716191718,43.863664370959505,42.58788737163854,68.2317223768372,51.3719105906299,98.70459947404935
2025-03-09 20:17:45.129333,455.0,487.0,377.0,2611.0,1267.0,379.0,66.29333421211473,72.01266044650552,58.451214090931074,41.648561419728885,15.372438716191718,43.863664370959505,42.58788737163854,68.2317223768372,51.3719105906299,98.70459947404935
2025-03-09 20:17:45.129333,464.0,481.0,393.0,2606.0,1262.0,384.0,66.29333421211473,72.01266044650552,58.451214090931074,41.648561419728885,15.372438716191718,43.863664370959505,42.58788737163854,68.2317223768372,51.3719105906299,98.70459947404935
2025-03-09 20:17:45.129333,453.0,481.0,419.0,2606.0,1277.0,390.0,66.29333421211473,72.01266044650552,58.451214090931074,41.648561419728885,15.372438716191718,43.863664370959505,42.58788737163854,68.2317223768372,51.3719105906299,98.70459947404935
2025-03-09 20:17:45.137667,459.0,471.0,423.0,2610.0,1281.0,390.0,66.22046154055839,71.70154725482438,58.41599140482688,41.701189112601625,15.320949545072763,43.88175590600202,42.47149261994938,68.02193710722807,51.193794573731424,98.80084297112784
2025-03-09 20:17:45.137667,455.0,482.0,413.0,2607.0,1274.0,391.0,66.22046154055839,71.70154725482438,58.41599140482688,41.701189112601625,15.320949545072763,43.88175590600202,42.47149261994938,68.02193710722807,51.193794573731424,98.80084297112784
2025-03-09 20:17:45.146000,459.0,485.0,410.0,2618.0,1285.0,393.0,66.13124519183215,71.3862834126373,58.35552858698569,41.753744801321865,15.26133221445822,43.895445918369596,42.36102467530808,67.81423076893171,51.019744052358924,98.88402855799913
2025-03-09 20:17:45.146000,460.0,484.0,423.0,2608.0,1279.0,398.0,66.13124519183215,71.3862834126373,58.35552858698569,41.753744801321865,15.26133221445822,43.895445918369596,42.36102467530808,67.81423076893171,51.019744052358924,98.88402855799913
2025-03-09 20:17:45.146000,461.0,486.0,433.0,2610.0,1279.0,387.0,66.13124519183215,71.3862834126373,58.35552858698569,41.753744801321865,15.26133221445822,43.895445918369596,42.36102467530808,67.81423076893171,51.019744052358924,98.88402855799913
2025-03-09 20:17:45.146000,458.0,477.0,433.0,2614.0,1279.0,400.0,66.13124519183215,71.3862834126373,58.35552858698569,41.753744801321865,15.26133221445822,43.895445918369596,42.36102467530808,67.81423076893171,51.019744052358924,98.88402855799913
2025-03-09 20:17:45.146000,457.0,485.0,581.0,2608.0,1293.0,400.0,66.13124519183215,71.3862834126373,58.35552858698569,41.753744801321865,15.26133221445822,43.895445918369596,42.36102467530808,67.81423076893171,51.019744052358924,98.88402855799913
2025-03-09 20:17:45.154333,451.0,481.0,583.0,2609.0,1293.0,405.0,66.02750308536615,71.0714614733618,58.27341604718766,41.801638408430165,15.196808060618787,43.90239697225967,42.25720725620769,67.6085754755088,50.84793806780348,98.95348702073424
2025-03-09 20:17:45.154333,451.0,486.0,655.0,2609.0,1287.0,406.0,66.02750308536615,71.0714614733618,58.27341604718766,41.801638408430165,15.196808060618787,43.90239697225967,42.25720725620769,67.6085754755088,50.84793806780348,98.95348702073424
2025-03-09 20:17:45.154333,451.0,480.0,590.0,2612.0,1290.0,401.0,66.02750308536615,71.0714614733618,58.27341604718766,41.801638408430165,15.196808060618787,43.90239697225967,42.25720725620769,67.6085754755088,50.84793806780348,98.95348702073424
2025-03-09 20:17:45.162667,453.0,482.0,575.0,2609.0,1290.0,406.0,65.91077596478746,70.76130060106054,58.174046220583286,41.835721145921184,15.13399757218742,43.89730522896095,42.16274222231743,67.40254052110926,50.671425174801534,99.00837995404142
2025-03-09 20:17:45.162667,455.0,482.0,614.0,2619.0,1290.0,404.0,65.91077596478746,70.76130060106054,58.174046220583286,41.835721145921184,15.13399757218742,43.89730522896095,42.16274222231743,67.40254052110926,50.671425174801534,99.00837995404142
2025-03-09 20:17:45.162667,453.0,483.0,587.0,2608.0,1295.0,402.0,65.91077596478746,70.76130060106054,58.174046220583286,41.835721145921184,15.13399757218742,43.89730522896095,42.16274222231743,67.40254052110926,50.671425174801534,99.00837995404142
2025-03-09 20:17:45.162667,450.0,480.0,639.0,2609.0,1294.0,406.0,65.91077596478746,70.76130060106054,58.174046220583286,41.835721145921184,15.13399757218742,43.89730522896095,42.16274222231743,67.40254052110926,50.671425174801534,99.00837995404142
2025-03-09 20:17:45.171000,449.0,483.0,511.0,2619.0,1294.0,413.0,65.78345686311854,70.45973405573353,58.06054609751815,41.857284709819204,15.073461947302382,43.881855285171305,42.07707746306418,67.19863151810985,50.493469039885994,99.04881063951437
2025-03-09 20:17:45.171000,455.0,482.0,506.0,2608.0,1295.0,405.0,65.78345686311854,70.45973405573353,58.06054609751815,41.857284709819204,15.073461947302382,43.881855285171305,42.07707746306418,67.19863151810985,50.493469039885994,99.04881063951437
2025-03-09 20:17:45.171000,450.0,479.0,490.0,2621.0,1290.0,398.0,65.78345686311854,70.45973405573353,58.06054609751815,41.857284709819204,15.073461947302382,43.881855285171305,42.07707746306418,67.19863151810985,50.493469039885994,99.04881063951437
2025-03-09 20:17:45.179333,449.0,489.0,511.0,2608.0,1290.0,410.0,65.6500863985742,70.1714031262511,57.93584293628783,41.87608145066392,15.011415947748102,43.863818906266154,41.99752442923857,67.0036409389835,50.32533019504842,99.07609794409368
2025-03-09 20:17:45.179333,451.0,482.0,506.0,2608.0,1290.0,411.0,65.6500863985742,70.1714031262511,57.93584293628783,41.87608145066392,15.011415947748102,43.863818906266154,41.99752442923857,67.0036409389835,50.32533019504842,99.07609794409368
2025-03-09 20:17:45.179333,448.0,482.0,506.0,2609.0,1290.0,414.0,65.6500863985742,70.1714031262511,57.93584293628783,41.87608145066392,15.011415947748102,43.863818906266154,41.99752442923857,67.0036409389835,50.32533019504842,99.07609794409368
2025-03-09 20:17:45.179333,452.0,480.0,492.0,2608.0,1294.0,413.0,65.6500863985742,70.1714031262511,57.93584293628783,41.87608145066392,15.011415947748102,43.863818906266154,41.99752442923857,67.0036409389835,50.32533019504842,99.07609794409368
2025-03-09 20:17:45.187667,453.0,480.0,502.0,2609.0,1289.0,414.0,65.51445758079431,69.89908780346181,57.80108301469102,41.89581227497856,14.94677827076267,43.84605789943498,41.92558568534645,66.82234467700793,50.17157976521789,99.09275531948145
2025-03-09 20:17:45.187667,449.0,479.0,427.0,2609.0,1281.0,407.0,65.51445758079431,69.89908780346181,57.80108301469102,41.89581227497856,14.94677827076267,43.84605789943498,41.92558568534645,66.82234467700793,50.17157976521789,99.09275531948145
2025-03-09 20:17:45.187667,447.0,479.0,435.0,2608.0,1279.0,409.0,65.51445758079431,69.89908780346181,57.80108301469102,41.89581227497856,14.94677827076267,43.84605789943498,41.92558568534645,66.82234467700793,50.17157976521789,99.09275531948145
2025-03-09 20:17:45.187667,446.0,482.0,462.0,2607.0,1281.0,410.0,65.51445758079431,69.89908780346181,57.80108301469102,41.89581227497856,14.94677827076267,43.84605789943498,41.92558568534645,66.82234467700793,50.17157976521789,99.09275531948145
2025-03-09 20:17:45.196000,448.0,477.0,442.0,2611.0,1279.0,414.0,65.37882550140874,69.64506227251833,57.65659049298279,41.915995022166065,14.880653294503034,43.828495233182664,41.86404340712719,66.65694395514882,50.0324233578817,99.10074479822532
2025-03-09 20:17:45.196000,452.0,471.0,465.0,2608.0,1280.0,402.0,65.37882550140874,69.64506227251833,57.65659049298279,41.915995022166065,14.880653294503034,43.828495233182664,41.86404340712719,66.65694395514882,50.0324233578817,99.10074479822532
2025-03-09 20:17:45.204333,448.0,477.0,487.0,2608.0,1283.0,405.0,65.24384989468213,69.41083744306677,57.50370384788346,41.93590373986126,14.814768578587742,43.81124330331677,41.81345542077418,66.5073842676451,49.90734972824282,99.1003607007716
2025-03-09 20:17:45.204333,452.0,483.0,467.0,2608.0,1279.0,410.0,65.24384989468213,69.41083744306677,57.50370384788346,41.93590373986126,14.814768578587742,43.81124330331677,41.81345542077418,66.5073842676451,49.90734972824282,99.1003607007716
2025-03-09 20:17:45.204333,450.0,485.0,507.0,2608.0,1270.0,402.0,65.24384989468213,69.41083744306677,57.50370384788346,41.93590373986126,14.814768578587742,43.81124330331677,41.81345542077418,66.5073842676451,49.90734972824282,99.1003607007716
2025-03-09 20:17:45.204333,446.0,481.0,496.0,2605.0,1266.0,406.0,65.24384989468213,69.41083744306677,57.50370384788346,41.93590373986126,14.814768578587742,43.81124330331677,41.81345542077418,66.5073842676451,49.90734972824282,99.1003607007716
2025-03-09 20:17:45.204333,449.0,479.0,511.0,2603.0,1273.0,403.0,65.24384989468213,69.41083744306677,57.50370384788346,41.93590373986126,14.814768578587742,43.81124330331677,41.81345542077418,66.5073842676451,49.90734972824282,99.1003607007716
2025-03-09 20:17:45.212667,447.0,478.0,553.0,2607.0,1286.0,406.0,65.10941886139125,69.1963986094707,57.34363258067438,41.95343320770308,14.752289157308574,43.79332097717416,41.775315330739105,66.37243028566029,49.79347528619216,99.09152225569335
2025-03-09 20:17:45.212667,446.0,485.0,502.0,2603.0,1269.0,410.0,65.10941886139125,69.1963986094707,57.34363258067438,41.95343320770308,14.752289157308574,43.79332097717416,41.775315330739105,66.37243028566029,49.79347528619216,99.09152225569335
2025-03-09 20:17:45.212667,447.0,481.0,527.0,2605.0,1270.0,401.0,65.10941886139125,69.1963986094707,57.34363258067438,41.95343320770308,14.752289157308574,43.79332097717416,41.775315330739105,66.37243028566029,49.79347528619216,99.09152225569335
2025-03-09 20:17:45.221000,448.0,475.0,533.0,2608.0,1260.0,403.0,64.97599938874659,69.00195002863585,57.17768489406322,41.96595532909941,14.696163218286774,43.773336919118805,41.751147779421295,66.25064703470463,49.68743222832525,99.07410615099998
2025-03-09 20:17:45.221000,450.0,481.0,607.0,2608.0,1268.0,404.0,64.97599938874659,69.00195002863585,57.17768489406322,41.96595532909941,14.696163218286774,43.773336919118805,41.751147779421295,66.25064703470463,49.68743222832525,99.07410615099998
2025-03-09 20:17:45.221000,447.0,477.0,479.0,2608.0,1263.0,402.0,64.97599938874659,69.00195002863585,57.17768489406322,41.96595532909941,14.696163218286774,43.773336919118805,41.751147779421295,66.25064703470463,49.68743222832525,99.07410615099998
2025-03-09 20:17:45.221000,445.0,479.0,490.0,2607.0,1263.0,399.0,64.97599938874659,69.00195002863585,57.17768489406322,41.96595532909941,14.696163218286774,43.773336919118805,41.751147779421295,66.25064703470463,49.68743222832525,99.07410615099998
2025-03-09 20:17:45.229333,446.0,474.0,511.0,2608.0,1259.0,400.0,64.84480438809722,68.82703401857648,57.00718188913843,41.97417328823469,14.647482696085502,43.75293153610322,41.739531617229865,66.13908816297798,49.58681130547251,99.04796435969939
2025-03-09 20:17:45.229333,445.0,471.0,498.0,2606.0,1262.0,398.0,64.84480438809722,68.82703401857648,57.00718188913843,41.97417328823469,14.647482696085502,43.75293153610322,41.739531617229865,66.13908816297798,49.58681130547251,99.04796435969939
2025-03-09 20:17:45.229333,448.0,474.0,511.0,2604.0,1258.0,401.0,64.84480438809722,68.82703401857648,57.00718188913843,41.97417328823469,14.647482696085502,43.75293153610322,41.739531617229865,66.13908816297798,49.58681130547251,99.04796435969939
2025-03-09 20:17:45.237667,446.0,480.0,437.0,2601.0,1258.0,402.0,64.71797208149289,68.67045755725526,56.83595952940269,41.982390961409365,14.60569202532877,43.73645243232839,41.73603400006997,66.03547018582502,49.49241532192937,99.01378044833329
2025-03-09 20:17:45.237667,449.0,480.0,446.0,2607.0,1253.0,400.0,64.71797208149289,68.67045755725526,56.83595952940269,41.982390961409365,14.60569202532877,43.73645243232839,41.73603400006997,66.03547018582502,49.49241532192937,99.01378044833329
2025-03-09 20:17:45.237667,447.0,478.0,545.0,2606.0,1246.0,392.0,64.71797208149289,68.67045755725526,56.83595952940269,41.982390961409365,14.60569202532877,43.73645243232839,41.73603400006997,66.03547018582502,49.49241532192937,99.01378044833329
2025-03-09 20:17:45.237667,444.0,475.0,575.0,2611.0,1253.0,390.0,64.71797208149289,68.67045755725526,56.83595952940269,41.982390961409365,14.60569202532877,43.73645243232839,41.73603400006997,66.03547018582502,49.49241532192937,99.01378044833329
2025-03-09 20:17:45.246000,444.0,478.0,578.0,2610.0,1245.0,393.0,64.59723220005812,68.53149665906663,56.66678623197396,41.99419478330372,14.570752215343758,43.727435469538364,41.738114142448275,65.93877058219392,49.40521526366318,98.97216785346896
2025-03-09 20:17:45.246000,442.0,481.0,545.0,2609.0,1243.0,391.0,64.59723220005812,68.53149665906663,56.66678623197396,41.99419478330372,14.570752215343758,43.727435469538364,41.738114142448275,65.93877058219392,49.40521526366318,98.97216785346896
2025-03-09 20:17:45.246000,446.0,473.0,483.0,2608.0,1238.0,389.0,64.59723220005812,68.53149665906663,56.66678623197396,41.99419478330372,14.570752215343758,43.727435469538364,41.738114142448275,65.93877058219392,49.40521526366318,98.97216785346896
2025-03-09 20:17:45.254333,440.0,470.0,475.0,2607.0,1245.0,387.0,64.4823914133209,68.40991405756951,56.50025189103811,42.01070524426601,14.542629051461066,43.72705098672876,41.74457860988737,65.8481839901889,49.32564726167707,98.92213260129913
2025-03-09 20:17:45.254333,444.0,475.0,481.0,2608.0,1244.0,389.0,64.4823914133209,68.40991405756951,56.50025189103811,42.01070524426601,14.542629051461066,43.72705098672876,41.74457860988737,65.8481839901889,49.32564726167707,98.92213260129913
2025-03-09 20:17:45.254333,445.0,475.0,496.0,2605.0,1246.0,384.0,64.4823914133209,68.40991405756951,56.50025189103811,42.01070524426601,14.542629051461066,43.72705098672876,41.74457860988737,65.8481839901889,49.32564726167707,98.92213260129913
2025-03-09 20:17:45.254333,445.0,475.0,463.0,2595.0,1232.0,371.0,64.4823914133209,68.40991405756951,56.50025189103811,42.01070524426601,14.542629051461066,43.72705098672876,41.74457860988737,65.8481839901889,49.32564726167707,98.92213260129913
2025-03-09 20:17:45.262667,441.0,478.0,478.0,2605.0,1235.0,381.0,64.37265451362315,68.30577103363967,56.336063047135625,42.03004359096312,14.521070673544548,43.73338326976627,41.75588422252143,65.76389977319096,49.25355902176893,98.86251015500277
2025-03-09 20:17:45.262667,445.0,479.0,505.0,2607.0,1236.0,362.0,64.37265451362315,68.30577103363967,56.336063047135625,42.03004359096312,14.521070673544548,43.73338326976627,41.75588422252143,65.76389977319096,49.25355902176893,98.86251015500277
2025-03-09 20:17:45.262667,437.0,469.0,504.0,2607.0,1239.0,388.0,64.37265451362315,68.30577103363967,56.336063047135625,42.03004359096312,14.521070673544548,43.73338326976627,41.75588422252143,65.76389977319096,49.25355902176893,98.86251015500277
2025-03-09 20:17:45.262667,443.0,475.0,483.0,2608.0,1239.0,384.0,64.37265451362315,68.30577103363967,56.336063047135625,42.03004359096312,14.521070673544548,43.73338326976627,41.75588422252143,65.76389977319096,49.25355902176893,98.86251015500277
2025-03-09 20:17:45.271000,437.0,477.0,491.0,2608.0,1239.0,371.0,64.26846645973464,68.22024104537675,56.17426591279229,42.04884804624195,14.506358742523755,43.743107232216445,41.774540763915134,65.68784069550988,49.18866927317467,98.79281431851689
2025-03-09 20:17:45.271000,443.0,474.0,479.0,2607.0,1232.0,378.0,64.26846645973464,68.22024104537675,56.17426591279229,42.04884804624195,14.506358742523755,43.743107232216445,41.774540763915134,65.68784069550988,49.18866927317467,98.79281431851689
2025-03-09 20:17:45.271000,445.0,474.0,501.0,2601.0,1233.0,375.0,64.26846645973464,68.22024104537675,56.17426591279229,42.04884804624195,14.506358742523755,43.743107232216445,41.774540763915134,65.68784069550988,49.18866927317467,98.79281431851689
2025-03-09 20:17:45.279333,438.0,471.0,496.0,2608.0,1235.0,379.0,64.17060113351941,68.15468001910207,56.013787201547856,42.063907170263334,14.498579880508276,43.75300025833642,41.80391075404609,65.622227487705,49.13046900479997,98.71272564487558
2025-03-09 20:17:45.279333,441.0,475.0,474.0,2608.0,1237.0,368.0,64.17060113351941,68.15468001910207,56.013787201547856,42.063907170263334,14.498579880508276,43.75300025833642,41.80391075404609,65.622227487705,49.13046900479997,98.71272564487558
2025-03-09 20:17:45.279333,438.0,475.0,491.0,2603.0,1232.0,374.0,64.17060113351941,68.15468001910207,56.013787201547856,42.063907170263334,14.498579880508276,43.75300025833642,41.80391075404609,65.622227487705,49.13046900479997,98.71272564487558
2025-03-09 20:17:45.279333,435.0,483.0,487.0,2586.0,1235.0,373.0,64.17060113351941,68.15468001910207,56.013787201547856,42.063907170263334,14.498579880508276,43.75300025833642,41.80391075404609,65.622227487705,49.13046900479997,98.71272564487558
2025-03-09 20:17:45.287667,441.0,480.0,459.0,2602.0,1232.0,378.0,64.07856009139252,68.10792547079033,55.85275944639002,42.07242738310177,14.497651816148979,43.75989433131297,41.84676327831592,65.56790184232189,49.07729506381202,98.62229341043759
2025-03-09 20:17:45.287667,441.0,479.0,453.0,2597.0,1214.0,374.0,64.07856009139252,68.10792547079033,55.85275944639002,42.07242738310177,14.497651816148979,43.75989433131297,41.84676327831592,65.56790184232189,49.07729506381202,98.62229341043759
2025-03-09 20:17:45.287667,439.0,474.0,449.0,2599.0,1235.0,379.0,64.07856009139252,68.10792547079033,55.85275944639002,42.07242738310177,14.497651816148979,43.75989433131297,41.84676327831592,65.56790184232189,49.07729506381202,98.62229341043759
2025-03-09 20:17:45.296000,438.0,475.0,493.0,2608.0,1232.0,374.0,63.99071915896068,68.07766680498138,55.68872713746807,42.07286588817352,14.502825131173312,43.7618621923049,41.90381345052605,65.52373132157697,49.027248840593394,98.52077076116217
2025-03-09 20:17:45.296000,437.0,471.0,510.0,2607.0,1232.0,371.0,63.99071915896068,68.07766680498138,55.68872713746807,42.07286588817352,14.502825131173312,43.7618621923049,41.90381345052605,65.52373132157697,49.027248840593394,98.52077076116217
2025-03-09 20:17:45.296000,438.0,474.0,525.0,2608.0,1231.0,384.0,63.99071915896068,68.07766680498138,55.68872713746807,42.07286588817352,14.502825131173312,43.7618621923049,41.90381345052605,65.52373132157697,49.027248840593394,98.52077076116217
2025-03-09 20:17:45.296000,436.0,473.0,511.0,2606.0,1232.0,368.0,63.99071915896068,68.07766680498138,55.68872713746807,42.07286588817352,14.502825131173312,43.7618621923049,41.90381345052605,65.52373132157697,49.027248840593394,98.52077076116217
2025-03-09 20:17:45.304333,435.0,466.0,511.0,2597.0,1229.0,375.0,63.906428181197555,68.064510490966,55.52028154630682,42.06458117286849,14.51331131844369,43.758753221789824,41.973980796907014,65.48793262388394,48.97962838930375,98.40649603063127
2025-03-09 20:17:45.304333,435.0,467.0,471.0,2605.0,1229.0,368.0,63.906428181197555,68.064510490966,55.52028154630682,42.06458117286849,14.51331131844369,43.758753221789824,41.973980796907014,65.48793262388394,48.97962838930375,98.40649603063127
2025-03-09 20:17:45.304333,435.0,471.0,455.0,2599.0,1227.0,368.0,63.906428181197555,68.064510490966,55.52028154630682,42.06458117286849,14.51331131844369,43.758753221789824,41.973980796907014,65.48793262388394,48.97962838930375,98.40649603063127
2025-03-09 20:17:45.312667,434.0,471.0,467.0,2604.0,1229.0,368.0,63.82524030611761,68.06883780280498,55.34724342713191,42.04751386075538,14.528916734786886,43.75112678828006,42.055510643088134,65.45834608037426,48.933790551560456,98.2780602678739
2025-03-09 20:17:45.312667,435.0,475.0,466.0,2607.0,1229.0,375.0,63.82524030611761,68.06883780280498,55.34724342713191,42.04751386075538,14.528916734786886,43.75112678828006,42.055510643088134,65.45834608037426,48.933790551560456,98.2780602678739
2025-03-09 20:17:45.312667,434.0,477.0,464.0,2605.0,1217.0,368.0,63.82524030611761,68.06883780280498,55.34724342713191,42.04751386075538,14.528916734786886,43.75112678828006,42.055510643088134,65.45834608037426,48.933790551560456,98.2780602678739
2025-03-09 20:17:45.312667,436.0,476.0,465.0,2608.0,1232.0,370.0,63.82524030611761,68.06883780280498,55.34724342713191,42.04751386075538,14.528916734786886,43.75112678828006,42.055510643088134,65.45834608037426,48.933790551560456,98.2780602678739
2025-03-09 20:17:45.321000,432.0,479.0,464.0,2559.0,1218.0,367.0,63.74675345260895,68.08934297303084,55.17024763374931,42.02232470917147,14.549548822166988,43.73965932385693,42.1468001494583,65.43340145550793,48.88932122669926,98.13465020836063
2025-03-09 20:17:45.321000,437.0,466.0,490.0,2607.0,1229.0,366.0,63.74675345260895,68.08934297303084,55.17024763374931,42.02232470917147,14.549548822166988,43.73965932385693,42.1468001494583,65.43340145550793,48.88932122669926,98.13465020836063
2025-03-09 20:17:45.321000,437.0,466.0,474.0,2602.0,1221.0,368.0,63.74675345260895,68.08934297303084,55.17024763374931,42.02232470917147,14.549548822166988,43.73965932385693,42.1468001494583,65.43340145550793,48.88932122669926,98.13465020836063
2025-03-09 20:17:45.329333,437.0,467.0,457.0,2559.0,1221.0,358.0,63.671104062933495,68.12455162189372,54.99004380386904,41.98897453303412,14.574808384908629,43.72402125181631,42.24710061225461,65.41258667107076,48.84584072857441,97.97601906224439
2025-03-09 20:17:45.329333,435.0,471.0,478.0,2620.0,1218.0,365.0,63.671104062933495,68.12455162189372,54.99004380386904,41.98897453303412,14.574808384908629,43.72402125181631,42.24710061225461,65.41258667107076,48.84584072857441,97.97601906224439
2025-03-09 20:17:45.329333,432.0,469.0,482.0,2559.0,1213.0,368.0,63.671104062933495,68.12455162189372,54.99004380386904,41.98897453303412,14.574808384908629,43.72402125181631,42.24710061225461,65.41258667107076,48.84584072857441,97.97601906224439
2025-03-09 20:17:45.329333,432.0,471.0,485.0,2603.0,1214.0,366.0,63.671104062933495,68.12455162189372,54.99004380386904,41.98897453303412,14.574808384908629,43.72402125181631,42.24710061225461,65.41258667107076,48.84584072857441,97.97601906224439
2025-03-09 20:17:45.337667,437.0,475.0,486.0,2608.0,1221.0,361.0,63.59763020523087,68.17209563761364,54.80428223395636,41.94694593318294,14.602014226986153,43.70270247689648,42.35619720266175,65.39559239047135,48.80293961245867,97.80212165920499
2025-03-09 20:17:45.337667,436.0,469.0,484.0,2609.0,1219.0,365.0,63.59763020523087,68.17209563761364,54.80428223395636,41.94694593318294,14.602014226986153,43.70270247689648,42.35619720266175,65.39559239047135,48.80293961245867,97.80212165920499
2025-03-09 20:17:45.337667,432.0,473.0,491.0,2599.0,1222.0,362.0,63.59763020523087,68.17209563761364,54.80428223395636,41.94694593318294,14.602014226986153,43.70270247689648,42.35619720266175,65.39559239047135,48.80293961245867,97.80212165920499
2025-03-09 20:17:45.337667,437.0,474.0,491.0,2602.0,1217.0,364.0,63.59763020523087,68.17209563761364,54.80428223395636,41.94694593318294,14.602014226986153,43.70270247689648,42.35619720266175,65.39559239047135,48.80293961245867,97.80212165920499
2025-03-09 20:17:45.346000,436.0,476.0,490.0,2608.0,1214.0,358.0,63.52591419405572,68.22961253845148,54.61203910011995,41.8972000537019,14.630575809959666,43.676066054348254,42.47400247495131,65.38179875911709,48.760081497003355,97.61251907707569
2025-03-09 20:17:45.346000,433.0,469.0,483.0,2607.0,1216.0,323.0,63.52591419405572,68.22961253845148,54.61203910011995,41.8972000537019,14.630575809959666,43.676066054348254,42.47400247495131,65.38179875911709,48.760081497003355,97.61251907707569
2025-03-09 20:17:45.346000,435.0,474.0,476.0,2608.0,1227.0,352.0,63.52591419405572,68.22961253845148,54.61203910011995,41.8972000537019,14.630575809959666,43.676066054348254,42.47400247495131,65.38179875911709,48.760081497003355,97.61251907707569
2025-03-09 20:17:45.354333,437.0,467.0,489.0,2603.0,1216.0,354.0,63.459679713274134,68.29829759328375,54.422618068577876,41.84259609446017,14.664093420643779,43.647261793055975,42.59886894039805,65.3736137655804,48.72000342943613,97.40775799326022
2025-03-09 20:17:45.354333,435.0,478.0,485.0,2609.0,1216.0,354.0,63.459679713274134,68.29829759328375,54.422618068577876,41.84259609446017,14.664093420643779,43.647261793055975,42.59886894039805,65.3736137655804,48.72000342943613,97.40775799326022
2025-03-09 20:17:45.354333,434.0,475.0,482.0,2604.0,1217.0,356.0,63.459679713274134,68.29829759328375,54.422618068577876,41.84259609446017,14.664093420643779,43.647261793055975,42.59886894039805,65.3736137655804,48.72000342943613,97.40775799326022
2025-03-09 20:17:45.354333,436.0,469.0,493.0,2603.0,1222.0,355.0,63.459679713274134,68.29829759328375,54.422618068577876,41.84259609446017,14.664093420643779,43.647261793055975,42.59886894039805,65.3736137655804,48.72000342943613,97.40775799326022
2025-03-09 20:17:45.362667,432.0,474.0,472.0,2670.0,1211.0,341.0,63.4048222211296,68.38158813805025,54.24802934207542,41.78584267755366,14.704073403100756,43.61870414297936,42.7280385491414,65.37655040060518,48.688666447108766,97.19023385336959
2025-03-09 20:17:45.362667,435.0,474.0,482.0,2585.0,1211.0,350.0,63.4048222211296,68.38158813805025,54.24802934207542,41.78584267755366,14.704073403100756,43.61870414297936,42.7280385491414,65.37655040060518,48.688666447108766,97.19023385336959
2025-03-09 20:17:45.362667,434.0,471.0,482.0,2602.0,1209.0,358.0,63.4048222211296,68.38158813805025,54.24802934207542,41.78584267755366,14.704073403100756,43.61870414297936,42.7280385491414,65.37655040060518,48.688666447108766,97.19023385336959
2025-03-09 20:17:45.371000,434.0,469.0,482.0,2613.0,1217.0,355.0,63.36305100936931,68.48065004916805,54.09094444001585,41.728603098278654,14.747726199494531,43.59047741303708,42.860528255759995,65.39526596837507,48.67135347286243,96.96103644092995
2025-03-09 20:17:45.371000,438.0,474.0,487.0,2596.0,1210.0,352.0,63.36305100936931,68.48065004916805,54.09094444001585,41.728603098278654,14.747726199494531,43.59047741303708,42.860528255759995,65.39526596837507,48.67135347286243,96.96103644092995
2025-03-09 20:17:45.371000,437.0,474.0,496.0,2607.0,1216.0,353.0,63.36305100936931,68.48065004916805,54.09094444001585,41.728603098278654,14.747726199494531,43.59047741303708,42.860528255759995,65.39526596837507,48.67135347286243,96.96103644092995
2025-03-09 20:17:45.371000,439.0,468.0,486.0,2589.0,1203.0,354.0,63.36305100936931,68.48065004916805,54.09094444001585,41.728603098278654,14.747726199494531,43.59047741303708,42.860528255759995,65.39526596837507,48.67135347286243,96.96103644092995
2025-03-09 20:17:45.379333,436.0,473.0,496.0,2603.0,1202.0,351.0,63.33296967641228,68.59541383417212,53.94849611767512,41.67108886882834,14.791595354942148,43.561031114853925,42.99742698203785,65.43322850274383,48.67170845190688,96.71959738451787
2025-03-09 20:17:45.379333,439.0,478.0,477.0,2559.0,1199.0,350.0,63.33296967641228,68.59541383417212,53.94849611767512,41.67108886882834,14.791595354942148,43.561031114853925,42.99742698203785,65.43322850274383,48.67170845190688,96.71959738451787
2025-03-09 20:17:45.379333,436.0,477.0,480.0,2601.0,1216.0,348.0,63.33296967641228,68.59541383417212,53.94849611767512,41.67108886882834,14.791595354942148,43.561031114853925,42.99742698203785,65.43322850274383,48.67170845190688,96.71959738451787
2025-03-09 20:17:45.387667,443.0,473.0,485.0,2597.0,1203.0,342.0,63.313855082786255,68.725851499766,53.818766830711624,41.612831946900805,14.834332455736364,43.529192021300716,43.13995567213668,65.49197107177274,48.69068597113854,96.46616767592452
2025-03-09 20:17:45.387667,441.0,465.0,486.0,2597.0,1201.0,351.0,63.313855082786255,68.725851499766,53.818766830711624,41.612831946900805,14.834332455736364,43.529192021300716,43.13995567213668,65.49197107177274,48.69068597113854,96.46616767592452
2025-03-09 20:17:45.387667,435.0,475.0,482.0,2592.0,1211.0,345.0,63.313855082786255,68.725851499766,53.818766830711624,41.612831946900805,14.834332455736364,43.529192021300716,43.13995567213668,65.49197107177274,48.69068597113854,96.46616767592452
2025-03-09 20:17:45.387667,438.0,477.0,483.0,2594.0,1202.0,347.0,63.313855082786255,68.725851499766,53.818766830711624,41.612831946900805,14.834332455736364,43.529192021300716,43.13995567213668,65.49197107177274,48.69068597113854,96.46616767592452
2025-03-09 20:17:45.396000,437.0,476.0,482.0,2591.0,1200.0,343.0,63.30613549766442,68.87179887972444,53.70140780634264,41.55426026884157,14.875951785346443,43.49537338982365,43.28849366634882,65.57146705995036,48.72780898035636,96.20185063399342
2025-03-09 20:17:45.396000,440.0,479.0,485.0,2592.0,1205.0,339.0,63.30613549766442,68.87179887972444,53.70140780634264,41.55426026884157,14.875951785346443,43.49537338982365,43.28849366634882,65.57146705995036,48.72780898035636,96.20185063399342
2025-03-09 20:17:45.396000,445.0,473.0,480.0,2592.0,1202.0,343.0,63.30613549766442,68.87179887972444,53.70140780634264,41.55426026884157,14.875951785346443,43.49537338982365,43.28849366634882,65.57146705995036,48.72780898035636,96.20185063399342
2025-03-09 20:17:45.404333,443.0,471.0,499.0,2597.0,1200.0,346.0,63.31064232154596,69.03277474379779,53.59651085948508,41.496718488450725,14.916709140060808,43.460964449378444,43.44300557354017,65.67125893344605,48.78244597748363,95.92823581668779
2025-03-09 20:17:45.404333,446.0,474.0,478.0,2582.0,1200.0,336.0,63.31064232154596,69.03277474379779,53.59651085948508,41.496718488450725,14.916709140060808,43.460964449378444,43.44300557354017,65.67125893344605,48.78244597748363,95.92823581668779
2025-03-09 20:17:45.404333,447.0,469.0,475.0,2595.0,1200.0,358.0,63.31064232154596,69.03277474379779,53.59651085948508,41.496718488450725,14.916709140060808,43.460964449378444,43.44300557354017,65.67125893344605,48.78244597748363,95.92823581668779
2025-03-09 20:17:45.404333,446.0,470.0,482.0,2594.0,1200.0,343.0,63.31064232154596,69.03277474379779,53.59651085948508,41.496718488450725,14.916709140060808,43.460964449378444,43.44300557354017,65.67125893344605,48.78244597748363,95.92823581668779
2025-03-09 20:17:45.412667,447.0,475.0,481.0,2608.0,1200.0,339.0,63.32823124180267,69.20830739703285,53.50391532864057,41.44276600753783,14.956035650401885,43.428152752593135,43.60311101268647,65.79146917223565,48.855318531164556,95.64788169549692
2025-03-09 20:17:45.412667,446.0,474.0,481.0,2589.0,1200.0,340.0,63.32823124180267,69.20830739703285,53.50391532864057,41.44276600753783,14.956035650401885,43.428152752593135,43.60311101268647,65.79146917223565,48.855318531164556,95.64788169549692
2025-03-09 20:17:45.412667,454.0,478.0,479.0,2593.0,1197.0,340.0,63.32823124180267,69.20830739703285,53.50391532864057,41.44276600753783,14.956035650401885,43.428152752593135,43.60311101268647,65.79146917223565,48.855318531164556,95.64788169549692
2025-03-09 20:17:45.412667,450.0,479.0,494.0,2559.0,1195.0,337.0,63.32823124180267,69.20830739703285,53.50391532864057,41.44276600753783,14.956035650401885,43.428152752593135,43.60311101268647,65.79146917223565,48.855318531164556,95.64788169549692
2025-03-09 20:17:45.421000,448.0,471.0,484.0,2587.0,1197.0,336.0,63.35978456121398,69.39876733893037,53.4248581727902,41.39212470045058,14.99423576082925,43.39694637247777,43.768271722985936,65.9318667757812,48.945791971496156,95.36448860247685
2025-03-09 20:17:45.421000,452.0,473.0,486.0,2593.0,1197.0,339.0,63.35978456121398,69.39876733893037,53.4248581727902,41.39212470045058,14.99423576082925,43.39694637247777,43.768271722985936,65.9318667757812,48.945791971496156,95.36448860247685
2025-03-09 20:17:45.421000,449.0,476.0,476.0,2590.0,1194.0,336.0,63.35978456121398,69.39876733893037,53.4248581727902,41.39212470045058,14.99423576082925,43.39694637247777,43.768271722985936,65.9318667757812,48.945791971496156,95.36448860247685
2025-03-09 20:17:45.429333,449.0,474.0,485.0,2593.0,1190.0,338.0,63.406704456279314,69.6049545963919,53.36229197831287,41.3413186310784,15.03365929697141,43.365150553421685,43.93857145143762,66.0915013529634,49.050342378249184,95.08337582715849
2025-03-09 20:17:45.429333,450.0,476.0,474.0,2606.0,1188.0,336.0,63.406704456279314,69.6049545963919,53.36229197831287,41.3413186310784,15.03365929697141,43.365150553421685,43.93857145143762,66.0915013529634,49.050342378249184,95.08337582715849
2025-03-09 20:17:45.429333,451.0,471.0,482.0,2585.0,1194.0,336.0,63.406704456279314,69.6049545963919,53.36229197831287,41.3413186310784,15.03365929697141,43.365150553421685,43.93857145143762,66.0915013529634,49.050342378249184,95.08337582715849
2025-03-09 20:17:45.429333,457.0,482.0,455.0,2588.0,1183.0,331.0,63.406704456279314,69.6049545963919,53.36229197831287,41.3413186310784,15.03365929697141,43.365150553421685,43.93857145143762,66.0915013529634,49.050342378249184,95.08337582715849
2025-03-09 20:17:45.437667,461.0,481.0,431.0,2559.0,1187.0,336.0,63.47024713443295,69.82765109807114,53.31719448020806,41.28735832504451,15.07587878679344,43.33044184784551,44.115849721059405,66.27101179917243,49.166430951090646,94.81152139470889
2025-03-09 20:17:45.437667,461.0,480.0,466.0,2582.0,1184.0,333.0,63.47024713443295,69.82765109807114,53.31719448020806,41.28735832504451,15.07587878679344,43.33044184784551,44.115849721059405,66.27101179917243,49.166430951090646,94.81152139470889
2025-03-09 20:17:45.437667,464.0,487.0,477.0,2588.0,1184.0,334.0,63.47024713443295,69.82765109807114,53.31719448020806,41.28735832504451,15.07587878679344,43.33044184784551,44.115849721059405,66.27101179917243,49.166430951090646,94.81152139470889
2025-03-09 20:17:45.446000,464.0,483.0,475.0,2587.0,1171.0,347.0,63.551198097113435,70.06731870314445,53.28580765077204,41.22702864471384,15.121736909786046,43.28997185637116,44.30506259999487,66.47143946992051,49.290653621976,94.55643728258313
2025-03-09 20:17:45.446000,464.0,474.0,467.0,2583.0,1187.0,332.0,63.551198097113435,70.06731870314445,53.28580765077204,41.22702864471384,15.121736909786046,43.28997185637116,44.30506259999487,66.47143946992051,49.290653621976,94.55643728258313
2025-03-09 20:17:45.446000,464.0,479.0,469.0,2583.0,1182.0,336.0,63.551198097113435,70.06731870314445,53.28580765077204,41.22702864471384,15.121736909786046,43.28997185637116,44.30506259999487,66.47143946992051,49.290653621976,94.55643728258313
2025-03-09 20:17:45.446000,474.0,486.0,463.0,2559.0,1183.0,330.0,63.551198097113435,70.06731870314445,53.28580765077204,41.22702864471384,15.121736909786046,43.28997185637116,44.30506259999487,66.47143946992051,49.290653621976,94.55643728258313
2025-03-09 20:17:45.454333,473.0,478.0,464.0,2559.0,1180.0,330.0,63.65116154204218,70.32434519644363,53.26423582987954,41.16160544511985,15.169800633161715,43.24424997775001,44.509731170441725,66.69513712058274,49.423448341465146,94.32676063710963
2025-03-09 20:17:45.454333,476.0,478.0,461.0,2587.0,1177.0,329.0,63.65116154204218,70.32434519644363,53.26423582987954,41.16160544511985,15.169800633161715,43.24424997775001,44.509731170441725,66.69513712058274,49.423448341465146,94.32676063710963
2025-03-09 20:17:45.454333,471.0,479.0,464.0,2585.0,1177.0,327.0,63.65116154204218,70.32434519644363,53.26423582987954,41.16160544511985,15.169800633161715,43.24424997775001,44.509731170441725,66.69513712058274,49.423448341465146,94.32676063710963
2025-03-09 20:17:45.462667,476.0,481.0,467.0,2583.0,1178.0,330.0,63.77110873228954,70.5990538559527,53.25193281501722,41.098687455278764,15.21580206410037,43.198612043528456,44.72777378386902,66.94546023779552,49.57241457996753,94.12800639655396
2025-03-09 20:17:45.462667,476.0,485.0,464.0,2559.0,1174.0,334.0,63.77110873228954,70.5990538559527,53.25193281501722,41.098687455278764,15.21580206410037,43.198612043528456,44.72777378386902,66.94546023779552,49.57241457996753,94.12800639655396
2025-03-09 20:17:45.462667,478.0,483.0,460.0,2559.0,1175.0,327.0,63.77110873228954,70.5990538559527,53.25193281501722,41.098687455278764,15.21580206410037,43.198612043528456,44.72777378386902,66.94546023779552,49.57241457996753,94.12800639655396
2025-03-09 20:17:45.462667,479.0,480.0,464.0,2585.0,1179.0,327.0,63.77110873228954,70.5990538559527,53.25193281501722,41.098687455278764,15.21580206410037,43.198612043528456,44.72777378386902,66.94546023779552,49.57241457996753,94.12800639655396
2025-03-09 20:17:45.471000,490.0,489.0,455.0,2559.0,1180.0,324.0,63.90990833539525,70.89219099969635,53.25133669329333,41.04246560714482,15.257880457101876,43.156545374174705,44.954300694070426,67.22240275959194,49.742819605489494,93.95871206648054
2025-03-09 20:17:45.471000,485.0,487.0,457.0,2582.0,1181.0,324.0,63.90990833539525,70.89219099969635,53.25133669329333,41.04246560714482,15.257880457101876,43.156545374174705,44.954300694070426,67.22240275959194,49.742819605489494,93.95871206648054
2025-03-09 20:17:45.471000,489.0,491.0,454.0,2559.0,1180.0,322.0,63.90990833539525,70.89219099969635,53.25133669329333,41.04246560714482,15.257880457101876,43.156545374174705,44.954300694070426,67.22240275959194,49.742819605489494,93.95871206648054
2025-03-09 20:17:45.479333,493.0,482.0,454.0,2581.0,1182.0,323.0,64.06526372304808,71.20510954558375,53.26460497852812,40.99203963271719,15.296428718216895,43.117914847866956,45.185547448317536,67.52395592424425,49.93585828900358,93.81680601019119
2025-03-09 20:17:45.479333,494.0,485.0,453.0,2559.0,1181.0,321.0,64.06526372304808,71.20510954558375,53.26460497852812,40.99203963271719,15.296428718216895,43.117914847866956,45.185547448317536,67.52395592424425,49.93585828900358,93.81680601019119
2025-03-09 20:17:45.479333,491.0,484.0,443.0,2559.0,1181.0,322.0,64.06526372304808,71.20510954558375,53.26460497852812,40.99203963271719,15.296428718216895,43.117914847866956,45.185547448317536,67.52395592424425,49.93585828900358,93.81680601019119
2025-03-09 20:17:45.479333,492.0,486.0,457.0,2559.0,1185.0,327.0,64.06526372304808,71.20510954558375,53.26460497852812,40.99203963271719,15.296428718216895,43.117914847866956,45.185547448317536,67.52395592424425,49.93585828900358,93.81680601019119
2025-03-09 20:17:45.487667,502.0,491.0,436.0,2559.0,1187.0,321.0,64.23625856793213,71.53797383123165,53.29119337737719,40.94535595848532,15.33262203891524,43.081928708820094,45.42051334955656,67.84689026463268,50.148487962310455,93.70535259684603
2025-03-09 20:17:45.487667,503.0,486.0,437.0,2559.0,1185.0,321.0,64.23625856793213,71.53797383123165,53.29119337737719,40.94535595848532,15.33262203891524,43.081928708820094,45.42051334955656,67.84689026463268,50.148487962310455,93.70535259684603
2025-03-09 20:17:45.487667,499.0,485.0,444.0,2559.0,1188.0,322.0,64.23625856793213,71.53797383123165,53.29119337737719,40.94535595848532,15.33262203891524,43.081928708820094,45.42051334955656,67.84689026463268,50.148487962310455,93.70535259684603
2025-03-09 20:17:45.487667,508.0,487.0,441.0,2559.0,1192.0,322.0,64.23625856793213,71.53797383123165,53.29119337737719,40.94535595848532,15.33262203891524,43.081928708820094,45.42051334955656,67.84689026463268,50.148487962310455,93.70535259684603
2025-03-09 20:17:45.496000,508.0,485.0,442.0,2559.0,1187.0,322.0,64.42604616904671,71.88805807578187,53.32832108785999,40.90285064586217,15.368644836345542,43.0501076408549,45.66206806759084,68.18781623750876,50.373222069577835,93.6304469334203
2025-03-09 20:17:45.496000,505.0,491.0,447.0,2559.0,1188.0,320.0,64.42604616904671,71.88805807578187,53.32832108785999,40.90285064586217,15.368644836345542,43.0501076408549,45.66206806759084,68.18781623750876,50.373222069577835,93.6304469334203
2025-03-09 20:17:45.496000,502.0,495.0,434.0,2559.0,1196.0,320.0,64.42604616904671,71.88805807578187,53.32832108785999,40.90285064586217,15.368644836345542,43.0501076408549,45.66206806759084,68.18781623750876,50.373222069577835,93.6304469334203
2025-03-09 20:17:45.496000,507.0,490.0,434.0,2559.0,1191.0,311.0,64.42604616904671,71.88805807578187,53.32832108785999,40.90285064586217,15.368644836345542,43.0501076408549,45.66206806759084,68.18781623750876,50.373222069577835,93.6304469334203
2025-03-09 20:17:45.504333,511.0,487.0,427.0,2559.0,1193.0,315.0,64.63663401418276,72.25075662463964,53.37227580365166,40.867255329393316,15.406532214212925,43.02602073531124,45.91190464218829,68.54166721058398,50.602588644889025,93.59180044148943
2025-03-09 20:17:45.504333,511.0,494.0,436.0,2559.0,1198.0,316.0,64.63663401418276,72.25075662463964,53.37227580365166,40.867255329393316,15.406532214212925,43.02602073531124,45.91190464218829,68.54166721058398,50.602588644889025,93.59180044148943
2025-03-09 20:17:45.504333,511.0,492.0,437.0,2559.0,1199.0,319.0,64.63663401418276,72.25075662463964,53.37227580365166,40.867255329393316,15.406532214212925,43.02602073531124,45.91190464218829,68.54166721058398,50.602588644889025,93.59180044148943
2025-03-09 20:17:45.512667,511.0,491.0,437.0,2559.0,1200.0,317.0,64.86549312643997,72.62321123508471,53.41864651684659,40.837442001793974,15.44523221933645,43.00936163615455,46.16768359197636,68.90209590948359,50.83181824132859,93.58263983949735
2025-03-09 20:17:45.512667,524.0,492.0,435.0,2559.0,1196.0,318.0,64.86549312643997,72.62321123508471,53.41864651684659,40.837442001793974,15.44523221933645,43.00936163615455,46.16768359197636,68.90209590948359,50.83181824132859,93.58263983949735
2025-03-09 20:17:45.512667,524.0,494.0,429.0,2559.0,1201.0,309.0,64.86549312643997,72.62321123508471,53.41864651684659,40.837442001793974,15.44523221933645,43.00936163615455,46.16768359197636,68.90209590948359,50.83181824132859,93.58263983949735
2025-03-09 20:17:45.521000,525.0,491.0,431.0,2559.0,1199.0,322.0,65.11014078861444,73.00479636840218,53.4633105132244,40.80953847687634,15.48212403026437,42.996344293855785,46.42858900658574,69.26668137840619,51.058790113458414,93.598527117162
2025-03-09 20:17:45.521000,526.0,485.0,432.0,2559.0,1200.0,317.0,65.11014078861444,73.00479636840218,53.4633105132244,40.80953847687634,15.48212403026437,42.996344293855785,46.42858900658574,69.26668137840619,51.058790113458414,93.598527117162
2025-03-09 20:17:45.521000,528.0,485.0,427.0,2559.0,1207.0,315.0,65.11014078861444,73.00479636840218,53.4633105132244,40.80953847687634,15.48212403026437,42.996344293855785,46.42858900658574,69.26668137840619,51.058790113458414,93.598527117162
2025-03-09 20:17:45.521000,528.0,491.0,432.0,2559.0,1211.0,314.0,65.11014078861444,73.00479636840218,53.4633105132244,40.80953847687634,15.48212403026437,42.996344293855785,46.42858900658574,69.26668137840619,51.058790113458414,93.598527117162
2025-03-09 20:17:45.521000,530.0,492.0,418.0,2559.0,1212.0,314.0,65.11014078861444,73.00479636840218,53.4633105132244,40.80953847687634,15.48212403026437,42.996344293855785,46.42858900658574,69.26668137840619,51.058790113458414,93.598527117162
2025-03-09 20:17:45.529333,533.0,491.0,443.0,2559.0,1216.0,318.0,65.36801918300301,73.39354293616209,53.503940320067514,40.78150177586849,15.516466639992755,42.98465159310529,46.694683210798765,69.63404106361584,51.28190560808077,93.63589476532809
2025-03-09 20:17:45.529333,529.0,496.0,442.0,2559.0,1217.0,314.0,65.36801918300301,73.39354293616209,53.503940320067514,40.78150177586849,15.516466639992755,42.98465159310529,46.694683210798765,69.63404106361584,51.28190560808077,93.63589476532809
2025-03-09 20:17:45.537667,539.0,486.0,427.0,2559.0,1218.0,311.0,65.63508021537902,73.78506512751187,53.53959953309168,40.75360812109191,15.548966562751467,42.97404033401717,46.96494344304263,70.00167692774292,51.49970552695618,93.68974491275792
2025-03-09 20:17:45.537667,533.0,493.0,410.0,2559.0,1217.0,315.0,65.63508021537902,73.78506512751187,53.53959953309168,40.75360812109191,15.548966562751467,42.97404033401717,46.96494344304263,70.00167692774292,51.49970552695618,93.68974491275792
2025-03-09 20:17:45.537667,548.0,491.0,431.0,2559.0,1232.0,310.0,65.63508021537902,73.78506512751187,53.53959953309168,40.75360812109191,15.548966562751467,42.97404033401717,46.96494344304263,70.00167692774292,51.49970552695618,93.68974491275792
2025-03-09 20:17:45.537667,548.0,494.0,431.0,2559.0,1235.0,310.0,65.63508021537902,73.78506512751187,53.53959953309168,40.75360812109191,15.548966562751467,42.97404033401717,46.96494344304263,70.00167692774292,51.49970552695618,93.68974491275792
2025-03-09 20:17:45.546000,548.0,494.0,450.0,2559.0,1233.0,309.0,65.90526721396381,74.17391972793965,53.56866239414988,40.72576565444276,15.580122038156228,42.963456690049725,47.23843500891721,70.3671255322423,51.71127077878794,93.75383743162179
2025-03-09 20:17:45.546000,548.0,493.0,427.0,2559.0,1236.0,310.0,65.90526721396381,74.17391972793965,53.56866239414988,40.72576565444276,15.580122038156228,42.963456690049725,47.23843500891721,70.3671255322423,51.71127077878794,93.75383743162179
2025-03-09 20:17:45.546000,554.0,490.0,443.0,2559.0,1235.0,310.0,65.90526721396381,74.17391972793965,53.56866239414988,40.72576565444276,15.580122038156228,42.963456690049725,47.23843500891721,70.3671255322423,51.71127077878794,93.75383743162179
2025-03-09 20:17:45.546000,557.0,497.0,431.0,2559.0,1237.0,315.0,65.90526721396381,74.17391972793965,53.56866239414988,40.72576565444276,15.580122038156228,42.963456690049725,47.23843500891721,70.3671255322423,51.71127077878794,93.75383743162179
2025-03-09 20:17:45.554333,553.0,495.0,416.0,2559.0,1234.0,304.0,66.1729403774466,74.55595679966,53.590060357828506,40.69622627921079,15.609598786366405,42.95065453131461,47.51295101551378,70.72726707965064,51.91533635363776,93.82164180857724
2025-03-09 20:17:45.554333,556.0,491.0,425.0,2559.0,1235.0,308.0,66.1729403774466,74.55595679966,53.590060357828506,40.69622627921079,15.609598786366405,42.95065453131461,47.51295101551378,70.72726707965064,51.91533635363776,93.82164180857724
2025-03-09 20:17:45.554333,564.0,495.0,384.0,2559.0,1251.0,315.0,66.1729403774466,74.55595679966,53.590060357828506,40.69622627921079,15.609598786366405,42.95065453131461,47.51295101551378,70.72726707965064,51.91533635363776,93.82164180857724
2025-03-09 20:17:45.554333,562.0,496.0,385.0,2559.0,1249.0,307.0,66.1729403774466,74.55595679966,53.590060357828506,40.69622627921079,15.609598786366405,42.95065453131461,47.51295101551378,70.72726707965064,51.91533635363776,93.82164180857724
2025-03-09 20:17:45.562667,567.0,497.0,376.0,2559.0,1253.0,310.0,66.43564697923844,74.92903151086715,53.6044329384082,40.66405311235992,15.6371165240533,42.93451777835499,47.78643644349853,71.08026913928127,52.11112669612407,93.8886001422757
2025-03-09 20:17:45.562667,570.0,495.0,372.0,2559.0,1254.0,307.0,66.43564697923844,74.92903151086715,53.6044329384082,40.66405311235992,15.6371165240533,42.93451777835499,47.78643644349853,71.08026913928127,52.11112669612407,93.8886001422757
2025-03-09 20:17:45.562667,563.0,496.0,396.0,2559.0,1256.0,304.0,66.43564697923844,74.92903151086715,53.6044329384082,40.66405311235992,15.6371165240533,42.93451777835499,47.78643644349853,71.08026913928127,52.11112669612407,93.8886001422757
2025-03-09 20:17:45.571000,565.0,496.0,402.0,2559.0,1254.0,307.0,66.69116656455049,75.291500393977,53.61436201197195,40.629371698053255,15.663134555274722,42.915145431335006,48.055890359868634,71.42450701249825,52.298952155353646,93.9504020588857
2025-03-09 20:17:45.571000,567.0,496.0,419.0,2559.0,1253.0,305.0,66.69116656455049,75.291500393977,53.61436201197195,40.629371698053255,15.663134555274722,42.915145431335006,48.055890359868634,71.42450701249825,52.298952155353646,93.9504020588857
2025-03-09 20:17:45.571000,576.0,491.0,408.0,2559.0,1267.0,310.0,66.69116656455049,75.291500393977,53.61436201197195,40.629371698053255,15.663134555274722,42.915145431335006,48.055890359868634,71.42450701249825,52.298952155353646,93.9504020588857
2025-03-09 20:17:45.571000,576.0,496.0,416.0,2559.0,1267.0,307.0,66.69116656455049,75.291500393977,53.61436201197195,40.629371698053255,15.663134555274722,42.915145431335006,48.055890359868634,71.42450701249825,52.298952155353646,93.9504020588857
2025-03-09 20:17:45.579333,577.0,506.0,418.0,2559.0,1269.0,309.0,66.93653890401023,75.64172898218851,53.622591354711325,40.59171253017926,15.689321529552686,42.89273627356062,48.31798159796643,71.75683332765794,52.47798125841133,94.00146243065744
2025-03-09 20:17:45.579333,578.0,499.0,410.0,2559.0,1269.0,306.0,66.93653890401023,75.64172898218851,53.622591354711325,40.59171253017926,15.689321529552686,42.89273627356062,48.31798159796643,71.75683332765794,52.47798125841133,94.00146243065744
2025-03-09 20:17:45.579333,579.0,505.0,407.0,2559.0,1265.0,309.0,66.93653890401023,75.64172898218851,53.622591354711325,40.59171253017926,15.689321529552686,42.89273627356062,48.31798159796643,71.75683332765794,52.47798125841133,94.00146243065744
2025-03-09 20:17:45.579333,578.0,498.0,402.0,2559.0,1276.0,304.0,66.93653890401023,75.64172898218851,53.622591354711325,40.59171253017926,15.689321529552686,42.89273627356062,48.31798159796643,71.75683332765794,52.47798125841133,94.00146243065744
2025-03-09 20:17:45.587667,579.0,496.0,413.0,2559.0,1275.0,304.0,67.17000344931392,75.97812961082057,53.6297416289202,40.55043459059424,15.718001537336322,42.86761375489492,48.57190138200461,72.0741159366866,52.64554075901247,94.03630879188782
2025-03-09 20:17:45.587667,580.0,497.0,421.0,2559.0,1278.0,305.0,67.17000344931392,75.97812961082057,53.6297416289202,40.55043459059424,15.718001537336322,42.86761375489492,48.57190138200461,72.0741159366866,52.64554075901247,94.03630879188782
2025-03-09 20:17:45.587667,592.0,501.0,408.0,2559.0,1285.0,304.0,67.17000344931392,75.97812961082057,53.6297416289202,40.55043459059424,15.718001537336322,42.86761375489492,48.57190138200461,72.0741159366866,52.64554075901247,94.03630879188782
2025-03-09 20:17:45.596000,592.0,497.0,384.0,2559.0,1285.0,307.0,67.39004715766683,76.29930814397386,53.63419847202812,40.50604621712563,15.749903296079506,42.84043659268779,48.818070013156984,72.37476032174712,52.800600868412744,94.05066990544937
2025-03-09 20:17:45.596000,592.0,497.0,379.0,2557.0,1286.0,306.0,67.39004715766683,76.29930814397386,53.63419847202812,40.50604621712563,15.749903296079506,42.84043659268779,48.818070013156984,72.37476032174712,52.800600868412744,94.05066990544937
2025-03-09 20:17:45.596000,593.0,498.0,392.0,2559.0,1287.0,304.0,67.39004715766683,76.29930814397386,53.63419847202812,40.50604621712563,15.749903296079506,42.84043659268779,48.818070013156984,72.37476032174712,52.800600868412744,94.05066990544937
2025-03-09 20:17:45.604333,597.0,498.0,379.0,2559.0,1291.0,305.0,67.5949301436424,76.60480720866298,53.63730038183187,40.460215258288045,15.783880861006336,42.812202693494015,49.053887244232435,72.65885419947007,52.946207019503724,94.04162702634952
2025-03-09 20:17:45.604333,594.0,499.0,370.0,2559.0,1294.0,301.0,67.5949301436424,76.60480720866298,53.63730038183187,40.460215258288045,15.783880861006336,42.812202693494015,49.053887244232435,72.65885419947007,52.946207019503724,94.04162702634952
2025-03-09 20:17:45.604333,593.0,496.0,376.0,2559.0,1287.0,305.0,67.5949301436424,76.60480720866298,53.63730038183187,40.460215258288045,15.783880861006336,42.812202693494015,49.053887244232435,72.65885419947007,52.946207019503724,94.04162702634952
2025-03-09 20:17:45.604333,613.0,496.0,377.0,2559.0,1307.0,304.0,67.5949301436424,76.60480720866298,53.63730038183187,40.460215258288045,15.783880861006336,42.812202693494015,49.053887244232435,72.65885419947007,52.946207019503724,94.04162702634952
2025-03-09 20:17:45.612667,610.0,502.0,365.0,2559.0,1307.0,306.0,67.78278457430932,76.8932382642411,53.638413269423815,40.413856018066475,15.818773273418804,42.78321093952335,49.27799471683245,72.92571547579603,53.083511483407804,94.00595740257432
2025-03-09 20:17:45.612667,611.0,497.0,368.0,2559.0,1309.0,303.0,67.78278457430932,76.8932382642411,53.638413269423815,40.413856018066475,15.818773273418804,42.78321093952335,49.27799471683245,72.92571547579603,53.083511483407804,94.00595740257432
2025-03-09 20:17:45.612667,614.0,507.0,327.0,2559.0,1307.0,304.0,67.78278457430932,76.8932382642411,53.638413269423815,40.413856018066475,15.818773273418804,42.78321093952335,49.27799471683245,72.92571547579603,53.083511483407804,94.00595740257432
2025-03-09 20:17:45.612667,619.0,505.0,357.0,2557.0,1312.0,304.0,67.78278457430932,76.8932382642411,53.638413269423815,40.413856018066475,15.818773273418804,42.78321093952335,49.27799471683245,72.92571547579603,53.083511483407804,94.00595740257432
2025-03-09 20:17:45.621000,614.0,507.0,348.0,2559.0,1311.0,304.0,67.95085348379997,77.16083207240546,53.632870210703786,40.366898933190534,15.853429014459781,42.7527325925132,49.49128477626851,73.17294591534416,53.21022307808266,93.93865600449071
2025-03-09 20:17:45.621000,619.0,497.0,353.0,2559.0,1310.0,304.0,67.95085348379997,77.16083207240546,53.632870210703786,40.366898933190534,15.853429014459781,42.7527325925132,49.49128477626851,73.17294591534416,53.21022307808266,93.93865600449071
2025-03-09 20:17:45.621000,621.0,499.0,341.0,2559.0,1309.0,306.0,67.95085348379997,77.16083207240546,53.632870210703786,40.366898933190534,15.853429014459781,42.7527325925132,49.49128477626851,73.17294591534416,53.21022307808266,93.93865600449071
2025-03-09 20:17:45.621000,624.0,509.0,331.0,2559.0,1322.0,304.0,67.95085348379997,77.16083207240546,53.632870210703786,40.366898933190534,15.853429014459781,42.7527325925132,49.49128477626851,73.17294591534416,53.21022307808266,93.93865600449071
2025-03-09 20:17:45.629333,627.0,501.0,329.0,2556.0,1323.0,306.0,68.09699445479087,77.40448913195952,53.618655879406994,40.31897799080913,15.887306643191767,42.71994769136247,49.693723479478635,73.39869828280001,53.324533002186975,93.83558714373359
2025-03-09 20:17:45.629333,630.0,501.0,320.0,2557.0,1326.0,307.0,68.09699445479087,77.40448913195952,53.618655879406994,40.31897799080913,15.887306643191767,42.71994769136247,49.693723479478635,73.39869828280001,53.324533002186975,93.83558714373359
2025-03-09 20:17:45.629333,626.0,496.0,326.0,2559.0,1328.0,303.0,68.09699445479087,77.40448913195952,53.618655879406994,40.31897799080913,15.887306643191767,42.71994769136247,49.693723479478635,73.39869828280001,53.324533002186975,93.83558714373359
2025-03-09 20:17:45.637667,627.0,502.0,335.0,2559.0,1327.0,304.0,68.22120030782823,77.62472735680619,53.59603410819531,40.26964453473531,15.919716690523826,42.68449055555776,49.884401853801364,73.60263063935535,53.42675631247411,93.69430200470319
2025-03-09 20:17:45.637667,631.0,501.0,336.0,2559.0,1327.0,304.0,68.22120030782823,77.62472735680619,53.59603410819531,40.26964453473531,15.919716690523826,42.68449055555776,49.884401853801364,73.60263063935535,53.42675631247411,93.69430200470319
2025-03-09 20:17:45.637667,630.0,511.0,334.0,2558.0,1328.0,302.0,68.22120030782823,77.62472735680619,53.59603410819531,40.26964453473531,15.919716690523826,42.68449055555776,49.884401853801364,73.60263063935535,53.42675631247411,93.69430200470319
2025-03-09 20:17:45.637667,640.0,509.0,328.0,2555.0,1344.0,303.0,68.22120030782823,77.62472735680619,53.59603410819531,40.26964453473531,15.919716690523826,42.68449055555776,49.884401853801364,73.60263063935535,53.42675631247411,93.69430200470319
2025-03-09 20:17:45.646000,639.0,511.0,331.0,2551.0,1342.0,304.0,68.32482236134568,77.82351555636237,53.56455098279039,40.21753084898599,15.949525508517546,42.645621140950965,50.06253783349056,73.78396424771083,53.51633045543957,93.51237762729961
2025-03-09 20:17:45.646000,641.0,511.0,337.0,2557.0,1339.0,301.0,68.32482236134568,77.82351555636237,53.56455098279039,40.21753084898599,15.949525508517546,42.645621140950965,50.06253783349056,73.78396424771083,53.51633045543957,93.51237762729961
2025-03-09 20:17:45.646000,642.0,500.0,338.0,2559.0,1344.0,299.0,68.32482236134568,77.82351555636237,53.56455098279039,40.21753084898599,15.949525508517546,42.645621140950965,50.06253783349056,73.78396424771083,53.51633045543957,93.51237762729961
2025-03-09 20:17:45.654333,640.0,510.0,351.0,2559.0,1344.0,302.0,68.41019554184756,78.00188336948322,53.523739279137324,40.16307179555357,15.975596753697113,42.60377855517429,50.22832240698809,73.94317969209783,53.59312974682324,93.28928172653687
2025-03-09 20:17:45.654333,643.0,511.0,374.0,2549.0,1367.0,303.0,68.41019554184756,78.00188336948322,53.523739279137324,40.16307179555357,15.975596753697113,42.60377855517429,50.22832240698809,73.94317969209783,53.59312974682324,93.28928172653687
2025-03-09 20:17:45.654333,642.0,502.0,379.0,2555.0,1341.0,304.0,68.41019554184756,78.00188336948322,53.523739279137324,40.16307179555357,15.975596753697113,42.60377855517429,50.22832240698809,73.94317969209783,53.59312974682324,93.28928172653687
2025-03-09 20:17:45.654333,643.0,511.0,384.0,2585.0,1351.0,301.0,68.41019554184756,78.00188336948322,53.523739279137324,40.16307179555357,15.975596753697113,42.60377855517429,50.22832240698809,73.94317969209783,53.59312974682324,93.28928172653687
2025-03-09 20:17:45.662667,653.0,511.0,400.0,2555.0,1360.0,303.0,68.48014985858417,78.16024183154472,53.47198589744447,40.10896870926252,15.997800817073928,42.561334150828834,50.38401755301487,74.08175136725315,53.657468315565346,93.02630154021806
2025-03-09 20:17:45.662667,656.0,509.0,368.0,2553.0,1358.0,300.0,68.48014985858417,78.16024183154472,53.47198589744447,40.10896870926252,15.997800817073928,42.561334150828834,50.38401755301487,74.08175136725315,53.657468315565346,93.02630154021806
2025-03-09 20:17:45.662667,656.0,503.0,371.0,2551.0,1379.0,301.0,68.48014985858417,78.16024183154472,53.47198589744447,40.10896870926252,15.997800817073928,42.561334150828834,50.38401755301487,74.08175136725315,53.657468315565346,93.02630154021806
2025-03-09 20:17:45.671000,657.0,526.0,369.0,2550.0,1365.0,293.0,68.536328658741,78.29873875002636,53.405649515093316,40.05617005146835,16.01656254516491,42.51907038567477,50.53381113985879,74.20093913073717,53.708409906900044,92.72464151644681
2025-03-09 20:17:45.671000,658.0,507.0,367.0,2551.0,1351.0,300.0,68.536328658741,78.29873875002636,53.405649515093316,40.05617005146835,16.01656254516491,42.51907038567477,50.53381113985879,74.20093913073717,53.708409906900044,92.72464151644681
2025-03-09 20:17:45.671000,657.0,510.0,368.0,2551.0,1359.0,301.0,68.536328658741,78.29873875002636,53.405649515093316,40.05617005146835,16.01656254516491,42.51907038567477,50.53381113985879,74.20093913073717,53.708409906900044,92.72464151644681
2025-03-09 20:17:45.671000,659.0,508.0,375.0,2553.0,1358.0,279.0,68.536328658741,78.29873875002636,53.405649515093316,40.05617005146835,16.01656254516491,42.51907038567477,50.53381113985879,74.20093913073717,53.708409906900044,92.72464151644681
2025-03-09 20:17:45.679333,673.0,511.0,368.0,2549.0,1360.0,301.0,68.57839096612047,78.41684251360122,53.32014253137104,40.00338024418027,16.03189181212756,42.47535285955453,50.68222963257156,74.30174114748185,53.74449110927557,92.38697907500261
2025-03-09 20:17:45.679333,674.0,511.0,378.0,2551.0,1360.0,303.0,68.57839096612047,78.41684251360122,53.32014253137104,40.00338024418027,16.03189181212756,42.47535285955453,50.68222963257156,74.30174114748185,53.74449110927557,92.38697907500261
2025-03-09 20:17:45.679333,675.0,511.0,361.0,2550.0,1360.0,304.0,68.57839096612047,78.41684251360122,53.32014253137104,40.00338024418027,16.03189181212756,42.47535285955453,50.68222963257156,74.30174114748185,53.74449110927557,92.38697907500261
2025-03-09 20:17:45.687667,675.0,524.0,391.0,2547.0,1360.0,301.0,68.60515102252162,78.51285689539809,53.21351145744745,39.94986930701755,16.043828850630774,42.42899212190797,50.83112955474954,74.38426932956462,53.76469353243838,92.01699473456728
2025-03-09 20:17:45.687667,675.0,510.0,383.0,2558.0,1360.0,272.0,68.60515102252162,78.51285689539809,53.21351145744745,39.94986930701755,16.043828850630774,42.42899212190797,50.83112955474954,74.38426932956462,53.76469353243838,92.01699473456728
2025-03-09 20:17:45.687667,679.0,511.0,397.0,2559.0,1353.0,295.0,68.60515102252162,78.51285689539809,53.21351145744745,39.94986930701755,16.043828850630774,42.42899212190797,50.83112955474954,74.38426932956462,53.76469353243838,92.01699473456728
2025-03-09 20:17:45.687667,676.0,511.0,398.0,2549.0,1356.0,308.0,68.60515102252162,78.51285689539809,53.21351145744745,39.94986930701755,16.043828850630774,42.42899212190797,50.83112955474954,74.38426932956462,53.76469353243838,92.01699473456728
2025-03-09 20:17:45.696000,679.0,511.0,400.0,2544.0,1357.0,307.0,68.61601294887319,78.5848758815951,53.088677286835214,39.89657302939651,16.05215660747432,42.38052254923561,50.97772867996696,74.44780574782779,53.76934336431962,91.61733820394973
2025-03-09 20:17:45.696000,687.0,526.0,373.0,2545.0,1360.0,300.0,68.61601294887319,78.5848758815951,53.088677286835214,39.89657302939651,16.05215660747432,42.38052254923561,50.97772867996696,74.44780574782779,53.76934336431962,91.61733820394973
2025-03-09 20:17:45.696000,687.0,524.0,378.0,2543.0,1360.0,300.0,68.61601294887319,78.5848758815951,53.088677286835214,39.89657302939651,16.05215660747432,42.38052254923561,50.97772867996696,74.44780574782779,53.76934336431962,91.61733820394973
2025-03-09 20:17:45.696000,683.0,511.0,366.0,2550.0,1355.0,298.0,68.61601294887319,78.5848758815951,53.088677286835214,39.89657302939651,16.05215660747432,42.38052254923561,50.97772867996696,74.44780574782779,53.76934336431962,91.61733820394973
2025-03-09 20:17:45.704333,688.0,527.0,368.0,2547.0,1360.0,300.0,68.61125629024278,78.63170678735139,52.94845450008071,39.84537214041491,16.056367681595944,42.33136123361546,51.11930657111457,74.4921788812498,53.759522280691954,91.19042283663822
2025-03-09 20:17:45.704333,683.0,511.0,351.0,2539.0,1360.0,298.0,68.61125629024278,78.63170678735139,52.94845450008071,39.84537214041491,16.056367681595944,42.33136123361546,51.11930657111457,74.4921788812498,53.759522280691954,91.19042283663822
2025-03-09 20:17:45.704333,687.0,522.0,349.0,2547.0,1361.0,304.0,68.61125629024278,78.63170678735139,52.94845450008071,39.84537214041491,16.056367681595944,42.33136123361546,51.11930657111457,74.4921788812498,53.759522280691954,91.19042283663822
2025-03-09 20:17:45.712667,688.0,525.0,341.0,2547.0,1361.0,294.0,68.59212222395608,78.65384632469451,52.7928037673189,39.796434095126735,16.056477973950685,42.28174403304268,51.256479242179864,74.51791139146576,53.73499409353159,90.73904724420096
2025-03-09 20:17:45.712667,691.0,525.0,406.0,2549.0,1363.0,293.0,68.59212222395608,78.65384632469451,52.7928037673189,39.796434095126735,16.056477973950685,42.28174403304268,51.256479242179864,74.51791139146576,53.73499409353159,90.73904724420096
2025-03-09 20:17:45.712667,690.0,524.0,386.0,2547.0,1372.0,292.0,68.59212222395608,78.65384632469451,52.7928037673189,39.796434095126735,16.056477973950685,42.28174403304268,51.256479242179864,74.51791139146576,53.73499409353159,90.73904724420096
2025-03-09 20:17:45.712667,693.0,525.0,405.0,2544.0,1361.0,288.0,68.59212222395608,78.65384632469451,52.7928037673189,39.796434095126735,16.056477973950685,42.28174403304268,51.256479242179864,74.51791139146576,53.73499409353159,90.73904724420096
2025-03-09 20:17:45.721000,689.0,527.0,373.0,2549.0,1361.0,291.0,68.55971846642899,78.6525788176697,52.62084619815136,39.747776531236944,16.052823351322054,42.23042805637631,51.390405518361405,74.52467000078019,53.69397642839939,90.26527627633509
2025-03-09 20:17:45.721000,692.0,527.0,368.0,2546.0,1368.0,297.0,68.55971846642899,78.6525788176697,52.62084619815136,39.747776531236944,16.052823351322054,42.23042805637631,51.390405518361405,74.52467000078019,53.69397642839939,90.26527627633509
2025-03-09 20:17:45.721000,698.0,528.0,375.0,2544.0,1367.0,298.0,68.55971846642899,78.6525788176697,52.62084619815136,39.747776531236944,16.052823351322054,42.23042805637631,51.390405518361405,74.52467000078019,53.69397642839939,90.26527627633509
2025-03-09 20:17:45.729333,693.0,528.0,398.0,2547.0,1367.0,297.0,68.51410440663916,78.62790353840636,52.430692762894644,39.69788103489942,16.045822346222543,42.17635465270819,51.52261330407226,74.51168886195903,53.63445968582412,89.77121621255326
2025-03-09 20:17:45.729333,697.0,525.0,398.0,2541.0,1362.0,288.0,68.51410440663916,78.62790353840636,52.430692762894644,39.69788103489942,16.045822346222543,42.17635465270819,51.52261330407226,74.51168886195903,53.63445968582412,89.77121621255326
2025-03-09 20:17:45.729333,704.0,530.0,399.0,2551.0,1366.0,274.0,68.51410440663916,78.62790353840636,52.430692762894644,39.69788103489942,16.045822346222543,42.17635465270819,51.52261330407226,74.51168886195903,53.63445968582412,89.77121621255326
2025-03-09 20:17:45.729333,704.0,532.0,374.0,2539.0,1362.0,301.0,68.51410440663916,78.62790353840636,52.430692762894644,39.69788103489942,16.045822346222543,42.17635465270819,51.52261330407226,74.51168886195903,53.63445968582412,89.77121621255326
2025-03-09 20:17:45.737667,703.0,535.0,393.0,2544.0,1376.0,290.0,68.45651365137718,78.58104524442345,52.22462435953654,39.64627762505852,16.0357768108484,42.11896597574065,51.65334037714068,74.48107675512568,53.55744881789774,89.26107981653416
2025-03-09 20:17:45.737667,700.0,511.0,389.0,2544.0,1367.0,295.0,68.45651365137718,78.58104524442345,52.22462435953654,39.64627762505852,16.0357768108484,42.11896597574065,51.65334037714068,74.48107675512568,53.55744881789774,89.26107981653416
2025-03-09 20:17:45.737667,703.0,511.0,397.0,2538.0,1365.0,304.0,68.45651365137718,78.58104524442345,52.22462435953654,39.64627762505852,16.0357768108484,42.11896597574065,51.65334037714068,74.48107675512568,53.55744881789774,89.26107981653416
2025-03-09 20:17:45.746000,704.0,539.0,395.0,2549.0,1364.0,287.0,68.38871246030922,78.5150661163337,52.00997570045408,39.592699581363235,16.022619386605232,42.05776489261923,51.77973916245773,74.43671391345683,53.46703734582396,88.74107545397783
2025-03-09 20:17:45.746000,704.0,523.0,379.0,2547.0,1376.0,290.0,68.38871246030922,78.5150661163337,52.00997570045408,39.592699581363235,16.022619386605232,42.05776489261923,51.77973916245773,74.43671391345683,53.46703734582396,88.74107545397783
2025-03-09 20:17:45.746000,709.0,529.0,365.0,2546.0,1373.0,289.0,68.38871246030922,78.5150661163337,52.00997570045408,39.592699581363235,16.022619386605232,42.05776489261923,51.77973916245773,74.43671391345683,53.46703734582396,88.74107545397783
2025-03-09 20:17:45.746000,706.0,541.0,351.0,2544.0,1390.0,284.0,68.38871246030922,78.5150661163337,52.00997570045408,39.592699581363235,16.022619386605232,42.05776489261923,51.77973916245773,74.43671391345683,53.46703734582396,88.74107545397783
2025-03-09 20:17:45.754333,707.0,539.0,359.0,2542.0,1376.0,291.0,68.31120556135436,78.43185882974157,51.79008203676505,39.536942482541235,16.0064233179851,41.99237818884411,51.900836522719096,74.38097851679025,53.36581726684224,88.2165317801158
2025-03-09 20:17:45.754333,706.0,531.0,366.0,2534.0,1374.0,292.0,68.31120556135436,78.43185882974157,51.79008203676505,39.536942482541235,16.0064233179851,41.99237818884411,51.900836522719096,74.38097851679025,53.36581726684224,88.2165317801158
2025-03-09 20:17:45.754333,704.0,541.0,338.0,2533.0,1379.0,289.0,68.31120556135436,78.43185882974157,51.79008203676505,39.536942482541235,16.0064233179851,41.99237818884411,51.900836522719096,74.38097851679025,53.36581726684224,88.2165317801158
2025-03-09 20:17:45.754333,711.0,538.0,345.0,2543.0,1378.0,288.0,68.31120556135436,78.43185882974157,51.79008203676505,39.536942482541235,16.0064233179851,41.99237818884411,51.900836522719096,74.38097851679025,53.36581726684224,88.2165317801158
2025-03-09 20:17:45.762667,709.0,531.0,329.0,2530.0,1376.0,285.0,68.22424975743006,78.3330436545124,51.56495741816341,39.4769814323564,15.988846984195451,41.92143130814245,52.01884394664987,74.3149049509565,53.253074090494444,87.6934369640343
2025-03-09 20:17:45.762667,714.0,535.0,349.0,2527.0,1374.0,285.0,68.22424975743006,78.3330436545124,51.56495741816341,39.4769814323564,15.988846984195451,41.92143130814245,52.01884394664987,74.3149049509565,53.253074090494444,87.6934369640343
2025-03-09 20:17:45.762667,709.0,539.0,350.0,2541.0,1378.0,288.0,68.22424975743006,78.3330436545124,51.56495741816341,39.4769814323564,15.988846984195451,41.92143130814245,52.01884394664987,74.3149049509565,53.253074090494444,87.6934369640343
2025-03-09 20:17:45.771000,711.0,534.0,351.0,2544.0,1381.0,283.0,68.12981773642429,78.22152306647695,51.33321447891599,39.409806234304796,15.972204679733737,41.84303036933847,52.13848088721243,74.24026903736652,53.12673822989616,87.1794651121701
2025-03-09 20:17:45.771000,711.0,528.0,327.0,2542.0,1385.0,288.0,68.12981773642429,78.22152306647695,51.33321447891599,39.409806234304796,15.972204679733737,41.84303036933847,52.13848088721243,74.24026903736652,53.12673822989616,87.1794651121701
2025-03-09 20:17:45.771000,710.0,537.0,342.0,2533.0,1378.0,277.0,68.12981773642429,78.22152306647695,51.33321447891599,39.409806234304796,15.972204679733737,41.84303036933847,52.13848088721243,74.24026903736652,53.12673822989616,87.1794651121701
2025-03-09 20:17:45.771000,711.0,534.0,345.0,2531.0,1371.0,284.0,68.12981773642429,78.22152306647695,51.33321447891599,39.409806234304796,15.972204679733737,41.84303036933847,52.13848088721243,74.24026903736652,53.12673822989616,87.1794651121701
2025-03-09 20:17:45.779333,715.0,541.0,352.0,2538.0,1392.0,285.0,68.02973052961768,78.10078721802344,51.095394093642106,39.335994315773085,15.956101365506763,41.75767385553926,52.260791172966925,74.16008630046711,52.98999837123858,86.68096140037042
2025-03-09 20:17:45.779333,718.0,535.0,337.0,2534.0,1381.0,286.0,68.02973052961768,78.10078721802344,51.095394093642106,39.335994315773085,15.956101365506763,41.75767385553926,52.260791172966925,74.16008630046711,52.98999837123858,86.68096140037042
2025-03-09 20:17:45.779333,709.0,530.0,337.0,2530.0,1390.0,282.0,68.02973052961768,78.10078721802344,51.095394093642106,39.335994315773085,15.956101365506763,41.75767385553926,52.260791172966925,74.16008630046711,52.98999837123858,86.68096140037042
2025-03-09 20:17:45.787667,706.0,545.0,338.0,2534.0,1409.0,281.0,67.92543001817297,77.9747518028308,50.855459303901,39.259462977413236,15.937870347948536,41.667985388895964,52.38270050579054,74.07892179189683,52.85146280172517,86.20296392320091
2025-03-09 20:17:45.787667,707.0,567.0,336.0,2526.0,1382.0,279.0,67.92543001817297,77.9747518028308,50.855459303901,39.259462977413236,15.937870347948536,41.667985388895964,52.38270050579054,74.07892179189683,52.85146280172517,86.20296392320091
2025-03-09 20:17:45.787667,710.0,502.0,336.0,2535.0,1397.0,282.0,67.92543001817297,77.9747518028308,50.855459303901,39.259462977413236,15.937870347948536,41.667985388895964,52.38270050579054,74.07892179189683,52.85146280172517,86.20296392320091
2025-03-09 20:17:45.787667,709.0,589.0,339.0,2538.0,1392.0,277.0,67.92543001817297,77.9747518028308,50.855459303901,39.259462977413236,15.937870347948536,41.667985388895964,52.38270050579054,74.07892179189683,52.85146280172517,86.20296392320091
2025-03-09 20:17:45.796000,707.0,543.0,336.0,2535.0,1386.0,283.0,67.81997973468042,77.84659781412343,50.61647295538118,39.1815210915113,15.916863022584765,41.57513283339882,52.50341277607202,73.99980781896446,52.71416866523035,85.74858528962677
2025-03-09 20:17:45.796000,709.0,528.0,339.0,2529.0,1391.0,283.0,67.81997973468042,77.84659781412343,50.61647295538118,39.1815210915113,15.916863022584765,41.57513283339882,52.50341277607202,73.99980781896446,52.71416866523035,85.74858528962677
2025-03-09 20:17:45.796000,713.0,542.0,342.0,2533.0,1387.0,278.0,67.81997973468042,77.84659781412343,50.61647295538118,39.1815210915113,15.916863022584765,41.57513283339882,52.50341277607202,73.99980781896446,52.71416866523035,85.74858528962677
2025-03-09 20:17:45.804333,705.0,542.0,325.0,2526.0,1381.0,307.0,67.71652349736401,77.71787553866383,50.37906152885424,39.10267743465726,15.89389526442633,41.480136429636865,52.62411998231267,73.92375112616433,52.57713632443546,85.31836529231433
2025-03-09 20:17:45.804333,704.0,533.0,349.0,2529.0,1384.0,274.0,67.71652349736401,77.71787553866383,50.37906152885424,39.10267743465726,15.89389526442633,41.480136429636865,52.62411998231267,73.92375112616433,52.57713632443546,85.31836529231433
2025-03-09 20:17:45.804333,707.0,556.0,350.0,2529.0,1386.0,288.0,67.71652349736401,77.71787553866383,50.37906152885424,39.10267743465726,15.89389526442633,41.480136429636865,52.62411998231267,73.92375112616433,52.57713632443546,85.31836529231433
2025-03-09 20:17:45.804333,708.0,550.0,333.0,2523.0,1378.0,284.0,67.71652349736401,77.71787553866383,50.37906152885424,39.10267743465726,15.89389526442633,41.480136429636865,52.62411998231267,73.92375112616433,52.57713632443546,85.31836529231433
2025-03-09 20:17:45.812667,704.0,551.0,347.0,2529.0,1381.0,277.0,67.61473689168795,77.58907039608965,50.143657918579095,39.02550901449184,15.86931763532931,41.385449052446866,52.74416523773427,73.85090240477906,52.44276837982898,84.9119451429688
2025-03-09 20:17:45.812667,705.0,569.0,348.0,2527.0,1381.0,278.0,67.61473689168795,77.58907039608965,50.143657918579095,39.02550901449184,15.86931763532931,41.385449052446866,52.74416523773427,73.85090240477906,52.44276837982898,84.9119451429688
2025-03-09 20:17:45.812667,704.0,560.0,350.0,2525.0,1379.0,274.0,67.61473689168795,77.58907039608965,50.143657918579095,39.02550901449184,15.86931763532931,41.385449052446866,52.74416523773427,73.85090240477906,52.44276837982898,84.9119451429688
2025-03-09 20:17:45.821000,711.0,556.0,346.0,2530.0,1378.0,273.0,67.51117137841973,77.46017401128279,49.91123271137363,38.95141973928993,15.841904164662214,41.29200666430399,52.86005855369477,73.78023253089026,52.31528681323709,84.5288112779984
2025-03-09 20:17:45.821000,704.0,555.0,346.0,2543.0,1376.0,275.0,67.51117137841973,77.46017401128279,49.91123271137363,38.95141973928993,15.841904164662214,41.29200666430399,52.86005855369477,73.78023253089026,52.31528681323709,84.5288112779984
2025-03-09 20:17:45.821000,707.0,552.0,342.0,2535.0,1376.0,275.0,67.51117137841973,77.46017401128279,49.91123271137363,38.95141973928993,15.841904164662214,41.29200666430399,52.86005855369477,73.78023253089026,52.31528681323709,84.5288112779984
2025-03-09 20:17:45.821000,706.0,555.0,336.0,2535.0,1376.0,275.0,67.51117137841973,77.46017401128279,49.91123271137363,38.95141973928993,15.841904164662214,41.29200666430399,52.86005855369477,73.78023253089026,52.31528681323709,84.5288112779984
2025-03-09 20:17:45.829333,708.0,553.0,341.0,2525.0,1375.0,272.0,67.40387720362754,77.33149751974459,49.68352959311031,38.87963039693949,15.810310566269333,41.19892770303345,52.96847853341766,73.71084884428655,52.19663181384671,84.16937100191657
2025-03-09 20:17:45.829333,709.0,555.0,347.0,2522.0,1375.0,272.0,67.40387720362754,77.33149751974459,49.68352959311031,38.87963039693949,15.810310566269333,41.19892770303345,52.96847853341766,73.71084884428655,52.19663181384671,84.16937100191657
2025-03-09 20:17:45.829333,704.0,554.0,346.0,2526.0,1375.0,272.0,67.40387720362754,77.33149751974459,49.68352959311031,38.87963039693949,15.810310566269333,41.19892770303345,52.96847853341766,73.71084884428655,52.19663181384671,84.16937100191657
2025-03-09 20:17:45.829333,707.0,555.0,346.0,2545.0,1375.0,272.0,67.40387720362754,77.33149751974459,49.68352959311031,38.87963039693949,15.810310566269333,41.19892770303345,52.96847853341766,73.71084884428655,52.19663181384671,84.16937100191657
2025-03-09 20:17:45.837667,706.0,562.0,356.0,2525.0,1368.0,271.0,67.29261947811148,77.20352007965538,49.464077764154865,38.80895844227139,15.774525005442221,41.105353825532184,53.06659835008652,73.64236202167503,52.08703832003899,83.83469538211665
2025-03-09 20:17:45.837667,701.0,560.0,353.0,2527.0,1370.0,272.0,67.29261947811148,77.20352007965538,49.464077764154865,38.80895844227139,15.774525005442221,41.105353825532184,53.06659835008652,73.64236202167503,52.08703832003899,83.83469538211665
2025-03-09 20:17:45.837667,704.0,555.0,347.0,2526.0,1368.0,270.0,67.29261947811148,77.20352007965538,49.464077764154865,38.80895844227139,15.774525005442221,41.105353825532184,53.06659835008652,73.64236202167503,52.08703832003899,83.83469538211665
2025-03-09 20:17:45.846000,702.0,560.0,364.0,2523.0,1365.0,272.0,67.17784172282846,77.07599162637344,49.25613589436603,38.74141067161992,15.735757689748876,41.0139668940276,53.15131880417059,73.57294363900331,51.98651253972752,83.52566298723895
2025-03-09 20:17:45.846000,706.0,559.0,352.0,2515.0,1365.0,270.0,67.17784172282846,77.07599162637344,49.25613589436603,38.74141067161992,15.735757689748876,41.0139668940276,53.15131880417059,73.57294363900331,51.98651253972752,83.52566298723895
2025-03-09 20:17:45.846000,710.0,559.0,355.0,2525.0,1367.0,269.0,67.17784172282846,77.07599162637344,49.25613589436603,38.74141067161992,15.735757689748876,41.0139668940276,53.15131880417059,73.57294363900331,51.98651253972752,83.52566298723895
2025-03-09 20:17:45.846000,706.0,555.0,368.0,2526.0,1365.0,269.0,67.17784172282846,77.07599162637344,49.25613589436603,38.74141067161992,15.735757689748876,41.0139668940276,53.15131880417059,73.57294363900331,51.98651253972752,83.52566298723895
2025-03-09 20:17:45.854333,707.0,560.0,345.0,2527.0,1361.0,265.0,67.06130779595686,76.94887641848565,49.06033758069934,38.68032780861361,15.696884959983665,40.92958731209203,53.22201120327243,73.49959532260041,51.893247882367874,83.24413938427494
2025-03-09 20:17:45.854333,706.0,562.0,361.0,2523.0,1360.0,266.0,67.06130779595686,76.94887641848565,49.06033758069934,38.68032780861361,15.696884959983665,40.92958731209203,53.22201120327243,73.49959532260041,51.893247882367874,83.24413938427494
2025-03-09 20:17:45.854333,710.0,562.0,359.0,2519.0,1363.0,266.0,67.06130779595686,76.94887641848565,49.06033758069934,38.68032780861361,15.696884959983665,40.92958731209203,53.22201120327243,73.49959532260041,51.893247882367874,83.24413938427494
2025-03-09 20:17:45.862667,706.0,566.0,345.0,2519.0,1361.0,267.0,66.94445761938655,76.82198165925853,48.876766095120864,38.62533381723559,15.660575902018152,40.85339921234039,53.27929014149829,73.419748195544,51.803120612367145,82.99242668615953
2025-03-09 20:17:45.862667,709.0,560.0,350.0,2517.0,1362.0,268.0,66.94445761938655,76.82198165925853,48.876766095120864,38.62533381723559,15.660575902018152,40.85339921234039,53.27929014149829,73.419748195544,51.803120612367145,82.99242668615953
2025-03-09 20:17:45.862667,705.0,564.0,350.0,2518.0,1360.0,262.0,66.94445761938655,76.82198165925853,48.876766095120864,38.62533381723559,15.660575902018152,40.85339921234039,53.27929014149829,73.419748195544,51.803120612367145,82.99242668615953
2025-03-09 20:17:45.862667,710.0,561.0,357.0,2522.0,1360.0,266.0,66.94445761938655,76.82198165925853,48.876766095120864,38.62533381723559,15.660575902018152,40.85339921234039,53.27929014149829,73.419748195544,51.803120612367145,82.99242668615953
2025-03-09 20:17:45.871000,708.0,567.0,343.0,2523.0,1360.0,266.0,66.82828791441838,76.69482829013535,48.70614331019708,38.575529485108596,15.62752841940454,40.78492106561928,53.32321995014152,73.33289522116264,51.71369237415861,82.77290460379675
2025-03-09 20:17:45.871000,709.0,576.0,350.0,2523.0,1360.0,263.0,66.82828791441838,76.69482829013535,48.70614331019708,38.575529485108596,15.62752841940454,40.78492106561928,53.32321995014152,73.33289522116264,51.71369237415861,82.77290460379675
2025-03-09 20:17:45.871000,709.0,575.0,354.0,2519.0,1357.0,260.0,66.82828791441838,76.69482829013535,48.70614331019708,38.575529485108596,15.62752841940454,40.78492106561928,53.32321995014152,73.33289522116264,51.71369237415861,82.77290460379675
2025-03-09 20:17:45.879333,711.0,574.0,346.0,2519.0,1359.0,260.0,66.71435305998531,76.56795787754646,48.54966080242392,38.529892063789106,15.597635330852109,40.722879430682426,53.354687004564695,73.24107751929522,51.6243514681892,82.5886152969576
2025-03-09 20:17:45.879333,714.0,575.0,349.0,2515.0,1356.0,259.0,66.71435305998531,76.56795787754646,48.54966080242392,38.529892063789106,15.597635330852109,40.722879430682426,53.354687004564695,73.24107751929522,51.6243514681892,82.5886152969576
2025-03-09 20:17:45.879333,713.0,576.0,352.0,2519.0,1357.0,261.0,66.71435305998531,76.56795787754646,48.54966080242392,38.529892063789106,15.597635330852109,40.722879430682426,53.354687004564695,73.24107751929522,51.6243514681892,82.5886152969576
2025-03-09 20:17:45.879333,715.0,574.0,349.0,2519.0,1360.0,265.0,66.71435305998531,76.56795787754646,48.54966080242392,38.529892063789106,15.597635330852109,40.722879430682426,53.354687004564695,73.24107751929522,51.6243514681892,82.5886152969576
2025-03-09 20:17:45.887667,711.0,577.0,345.0,2522.0,1350.0,258.0,66.60441542360758,76.44203542275179,48.40719612266021,38.48557927995759,15.571227754670666,40.66434329084086,53.37656863401511,73.14675120466161,51.532840658658245,82.44147250054462
2025-03-09 20:17:45.887667,710.0,574.0,349.0,2523.0,1359.0,258.0,66.60441542360758,76.44203542275179,48.40719612266021,38.48557927995759,15.571227754670666,40.66434329084086,53.37656863401511,73.14675120466161,51.532840658658245,82.44147250054462
2025-03-09 20:17:45.887667,716.0,577.0,352.0,2513.0,1353.0,259.0,66.60441542360758,76.44203542275179,48.40719612266021,38.48557927995759,15.571227754670666,40.66434329084086,53.37656863401511,73.14675120466161,51.532840658658245,82.44147250054462
2025-03-09 20:17:45.887667,711.0,585.0,362.0,2514.0,1351.0,251.0,66.60441542360758,76.44203542275179,48.40719612266021,38.48557927995759,15.571227754670666,40.66434329084086,53.37656863401511,73.14675120466161,51.532840658658245,82.44147250054462
2025-03-09 20:17:45.896000,717.0,578.0,355.0,2512.0,1349.0,255.0,66.50013437254906,76.31736233295912,48.276191837896896,38.44134764459433,15.548390760570973,40.60805708705551,53.392232174810644,73.05114102654362,51.43699236582979,82.33199470146467
2025-03-09 20:17:45.896000,712.0,576.0,353.0,2514.0,1349.0,256.0,66.50013437254906,76.31736233295912,48.276191837896896,38.44134764459433,15.548390760570973,40.60805708705551,53.392232174810644,73.05114102654362,51.43699236582979,82.33199470146467
2025-03-09 20:17:45.896000,715.0,583.0,354.0,2515.0,1354.0,253.0,66.50013437254906,76.31736233295912,48.276191837896896,38.44134764459433,15.548390760570973,40.60805708705551,53.392232174810644,73.05114102654362,51.43699236582979,82.33199470146467
2025-03-09 20:17:45.904333,709.0,588.0,361.0,2518.0,1351.0,256.0,66.40249728020888,76.1940773941195,48.153972971546395,38.39718128247962,15.528326465819026,40.553702822611754,53.40381800198701,72.95507610045352,51.3362166855528,82.25949421499081
2025-03-09 20:17:45.904333,713.0,582.0,354.0,2512.0,1347.0,256.0,66.40249728020888,76.1940773941195,48.153972971546395,38.39718128247962,15.528326465819026,40.553702822611754,53.40381800198701,72.95507610045352,51.3362166855528,82.25949421499081
2025-03-09 20:17:45.904333,710.0,579.0,359.0,2512.0,1338.0,254.0,66.40249728020888,76.1940773941195,48.153972971546395,38.39718128247962,15.528326465819026,40.553702822611754,53.40381800198701,72.95507610045352,51.3362166855528,82.25949421499081
2025-03-09 20:17:45.904333,709.0,573.0,350.0,2512.0,1340.0,256.0,66.40249728020888,76.1940773941195,48.153972971546395,38.39718128247962,15.528326465819026,40.553702822611754,53.40381800198701,72.95507610045352,51.3362166855528,82.25949421499081
2025-03-09 20:17:45.912667,707.0,576.0,358.0,2512.0,1344.0,251.0,66.31184574026435,76.0723139169292,48.03980014372899,38.35435203701751,15.509885855841272,40.502258561942,53.41076589791368,72.85856233215941,51.231546549544184,82.22117552121756
2025-03-09 20:17:45.912667,705.0,583.0,355.0,2511.0,1338.0,251.0,66.31184574026435,76.0723139169292,48.03980014372899,38.35435203701751,15.509885855841272,40.502258561942,53.41076589791368,72.85856233215941,51.231546549544184,82.22117552121756
2025-03-09 20:17:45.912667,708.0,581.0,362.0,2512.0,1338.0,253.0,66.31184574026435,76.0723139169292,48.03980014372899,38.35435203701751,15.509885855841272,40.502258561942,53.41076589791368,72.85856233215941,51.231546549544184,82.22117552121756
2025-03-09 20:17:45.921000,705.0,576.0,361.0,2512.0,1342.0,254.0,66.22745079232611,75.95160869855347,47.93435035919256,38.31552914601647,15.49265774518485,40.45636970586925,53.410565709873644,72.76008169090606,51.12472726851706,82.21256088846302
2025-03-09 20:17:45.921000,703.0,580.0,348.0,2511.0,1338.0,253.0,66.22745079232611,75.95160869855347,47.93435035919256,38.31552914601647,15.49265774518485,40.45636970586925,53.410565709873644,72.76008169090606,51.12472726851706,82.21256088846302
2025-03-09 20:17:45.921000,710.0,581.0,363.0,2511.0,1334.0,254.0,66.22745079232611,75.95160869855347,47.93435035919256,38.31552914601647,15.49265774518485,40.45636970586925,53.410565709873644,72.76008169090606,51.12472726851706,82.21256088846302
2025-03-09 20:17:45.921000,705.0,576.0,353.0,2509.0,1339.0,251.0,66.22745079232611,75.95160869855347,47.93435035919256,38.31552914601647,15.49265774518485,40.45636970586925,53.410565709873644,72.76008169090606,51.12472726851706,82.21256088846302
2025-03-09 20:17:45.929333,704.0,575.0,364.0,2510.0,1333.0,252.0,66.14856815969424,75.83174784679633,47.83893064311143,38.28255028624648,15.476703767179188,40.41757154860118,53.40192686162499,72.65973820594208,51.017781811212224,82.22908857785072
2025-03-09 20:17:45.929333,701.0,577.0,363.0,2512.0,1328.0,250.0,66.14856815969424,75.83174784679633,47.83893064311143,38.28255028624648,15.476703767179188,40.41757154860118,53.40192686162499,72.65973820594208,51.017781811212224,82.22908857785072
2025-03-09 20:17:45.929333,706.0,588.0,362.0,2510.0,1329.0,246.0,66.14856815969424,75.83174784679633,47.83893064311143,38.28255028624648,15.476703767179188,40.41757154860118,53.40192686162499,72.65973820594208,51.017781811212224,82.22908857785072
2025-03-09 20:17:45.937667,705.0,576.0,358.0,2512.0,1327.0,244.0,66.07521082757155,75.71360529763017,47.754803802034075,38.25600478004087,15.462838590110284,40.38624969202009,53.38562252451695,72.5592340535234,50.91246596541515,82.26560093368145
2025-03-09 20:17:45.937667,702.0,580.0,366.0,2512.0,1329.0,250.0,66.07521082757155,75.71360529763017,47.754803802034075,38.25600478004087,15.462838590110284,40.38624969202009,53.38562252451695,72.5592340535234,50.91246596541515,82.26560093368145
2025-03-09 20:17:45.937667,704.0,576.0,354.0,2512.0,1328.0,249.0,66.07521082757155,75.71360529763017,47.754803802034075,38.25600478004087,15.462838590110284,40.38624969202009,53.38562252451695,72.5592340535234,50.91246596541515,82.26560093368145
2025-03-09 20:17:45.937667,701.0,576.0,356.0,2514.0,1322.0,241.0,66.07521082757155,75.71360529763017,47.754803802034075,38.25600478004087,15.462838590110284,40.38624969202009,53.38562252451695,72.5592340535234,50.91246596541515,82.26560093368145
2025-03-09 20:17:45.946000,699.0,578.0,362.0,2512.0,1325.0,246.0,66.00823440248813,75.59849898085083,47.68273379488376,38.23620801036635,15.45161031923669,40.362706452770325,53.36268005433411,72.46016805842717,50.80993689924286,82.31629811105827
2025-03-09 20:17:45.946000,704.0,574.0,362.0,2515.0,1322.0,249.0,66.00823440248813,75.59849898085083,47.68273379488376,38.23620801036635,15.45161031923669,40.362706452770325,53.36268005433411,72.46016805842717,50.80993689924286,82.31629811105827
2025-03-09 20:17:45.946000,706.0,578.0,359.0,2503.0,1321.0,245.0,66.00823440248813,75.59849898085083,47.68273379488376,38.23620801036635,15.45161031923669,40.362706452770325,53.36268005433411,72.46016805842717,50.80993689924286,82.31629811105827
2025-03-09 20:17:45.946000,703.0,576.0,351.0,2512.0,1321.0,246.0,66.00823440248813,75.59849898085083,47.68273379488376,38.23620801036635,15.45161031923669,40.362706452770325,53.36268005433411,72.46016805842717,50.80993689924286,82.31629811105827
2025-03-09 20:17:45.954333,700.0,576.0,362.0,2507.0,1322.0,250.0,65.94808871103018,75.48675565105769,47.62349215228527,38.221776269941294,15.44330291591444,40.3460589865756,53.332613049605555,72.36192755640626,50.70875366180882,82.37513175057781
2025-03-09 20:17:45.954333,701.0,576.0,359.0,2518.0,1314.0,245.0,65.94808871103018,75.48675565105769,47.62349215228527,38.221776269941294,15.44330291591444,40.3460589865756,53.332613049605555,72.36192755640626,50.70875366180882,82.37513175057781
2025-03-09 20:17:45.954333,703.0,576.0,362.0,2510.0,1310.0,247.0,65.94808871103018,75.48675565105769,47.62349215228527,38.221776269941294,15.44330291591444,40.3460589865756,53.332613049605555,72.36192755640626,50.70875366180882,82.37513175057781
2025-03-09 20:17:45.962667,702.0,576.0,367.0,2507.0,1303.0,244.0,65.89457144946338,75.37809584938934,47.575632456342596,38.21045891992866,15.43734270365189,40.334391602914046,53.29565608305621,72.26335855308241,50.60674628853577,82.43702414775788
2025-03-09 20:17:45.962667,699.0,583.0,359.0,2506.0,1303.0,245.0,65.89457144946338,75.37809584938934,47.575632456342596,38.21045891992866,15.43734270365189,40.334391602914046,53.29565608305621,72.26335855308241,50.60674628853577,82.43702414775788
2025-03-09 20:17:45.962667,695.0,580.0,357.0,2517.0,1298.0,245.0,65.89457144946338,75.37809584938934,47.575632456342596,38.21045891992866,15.43734270365189,40.334391602914046,53.29565608305621,72.26335855308241,50.60674628853577,82.43702414775788
2025-03-09 20:17:45.962667,698.0,581.0,354.0,2510.0,1297.0,247.0,65.89457144946338,75.37809584938934,47.575632456342596,38.21045891992866,15.43734270365189,40.334391602914046,53.29565608305621,72.26335855308241,50.60674628853577,82.43702414775788
2025-03-09 20:17:45.971000,698.0,579.0,364.0,2512.0,1303.0,240.0,65.84767260235951,75.27171439697617,47.535707861097606,38.20074103221252,15.43290412907225,40.32641023589977,53.25307466149638,72.16294623757273,50.501294049963185,82.49838288852463
2025-03-09 20:17:45.971000,694.0,576.0,358.0,2502.0,1298.0,243.0,65.84767260235951,75.27171439697617,47.535707861097606,38.20074103221252,15.43290412907225,40.32641023589977,53.25307466149638,72.16294623757273,50.501294049963185,82.49838288852463
2025-03-09 20:17:45.971000,697.0,581.0,364.0,2509.0,1298.0,240.0,65.84767260235951,75.27171439697617,47.535707861097606,38.20074103221252,15.43290412907225,40.32641023589977,53.25307466149638,72.16294623757273,50.501294049963185,82.49838288852463
2025-03-09 20:17:45.971000,688.0,573.0,357.0,2505.0,1295.0,244.0,65.84767260235951,75.27171439697617,47.535707861097606,38.20074103221252,15.43290412907225,40.32641023589977,53.25307466149638,72.16294623757273,50.501294049963185,82.49838288852463
2025-03-09 20:17:45.979333,691.0,576.0,349.0,2507.0,1285.0,240.0,65.80683101558257,75.16596616533205,47.501476220280246,38.192553111991344,15.429483546778766,40.321846040669655,53.205467063597375,72.05953870037749,50.3908239461261,82.55789512875788
2025-03-09 20:17:45.979333,691.0,579.0,357.0,2505.0,1293.0,243.0,65.80683101558257,75.16596616533205,47.501476220280246,38.192553111991344,15.429483546778766,40.321846040669655,53.205467063597375,72.05953870037749,50.3908239461261,82.55789512875788
2025-03-09 20:17:45.979333,688.0,576.0,364.0,2501.0,1300.0,242.0,65.80683101558257,75.16596616533205,47.501476220280246,38.192553111991344,15.429483546778766,40.321846040669655,53.205467063597375,72.05953870037749,50.3908239461261,82.55789512875788
2025-03-09 20:17:45.979333,688.0,579.0,339.0,2510.0,1290.0,245.0,65.80683101558257,75.16596616533205,47.501476220280246,38.192553111991344,15.429483546778766,40.321846040669655,53.205467063597375,72.05953870037749,50.3908239461261,82.55789512875788
2025-03-09 20:17:45.987667,689.0,571.0,361.0,2503.0,1286.0,244.0,65.76974099002221,75.05845863546851,47.472944220587976,38.185262266452916,15.427090413873058,40.319467812011425,53.15244317264368,71.95262043051329,50.274765646404624,82.61582958302903
2025-03-09 20:17:45.987667,691.0,586.0,357.0,2506.0,1290.0,240.0,65.76974099002221,75.05845863546851,47.472944220587976,38.185262266452916,15.427090413873058,40.319467812011425,53.15244317264368,71.95262043051329,50.274765646404624,82.61582958302903
2025-03-09 20:17:45.996000,688.0,581.0,366.0,2503.0,1287.0,242.0,65.73581066435298,74.94903787744916,47.449160098097266,38.17934757197665,15.424870704360098,40.31902861538475,53.09482439412599,71.84340587533345,50.154721505291896,82.67270895457779
2025-03-09 20:17:45.996000,683.0,579.0,353.0,2503.0,1292.0,246.0,65.73581066435298,74.94903787744916,47.449160098097266,38.17934757197665,15.424870704360098,40.31902861538475,53.09482439412599,71.84340587533345,50.154721505291896,82.67270895457779
2025-03-09 20:17:45.996000,676.0,570.0,361.0,2496.0,1283.0,242.0,65.73581066435298,74.94903787744916,47.449160098097266,38.17934757197665,15.424870704360098,40.31902861538475,53.09482439412599,71.84340587533345,50.154721505291896,82.67270895457779
2025-03-09 20:17:45.996000,680.0,565.0,362.0,2500.0,1281.0,243.0,65.73581066435298,74.94903787744916,47.449160098097266,38.17934757197665,15.424870704360098,40.31902861538475,53.09482439412599,71.84340587533345,50.154721505291896,82.67270895457779
2025-03-09 20:17:46.004333,676.0,576.0,360.0,2507.0,1282.0,243.0,65.70687824425322,74.83962358612428,47.42847108770112,38.17808537524156,15.421042044711035,40.322972719638,53.03393037121089,71.73439211121477,50.03471591915572,82.72906213492934
2025-03-09 20:17:46.004333,676.0,574.0,356.0,2503.0,1280.0,241.0,65.70687824425322,74.83962358612428,47.42847108770112,38.17808537524156,15.421042044711035,40.322972719638,53.03393037121089,71.73439211121477,50.03471591915572,82.72906213492934
2025-03-09 20:17:46.004333,677.0,574.0,353.0,2502.0,1283.0,240.0,65.70687824425322,74.83962358612428,47.42847108770112,38.17808537524156,15.421042044711035,40.322972719638,53.03393037121089,71.73439211121477,50.03471591915572,82.72906213492934
2025-03-09 20:17:46.004333,671.0,578.0,358.0,2506.0,1289.0,223.0,65.70687824425322,74.83962358612428,47.42847108770112,38.17808537524156,15.421042044711035,40.322972719638,53.03393037121089,71.73439211121477,50.03471591915572,82.72906213492934
2025-03-09 20:17:46.012667,667.0,573.0,365.0,2506.0,1282.0,243.0,65.68120265986317,74.72990547419799,47.40987122757963,38.1822036882226,15.414657257087638,40.33154197899866,52.969270867931755,71.6253595318958,49.9168344711936,82.78631669119973
2025-03-09 20:17:46.012667,663.0,570.0,361.0,2505.0,1283.0,239.0,65.68120265986317,74.72990547419799,47.40987122757963,38.1822036882226,15.414657257087638,40.33154197899866,52.969270867931755,71.6253595318958,49.9168344711936,82.78631669119973
2025-03-09 20:17:46.012667,663.0,572.0,362.0,2500.0,1282.0,242.0,65.68120265986317,74.72990547419799,47.40987122757963,38.1822036882226,15.414657257087638,40.33154197899866,52.969270867931755,71.6253595318958,49.9168344711936,82.78631669119973
2025-03-09 20:17:46.012667,657.0,563.0,362.0,2501.0,1280.0,242.0,65.68120265986317,74.72990547419799,47.40987122757963,38.1822036882226,15.414657257087638,40.33154197899866,52.969270867931755,71.6253595318958,49.9168344711936,82.78631669119973
2025-03-09 20:17:46.021000,658.0,574.0,353.0,2508.0,1278.0,246.0,65.65484359807868,74.61830851777124,47.393160561152854,38.18957457452597,15.406093985584068,40.34254129475951,52.900024463419534,71.51478796963758,49.80100152464688,82.8466640850961
2025-03-09 20:17:46.021000,658.0,567.0,357.0,2506.0,1279.0,240.0,65.65484359807868,74.61830851777124,47.393160561152854,38.18957457452597,15.406093985584068,40.34254129475951,52.900024463419534,71.51478796963758,49.80100152464688,82.8466640850961
2025-03-09 20:17:46.021000,657.0,574.0,365.0,2499.0,1295.0,243.0,65.65484359807868,74.61830851777124,47.393160561152854,38.18957457452597,15.406093985584068,40.34254129475951,52.900024463419534,71.51478796963758,49.80100152464688,82.8466640850961
2025-03-09 20:17:46.029333,656.0,563.0,352.0,2513.0,1280.0,243.0,65.62808532048413,74.50582497508661,47.379301353581006,38.19954598617367,15.396469088228478,40.35553109293737,52.82724352341586,71.40379114616708,49.6875207825196,82.91312204980706
2025-03-09 20:17:46.029333,645.0,560.0,353.0,2508.0,1279.0,243.0,65.62808532048413,74.50582497508661,47.379301353581006,38.19954598617367,15.396469088228478,40.35553109293737,52.82724352341586,71.40379114616708,49.6875207825196,82.91312204980706
2025-03-09 20:17:46.029333,645.0,560.0,357.0,2510.0,1279.0,245.0,65.62808532048413,74.50582497508661,47.379301353581006,38.19954598617367,15.396469088228478,40.35553109293737,52.82724352341586,71.40379114616708,49.6875207825196,82.91312204980706
2025-03-09 20:17:46.029333,652.0,563.0,358.0,2502.0,1282.0,245.0,65.62808532048413,74.50582497508661,47.379301353581006,38.19954598617367,15.396469088228478,40.35553109293737,52.82724352341586,71.40379114616708,49.6875207825196,82.91312204980706
2025-03-09 20:17:46.037667,641.0,575.0,367.0,2499.0,1280.0,248.0,65.60187847573307,74.39341213267645,47.37036989768502,38.21318678394635,15.38646931986365,40.371949002934066,52.74985882981904,71.29241669867446,49.57717822041965,82.98828249886331
2025-03-09 20:17:46.037667,640.0,559.0,365.0,2501.0,1279.0,240.0,65.60187847573307,74.39341213267645,47.37036989768502,38.21318678394635,15.38646931986365,40.371949002934066,52.74985882981904,71.29241669867446,49.57717822041965,82.98828249886331
2025-03-09 20:17:46.037667,642.0,560.0,348.0,2500.0,1279.0,237.0,65.60187847573307,74.39341213267645,47.37036989768502,38.21318678394635,15.38646931986365,40.371949002934066,52.74985882981904,71.29241669867446,49.57717822041965,82.98828249886331
2025-03-09 20:17:46.037667,639.0,559.0,358.0,2513.0,1280.0,243.0,65.60187847573307,74.39341213267645,47.37036989768502,38.21318678394635,15.38646931986365,40.371949002934066,52.74985882981904,71.29241669867446,49.57717822041965,82.98828249886331
2025-03-09 20:17:46.046000,631.0,560.0,359.0,2509.0,1277.0,242.0,65.57609195299419,74.28121133467634,47.368250079399076,38.23144689694201,15.37623720708799,40.39296512482119,52.6657846261786,71.17983511573003,49.4708081428708,83.07391699439896
2025-03-09 20:17:46.046000,631.0,561.0,366.0,2512.0,1267.0,250.0,65.57609195299419,74.28121133467634,47.368250079399076,38.23144689694201,15.37623720708799,40.39296512482119,52.6657846261786,71.17983511573003,49.4708081428708,83.07391699439896
2025-03-09 20:17:46.046000,630.0,564.0,353.0,2499.0,1279.0,247.0,65.57609195299419,74.28121133467634,47.368250079399076,38.23144689694201,15.37623720708799,40.39296512482119,52.6657846261786,71.17983511573003,49.4708081428708,83.07391699439896
2025-03-09 20:17:46.054333,627.0,554.0,356.0,2503.0,1274.0,244.0,65.55195068390513,74.17048323507478,47.37416912254616,38.25462151046633,15.366149616735896,40.41889434810191,52.57554912003115,71.06751069853794,49.36931464606747,83.17205007649456
2025-03-09 20:17:46.054333,626.0,560.0,354.0,2512.0,1270.0,239.0,65.55195068390513,74.17048323507478,47.37416912254616,38.25462151046633,15.366149616735896,40.41889434810191,52.57554912003115,71.06751069853794,49.36931464606747,83.17205007649456
2025-03-09 20:17:46.054333,624.0,558.0,355.0,2501.0,1278.0,245.0,65.55195068390513,74.17048323507478,47.37416912254616,38.25462151046633,15.366149616735896,40.41889434810191,52.57554912003115,71.06751069853794,49.36931464606747,83.17205007649456
2025-03-09 20:17:46.054333,625.0,567.0,350.0,2500.0,1278.0,246.0,65.55195068390513,74.17048323507478,47.37416912254616,38.25462151046633,15.366149616735896,40.41889434810191,52.57554912003115,71.06751069853794,49.36931464606747,83.17205007649456
2025-03-09 20:17:46.062667,624.0,555.0,355.0,2506.0,1278.0,245.0,65.53080153131508,74.06286648851163,47.38907228956354,38.28238426827584,15.356782741321743,40.44928520356323,52.48096111897629,70.95802600823205,49.27375295593791,83.28445127851785
2025-03-09 20:17:46.062667,619.0,555.0,363.0,2493.0,1267.0,239.0,65.53080153131508,74.06286648851163,47.38907228956354,38.28238426827584,15.356782741321743,40.44928520356323,52.48096111897629,70.95802600823205,49.27375295593791,83.28445127851785
2025-03-09 20:17:46.062667,614.0,551.0,364.0,2505.0,1280.0,249.0,65.53080153131508,74.06286648851163,47.38907228956354,38.28238426827584,15.356782741321743,40.44928520356323,52.48096111897629,70.95802600823205,49.27375295593791,83.28445127851785
2025-03-09 20:17:46.071000,613.0,546.0,364.0,2507.0,1276.0,249.0,65.51354781525417,73.95955506814481,47.41476954713637,38.314535369806784,15.34834501194143,40.48392002188286,52.38201013263691,70.8528363986978,49.185120737911426,83.41190955466256
2025-03-09 20:17:46.071000,613.0,556.0,363.0,2503.0,1278.0,247.0,65.51354781525417,73.95955506814481,47.41476954713637,38.314535369806784,15.34834501194143,40.48392002188286,52.38201013263691,70.8528363986978,49.185120737911426,83.41190955466256
2025-03-09 20:17:46.071000,612.0,547.0,368.0,2502.0,1274.0,245.0,65.51354781525417,73.95955506814481,47.41476954713637,38.314535369806784,15.34834501194143,40.48392002188286,52.38201013263691,70.8528363986978,49.185120737911426,83.41190955466256
2025-03-09 20:17:46.071000,610.0,543.0,368.0,2503.0,1295.0,247.0,65.51354781525417,73.95955506814481,47.41476954713637,38.314535369806784,15.34834501194143,40.48392002188286,52.38201013263691,70.8528363986978,49.185120737911426,83.41190955466256
2025-03-09 20:17:46.079333,606.0,550.0,359.0,2505.0,1270.0,251.0,65.50054205308406,73.86231640792874,47.45311502734632,38.350258093475226,15.34100796745048,40.52222985703204,52.27816884919308,70.75289278356608,49.10478110569356,83.55600364606325
2025-03-09 20:17:46.079333,598.0,548.0,358.0,2503.0,1264.0,267.0,65.50054205308406,73.86231640792874,47.45311502734632,38.350258093475226,15.34100796745048,40.52222985703204,52.27816884919308,70.75289278356608,49.10478110569356,83.55600364606325
2025-03-09 20:17:46.079333,597.0,536.0,359.0,2505.0,1265.0,256.0,65.50054205308406,73.86231640792874,47.45311502734632,38.350258093475226,15.34100796745048,40.52222985703204,52.27816884919308,70.75289278356608,49.10478110569356,83.55600364606325
2025-03-09 20:17:46.087667,597.0,545.0,320.0,2512.0,1265.0,258.0,65.4909218450139,73.77240145095578,47.50405715969375,38.38765500185092,15.334217930862263,40.56252681340868,52.16904606722842,70.65821195612982,49.03356213784074,83.71759329722668
2025-03-09 20:17:46.087667,602.0,538.0,362.0,2497.0,1264.0,258.0,65.4909218450139,73.77240145095578,47.50405715969375,38.38765500185092,15.334217930862263,40.56252681340868,52.16904606722842,70.65821195612982,49.03356213784074,83.71759329722668
2025-03-09 20:17:46.087667,598.0,539.0,346.0,2508.0,1264.0,245.0,65.4909218450139,73.77240145095578,47.50405715969375,38.38765500185092,15.334217930862263,40.56252681340868,52.16904606722842,70.65821195612982,49.03356213784074,83.71759329722668
2025-03-09 20:17:46.087667,595.0,555.0,355.0,2502.0,1264.0,251.0,65.4909218450139,73.77240145095578,47.50405715969375,38.38765500185092,15.334217930862263,40.56252681340868,52.16904606722842,70.65821195612982,49.03356213784074,83.71759329722668
2025-03-09 20:17:46.096000,595.0,538.0,359.0,2506.0,1264.0,247.0,65.48432018701135,73.68967931992151,47.565915967880144,38.425922007479144,15.327920266282572,40.60420534617888,52.05539817039481,70.56806920605302,48.970552117816986,83.89461209531727
2025-03-09 20:17:46.096000,597.0,542.0,361.0,2512.0,1263.0,245.0,65.48432018701135,73.68967931992151,47.565915967880144,38.425922007479144,15.327920266282572,40.60420534617888,52.05539817039481,70.56806920605302,48.970552117816986,83.89461209531727
2025-03-09 20:17:46.096000,591.0,539.0,363.0,2496.0,1255.0,259.0,65.48432018701135,73.68967931992151,47.565915967880144,38.425922007479144,15.327920266282572,40.60420534617888,52.05539817039481,70.56806920605302,48.970552117816986,83.89461209531727
2025-03-09 20:17:46.096000,585.0,528.0,358.0,2497.0,1249.0,261.0,65.48432018701135,73.68967931992151,47.565915967880144,38.425922007479144,15.327920266282572,40.60420534617888,52.05539817039481,70.56806920605302,48.970552117816986,83.89461209531727
2025-03-09 20:17:46.104333,585.0,541.0,358.0,2515.0,1257.0,253.0,65.48110389486403,73.61446267943865,47.63912903675894,38.465505153606394,15.322639610977037,40.64795157076564,51.937132871835985,70.48227207140756,48.91579456596813,84.08515697653056
2025-03-09 20:17:46.104333,586.0,542.0,363.0,2506.0,1254.0,251.0,65.48110389486403,73.61446267943865,47.63912903675894,38.465505153606394,15.322639610977037,40.64795157076564,51.937132871835985,70.48227207140756,48.91579456596813,84.08515697653056
2025-03-09 20:17:46.104333,581.0,539.0,359.0,2480.0,1259.0,251.0,65.48110389486403,73.61446267943865,47.63912903675894,38.465505153606394,15.322639610977037,40.64795157076564,51.937132871835985,70.48227207140756,48.91579456596813,84.08515697653056
2025-03-09 20:17:46.112667,577.0,542.0,366.0,2511.0,1251.0,262.0,65.48134670921486,73.54771271233282,47.72543665546987,38.506451457871464,15.318602243178015,40.694111361843085,51.81289915041575,70.4006837139147,48.87027518705172,84.28988522991433
2025-03-09 20:17:46.112667,576.0,536.0,358.0,2512.0,1258.0,254.0,65.48134670921486,73.54771271233282,47.72543665546987,38.506451457871464,15.318602243178015,40.694111361843085,51.81289915041575,70.4006837139147,48.87027518705172,84.28988522991433
2025-03-09 20:17:46.112667,573.0,528.0,357.0,2508.0,1250.0,255.0,65.48134670921486,73.54771271233282,47.72543665546987,38.506451457871464,15.318602243178015,40.694111361843085,51.81289915041575,70.4006837139147,48.87027518705172,84.28988522991433
2025-03-09 20:17:46.112667,571.0,532.0,353.0,2506.0,1248.0,251.0,65.48134670921486,73.54771271233282,47.72543665546987,38.506451457871464,15.318602243178015,40.694111361843085,51.81289915041575,70.4006837139147,48.87027518705172,84.28988522991433
2025-03-09 20:17:46.121000,567.0,530.0,354.0,2509.0,1247.0,254.0,65.48475784262017,73.48966899208594,47.82595101151084,38.54821437484409,15.316143558441105,40.742372597148545,51.68186634900423,70.32296458585607,48.83403219673822,84.50990035875782
2025-03-09 20:17:46.121000,569.0,528.0,354.0,2507.0,1257.0,254.0,65.48475784262017,73.48966899208594,47.82595101151084,38.54821437484409,15.316143558441105,40.742372597148545,51.68186634900423,70.32296458585607,48.83403219673822,84.50990035875782
2025-03-09 20:17:46.121000,571.0,534.0,313.0,2510.0,1246.0,253.0,65.48475784262017,73.48966899208594,47.82595101151084,38.54821437484409,15.316143558441105,40.742372597148545,51.68186634900423,70.32296458585607,48.83403219673822,84.50990035875782
2025-03-09 20:17:46.129333,569.0,533.0,334.0,2505.0,1255.0,256.0,65.48921636247128,73.44004485475337,47.94048134183896,38.590306494681215,15.315321220673885,40.79203353154327,51.543765344899434,70.24902866668967,48.80834755481998,84.74584599863502
2025-03-09 20:17:46.129333,567.0,532.0,336.0,2507.0,1249.0,253.0,65.48921636247128,73.44004485475337,47.94048134183896,38.590306494681215,15.315321220673885,40.79203353154327,51.543765344899434,70.24902866668967,48.80834755481998,84.74584599863502
2025-03-09 20:17:46.129333,571.0,525.0,354.0,2511.0,1243.0,261.0,65.48921636247128,73.44004485475337,47.94048134183896,38.590306494681215,15.315321220673885,40.79203353154327,51.543765344899434,70.24902866668967,48.80834755481998,84.74584599863502
2025-03-09 20:17:46.129333,559.0,527.0,350.0,2511.0,1246.0,256.0,65.48921636247128,73.44004485475337,47.94048134183896,38.590306494681215,15.315321220673885,40.79203353154327,51.543765344899434,70.24902866668967,48.80834755481998,84.74584599863502
2025-03-09 20:17:46.137667,560.0,511.0,362.0,2519.0,1243.0,263.0,65.49289578687247,73.39937484279862,48.06680693861219,38.631902675840365,15.31625947368428,40.84210280854788,51.400376724955855,70.17952616380009,48.79451275660563,84.99790770914582
2025-03-09 20:17:46.137667,560.0,526.0,357.0,2500.0,1296.0,256.0,65.49289578687247,73.39937484279862,48.06680693861219,38.631902675840365,15.31625947368428,40.84210280854788,51.400376724955855,70.17952616380009,48.79451275660563,84.99790770914582
2025-03-09 20:17:46.137667,557.0,511.0,351.0,2512.0,1246.0,263.0,65.49289578687247,73.39937484279862,48.06680693861219,38.631902675840365,15.31625947368428,40.84210280854788,51.400376724955855,70.17952616380009,48.79451275660563,84.99790770914582
2025-03-09 20:17:46.146000,557.0,511.0,347.0,2512.0,1248.0,257.0,65.4974091585597,73.36852758126349,48.202913152230636,38.67234580923561,15.31909460658966,40.89202517274707,51.2544444515844,70.11563337242394,48.79135461421103,85.2643275530309
2025-03-09 20:17:46.146000,557.0,511.0,347.0,2510.0,1242.0,250.0,65.4974091585597,73.36852758126349,48.202913152230636,38.67234580923561,15.31909460658966,40.89202517274707,51.2544444515844,70.11563337242394,48.79135461421103,85.2643275530309
2025-03-09 20:17:46.146000,554.0,528.0,367.0,2510.0,1247.0,256.0,65.4974091585597,73.36852758126349,48.202913152230636,38.67234580923561,15.31909460658966,40.89202517274707,51.2544444515844,70.11563337242394,48.79135461421103,85.2643275530309
2025-03-09 20:17:46.146000,550.0,528.0,353.0,2507.0,1245.0,263.0,65.4974091585597,73.36852758126349,48.202913152230636,38.67234580923561,15.31909460658966,40.89202517274707,51.2544444515844,70.11563337242394,48.79135461421103,85.2643275530309
2025-03-09 20:17:46.154333,551.0,528.0,341.0,2507.0,1239.0,242.0,65.50429776192591,73.34834643739053,48.350529960355075,38.711575957618216,15.323313194326271,40.94161412196264,51.10536930131952,70.05855490090124,48.79928910829155,85.5433444835522
2025-03-09 20:17:46.154333,551.0,528.0,355.0,2504.0,1236.0,259.0,65.50429776192591,73.34834643739053,48.350529960355075,38.711575957618216,15.323313194326271,40.94161412196264,51.10536930131952,70.05855490090124,48.79928910829155,85.5433444835522
2025-03-09 20:17:46.154333,549.0,511.0,355.0,2512.0,1234.0,262.0,65.50429776192591,73.34834643739053,48.350529960355075,38.711575957618216,15.323313194326271,40.94161412196264,51.10536930131952,70.05855490090124,48.79928910829155,85.5433444835522
2025-03-09 20:17:46.162667,547.0,528.0,359.0,2511.0,1237.0,250.0,65.51234964398795,73.33834131098762,48.51374429411734,38.75023217159133,15.328684824855822,40.99122703430588,50.949437002279076,70.00808170955375,48.82034176308786,85.8334840167655
2025-03-09 20:17:46.162667,547.0,511.0,358.0,2522.0,1233.0,259.0,65.51234964398795,73.33834131098762,48.51374429411734,38.75023217159133,15.328684824855822,40.99122703430588,50.949437002279076,70.00808170955375,48.82034176308786,85.8334840167655
2025-03-09 20:17:46.162667,544.0,528.0,357.0,2498.0,1234.0,263.0,65.51234964398795,73.33834131098762,48.51374429411734,38.75023217159133,15.328684824855822,40.99122703430588,50.949437002279076,70.00808170955375,48.82034176308786,85.8334840167655
2025-03-09 20:17:46.162667,546.0,511.0,358.0,2511.0,1232.0,261.0,65.51234964398795,73.33834131098762,48.51374429411734,38.75023217159133,15.328684824855822,40.99122703430588,50.949437002279076,70.00808170955375,48.82034176308786,85.8334840167655
2025-03-09 20:17:46.171000,542.0,511.0,378.0,2525.0,1223.0,262.0,65.51979814879857,73.33711395379065,48.69648556172174,38.78967276066346,15.335935510540708,41.04204701295329,50.78320121782715,69.96333940741809,48.85602636595462,86.13327510133205
2025-03-09 20:17:46.171000,538.0,507.0,354.0,2512.0,1230.0,267.0,65.51979814879857,73.33711395379065,48.69648556172174,38.78967276066346,15.335935510540708,41.04204701295329,50.78320121782715,69.96333940741809,48.85602636595462,86.13327510133205
2025-03-09 20:17:46.171000,543.0,509.0,349.0,2511.0,1232.0,265.0,65.51979814879857,73.33711395379065,48.69648556172174,38.78967276066346,15.335935510540708,41.04204701295329,50.78320121782715,69.96333940741809,48.85602636595462,86.13327510133205
2025-03-09 20:17:46.171000,538.0,511.0,368.0,2512.0,1228.0,263.0,65.51979814879857,73.33711395379065,48.69648556172174,38.78967276066346,15.335935510540708,41.04204701295329,50.78320121782715,69.96333940741809,48.85602636595462,86.13327510133205
2025-03-09 20:17:46.179333,539.0,510.0,357.0,2513.0,1227.0,261.0,65.52597723991985,73.34395731159833,48.896756312893295,38.831361344959184,15.344946791750322,41.09539943549631,50.60708317149132,69.92356429975351,48.906606639973425,86.44182437053783
2025-03-09 20:17:46.179333,541.0,510.0,362.0,2511.0,1223.0,266.0,65.52597723991985,73.34395731159833,48.896756312893295,38.831361344959184,15.344946791750322,41.09539943549631,50.60708317149132,69.92356429975351,48.906606639973425,86.44182437053783
2025-03-09 20:17:46.179333,544.0,511.0,348.0,2512.0,1228.0,265.0,65.52597723991985,73.34395731159833,48.896756312893295,38.831361344959184,15.344946791750322,41.09539943549631,50.60708317149132,69.92356429975351,48.906606639973425,86.44182437053783
2025-03-09 20:17:46.187667,535.0,511.0,343.0,2513.0,1217.0,262.0,65.53007113979201,73.35743271767699,49.1062085632378,38.87634367661185,15.354858148178138,41.15223480504553,50.42480731235562,69.88680829444921,48.96987058076096,86.75720476851569
2025-03-09 20:17:46.187667,530.0,559.0,360.0,2518.0,1197.0,260.0,65.53007113979201,73.35743271767699,49.1062085632378,38.87634367661185,15.354858148178138,41.15223480504553,50.42480731235562,69.88680829444921,48.96987058076096,86.75720476851569
2025-03-09 20:17:46.187667,528.0,507.0,357.0,2496.0,1215.0,267.0,65.53007113979201,73.35743271767699,49.1062085632378,38.87634367661185,15.354858148178138,41.15223480504553,50.42480731235562,69.88680829444921,48.96987058076096,86.75720476851569
2025-03-09 20:17:46.187667,528.0,511.0,369.0,2514.0,1225.0,272.0,65.53007113979201,73.35743271767699,49.1062085632378,38.87634367661185,15.354858148178138,41.15223480504553,50.42480731235562,69.88680829444921,48.96987058076096,86.75720476851569
2025-03-09 20:17:46.196000,528.0,535.0,362.0,2514.0,1217.0,266.0,65.53070572273587,73.37688521439155,49.320638878013106,38.92587266231886,15.363685133776778,41.21317512075644,50.2367453748923,69.85236523943601,49.04681408897617,87.07924262141904
2025-03-09 20:17:46.196000,532.0,506.0,336.0,2517.0,1214.0,264.0,65.53070572273587,73.37688521439155,49.320638878013106,38.92587266231886,15.363685133776778,41.21317512075644,50.2367453748923,69.85236523943601,49.04681408897617,87.07924262141904
2025-03-09 20:17:46.196000,528.0,511.0,355.0,2519.0,1217.0,267.0,65.53070572273587,73.37688521439155,49.320638878013106,38.92587266231886,15.363685133776778,41.21317512075644,50.2367453748923,69.85236523943601,49.04681408897617,87.07924262141904
2025-03-09 20:17:46.204333,532.0,511.0,355.0,2512.0,1202.0,303.0,65.52674976117352,73.4015126891558,49.542446896537534,38.98410160423035,15.370206351085441,41.28140604880096,50.03923488092251,69.8204092541539,49.141620247694426,87.403698564157
2025-03-09 20:17:46.204333,528.0,528.0,356.0,2517.0,1203.0,243.0,65.52674976117352,73.4015126891558,49.542446896537534,38.98410160423035,15.370206351085441,41.28140604880096,50.03923488092251,69.8204092541539,49.141620247694426,87.403698564157
2025-03-09 20:17:46.204333,530.0,511.0,354.0,2518.0,1201.0,261.0,65.52674976117352,73.4015126891558,49.542446896537534,38.98410160423035,15.370206351085441,41.28140604880096,50.03923488092251,69.8204092541539,49.141620247694426,87.403698564157
2025-03-09 20:17:46.204333,528.0,531.0,355.0,2517.0,1202.0,265.0,65.52674976117352,73.4015126891558,49.542446896537534,38.98410160423035,15.370206351085441,41.28140604880096,50.03923488092251,69.8204092541539,49.141620247694426,87.403698564157
2025-03-09 20:17:46.212667,528.0,508.0,351.0,2521.0,1202.0,268.0,65.51703628622641,73.42788908299634,49.77473357179288,39.04496999335492,15.37911765062447,41.35255947638994,49.83273538674154,69.78771147707208,49.245406115579776,87.71784554902727
2025-03-09 20:17:46.212667,511.0,533.0,350.0,2519.0,1203.0,271.0,65.51703628622641,73.42788908299634,49.77473357179288,39.04496999335492,15.37911765062447,41.35255947638994,49.83273538674154,69.78771147707208,49.245406115579776,87.71784554902727
2025-03-09 20:17:46.212667,528.0,506.0,352.0,2513.0,1199.0,271.0,65.51703628622641,73.42788908299634,49.77473357179288,39.04496999335492,15.37911765062447,41.35255947638994,49.83273538674154,69.78771147707208,49.245406115579776,87.71784554902727
2025-03-09 20:17:46.221000,528.0,501.0,349.0,2518.0,1200.0,269.0,65.50141358964451,73.4539410458094,50.019382966307376,39.096618414518225,15.395299088343165,41.417311476094525,49.6201752463523,69.7512933972865,49.34546949969891,88.01430944789801
2025-03-09 20:17:46.221000,527.0,504.0,357.0,2587.0,1200.0,270.0,65.50141358964451,73.4539410458094,50.019382966307376,39.096618414518225,15.395299088343165,41.417311476094525,49.6201752463523,69.7512933972865,49.34546949969891,88.01430944789801
2025-03-09 20:17:46.221000,526.0,506.0,349.0,2523.0,1191.0,267.0,65.50141358964451,73.4539410458094,50.019382966307376,39.096618414518225,15.395299088343165,41.417311476094525,49.6201752463523,69.7512933972865,49.34546949969891,88.01430944789801
2025-03-09 20:17:46.221000,511.0,506.0,347.0,2526.0,1194.0,272.0,65.50141358964451,73.4539410458094,50.019382966307376,39.096618414518225,15.395299088343165,41.417311476094525,49.6201752463523,69.7512933972865,49.34546949969891,88.01430944789801
2025-03-09 20:17:46.229333,511.0,498.0,350.0,2523.0,1191.0,271.0,65.48148811432132,73.47979038580102,50.27652009307932,39.144903939919246,15.415316487885379,41.47967362234971,49.39996303921085,69.71372888261875,49.447401032477615,88.29241361782361
2025-03-09 20:17:46.229333,525.0,507.0,378.0,2503.0,1190.0,269.0,65.48148811432132,73.47979038580102,50.27652009307932,39.144903939919246,15.415316487885379,41.47967362234971,49.39996303921085,69.71372888261875,49.447401032477615,88.29241361782361
2025-03-09 20:17:46.229333,526.0,505.0,355.0,2539.0,1189.0,267.0,65.48148811432132,73.47979038580102,50.27652009307932,39.144903939919246,15.415316487885379,41.47967362234971,49.39996303921085,69.71372888261875,49.447401032477615,88.29241361782361
2025-03-09 20:17:46.237667,523.0,501.0,339.0,2526.0,1185.0,273.0,65.45945970566089,73.50630480552343,50.54730747987192,39.19606400178928,15.436155401528293,41.54423369732945,49.170206282057215,69.67789842040608,49.55728716314076,88.55208383366893
2025-03-09 20:17:46.237667,525.0,507.0,355.0,2511.0,1187.0,270.0,65.45945970566089,73.50630480552343,50.54730747987192,39.19606400178928,15.436155401528293,41.54423369732945,49.170206282057215,69.67789842040608,49.55728716314076,88.55208383366893
2025-03-09 20:17:46.237667,511.0,511.0,363.0,2519.0,1179.0,272.0,65.45945970566089,73.50630480552343,50.54730747987192,39.19606400178928,15.436155401528293,41.54423369732945,49.170206282057215,69.67789842040608,49.55728716314076,88.55208383366893
2025-03-09 20:17:46.237667,524.0,501.0,351.0,2521.0,1181.0,272.0,65.45945970566089,73.50630480552343,50.54730747987192,39.19606400178928,15.436155401528293,41.54423369732945,49.170206282057215,69.67789842040608,49.55728716314076,88.55208383366893
2025-03-09 20:17:46.246000,511.0,511.0,348.0,2527.0,1179.0,272.0,65.43635911695684,73.53377002835138,50.83328557906246,39.248086784939765,15.4584600498885,41.609549377197084,48.93067067570383,69.6434797126487,49.67311669928316,88.79397312893234
2025-03-09 20:17:46.246000,511.0,476.0,326.0,2530.0,1179.0,272.0,65.43635911695684,73.53377002835138,50.83328557906246,39.248086784939765,15.4584600498885,41.609549377197084,48.93067067570383,69.6434797126487,49.67311669928316,88.79397312893234
2025-03-09 20:17:46.246000,511.0,528.0,349.0,2526.0,1180.0,271.0,65.43635911695684,73.53377002835138,50.83328557906246,39.248086784939765,15.4584600498885,41.609549377197084,48.93067067570383,69.6434797126487,49.67311669928316,88.79397312893234
2025-03-09 20:17:46.246000,511.0,486.0,358.0,2532.0,1174.0,272.0,65.43635911695684,73.53377002835138,50.83328557906246,39.248086784939765,15.4584600498885,41.609549377197084,48.93067067570383,69.6434797126487,49.67311669928316,88.79397312893234
2025-03-09 20:17:46.254333,525.0,501.0,347.0,2531.0,1178.0,271.0,65.41320005407593,73.56255076952564,51.13296574569456,39.300575482830176,15.482603316694087,41.6756648246841,48.68263705749998,69.60996410806493,49.79333098162542,89.01989033782785
2025-03-09 20:17:46.254333,511.0,500.0,342.0,2531.0,1174.0,273.0,65.41320005407593,73.56255076952564,51.13296574569456,39.300575482830176,15.482603316694087,41.6756648246841,48.68263705749998,69.60996410806493,49.79333098162542,89.01989033782785
2025-03-09 20:17:46.254333,511.0,499.0,347.0,2534.0,1168.0,273.0,65.41320005407593,73.56255076952564,51.13296574569456,39.300575482830176,15.482603316694087,41.6756648246841,48.68263705749998,69.60996410806493,49.79333098162542,89.01989033782785
2025-03-09 20:17:46.262667,511.0,495.0,330.0,2532.0,1169.0,275.0,65.39126875216402,73.59317254576959,51.4420177150494,39.35363327367048,15.508655172326351,41.74299962637815,48.42936350175356,69.57711479108652,49.91614656453438,89.23254622536409
2025-03-09 20:17:46.262667,511.0,503.0,368.0,2542.0,1168.0,274.0,65.39126875216402,73.59317254576959,51.4420177150494,39.35363327367048,15.508655172326351,41.74299962637815,48.42936350175356,69.57711479108652,49.91614656453438,89.23254622536409
2025-03-09 20:17:46.262667,511.0,497.0,340.0,2533.0,1170.0,273.0,65.39126875216402,73.59317254576959,51.4420177150494,39.35363327367048,15.508655172326351,41.74299962637815,48.42936350175356,69.57711479108652,49.91614656453438,89.23254622536409
2025-03-09 20:17:46.262667,511.0,497.0,341.0,2535.0,1168.0,274.0,65.39126875216402,73.59317254576959,51.4420177150494,39.35363327367048,15.508655172326351,41.74299962637815,48.42936350175356,69.57711479108652,49.91614656453438,89.23254622536409
2025-03-09 20:17:46.271000,509.0,509.0,345.0,2535.0,1168.0,275.0,65.3718577630917,73.62615830546804,51.75875591110638,39.410892037576176,15.535730683332513,41.81467639601888,48.17146828292163,69.54574474178814,50.04366922529921,89.43361350873593
2025-03-09 20:17:46.271000,511.0,502.0,343.0,2539.0,1174.0,275.0,65.3718577630917,73.62615830546804,51.75875591110638,39.410892037576176,15.535730683332513,41.81467639601888,48.17146828292163,69.54574474178814,50.04366922529921,89.43361350873593
2025-03-09 20:17:46.271000,511.0,494.0,342.0,2544.0,1166.0,278.0,65.3718577630917,73.62615830546804,51.75875591110638,39.410892037576176,15.535730683332513,41.81467639601888,48.17146828292163,69.54574474178814,50.04366922529921,89.43361350873593
2025-03-09 20:17:46.279333,511.0,496.0,343.0,2544.0,1167.0,282.0,65.35653265147495,73.66151050908528,52.08408019273165,39.47682901474458,15.561788562299023,41.893704129322664,47.90818261797495,69.51854485678682,50.180120778276574,89.62308987677055
2025-03-09 20:17:46.279333,511.0,491.0,344.0,2543.0,1166.0,281.0,65.35653265147495,73.66151050908528,52.08408019273165,39.47682901474458,15.561788562299023,41.893704129322664,47.90818261797495,69.51854485678682,50.180120778276574,89.62308987677055
2025-03-09 20:17:46.279333,511.0,501.0,345.0,2544.0,1171.0,265.0,65.35653265147495,73.66151050908528,52.08408019273165,39.47682901474458,15.561788562299023,41.893704129322664,47.90818261797495,69.51854485678682,50.180120778276574,89.62308987677055
2025-03-09 20:17:46.279333,509.0,496.0,341.0,2545.0,1166.0,286.0,65.35653265147495,73.66151050908528,52.08408019273165,39.47682901474458,15.561788562299023,41.893704129322664,47.90818261797495,69.51854485678682,50.180120778276574,89.62308987677055
2025-03-09 20:17:46.287667,511.0,495.0,347.0,2544.0,1164.0,289.0,65.34671502746446,73.69936949499994,52.41759580829221,39.55130392846694,15.58517569124011,41.978723260936974,47.64162826791012,69.49915778138698,50.32699635737197,89.80375225170081
2025-03-09 20:17:46.287667,511.0,496.0,342.0,2545.0,1167.0,283.0,65.34671502746446,73.69936949499994,52.41759580829221,39.55130392846694,15.58517569124011,41.978723260936974,47.64162826791012,69.49915778138698,50.32699635737197,89.80375225170081
2025-03-09 20:17:46.287667,511.0,501.0,339.0,2544.0,1171.0,283.0,65.34671502746446,73.69936949499994,52.41759580829221,39.55130392846694,15.58517569124011,41.978723260936974,47.64162826791012,69.49915778138698,50.32699635737197,89.80375225170081
2025-03-09 20:17:46.296000,509.0,495.0,345.0,2549.0,1168.0,293.0,65.34260728336449,73.73971547857259,52.75766978615869,39.63143311003227,15.605699023797689,42.06672194590646,47.37450615721852,69.48888017705774,50.48274201228171,89.98034176836674
2025-03-09 20:17:46.296000,511.0,477.0,339.0,2548.0,1168.0,293.0,65.34260728336449,73.73971547857259,52.75766978615869,39.63143311003227,15.605699023797689,42.06672194590646,47.37450615721852,69.48888017705774,50.48274201228171,89.98034176836674
2025-03-09 20:17:46.296000,511.0,470.0,337.0,2553.0,1168.0,294.0,65.34260728336449,73.73971547857259,52.75766978615869,39.63143311003227,15.605699023797689,42.06672194590646,47.37450615721852,69.48888017705774,50.48274201228171,89.98034176836674
2025-03-09 20:17:46.296000,511.0,478.0,336.0,2550.0,1168.0,291.0,65.34260728336449,73.73971547857259,52.75766978615869,39.63143311003227,15.605699023797689,42.06672194590646,47.37450615721852,69.48888017705774,50.48274201228171,89.98034176836674
2025-03-09 20:17:46.304333,511.0,496.0,341.0,2550.0,1168.0,291.0,65.34559453930822,73.78338005692753,53.10275971689727,39.714334200644565,15.624883155392736,42.155706731130934,47.1101446144971,69.48784244923864,50.64411091849863,90.15757935336025
2025-03-09 20:17:46.304333,511.0,496.0,336.0,2555.0,1168.0,294.0,65.34559453930822,73.78338005692753,53.10275971689727,39.714334200644565,15.624883155392736,42.155706731130934,47.1101446144971,69.48784244923864,50.64411091849863,90.15757935336025
2025-03-09 20:17:46.304333,508.0,496.0,337.0,2556.0,1168.0,292.0,65.34559453930822,73.78338005692753,53.10275971689727,39.714334200644565,15.624883155392736,42.155706731130934,47.1101446144971,69.48784244923864,50.64411091849863,90.15757935336025
2025-03-09 20:17:46.312667,511.0,448.0,342.0,2557.0,1174.0,301.0,65.35880829441324,73.83084470576995,53.45047997339922,39.79760667457145,15.645130000155694,42.24441511528544,46.85379058211107,69.4961709184771,50.80602367152121,90.33768323559197
2025-03-09 20:17:46.312667,511.0,458.0,336.0,2554.0,1171.0,298.0,65.35880829441324,73.83084470576995,53.45047997339922,39.79760667457145,15.645130000155694,42.24441511528544,46.85379058211107,69.4961709184771,50.80602367152121,90.33768323559197
2025-03-09 20:17:46.312667,510.0,489.0,344.0,2559.0,1170.0,302.0,65.35880829441324,73.83084470576995,53.45047997339922,39.79760667457145,15.645130000155694,42.24441511528544,46.85379058211107,69.4961709184771,50.80602367152121,90.33768323559197
2025-03-09 20:17:46.312667,511.0,495.0,341.0,2559.0,1174.0,303.0,65.35880829441324,73.83084470576995,53.45047997339922,39.79760667457145,15.645130000155694,42.24441511528544,46.85379058211107,69.4961709184771,50.80602367152121,90.33768323559197
2025-03-09 20:17:46.321000,511.0,487.0,341.0,2557.0,1171.0,305.0,65.38499982838435,73.88105988209361,53.80158142228114,39.8798141104313,15.66816782010645,42.33242787659142,46.606604092947734,69.51212345522964,50.96363687760887,90.51887930510331
2025-03-09 20:17:46.321000,511.0,499.0,339.0,2559.0,1181.0,301.0,65.38499982838435,73.88105988209361,53.80158142228114,39.8798141104313,15.66816782010645,42.33242787659142,46.606604092947734,69.51212345522964,50.96363687760887,90.51887930510331
2025-03-09 20:17:46.321000,507.0,495.0,348.0,2559.0,1175.0,304.0,65.38499982838435,73.88105988209361,53.80158142228114,39.8798141104313,15.66816782010645,42.33242787659142,46.606604092947734,69.51212345522964,50.96363687760887,90.51887930510331
2025-03-09 20:17:46.321000,510.0,499.0,337.0,2559.0,1178.0,303.0,65.38499982838435,73.88105988209361,53.80158142228114,39.8798141104313,15.66816782010645,42.33242787659142,46.606604092947734,69.51212345522964,50.96363687760887,90.51887930510331
2025-03-09 20:17:46.329333,511.0,489.0,338.0,2559.0,1183.0,303.0,65.42560663165693,73.931591545202,54.15566292776717,39.96003988303569,15.694827495605411,42.419642590505156,46.36844295904839,69.53220812923321,51.111857483350455,90.70062109011944
2025-03-09 20:17:46.329333,505.0,507.0,343.0,2559.0,1184.0,304.0,65.42560663165693,73.931591545202,54.15566292776717,39.96003988303569,15.694827495605411,42.419642590505156,46.36844295904839,69.53220812923321,51.111857483350455,90.70062109011944
2025-03-09 20:17:46.329333,509.0,495.0,345.0,2559.0,1183.0,306.0,65.42560663165693,73.931591545202,54.15566292776717,39.96003988303569,15.694827495605411,42.419642590505156,46.36844295904839,69.53220812923321,51.111857483350455,90.70062109011944
2025-03-09 20:17:46.337667,506.0,489.0,339.0,2559.0,1188.0,306.0,65.48033381988175,73.9784401003057,54.50572984944029,40.03878414723793,15.72499764638854,42.506700546605465,46.14236736772443,69.55243758352844,51.24512833406713,90.88744509240334
2025-03-09 20:17:46.337667,506.0,485.0,341.0,2559.0,1182.0,307.0,65.48033381988175,73.9784401003057,54.50572984944029,40.03878414723793,15.72499764638854,42.506700546605465,46.14236736772443,69.55243758352844,51.24512833406713,90.88744509240334
2025-03-09 20:17:46.337667,509.0,495.0,341.0,2559.0,1185.0,307.0,65.48033381988175,73.9784401003057,54.50572984944029,40.03878414723793,15.72499764638854,42.506700546605465,46.14236736772443,69.55243758352844,51.24512833406713,90.88744509240334
2025-03-09 20:17:46.337667,510.0,493.0,340.0,2559.0,1185.0,305.0,65.48033381988175,73.9784401003057,54.50572984944029,40.03878414723793,15.72499764638854,42.506700546605465,46.14236736772443,69.55243758352844,51.24512833406713,90.88744509240334
2025-03-09 20:17:46.346000,509.0,493.0,341.0,2586.0,1200.0,311.0,65.54788154872217,74.01861377464223,54.84778949736872,40.11904107585616,15.758679391753187,42.59627060264199,45.92926407805007,69.57030651176308,51.36224487604221,91.08389870313957
2025-03-09 20:17:46.346000,503.0,489.0,337.0,2559.0,1198.0,314.0,65.54788154872217,74.01861377464223,54.84778949736872,40.11904107585616,15.758679391753187,42.59627060264199,45.92926407805007,69.57030651176308,51.36224487604221,91.08389870313957
2025-03-09 20:17:46.346000,501.0,493.0,338.0,2559.0,1197.0,310.0,65.54788154872217,74.01861377464223,54.84778949736872,40.11904107585616,15.758679391753187,42.59627060264199,45.92926407805007,69.57030651176308,51.36224487604221,91.08389870313957
2025-03-09 20:17:46.346000,505.0,494.0,336.0,2559.0,1210.0,320.0,65.54788154872217,74.01861377464223,54.84778949736872,40.11904107585616,15.758679391753187,42.59627060264199,45.92926407805007,69.57030651176308,51.36224487604221,91.08389870313957
2025-03-09 20:17:46.354333,508.0,490.0,342.0,2587.0,1201.0,313.0,65.62793290502323,74.05037005573077,55.18236955097686,40.206454195053446,15.795305133104051,42.69322880977445,45.7267345553525,69.58484624670443,51.465937900951246,91.2893344854082
2025-03-09 20:17:46.354333,503.0,486.0,338.0,2559.0,1205.0,318.0,65.62793290502323,74.05037005573077,55.18236955097686,40.206454195053446,15.795305133104051,42.69322880977445,45.7267345553525,69.58484624670443,51.465937900951246,91.2893344854082
2025-03-09 20:17:46.354333,504.0,486.0,343.0,2584.0,1205.0,319.0,65.62793290502323,74.05037005573077,55.18236955097686,40.206454195053446,15.795305133104051,42.69322880977445,45.7267345553525,69.58484624670443,51.465937900951246,91.2893344854082
2025-03-09 20:17:46.362667,505.0,487.0,339.0,2584.0,1206.0,318.0,65.72037267319521,74.07387057802268,55.510838710425915,40.30484060416454,15.833410613140078,42.80052020217141,45.53228932311517,69.59681002118013,51.56036473253887,91.50030114055703
2025-03-09 20:17:46.362667,501.0,485.0,341.0,2559.0,1222.0,329.0,65.72037267319521,74.07387057802268,55.510838710425915,40.30484060416454,15.833410613140078,42.80052020217141,45.53228932311517,69.59681002118013,51.56036473253887,91.50030114055703
2025-03-09 20:17:46.362667,504.0,491.0,337.0,2559.0,1226.0,327.0,65.72037267319521,74.07387057802268,55.510838710425915,40.30484060416454,15.833410613140078,42.80052020217141,45.53228932311517,69.59681002118013,51.56036473253887,91.50030114055703
2025-03-09 20:17:46.362667,499.0,485.0,343.0,2559.0,1221.0,326.0,65.72037267319521,74.07387057802268,55.510838710425915,40.30484060416454,15.833410613140078,42.80052020217141,45.53228932311517,69.59681002118013,51.56036473253887,91.50030114055703
2025-03-09 20:17:46.371000,504.0,484.0,339.0,2585.0,1227.0,325.0,65.8205768974799,74.08872573088027,55.8340477681542,40.41189433728718,15.871259149004997,42.91522038552794,45.34281433304693,69.60581563313151,51.64822333541534,91.70551347233027
2025-03-09 20:17:46.371000,501.0,484.0,337.0,2559.0,1229.0,331.0,65.8205768974799,74.08872573088027,55.8340477681542,40.41189433728718,15.871259149004997,42.91522038552794,45.34281433304693,69.60581563313151,51.64822333541534,91.70551347233027
2025-03-09 20:17:46.371000,501.0,490.0,335.0,2559.0,1227.0,330.0,65.8205768974799,74.08872573088027,55.8340477681542,40.41189433728718,15.871259149004997,42.91522038552794,45.34281433304693,69.60581563313151,51.64822333541534,91.70551347233027
2025-03-09 20:17:46.379333,501.0,483.0,338.0,2589.0,1231.0,329.0,65.92083052486915,74.09217427800897,56.149668567170025,40.51933116773074,15.906964797955276,43.02869842297363,45.15688986251975,69.60939314045162,51.72744036775212,91.88788471740921
2025-03-09 20:17:46.379333,501.0,487.0,336.0,2597.0,1247.0,340.0,65.92083052486915,74.09217427800897,56.149668567170025,40.51933116773074,15.906964797955276,43.02869842297363,45.15688986251975,69.60939314045162,51.72744036775212,91.88788471740921
2025-03-09 20:17:46.379333,498.0,489.0,342.0,2595.0,1247.0,338.0,65.92083052486915,74.09217427800897,56.149668567170025,40.51933116773074,15.906964797955276,43.02869842297363,45.15688986251975,69.60939314045162,51.72744036775212,91.88788471740921
2025-03-09 20:17:46.387667,501.0,480.0,329.0,2598.0,1250.0,339.0,66.01568309669459,74.08200429974845,56.45486862101929,40.61938814524667,15.939434098874154,43.13321867703377,44.974898256378815,69.60540442018247,51.79461452461374,92.04144714090289
2025-03-09 20:17:46.387667,501.0,479.0,339.0,2592.0,1251.0,341.0,66.01568309669459,74.08200429974845,56.45486862101929,40.61938814524667,15.939434098874154,43.13321867703377,44.974898256378815,69.60540442018247,51.79461452461374,92.04144714090289
2025-03-09 20:17:46.387667,497.0,483.0,344.0,2589.0,1251.0,342.0,66.01568309669459,74.08200429974845,56.45486862101929,40.61938814524667,15.939434098874154,43.13321867703377,44.974898256378815,69.60540442018247,51.79461452461374,92.04144714090289
2025-03-09 20:17:46.387667,502.0,487.0,336.0,2593.0,1253.0,350.0,66.01568309669459,74.08200429974845,56.45486862101929,40.61938814524667,15.939434098874154,43.13321867703377,44.974898256378815,69.60540442018247,51.79461452461374,92.04144714090289
2025-03-09 20:17:46.396000,502.0,479.0,336.0,2559.0,1257.0,351.0,66.10001469000562,74.05562752915867,56.74683924507167,40.71156382862849,15.968225766604899,43.22840710981488,44.79421361358612,69.5894449079409,51.848438094048845,92.17349764100071
2025-03-09 20:17:46.396000,498.0,488.0,332.0,2589.0,1257.0,349.0,66.10001469000562,74.05562752915867,56.74683924507167,40.71156382862849,15.968225766604899,43.22840710981488,44.79421361358612,69.5894449079409,51.848438094048845,92.17349764100071
2025-03-09 20:17:46.396000,496.0,474.0,337.0,2593.0,1272.0,353.0,66.10001469000562,74.05562752915867,56.74683924507167,40.71156382862849,15.968225766604899,43.22840710981488,44.79421361358612,69.5894449079409,51.848438094048845,92.17349764100071
2025-03-09 20:17:46.396000,494.0,487.0,336.0,2595.0,1274.0,358.0,66.10001469000562,74.05562752915867,56.74683924507167,40.71156382862849,15.968225766604899,43.22840710981488,44.79421361358612,69.5894449079409,51.848438094048845,92.17349764100071
2025-03-09 20:17:46.404333,495.0,485.0,336.0,2596.0,1276.0,361.0,66.16620889604474,74.00779734895943,57.022823753591595,40.79976978521927,15.992581911684034,43.31808957228695,44.60749592354968,69.5532815542212,51.888217451990215,92.29023613196411
2025-03-09 20:17:46.404333,495.0,476.0,336.0,2594.0,1278.0,356.0,66.16620889604474,74.00779734895943,57.022823753591595,40.79976978521927,15.992581911684034,43.31808957228695,44.60749592354968,69.5532815542212,51.888217451990215,92.29023613196411
2025-03-09 20:17:46.404333,494.0,489.0,338.0,2593.0,1280.0,365.0,66.16620889604474,74.00779734895943,57.022823753591595,40.79976978521927,15.992581911684034,43.31808957228695,44.60749592354968,69.5532815542212,51.888217451990215,92.29023613196411
2025-03-09 20:17:46.404333,496.0,487.0,342.0,2599.0,1280.0,359.0,66.16620889604474,74.00779734895943,57.022823753591595,40.79976978521927,15.992581911684034,43.31808957228695,44.60749592354968,69.5532815542212,51.888217451990215,92.29023613196411
2025-03-09 20:17:46.412667,491.0,487.0,345.0,2598.0,1279.0,365.0,66.2023030071676,73.93136078948923,57.28166235366283,40.8876522433774,16.011035633139777,43.405318589740496,44.40323290782584,69.48704079647989,51.91472206631141,92.38236493522444
2025-03-09 20:17:46.412667,488.0,486.0,346.0,2598.0,1301.0,368.0,66.2023030071676,73.93136078948923,57.28166235366283,40.8876522433774,16.011035633139777,43.405318589740496,44.40323290782584,69.48704079647989,51.91472206631141,92.38236493522444
2025-03-09 20:17:46.412667,484.0,473.0,351.0,2598.0,1306.0,371.0,66.2023030071676,73.93136078948923,57.28166235366283,40.8876522433774,16.011035633139777,43.405318589740496,44.40323290782584,69.48704079647989,51.91472206631141,92.38236493522444
2025-03-09 20:17:46.421000,487.0,491.0,343.0,2605.0,1307.0,368.0,66.19637424315549,73.82012814084452,57.52270090309741,40.97766053273096,16.021984522870806,43.491573740460574,44.171119743298476,69.38327811799648,51.92991037119953,92.43293634788581
2025-03-09 20:17:46.421000,484.0,490.0,337.0,2602.0,1301.0,368.0,66.19637424315549,73.82012814084452,57.52270090309741,40.97766053273096,16.021984522870806,43.491573740460574,44.171119743298476,69.38327811799648,51.92991037119953,92.43293634788581
2025-03-09 20:17:46.421000,483.0,485.0,336.0,2596.0,1308.0,367.0,66.19637424315549,73.82012814084452,57.52270090309741,40.97766053273096,16.021984522870806,43.491573740460574,44.171119743298476,69.38327811799648,51.92991037119953,92.43293634788581
2025-03-09 20:17:46.421000,483.0,475.0,336.0,2602.0,1309.0,368.0,66.19637424315549,73.82012814084452,57.52270090309741,40.97766053273096,16.021984522870806,43.491573740460574,44.171119743298476,69.38327811799648,51.92991037119953,92.43293634788581
2025-03-09 20:17:46.429333,485.0,489.0,333.0,2603.0,1297.0,372.0,66.15348695166708,73.6750990763606,57.742776673837945,41.07101827636807,16.024097605562552,43.576973197013025,43.91706116420365,69.24700362528566,51.93360525017638,92.44736343140895
2025-03-09 20:17:46.429333,481.0,477.0,336.0,2599.0,1311.0,369.0,66.15348695166708,73.6750990763606,57.742776673837945,41.07101827636807,16.024097605562552,43.576973197013025,43.91706116420365,69.24700362528566,51.93360525017638,92.44736343140895
2025-03-09 20:17:46.429333,479.0,482.0,332.0,2608.0,1327.0,375.0,66.15348695166708,73.6750990763606,57.742776673837945,41.07101827636807,16.024097605562552,43.576973197013025,43.91706116420365,69.24700362528566,51.93360525017638,92.44736343140895
2025-03-09 20:17:46.429333,477.0,475.0,337.0,2607.0,1327.0,382.0,66.15348695166708,73.6750990763606,57.742776673837945,41.07101827636807,16.024097605562552,43.576973197013025,43.91706116420365,69.24700362528566,51.93360525017638,92.44736343140895
2025-03-09 20:17:46.437667,476.0,481.0,341.0,2599.0,1328.0,384.0,66.09960735619157,73.50554369988383,57.937290084913414,41.169461162190316,16.015871374626776,43.661812979673314,43.664585818536885,69.09761645452349,51.924519243132025,92.4596581452671
2025-03-09 20:17:46.437667,471.0,477.0,339.0,2601.0,1328.0,385.0,66.09960735619157,73.50554369988383,57.937290084913414,41.169461162190316,16.015871374626776,43.661812979673314,43.664585818536885,69.09761645452349,51.924519243132025,92.4596581452671
2025-03-09 20:17:46.437667,475.0,481.0,336.0,2608.0,1329.0,387.0,66.09960735619157,73.50554369988383,57.937290084913414,41.169461162190316,16.015871374626776,43.661812979673314,43.664585818536885,69.09761645452349,51.924519243132025,92.4596581452671
2025-03-09 20:17:46.446000,476.0,475.0,338.0,2605.0,1337.0,381.0,66.06167835217366,73.32160252450987,58.10241553178415,41.276652916756554,15.994830953436509,43.747952591197,43.436507175404174,68.95550381065118,51.903924404737204,92.50593001678413
2025-03-09 20:17:46.446000,469.0,480.0,339.0,2599.0,1335.0,386.0,66.06167835217366,73.32160252450987,58.10241553178415,41.276652916756554,15.994830953436509,43.747952591197,43.436507175404174,68.95550381065118,51.903924404737204,92.50593001678413
2025-03-09 20:17:46.446000,471.0,479.0,333.0,2605.0,1357.0,398.0,66.06167835217366,73.32160252450987,58.10241553178415,41.276652916756554,15.994830953436509,43.747952591197,43.436507175404174,68.95550381065118,51.903924404737204,92.50593001678413
2025-03-09 20:17:46.446000,467.0,486.0,358.0,2610.0,1352.0,401.0,66.06167835217366,73.32160252450987,58.10241553178415,41.276652916756554,15.994830953436509,43.747952591197,43.436507175404174,68.95550381065118,51.903924404737204,92.50593001678413
2025-03-09 20:17:46.454333,470.0,477.0,336.0,2603.0,1355.0,400.0,66.04835320054576,73.12729569503648,58.235502562041944,41.394791513416614,15.957648532831799,43.83587962810209,43.24060690664129,68.82973007469803,51.87554243293536,92.59874468569582
2025-03-09 20:17:46.454333,473.0,475.0,331.0,2609.0,1359.0,395.0,66.04835320054576,73.12729569503648,58.235502562041944,41.394791513416614,15.957648532831799,43.83587962810209,43.24060690664129,68.82973007469803,51.87554243293536,92.59874468569582
2025-03-09 20:17:46.454333,467.0,483.0,342.0,2601.0,1360.0,402.0,66.04835320054576,73.12729569503648,58.235502562041944,41.394791513416614,15.957648532831799,43.83587962810209,43.24060690664129,68.82973007469803,51.87554243293536,92.59874468569582
2025-03-09 20:17:46.462667,467.0,479.0,337.0,2609.0,1360.0,400.0,66.05284243706716,72.92196163030488,58.33499455334905,41.52259781658892,15.903239520874191,43.924428343243655,43.072552039644556,68.71706272482147,51.8408935538634,92.72733180661076
2025-03-09 20:17:46.462667,470.0,476.0,351.0,2608.0,1360.0,400.0,66.05284243706716,72.92196163030488,58.33499455334905,41.52259781658892,15.903239520874191,43.924428343243655,43.072552039644556,68.71706272482147,51.8408935538634,92.72733180661076
2025-03-09 20:17:46.462667,468.0,476.0,333.0,2607.0,1362.0,400.0,66.05284243706716,72.92196163030488,58.33499455334905,41.52259781658892,15.903239520874191,43.924428343243655,43.072552039644556,68.71706272482147,51.8408935538634,92.72733180661076
2025-03-09 20:17:46.462667,464.0,478.0,330.0,2611.0,1360.0,418.0,66.05284243706716,72.92196163030488,58.33499455334905,41.52259781658892,15.903239520874191,43.924428343243655,43.072552039644556,68.71706272482147,51.8408935538634,92.72733180661076
2025-03-09 20:17:46.471000,463.0,473.0,326.0,2610.0,1407.0,414.0,66.06578446961261,72.70450653982459,58.4003959456787,41.658747270203484,15.834719914506811,44.01458989266453,42.92546371170845,68.60870206936374,51.7977215757045,92.8752981713022
2025-03-09 20:17:46.471000,464.0,480.0,322.0,2609.0,1363.0,419.0,66.06578446961261,72.70450653982459,58.4003959456787,41.658747270203484,15.834719914506811,44.01458989266453,42.92546371170845,68.60870206936374,51.7977215757045,92.8752981713022
2025-03-09 20:17:46.471000,464.0,480.0,327.0,2609.0,1379.0,417.0,66.06578446961261,72.70450653982459,58.4003959456787,41.658747270203484,15.834719914506811,44.01458989266453,42.92546371170845,68.60870206936374,51.7977215757045,92.8752981713022
2025-03-09 20:17:46.471000,464.0,481.0,330.0,2608.0,1375.0,417.0,66.06578446961261,72.70450653982459,58.4003959456787,41.658747270203484,15.834719914506811,44.01458989266453,42.92546371170845,68.60870206936374,51.7977215757045,92.8752981713022
2025-03-09 20:17:46.479333,464.0,477.0,335.0,2609.0,1378.0,418.0,66.07837417596093,72.47431470330892,58.43316832831178,41.80804968814985,15.751767559040294,44.110755941820976,42.79068457208335,68.50172156503541,51.75255522017602,93.0295381667039
2025-03-09 20:17:46.479333,464.0,479.0,331.0,2612.0,1388.0,419.0,66.07837417596093,72.47431470330892,58.43316832831178,41.80804968814985,15.751767559040294,44.110755941820976,42.79068457208335,68.50172156503541,51.75255522017602,93.0295381667039
2025-03-09 20:17:46.479333,462.0,482.0,336.0,2608.0,1392.0,423.0,66.07837417596093,72.47431470330892,58.43316832831178,41.80804968814985,15.751767559040294,44.110755941820976,42.79068457208335,68.50172156503541,51.75255522017602,93.0295381667039
2025-03-09 20:17:46.487667,461.0,477.0,331.0,2608.0,1392.0,432.0,66.08252073852933,72.2312188565911,58.43509280097691,41.98577094506315,15.645829317919327,44.22292682873417,42.65577134335073,68.40195077219327,51.72651925472827,93.18051863605315
2025-03-09 20:17:46.487667,455.0,466.0,337.0,2608.0,1393.0,429.0,66.08252073852933,72.2312188565911,58.43509280097691,41.98577094506315,15.645829317919327,44.22292682873417,42.65577134335073,68.40195077219327,51.72651925472827,93.18051863605315
2025-03-09 20:17:46.487667,457.0,479.0,336.0,2608.0,1392.0,442.0,66.08252073852933,72.2312188565911,58.43509280097691,41.98577094506315,15.645829317919327,44.22292682873417,42.65577134335073,68.40195077219327,51.72651925472827,93.18051863605315
2025-03-09 20:17:46.487667,464.0,474.0,339.0,2613.0,1397.0,432.0,66.08252073852933,72.2312188565911,58.43509280097691,41.98577094506315,15.645829317919327,44.22292682873417,42.65577134335073,68.40195077219327,51.72651925472827,93.18051863605315
2025-03-09 20:17:46.496000,462.0,475.0,387.0,2608.0,1381.0,428.0,66.0751739700775,71.9773036237278,58.40981283721974,42.21356925921933,15.503540699400329,44.36556057225575,42.50648490605101,68.3209445095877,51.748558416250305,93.32419604793299
2025-03-09 20:17:46.496000,461.0,487.0,336.0,2608.0,1410.0,432.0,66.0751739700775,71.9773036237278,58.40981283721974,42.21356925921933,15.503540699400329,44.36556057225575,42.50648490605101,68.3209445095877,51.748558416250305,93.32419604793299
2025-03-09 20:17:46.496000,458.0,480.0,335.0,2608.0,1393.0,435.0,66.0751739700775,71.9773036237278,58.40981283721974,42.21356925921933,15.503540699400329,44.36556057225575,42.50648490605101,68.3209445095877,51.748558416250305,93.32419604793299
2025-03-09 20:17:46.504333,453.0,473.0,335.0,2608.0,1403.0,437.0,66.05486661769388,71.71589484143418,58.36065025325594,42.453299397335876,15.34909903174205,44.514767045996095,42.35711503229263,68.24102934692178,51.77969907161114,93.4586722474998
2025-03-09 20:17:46.504333,457.0,482.0,326.0,2608.0,1403.0,432.0,66.05486661769388,71.71589484143418,58.36065025325594,42.453299397335876,15.34909903174205,44.514767045996095,42.35711503229263,68.24102934692178,51.77969907161114,93.4586722474998
2025-03-09 20:17:46.504333,458.0,475.0,337.0,2559.0,1403.0,422.0,66.05486661769388,71.71589484143418,58.36065025325594,42.453299397335876,15.34909903174205,44.514767045996095,42.35711503229263,68.24102934692178,51.77969907161114,93.4586722474998
2025-03-09 20:17:46.504333,453.0,478.0,341.0,2614.0,1395.0,442.0,66.05486661769388,71.71589484143418,58.36065025325594,42.453299397335876,15.34909903174205,44.514767045996095,42.35711503229263,68.24102934692178,51.77969907161114,93.4586722474998
2025-03-09 20:17:46.512667,454.0,486.0,338.0,2604.0,1397.0,443.0,66.01925613300271,71.45051782384284,58.288858725066206,42.60761870473928,15.243795786802506,44.60770862629152,42.24941579528278,68.1122647090818,51.711796804779,93.58165595143724
2025-03-09 20:17:46.512667,455.0,479.0,336.0,2633.0,1402.0,443.0,66.01925613300271,71.45051782384284,58.288858725066206,42.60761870473928,15.243795786802506,44.60770862629152,42.24941579528278,68.1122647090818,51.711796804779,93.58165595143724
2025-03-09 20:17:46.512667,454.0,471.0,341.0,2609.0,1411.0,439.0,66.01925613300271,71.45051782384284,58.288858725066206,42.60761870473928,15.243795786802506,44.60770862629152,42.24941579528278,68.1122647090818,51.711796804779,93.58165595143724
2025-03-09 20:17:46.521000,449.0,484.0,342.0,2614.0,1403.0,435.0,65.96902546910941,71.18585785535743,58.19673728649778,42.63264753881747,15.21448530590715,44.61531011420497,42.202198738641414,67.91409145161971,51.498250332467784,93.69162779152728
2025-03-09 20:17:46.521000,451.0,475.0,336.0,2608.0,1409.0,444.0,65.96902546910941,71.18585785535743,58.19673728649778,42.63264753881747,15.21448530590715,44.61531011420497,42.202198738641414,67.91409145161971,51.498250332467784,93.69162779152728
2025-03-09 20:17:46.521000,451.0,480.0,336.0,2611.0,1401.0,441.0,65.96902546910941,71.18585785535743,58.19673728649778,42.63264753881747,15.21448530590715,44.61531011420497,42.202198738641414,67.91409145161971,51.498250332467784,93.69162779152728
2025-03-09 20:17:46.521000,451.0,475.0,352.0,2602.0,1397.0,443.0,65.96902546910941,71.18585785535743,58.19673728649778,42.63264753881747,15.21448530590715,44.61531011420497,42.202198738641414,67.91409145161971,51.498250332467784,93.69162779152728
2025-03-09 20:17:46.529333,449.0,477.0,342.0,2619.0,1408.0,443.0,65.9074430014036,70.92723343142475,58.0887191234214,42.58056686421296,15.22734392292278,44.57085327815291,42.191946471482574,67.67997423469163,51.205179066057916,93.78899538474258
2025-03-09 20:17:46.529333,449.0,482.0,342.0,2621.0,1403.0,447.0,65.9074430014036,70.92723343142475,58.0887191234214,42.58056686421296,15.22734392292278,44.57085327815291,42.191946471482574,67.67997423469163,51.205179066057916,93.78899538474258
2025-03-09 20:17:46.529333,452.0,472.0,337.0,2610.0,1397.0,442.0,65.9074430014036,70.92723343142475,58.0887191234214,42.58056686421296,15.22734392292278,44.57085327815291,42.191946471482574,67.67997423469163,51.205179066057916,93.78899538474258
2025-03-09 20:17:46.537667,454.0,481.0,345.0,2608.0,1395.0,445.0,65.83691381659669,70.67831974532837,57.967370326581495,42.546871342021625,15.221782826645574,44.53610205322511,42.176411356568266,67.46469401311263,50.94690359778607,93.87749400921699
2025-03-09 20:17:46.537667,452.0,465.0,339.0,2613.0,1405.0,434.0,65.83691381659669,70.67831974532837,57.967370326581495,42.546871342021625,15.221782826645574,44.53610205322511,42.176411356568266,67.46469401311263,50.94690359778607,93.87749400921699
2025-03-09 20:17:46.537667,449.0,473.0,334.0,2605.0,1393.0,441.0,65.83691381659669,70.67831974532837,57.967370326581495,42.546871342021625,15.221782826645574,44.53610205322511,42.176411356568266,67.46469401311263,50.94690359778607,93.87749400921699
2025-03-09 20:17:46.537667,451.0,477.0,336.0,2611.0,1395.0,444.0,65.83691381659669,70.67831974532837,57.967370326581495,42.546871342021625,15.221782826645574,44.53610205322511,42.176411356568266,67.46469401311263,50.94690359778607,93.87749400921699
2025-03-09 20:17:46.546000,447.0,474.0,383.0,2617.0,1396.0,446.0,65.7588066277766,70.44154805785158,57.83530129166686,42.52727497745633,15.202625418202249,44.50916031487835,42.157708298799584,67.26661534728241,50.71899099574293,93.96027604030638
2025-03-09 20:17:46.546000,448.0,471.0,336.0,2614.0,1395.0,443.0,65.7588066277766,70.44154805785158,57.83530129166686,42.52727497745633,15.202625418202249,44.50916031487835,42.157708298799584,67.26661534728241,50.71899099574293,93.96027604030638
2025-03-09 20:17:46.546000,450.0,480.0,335.0,2611.0,1392.0,443.0,65.7588066277766,70.44154805785158,57.83530129166686,42.52727497745633,15.202625418202249,44.50916031487835,42.157708298799584,67.26661534728241,50.71899099574293,93.96027604030638
2025-03-09 20:17:46.546000,450.0,479.0,368.0,2605.0,1394.0,445.0,65.7588066277766,70.44154805785158,57.83530129166686,42.52727497745633,15.202625418202249,44.50916031487835,42.157708298799584,67.26661534728241,50.71899099574293,93.96027604030638
2025-03-09 20:17:46.554333,453.0,476.0,336.0,2614.0,1375.0,444.0,65.67593451040449,70.21973516746004,57.69719650533554,42.46793013686601,15.207279357590277,44.45632033667172,42.160511061869116,67.05866762513688,50.45945323871268,94.03743660229759
2025-03-09 20:17:46.554333,448.0,469.0,342.0,2608.0,1392.0,446.0,65.67593451040449,70.21973516746004,57.69719650533554,42.46793013686601,15.207279357590277,44.45632033667172,42.160511061869116,67.05866762513688,50.45945323871268,94.03743660229759
2025-03-09 20:17:46.554333,447.0,483.0,335.0,2597.0,1388.0,435.0,65.67593451040449,70.21973516746004,57.69719650533554,42.46793013686601,15.207279357590277,44.45632033667172,42.160511061869116,67.05866762513688,50.45945323871268,94.03743660229759
2025-03-09 20:17:46.562667,445.0,475.0,342.0,2609.0,1390.0,445.0,65.59216099831394,70.01637315674331,57.558105627472415,42.41941941376437,15.204716673524983,44.41056262244513,42.16283451611797,66.87131991532083,50.229824044481646,94.1072766012942
2025-03-09 20:17:46.562667,445.0,480.0,336.0,2608.0,1389.0,447.0,65.59216099831394,70.01637315674331,57.558105627472415,42.41941941376437,15.204716673524983,44.41056262244513,42.16283451611797,66.87131991532083,50.229824044481646,94.1072766012942
2025-03-09 20:17:46.562667,448.0,528.0,335.0,2611.0,1389.0,445.0,65.59216099831394,70.01637315674331,57.558105627472415,42.41941941376437,15.204716673524983,44.41056262244513,42.16283451611797,66.87131991532083,50.229824044481646,94.1072766012942
2025-03-09 20:17:46.562667,446.0,468.0,335.0,2610.0,1392.0,451.0,65.59216099831394,70.01637315674331,57.558105627472415,42.41941941376437,15.204716673524983,44.41056262244513,42.16283451611797,66.87131991532083,50.229824044481646,94.1072766012942
2025-03-09 20:17:46.571000,445.0,467.0,351.0,2610.0,1392.0,459.0,65.51086616788923,69.83406974146251,57.423432033341335,42.4354476286156,15.162514978774706,44.40737801071388,42.140412397391366,66.73417757446055,50.0936317588264,94.16760176379312
2025-03-09 20:17:46.571000,446.0,482.0,331.0,2606.0,1383.0,446.0,65.51086616788923,69.83406974146251,57.423432033341335,42.4354476286156,15.162514978774706,44.40737801071388,42.140412397391366,66.73417757446055,50.0936317588264,94.16760176379312
2025-03-09 20:17:46.571000,447.0,466.0,356.0,2601.0,1382.0,442.0,65.51086616788923,69.83406974146251,57.423432033341335,42.4354476286156,15.162514978774706,44.40737801071388,42.140412397391366,66.73417757446055,50.0936317588264,94.16760176379312
2025-03-09 20:17:46.579333,445.0,474.0,336.0,2608.0,1379.0,445.0,65.43490510710694,69.6738546556981,57.297309956139664,42.51701046406264,15.083170933132267,44.448977418145425,42.092987664630314,66.64665472194493,50.050247716062884,94.21800028247388
2025-03-09 20:17:46.579333,439.0,473.0,330.0,2607.0,1379.0,437.0,65.43490510710694,69.6738546556981,57.297309956139664,42.51701046406264,15.083170933132267,44.448977418145425,42.092987664630314,66.64665472194493,50.050247716062884,94.21800028247388
2025-03-09 20:17:46.579333,445.0,464.0,322.0,2608.0,1382.0,443.0,65.43490510710694,69.6738546556981,57.297309956139664,42.51701046406264,15.083170933132267,44.448977418145425,42.092987664630314,66.64665472194493,50.050247716062884,94.21800028247388
2025-03-09 20:17:46.579333,447.0,473.0,336.0,2608.0,1386.0,446.0,65.43490510710694,69.6738546556981,57.297309956139664,42.51701046406264,15.083170933132267,44.448977418145425,42.092987664630314,66.64665472194493,50.050247716062884,94.21800028247388
2025-03-09 20:17:46.587667,441.0,471.0,341.0,2559.0,1380.0,438.0,65.36608804822959,69.53549063655898,57.182323856161375,42.66684907688121,14.96659021825624,44.53797983902277,42.01989150321297,66.61028060123141,50.10211237267526,94.25864005070744
2025-03-09 20:17:46.587667,445.0,475.0,332.0,2603.0,1378.0,439.0,65.36608804822959,69.53549063655898,57.182323856161375,42.66684907688121,14.96659021825624,44.53797983902277,42.01989150321297,66.61028060123141,50.10211237267526,94.25864005070744
2025-03-09 20:17:46.587667,446.0,469.0,334.0,2608.0,1379.0,437.0,65.36608804822959,69.53549063655898,57.182323856161375,42.66684907688121,14.96659021825624,44.53797983902277,42.01989150321297,66.61028060123141,50.10211237267526,94.25864005070744
2025-03-09 20:17:46.596000,445.0,475.0,345.0,2608.0,1379.0,434.0,65.30528876750023,69.41789551104745,57.080147183778465,42.83732073972119,14.843732737018637,44.6439142345491,41.94162400656316,66.59919638065746,50.19279766256694,94.28954981160057
2025-03-09 20:17:46.596000,442.0,474.0,348.0,2610.0,1382.0,430.0,65.30528876750023,69.41789551104745,57.080147183778465,42.83732073972119,14.843732737018637,44.6439142345491,41.94162400656316,66.59919638065746,50.19279766256694,94.28954981160057
2025-03-09 20:17:46.596000,443.0,475.0,339.0,2591.0,1390.0,443.0,65.30528876750023,69.41789551104745,57.080147183778465,42.83732073972119,14.843732737018637,44.6439142345491,41.94162400656316,66.59919638065746,50.19279766256694,94.28954981160057
2025-03-09 20:17:46.596000,442.0,477.0,335.0,2559.0,1377.0,432.0,65.30528876750023,69.41789551104745,57.080147183778465,42.83732073972119,14.843732737018637,44.6439142345491,41.94162400656316,66.59919638065746,50.19279766256694,94.28954981160057
2025-03-09 20:17:46.604333,444.0,469.0,321.0,2595.0,1381.0,439.0,65.25229887152841,69.31957420636351,56.98938191192309,42.92548082920166,14.778628796962623,44.69895497549486,41.90248673357765,66.55673918926847,50.20031097602216,94.31279561714433
2025-03-09 20:17:46.604333,438.0,457.0,354.0,2606.0,1376.0,438.0,65.25229887152841,69.31957420636351,56.98938191192309,42.92548082920166,14.778628796962623,44.69895497549486,41.90248673357765,66.55673918926847,50.20031097602216,94.31279561714433
2025-03-09 20:17:46.604333,443.0,468.0,330.0,2612.0,1369.0,414.0,65.25229887152841,69.31957420636351,56.98938191192309,42.92548082920166,14.778628796962623,44.69895497549486,41.90248673357765,66.55673918926847,50.20031097602216,94.31279561714433
2025-03-09 20:17:46.604333,442.0,469.0,342.0,2599.0,1369.0,433.0,65.25229887152841,69.31957420636351,56.98938191192309,42.92548082920166,14.778628796962623,44.69895497549486,41.90248673357765,66.55673918926847,50.20031097602216,94.31279561714433
2025-03-09 20:17:46.612667,445.0,479.0,332.0,2603.0,1366.0,442.0,65.20647947546068,69.23873046476946,56.90710691213692,42.87937986463886,14.80251236192452,44.66806564430101,41.92487661013363,66.45337171052864,50.061742479304016,94.33193696492158
2025-03-09 20:17:46.612667,443.0,469.0,337.0,2597.0,1370.0,431.0,65.20647947546068,69.23873046476946,56.90710691213692,42.87937986463886,14.80251236192452,44.66806564430101,41.92487661013363,66.45337171052864,50.061742479304016,94.33193696492158
2025-03-09 20:17:46.612667,441.0,477.0,336.0,2605.0,1367.0,436.0,65.20647947546068,69.23873046476946,56.90710691213692,42.87937986463886,14.80251236192452,44.66806564430101,41.92487661013363,66.45337171052864,50.061742479304016,94.33193696492158
2025-03-09 20:17:46.621000,442.0,464.0,339.0,2610.0,1363.0,441.0,65.16763604417639,69.17405909924433,56.83168673645714,42.74569687249378,14.88639569280462,44.5818514275667,41.989848001060395,66.31454553344544,49.83060774197069,94.3512000024746
2025-03-09 20:17:46.621000,438.0,459.0,320.0,2607.0,1374.0,433.0,65.16763604417639,69.17405909924433,56.83168673645714,42.74569687249378,14.88639569280462,44.5818514275667,41.989848001060395,66.31454553344544,49.83060774197069,94.3512000024746
2025-03-09 20:17:46.621000,443.0,470.0,338.0,2606.0,1367.0,431.0,65.16763604417639,69.17405909924433,56.83168673645714,42.74569687249378,14.88639569280462,44.5818514275667,41.989848001060395,66.31454553344544,49.83060774197069,94.3512000024746
2025-03-09 20:17:46.621000,441.0,482.0,333.0,2559.0,1360.0,434.0,65.16763604417639,69.17405909924433,56.83168673645714,42.74569687249378,14.88639569280462,44.5818514275667,41.989848001060395,66.31454553344544,49.83060774197069,94.3512000024746
2025-03-09 20:17:46.629333,439.0,461.0,336.0,2559.0,1360.0,427.0,65.13658165811361,69.1251590182174,56.76362287801209,42.61373464215194,14.97624529521381,44.49942429060024,42.06110481878755,66.18899335528623,49.610340926123456,94.37520307175419
2025-03-09 20:17:46.629333,445.0,479.0,335.0,2608.0,1356.0,427.0,65.13658165811361,69.1251590182174,56.76362287801209,42.61373464215194,14.97624529521381,44.49942429060024,42.06110481878755,66.18899335528623,49.610340926123456,94.37520307175419
2025-03-09 20:17:46.629333,445.0,471.0,332.0,2559.0,1360.0,409.0,65.13658165811361,69.1251590182174,56.76362287801209,42.61373464215194,14.97624529521381,44.49942429060024,42.06110481878755,66.18899335528623,49.610340926123456,94.37520307175419
2025-03-09 20:17:46.637667,443.0,476.0,336.0,2590.0,1357.0,430.0,65.1127347971968,69.09160231689707,56.70183429602022,42.51716942245201,15.048448457511892,44.44158472546368,42.12445933903734,66.09634003277374,49.44230865323846,94.40656415003745
2025-03-09 20:17:46.637667,444.0,470.0,335.0,2608.0,1360.0,427.0,65.1127347971968,69.09160231689707,56.70183429602022,42.51716942245201,15.048448457511892,44.44158472546368,42.12445933903734,66.09634003277374,49.44230865323846,94.40656415003745
2025-03-09 20:17:46.637667,442.0,470.0,336.0,2599.0,1359.0,423.0,65.1127347971968,69.09160231689707,56.70183429602022,42.51716942245201,15.048448457511892,44.44158472546368,42.12445933903734,66.09634003277374,49.44230865323846,94.40656415003745
2025-03-09 20:17:46.637667,442.0,466.0,332.0,2605.0,1351.0,423.0,65.1127347971968,69.09160231689707,56.70183429602022,42.51716942245201,15.048448457511892,44.44158472546368,42.12445933903734,66.09634003277374,49.44230865323846,94.40656415003745
2025-03-09 20:17:46.646000,442.0,470.0,336.0,2602.0,1356.0,422.0,65.09237875014686,69.07212292432651,56.64203745084258,42.44171311237876,15.104456634855788,44.39611568488085,42.18348597412884,66.03107756148027,49.31521408338783,94.44378777142487
2025-03-09 20:17:46.646000,438.0,467.0,325.0,2607.0,1354.0,419.0,65.09237875014686,69.07212292432651,56.64203745084258,42.44171311237876,15.104456634855788,44.39611568488085,42.18348597412884,66.03107756148027,49.31521408338783,94.44378777142487
2025-03-09 20:17:46.646000,438.0,470.0,326.0,2612.0,1351.0,420.0,65.09237875014686,69.07212292432651,56.64203745084258,42.44171311237876,15.104456634855788,44.39611568488085,42.18348597412884,66.03107756148027,49.31521408338783,94.44378777142487
2025-03-09 20:17:46.654333,439.0,474.0,322.0,2603.0,1349.0,420.0,65.07208073310372,69.0659651450319,56.5816870967585,42.38330530727694,15.143496680044889,44.3596391558342,42.236570802276454,65.98909345062813,49.22580714421017,94.48133841652916
2025-03-09 20:17:46.654333,438.0,465.0,323.0,2610.0,1351.0,419.0,65.07208073310372,69.0659651450319,56.5816870967585,42.38330530727694,15.143496680044889,44.3596391558342,42.236570802276454,65.98909345062813,49.22580714421017,94.48133841652916
2025-03-09 20:17:46.654333,437.0,462.0,331.0,2603.0,1350.0,418.0,65.07208073310372,69.0659651450319,56.5816870967585,42.38330530727694,15.143496680044889,44.3596391558342,42.236570802276454,65.98909345062813,49.22580714421017,94.48133841652916
2025-03-09 20:17:46.654333,437.0,462.0,326.0,2602.0,1350.0,420.0,65.07208073310372,69.0659651450319,56.5816870967585,42.38330530727694,15.143496680044889,44.3596391558342,42.236570802276454,65.98909345062813,49.22580714421017,94.48133841652916
2025-03-09 20:17:46.662667,441.0,451.0,327.0,2606.0,1346.0,416.0,65.04951793813026,69.07250672714487,56.519946197947974,42.34230078252522,15.166718566584212,44.3335919565011,42.28110521568198,65.96567580255441,49.17179111006769,94.51265149600417
2025-03-09 20:17:46.662667,434.0,474.0,329.0,2608.0,1350.0,414.0,65.04951793813026,69.07250672714487,56.519946197947974,42.34230078252522,15.166718566584212,44.3335919565011,42.28110521568198,65.96567580255441,49.17179111006769,94.51265149600417
2025-03-09 20:17:46.662667,437.0,467.0,330.0,2603.0,1346.0,415.0,65.04951793813026,69.07250672714487,56.519946197947974,42.34230078252522,15.166718566584212,44.3335919565011,42.28110521568198,65.96567580255441,49.17179111006769,94.51265149600417
2025-03-09 20:17:46.671000,435.0,469.0,329.0,2603.0,1347.0,417.0,65.02396705392103,69.09127979211338,56.45811047806947,42.31629092602369,15.178578311222635,44.31765377157605,42.317254597338135,65.95643353157281,49.14779348694606,94.53361290198201
2025-03-09 20:17:46.671000,439.0,458.0,333.0,2599.0,1346.0,414.0,65.02396705392103,69.09127979211338,56.45811047806947,42.31629092602369,15.178578311222635,44.31765377157605,42.317254597338135,65.95643353157281,49.14779348694606,94.53361290198201
2025-03-09 20:17:46.671000,433.0,483.0,350.0,2602.0,1347.0,414.0,65.02396705392103,69.09127979211338,56.45811047806947,42.31629092602369,15.178578311222635,44.31765377157605,42.317254597338135,65.95643353157281,49.14779348694606,94.53361290198201
2025-03-09 20:17:46.671000,439.0,475.0,329.0,2603.0,1345.0,413.0,65.02396705392103,69.09127979211338,56.45811047806947,42.31629092602369,15.178578311222635,44.31765377157605,42.317254597338135,65.95643353157281,49.14779348694606,94.53361290198201
2025-03-09 20:17:46.679333,435.0,469.0,320.0,2603.0,1343.0,409.0,64.99643312766626,69.12199227295672,56.39945439852802,42.302202284847276,15.186278000002254,44.311462724445455,42.34739625676832,65.95775460466812,49.1468511643187,94.54304062114241
2025-03-09 20:17:46.679333,438.0,465.0,329.0,2598.0,1341.0,411.0,64.99643312766626,69.12199227295672,56.39945439852802,42.302202284847276,15.186278000002254,44.311462724445455,42.34739625676832,65.95775460466812,49.1468511643187,94.54304062114241
2025-03-09 20:17:46.679333,438.0,464.0,333.0,2605.0,1350.0,410.0,64.99643312766626,69.12199227295672,56.39945439852802,42.302202284847276,15.186278000002254,44.311462724445455,42.34739625676832,65.95775460466812,49.1468511643187,94.54304062114241
2025-03-09 20:17:46.679333,434.0,459.0,331.0,2603.0,1342.0,410.0,64.99643312766626,69.12199227295672,56.39945439852802,42.302202284847276,15.186278000002254,44.311462724445455,42.34739625676832,65.95775460466812,49.1468511643187,94.54304062114241
2025-03-09 20:17:46.687667,436.0,461.0,328.0,2602.0,1341.0,410.0,64.96630748063531,69.16342182923574,56.34273554584712,42.2971126213881,15.193418615852947,44.31361333706639,42.37409736267111,65.96655655858648,49.16314134893023,94.54027478002546
2025-03-09 20:17:46.687667,434.0,451.0,335.0,2605.0,1344.0,407.0,64.96630748063531,69.16342182923574,56.34273554584712,42.2971126213881,15.193418615852947,44.31361333706639,42.37409736267111,65.96655655858648,49.16314134893023,94.54027478002546
2025-03-09 20:17:46.687667,438.0,464.0,336.0,2605.0,1339.0,408.0,64.96630748063531,69.16342182923574,56.34273554584712,42.2971126213881,15.193418615852947,44.31361333706639,42.37409736267111,65.96655655858648,49.16314134893023,94.54027478002546
2025-03-09 20:17:46.696000,436.0,469.0,330.0,2597.0,1339.0,406.0,64.93248335256237,69.21487860988582,56.283663095858216,42.29899364153138,15.199858077044112,44.3226639596706,42.398972141537214,65.98042303883405,49.19308683480927,94.52500372539967
2025-03-09 20:17:46.696000,432.0,458.0,336.0,2603.0,1335.0,402.0,64.93248335256237,69.21487860988582,56.283663095858216,42.29899364153138,15.199858077044112,44.3226639596706,42.398972141537214,65.98042303883405,49.19308683480927,94.52500372539967
2025-03-09 20:17:46.696000,432.0,463.0,336.0,2606.0,1333.0,406.0,64.93248335256237,69.21487860988582,56.283663095858216,42.29899364153138,15.199858077044112,44.3226639596706,42.398972141537214,65.98042303883405,49.19308683480927,94.52500372539967
2025-03-09 20:17:46.696000,438.0,478.0,329.0,2606.0,1333.0,404.0,64.93248335256237,69.21487860988582,56.283663095858216,42.29899364153138,15.199858077044112,44.3226639596706,42.398972141537214,65.98042303883405,49.19308683480927,94.52500372539967
2025-03-09 20:17:46.704333,435.0,465.0,336.0,2606.0,1333.0,405.0,64.89384696836808,69.27569447905363,56.21959037680835,42.30782481183689,15.204131446555689,44.338252087428685,42.42208678095623,65.99865727292742,49.2365795746614,94.49662233662794
2025-03-09 20:17:46.704333,435.0,471.0,336.0,2599.0,1333.0,400.0,64.89384696836808,69.27569447905363,56.21959037680835,42.30782481183689,15.204131446555689,44.338252087428685,42.42208678095623,65.99865727292742,49.2365795746614,94.49662233662794
2025-03-09 20:17:46.704333,436.0,480.0,327.0,2603.0,1331.0,403.0,64.89384696836808,69.27569447905363,56.21959037680835,42.30782481183689,15.204131446555689,44.338252087428685,42.42208678095623,65.99865727292742,49.2365795746614,94.49662233662794
2025-03-09 20:17:46.712667,437.0,464.0,333.0,2600.0,1334.0,405.0,64.84837454875392,69.34292696780348,56.14953240912692,42.32521264718441,15.204208031758863,44.360390606971194,42.4427442083357,66.02201032857175,49.295705210569785,94.45431268171617
2025-03-09 20:17:46.712667,436.0,469.0,335.0,2603.0,1328.0,403.0,64.84837454875392,69.34292696780348,56.14953240912692,42.32521264718441,15.204208031758863,44.360390606971194,42.4427442083357,66.02201032857175,49.295705210569785,94.45431268171617
2025-03-09 20:17:46.712667,432.0,474.0,325.0,2595.0,1337.0,409.0,64.84837454875392,69.34292696780348,56.14953240912692,42.32521264718441,15.204208031758863,44.360390606971194,42.4427442083357,66.02201032857175,49.295705210569785,94.45431268171617
2025-03-09 20:17:46.712667,434.0,464.0,329.0,2602.0,1330.0,403.0,64.84837454875392,69.34292696780348,56.14953240912692,42.32521264718441,15.204208031758863,44.360390606971194,42.4427442083357,66.02201032857175,49.295705210569785,94.45431268171617
2025-03-09 20:17:46.721000,435.0,467.0,332.0,2606.0,1328.0,400.0,64.79572291084808,69.41488339005272,56.07416758787792,42.35424677608326,15.19687637065052,44.39023951829048,42.459186670750285,66.05265613738165,49.37489949045832,94.39886137786388
2025-03-09 20:17:46.721000,432.0,464.0,326.0,2602.0,1330.0,401.0,64.79572291084808,69.41488339005272,56.07416758787792,42.35424677608326,15.19687637065052,44.39023951829048,42.459186670750285,66.05265613738165,49.37489949045832,94.39886137786388
2025-03-09 20:17:46.721000,432.0,464.0,336.0,2602.0,1328.0,401.0,64.79572291084808,69.41488339005272,56.07416758787792,42.35424677608326,15.19687637065052,44.39023951829048,42.459186670750285,66.05265613738165,49.37489949045832,94.39886137786388
2025-03-09 20:17:46.729333,433.0,466.0,329.0,2606.0,1329.0,400.0,64.73668709610214,69.49196547724586,55.99476070710174,42.39911669553313,15.17887966277318,44.43020560033286,42.4697492892654,66.09405449145491,49.48042751625829,94.33213500398232
2025-03-09 20:17:46.729333,436.0,469.0,336.0,2605.0,1328.0,401.0,64.73668709610214,69.49196547724586,55.99476070710174,42.39911669553313,15.17887966277318,44.43020560033286,42.4697492892654,66.09405449145491,49.48042751625829,94.33213500398232
2025-03-09 20:17:46.729333,432.0,464.0,332.0,2603.0,1329.0,399.0,64.73668709610214,69.49196547724586,55.99476070710174,42.39911669553313,15.17887966277318,44.43020560033286,42.4697492892654,66.09405449145491,49.48042751625829,94.33213500398232
2025-03-09 20:17:46.729333,432.0,470.0,331.0,2604.0,1331.0,406.0,64.73668709610214,69.49196547724586,55.99476070710174,42.39911669553313,15.17887966277318,44.43020560033286,42.4697492892654,66.09405449145491,49.48042751625829,94.33213500398232
2025-03-09 20:17:46.737667,434.0,486.0,330.0,2605.0,1329.0,400.0,64.67198578166165,69.57443099109298,55.911921727938456,42.46536522344258,15.145467399787881,44.48335217404228,42.47249158285467,66.15074976697151,49.62041202241958,94.2568487659857
2025-03-09 20:17:46.737667,432.0,464.0,327.0,2605.0,1326.0,400.0,64.67198578166165,69.57443099109298,55.911921727938456,42.46536522344258,15.145467399787881,44.48335217404228,42.47249158285467,66.15074976697151,49.62041202241958,94.2568487659857
2025-03-09 20:17:46.737667,432.0,466.0,334.0,2606.0,1328.0,400.0,64.67198578166165,69.57443099109298,55.911921727938456,42.46536522344258,15.145467399787881,44.48335217404228,42.47249158285467,66.15074976697151,49.62041202241958,94.2568487659857
2025-03-09 20:17:46.737667,437.0,469.0,329.0,2602.0,1328.0,400.0,64.67198578166165,69.57443099109298,55.911921727938456,42.46536522344258,15.145467399787881,44.48335217404228,42.47249158285467,66.15074976697151,49.62041202241958,94.2568487659857
2025-03-09 20:17:46.746000,432.0,464.0,334.0,2602.0,1328.0,402.0,64.6026959751311,69.66168472262859,55.82534016793597,42.56042030693154,15.090851287001318,44.55417967743283,42.46530440705099,66.22740037120066,49.80358464144339,94.17641319762338
2025-03-09 20:17:46.746000,432.0,465.0,325.0,2599.0,1328.0,395.0,64.6026959751311,69.66168472262859,55.82534016793597,42.56042030693154,15.090851287001318,44.55417967743283,42.46530440705099,66.22740037120066,49.80358464144339,94.17641319762338
2025-03-09 20:17:46.746000,434.0,465.0,326.0,2608.0,1327.0,400.0,64.6026959751311,69.66168472262859,55.82534016793597,42.56042030693154,15.090851287001318,44.55417967743283,42.46530440705099,66.22740037120066,49.80358464144339,94.17641319762338
2025-03-09 20:17:46.754333,435.0,467.0,337.0,2603.0,1323.0,399.0,64.52948572554291,69.75216720829825,55.734388482744436,42.69528526136627,15.007540946490785,44.64976252705447,42.444872891247385,66.32978029052333,50.04183326006471,94.09393711556812
2025-03-09 20:17:46.754333,434.0,464.0,333.0,2607.0,1326.0,399.0,64.52948572554291,69.75216720829825,55.734388482744436,42.69528526136627,15.007540946490785,44.64976252705447,42.444872891247385,66.32978029052333,50.04183326006471,94.09393711556812
2025-03-09 20:17:46.754333,432.0,474.0,339.0,2606.0,1328.0,399.0,64.52948572554291,69.75216720829825,55.734388482744436,42.69528526136627,15.007540946490785,44.64976252705447,42.444872891247385,66.32978029052333,50.04183326006471,94.09393711556812
2025-03-09 20:17:46.754333,436.0,464.0,331.0,2602.0,1328.0,400.0,64.52948572554291,69.75216720829825,55.734388482744436,42.69528526136627,15.007540946490785,44.64976252705447,42.444872891247385,66.32978029052333,50.04183326006471,94.09393711556812
2025-03-09 20:17:46.762667,432.0,471.0,327.0,2608.0,1324.0,400.0,64.45158065985403,69.84315930255931,55.63618042083856,42.88612253719464,14.884150170056184,44.78030430987822,42.40682556365789,66.46668451787185,50.35327660390635,94.01154969598
2025-03-09 20:17:46.762667,432.0,470.0,320.0,2608.0,1323.0,399.0,64.45158065985403,69.84315930255931,55.63618042083856,42.88612253719464,14.884150170056184,44.78030430987822,42.40682556365789,66.46668451787185,50.35327660390635,94.01154969598
2025-03-09 20:17:46.762667,432.0,463.0,325.0,2606.0,1327.0,399.0,64.45158065985403,69.84315930255931,55.63618042083856,42.88612253719464,14.884150170056184,44.78030430987822,42.40682556365789,66.46668451787185,50.35327660390635,94.01154969598
2025-03-09 20:17:46.771000,434.0,465.0,333.0,2601.0,1328.0,397.0,64.36807495760691,69.93224817562292,55.52796443714909,43.09771272046682,14.743022872386105,44.92278859430802,42.367185798641,66.61903450067729,50.695058286877824,93.93012374847737
2025-03-09 20:17:46.771000,432.0,463.0,335.0,2598.0,1322.0,393.0,64.36807495760691,69.93224817562292,55.52796443714909,43.09771272046682,14.743022872386105,44.92278859430802,42.367185798641,66.61903450067729,50.695058286877824,93.93012374847737
2025-03-09 20:17:46.771000,435.0,470.0,330.0,2602.0,1323.0,400.0,64.36807495760691,69.93224817562292,55.52796443714909,43.09771272046682,14.743022872386105,44.92278859430802,42.367185798641,66.61903450067729,50.695058286877824,93.93012374847737
2025-03-09 20:17:46.771000,432.0,465.0,334.0,2607.0,1319.0,393.0,64.36807495760691,69.93224817562292,55.52796443714909,43.09771272046682,14.743022872386105,44.92278859430802,42.367185798641,66.61903450067729,50.695058286877824,93.93012374847737
2025-03-09 20:17:46.779333,438.0,467.0,338.0,2609.0,1318.0,394.0,64.27829240979113,70.01770398256873,55.40912951075992,43.239387109107795,14.641978087842848,45.01723521193146,42.36081634422213,66.73587616599461,50.95806075707313,93.84869124665113
2025-03-09 20:17:46.779333,432.0,464.0,331.0,2597.0,1319.0,395.0,64.27829240979113,70.01770398256873,55.40912951075992,43.239387109107795,14.641978087842848,45.01723521193146,42.36081634422213,66.73587616599461,50.95806075707313,93.84869124665113
2025-03-09 20:17:46.779333,432.0,470.0,336.0,2598.0,1322.0,389.0,64.27829240979113,70.01770398256873,55.40912951075992,43.239387109107795,14.641978087842848,45.01723521193146,42.36081634422213,66.73587616599461,50.95806075707313,93.84869124665113
2025-03-09 20:17:46.787667,435.0,471.0,334.0,2599.0,1313.0,395.0,64.18120446411922,70.09799129652316,55.28081853302019,43.27256907500344,14.60530206730399,45.03718642203063,42.400036470363474,66.7940828028145,51.09543615954139,93.76537189299839
2025-03-09 20:17:46.787667,434.0,464.0,320.0,2602.0,1315.0,390.0,64.18120446411922,70.09799129652316,55.28081853302019,43.27256907500344,14.60530206730399,45.03718642203063,42.400036470363474,66.7940828028145,51.09543615954139,93.76537189299839
2025-03-09 20:17:46.787667,439.0,467.0,331.0,2605.0,1315.0,390.0,64.18120446411922,70.09799129652316,55.28081853302019,43.27256907500344,14.60530206730399,45.03718642203063,42.400036470363474,66.7940828028145,51.09543615954139,93.76537189299839
2025-03-09 20:17:46.787667,436.0,464.0,325.0,2601.0,1317.0,390.0,64.18120446411922,70.09799129652316,55.28081853302019,43.27256907500344,14.60530206730399,45.03718642203063,42.400036470363474,66.7940828028145,51.09543615954139,93.76537189299839
2025-03-09 20:17:46.796000,435.0,465.0,327.0,2605.0,1314.0,387.0,64.07802112043231,70.17432771781188,55.1480237024122,43.206433933083595,14.627563625965212,44.98861307664327,42.477465438349775,66.79876209905345,51.11917851537347,93.67882670054681
2025-03-09 20:17:46.796000,434.0,464.0,320.0,2603.0,1317.0,397.0,64.07802112043231,70.17432771781188,55.1480237024122,43.206433933083595,14.627563625965212,44.98861307664327,42.477465438349775,66.79876209905345,51.11917851537347,93.67882670054681
2025-03-09 20:17:46.796000,435.0,464.0,323.0,2604.0,1314.0,379.0,64.07802112043231,70.17432771781188,55.1480237024122,43.206433933083595,14.627563625965212,44.98861307664327,42.477465438349775,66.79876209905345,51.11917851537347,93.67882670054681
2025-03-09 20:17:46.796000,443.0,463.0,336.0,2597.0,1306.0,385.0,64.07802112043231,70.17432771781188,55.1480237024122,43.206433933083595,14.627563625965212,44.98861307664327,42.477465438349775,66.79876209905345,51.11917851537347,93.67882670054681
2025-03-09 20:17:46.804333,443.0,462.0,325.0,2594.0,1306.0,384.0,63.9734749362095,70.25160946591109,55.01813087105623,43.04077353184713,14.709479135987547,44.87234882546395,42.58925707720807,66.75242182716612,51.03177513326356,93.58934156705074
2025-03-09 20:17:46.804333,443.0,471.0,331.0,2597.0,1302.0,385.0,63.9734749362095,70.25160946591109,55.01813087105623,43.04077353184713,14.709479135987547,44.87234882546395,42.58925707720807,66.75242182716612,51.03177513326356,93.58934156705074
2025-03-09 20:17:46.804333,443.0,471.0,334.0,2597.0,1305.0,387.0,63.9734749362095,70.25160946591109,55.01813087105623,43.04077353184713,14.709479135987547,44.87234882546395,42.58925707720807,66.75242182716612,51.03177513326356,93.58934156705074
2025-03-09 20:17:46.812667,443.0,467.0,324.0,2595.0,1306.0,383.0,63.87075871277133,70.33240343622744,54.89647496258851,42.76704576623926,14.857648421312053,44.68428769865508,42.73493051339767,66.6515218639831,50.82387982737487,93.49721789639442
2025-03-09 20:17:46.812667,442.0,461.0,336.0,2595.0,1303.0,383.0,63.87075871277133,70.33240343622744,54.89647496258851,42.76704576623926,14.857648421312053,44.68428769865508,42.73493051339767,66.6515218639831,50.82387982737487,93.49721789639442
2025-03-09 20:17:46.812667,445.0,466.0,330.0,2597.0,1303.0,384.0,63.87075871277133,70.33240343622744,54.89647496258851,42.76704576623926,14.857648421312053,44.68428769865508,42.73493051339767,66.6515218639831,50.82387982737487,93.49721789639442
2025-03-09 20:17:46.812667,447.0,467.0,336.0,2591.0,1296.0,377.0,63.87075871277133,70.33240343622744,54.89647496258851,42.76704576623926,14.857648421312053,44.68428769865508,42.73493051339767,66.6515218639831,50.82387982737487,93.49721789639442
2025-03-09 20:17:46.821000,445.0,463.0,333.0,2594.0,1296.0,380.0,63.7699446487583,70.41525510902252,54.78095456066786,42.425318835459166,15.047217865531024,44.452088918993454,42.900011912904205,66.51764349654155,50.541289730884955,93.40131969850057
2025-03-09 20:17:46.821000,446.0,469.0,335.0,2591.0,1294.0,381.0,63.7699446487583,70.41525510902252,54.78095456066786,42.425318835459166,15.047217865531024,44.452088918993454,42.900011912904205,66.51764349654155,50.541289730884955,93.40131969850057
2025-03-09 20:17:46.821000,448.0,462.0,332.0,2594.0,1293.0,375.0,63.7699446487583,70.41525510902252,54.78095456066786,42.425318835459166,15.047217865531024,44.452088918993454,42.900011912904205,66.51764349654155,50.541289730884955,93.40131969850057
2025-03-09 20:17:46.821000,450.0,469.0,310.0,2597.0,1285.0,378.0,63.7699446487583,70.41525510902252,54.78095456066786,42.425318835459166,15.047217865531024,44.452088918993454,42.900011912904205,66.51764349654155,50.541289730884955,93.40131969850057
2025-03-09 20:17:46.829333,446.0,474.0,336.0,2594.0,1285.0,375.0,63.67053198516264,70.49739418668283,54.66508577594554,42.106976203006816,15.218777990410546,44.235285235640305,43.05518035962065,66.39992754429268,50.289773011547574,93.29956303078364
2025-03-09 20:17:46.829333,450.0,475.0,326.0,2595.0,1291.0,379.0,63.67053198516264,70.49739418668283,54.66508577594554,42.106976203006816,15.218777990410546,44.235285235640305,43.05518035962065,66.39992754429268,50.289773011547574,93.29956303078364
2025-03-09 20:17:46.829333,449.0,474.0,334.0,2590.0,1295.0,375.0,63.67053198516264,70.49739418668283,54.66508577594554,42.106976203006816,15.218777990410546,44.235285235640305,43.05518035962065,66.39992754429268,50.289773011547574,93.29956303078364
2025-03-09 20:17:46.837667,455.0,469.0,322.0,2598.0,1275.0,371.0,63.57220604196733,70.57613568468975,54.543512812646426,41.847759136288836,15.348322172077093,44.055878412175716,43.191453962348675,66.31615994713631,50.10845114268736,93.1895770359242
2025-03-09 20:17:46.837667,458.0,464.0,323.0,2589.0,1276.0,375.0,63.57220604196733,70.57613568468975,54.543512812646426,41.847759136288836,15.348322172077093,44.055878412175716,43.191453962348675,66.31615994713631,50.10845114268736,93.1895770359242
2025-03-09 20:17:46.837667,459.0,464.0,334.0,2593.0,1280.0,369.0,63.57220604196733,70.57613568468975,54.543512812646426,41.847759136288836,15.348322172077093,44.055878412175716,43.191453962348675,66.31615994713631,50.10845114268736,93.1895770359242
2025-03-09 20:17:46.846000,455.0,467.0,333.0,2591.0,1271.0,370.0,63.47524789794603,70.64968473327613,54.41308487778034,41.63246781746039,15.44606254303896,43.90357617670039,43.31721150367349,66.25618674492378,49.975733491456864,93.06896764191136
2025-03-09 20:17:46.846000,461.0,470.0,328.0,2587.0,1271.0,374.0,63.47524789794603,70.64968473327613,54.41308487778034,41.63246781746039,15.44606254303896,43.90357617670039,43.31721150367349,66.25618674492378,49.975733491456864,93.06896764191136
2025-03-09 20:17:46.846000,458.0,468.0,331.0,2597.0,1270.0,368.0,63.47524789794603,70.64968473327613,54.41308487778034,41.63246781746039,15.44606254303896,43.90357617670039,43.31721150367349,66.25618674492378,49.975733491456864,93.06896764191136
2025-03-09 20:17:46.846000,459.0,470.0,322.0,2587.0,1267.0,367.0,63.47524789794603,70.64968473327613,54.41308487778034,41.63246781746039,15.44606254303896,43.90357617670039,43.31721150367349,66.25618674492378,49.975733491456864,93.06896764191136
2025-03-09 20:17:46.854333,464.0,479.0,334.0,2559.0,1258.0,365.0,63.38054576829534,70.71733765908792,54.27197640433942,41.45160995598566,15.51812837083541,43.77201406766538,43.437722522753965,66.21404045869613,49.87830076732915,92.93605332998861
2025-03-09 20:17:46.854333,465.0,469.0,327.0,2583.0,1260.0,372.0,63.38054576829534,70.71733765908792,54.27197640433942,41.45160995598566,15.51812837083541,43.77201406766538,43.437722522753965,66.21404045869613,49.87830076732915,92.93605332998861
2025-03-09 20:17:46.854333,469.0,472.0,336.0,2559.0,1255.0,365.0,63.38054576829534,70.71733765908792,54.27197640433942,41.45160995598566,15.51812837083541,43.77201406766538,43.437722522753965,66.21404045869613,49.87830076732915,92.93605332998861
2025-03-09 20:17:46.854333,464.0,468.0,330.0,2585.0,1259.0,363.0,63.38054576829534,70.71733765908792,54.27197640433942,41.45160995598566,15.51812837083541,43.77201406766538,43.437722522753965,66.21404045869613,49.87830076732915,92.93605332998861
2025-03-09 20:17:46.862667,467.0,464.0,326.0,2585.0,1259.0,368.0,63.289578471783614,70.77921340916296,54.11951867405467,41.29795097572707,15.568904395942733,43.65610023322426,43.55755208341934,66.18695890016467,49.80718101947754,92.79052049980953
2025-03-09 20:17:46.862667,465.0,473.0,330.0,2590.0,1258.0,360.0,63.289578471783614,70.77921340916296,54.11951867405467,41.29795097572707,15.568904395942733,43.65610023322426,43.55755208341934,66.18695890016467,49.80718101947754,92.79052049980953
2025-03-09 20:17:46.862667,464.0,471.0,332.0,2589.0,1253.0,365.0,63.289578471783614,70.77921340916296,54.11951867405467,41.29795097572707,15.568904395942733,43.65610023322426,43.55755208341934,66.18695890016467,49.80718101947754,92.79052049980953
2025-03-09 20:17:46.871000,470.0,473.0,336.0,2594.0,1250.0,352.0,63.20452723663254,70.83613728675864,53.956139934992116,41.16473472138704,15.603420333658464,43.55131147126619,43.68174522168848,66.17353582565552,49.75432316144192,92.63239463341138
2025-03-09 20:17:46.871000,477.0,477.0,334.0,2559.0,1239.0,357.0,63.20452723663254,70.83613728675864,53.956139934992116,41.16473472138704,15.603420333658464,43.55131147126619,43.68174522168848,66.17353582565552,49.75432316144192,92.63239463341138
2025-03-09 20:17:46.871000,479.0,477.0,336.0,2559.0,1237.0,355.0,63.20452723663254,70.83613728675864,53.956139934992116,41.16473472138704,15.603420333658464,43.55131147126619,43.68174522168848,66.17353582565552,49.75432316144192,92.63239463341138
2025-03-09 20:17:46.871000,481.0,481.0,335.0,2559.0,1232.0,355.0,63.20452723663254,70.83613728675864,53.956139934992116,41.16473472138704,15.603420333658464,43.55131147126619,43.68174522168848,66.17353582565552,49.75432316144192,92.63239463341138
2025-03-09 20:17:46.879333,482.0,475.0,336.0,2626.0,1239.0,355.0,63.12857310320704,70.88976462714068,53.78366261980527,41.04693729492278,15.626594854360745,43.4547176716503,43.81471935753906,66.17357206285291,49.71351451861416,92.46201214879846
2025-03-09 20:17:46.879333,483.0,471.0,331.0,2591.0,1232.0,353.0,63.12857310320704,70.88976462714068,53.78366261980527,41.04693729492278,15.626594854360745,43.4547176716503,43.81471935753906,66.17357206285291,49.71351451861416,92.46201214879846
2025-03-09 20:17:46.879333,483.0,476.0,335.0,2559.0,1235.0,352.0,63.12857310320704,70.88976462714068,53.78366261980527,41.04693729492278,15.626594854360745,43.4547176716503,43.81471935753906,66.17357206285291,49.71351451861416,92.46201214879846
2025-03-09 20:17:46.879333,485.0,478.0,338.0,2559.0,1242.0,356.0,63.12857310320704,70.88976462714068,53.78366261980527,41.04693729492278,15.626594854360745,43.4547176716503,43.81471935753906,66.17357206285291,49.71351451861416,92.46201214879846
2025-03-09 20:17:46.887667,485.0,479.0,342.0,2559.0,1249.0,354.0,63.06468968795665,70.9423756784157,53.604335937992076,40.940722239575365,15.6413606583961,43.36403768357169,43.95873241470598,66.18741868980936,49.68105362384032,92.28103402912501
2025-03-09 20:17:46.887667,494.0,480.0,336.0,2559.0,1225.0,348.0,63.06468968795665,70.9423756784157,53.604335937992076,40.940722239575365,15.6413606583961,43.36403768357169,43.95873241470598,66.18741868980936,49.68105362384032,92.28103402912501
2025-03-09 20:17:46.887667,495.0,475.0,331.0,2559.0,1217.0,349.0,63.06468968795665,70.9423756784157,53.604335937992076,40.940722239575365,15.6413606583961,43.36403768357169,43.95873241470598,66.18741868980936,49.68105362384032,92.28103402912501
2025-03-09 20:17:46.887667,496.0,485.0,336.0,2559.0,1233.0,348.0,63.06468968795665,70.9423756784157,53.604335937992076,40.940722239575365,15.6413606583961,43.36403768357169,43.95873241470598,66.18741868980936,49.68105362384032,92.28103402912501
2025-03-09 20:17:46.896000,497.0,492.0,336.0,2559.0,1215.0,318.0,63.01420510373365,70.99647687823699,53.41989447978185,40.84322517320107,15.64874228443176,43.277343300641256,44.114056499408555,66.2155478998098,49.65592205810732,92.09173191046257
2025-03-09 20:17:46.896000,497.0,481.0,335.0,2559.0,1215.0,342.0,63.01420510373365,70.99647687823699,53.41989447978185,40.84322517320107,15.64874228443176,43.277343300641256,44.114056499408555,66.2155478998098,49.65592205810732,92.09173191046257
2025-03-09 20:17:46.896000,497.0,476.0,335.0,2559.0,1205.0,345.0,63.01420510373365,70.99647687823699,53.41989447978185,40.84322517320107,15.64874228443176,43.277343300641256,44.114056499408555,66.2155478998098,49.65592205810732,92.09173191046257
2025-03-09 20:17:46.904333,496.0,480.0,336.0,2559.0,1213.0,347.0,62.97589315773357,71.05411973252157,53.231952836045906,40.75314639108121,15.649012292966937,43.19387762082698,44.27878961897799,66.2576341293783,49.63951360100116,91.89416507887769
2025-03-09 20:17:46.904333,503.0,485.0,341.0,2557.0,1210.0,337.0,62.97589315773357,71.05411973252157,53.231952836045906,40.75314639108121,15.649012292966937,43.19387762082698,44.27878961897799,66.2576341293783,49.63951360100116,91.89416507887769
2025-03-09 20:17:46.904333,506.0,490.0,325.0,2559.0,1214.0,342.0,62.97589315773357,71.05411973252157,53.231952836045906,40.75314639108121,15.649012292966937,43.19387762082698,44.27878961897799,66.2576341293783,49.63951360100116,91.89416507887769
2025-03-09 20:17:46.904333,509.0,489.0,336.0,2515.0,1203.0,336.0,62.97589315773357,71.05411973252157,53.231952836045906,40.75314639108121,15.649012292966937,43.19387762082698,44.27878961897799,66.2576341293783,49.63951360100116,91.89416507887769
2025-03-09 20:17:46.912667,509.0,479.0,336.0,2559.0,1218.0,345.0,62.94933019779769,71.11627600354561,53.04313685273094,40.6723769368313,15.644065224240627,43.11642780398189,44.45038929662958,66.31186183930626,49.63262513484693,91.68663518601299
2025-03-09 20:17:46.912667,505.0,481.0,337.0,2559.0,1206.0,337.0,62.94933019779769,71.11627600354561,53.04313685273094,40.6723769368313,15.644065224240627,43.11642780398189,44.45038929662958,66.31186183930626,49.63262513484693,91.68663518601299
2025-03-09 20:17:46.912667,509.0,483.0,336.0,2557.0,1200.0,337.0,62.94933019779769,71.11627600354561,53.04313685273094,40.6723769368313,15.644065224240627,43.11642780398189,44.45038929662958,66.31186183930626,49.63262513484693,91.68663518601299
2025-03-09 20:17:46.921000,505.0,490.0,336.0,2559.0,1201.0,339.0,62.939089947954386,71.18406322779562,52.85794683564046,40.60283656513416,15.63820055279132,43.04871110823742,44.6286742773281,66.37683764097214,49.63203059926545,91.47151912890644
2025-03-09 20:17:46.921000,511.0,474.0,336.0,2586.0,1199.0,346.0,62.939089947954386,71.18406322779562,52.85794683564046,40.60283656513416,15.63820055279132,43.04871110823742,44.6286742773281,66.37683764097214,49.63203059926545,91.47151912890644
2025-03-09 20:17:46.921000,523.0,493.0,343.0,2549.0,1194.0,336.0,62.939089947954386,71.18406322779562,52.85794683564046,40.60283656513416,15.63820055279132,43.04871110823742,44.6286742773281,66.37683764097214,49.63203059926545,91.47151912890644
2025-03-09 20:17:46.921000,511.0,487.0,336.0,2559.0,1178.0,334.0,62.939089947954386,71.18406322779562,52.85794683564046,40.60283656513416,15.63820055279132,43.04871110823742,44.6286742773281,66.37683764097214,49.63203059926545,91.47151912890644
2025-03-09 20:17:46.929333,526.0,465.0,337.0,2555.0,1185.0,331.0,62.94943038110645,71.25951918719953,52.68151573727656,40.54030618572034,15.636244177857854,42.98883412786627,44.814937286618004,66.4521998858458,49.631923936221774,91.2570258014894
2025-03-09 20:17:46.929333,524.0,481.0,337.0,2558.0,1189.0,330.0,62.94943038110645,71.25951918719953,52.68151573727656,40.54030618572034,15.636244177857854,42.98883412786627,44.814937286618004,66.4521998858458,49.631923936221774,91.2570258014894
2025-03-09 20:17:46.929333,525.0,491.0,336.0,2559.0,1179.0,334.0,62.94943038110645,71.25951918719953,52.68151573727656,40.54030618572034,15.636244177857854,42.98883412786627,44.814937286618004,66.4521998858458,49.631923936221774,91.2570258014894
2025-03-09 20:17:46.937667,525.0,486.0,336.0,2546.0,1182.0,323.0,62.979867514045786,71.3441844428641,52.516032980172575,40.478459511386475,15.639944535737918,42.93159273302983,45.00968332905067,66.53826169257981,49.629399370208354,91.05437568870597
2025-03-09 20:17:46.937667,525.0,487.0,337.0,2559.0,1183.0,333.0,62.979867514045786,71.3441844428641,52.516032980172575,40.478459511386475,15.639944535737918,42.93159273302983,45.00968332905067,66.53826169257981,49.629399370208354,91.05437568870597
2025-03-09 20:17:46.937667,528.0,488.0,352.0,2547.0,1168.0,322.0,62.979867514045786,71.3441844428641,52.516032980172575,40.478459511386475,15.639944535737918,42.93159273302983,45.00968332905067,66.53826169257981,49.629399370208354,91.05437568870597
2025-03-09 20:17:46.937667,530.0,487.0,343.0,2546.0,1168.0,320.0,62.979867514045786,71.3441844428641,52.516032980172575,40.478459511386475,15.639944535737918,42.93159273302983,45.00968332905067,66.53826169257981,49.629399370208354,91.05437568870597
2025-03-09 20:17:46.946000,528.0,496.0,339.0,2544.0,1168.0,330.0,63.02769303743439,71.43882691189913,52.36117750441435,40.41269666922181,15.648439180977048,42.872268149127635,45.212837815724654,66.6359323305355,49.62469124446911,90.86972343639682
2025-03-09 20:17:46.946000,529.0,491.0,345.0,2544.0,1169.0,321.0,63.02769303743439,71.43882691189913,52.36117750441435,40.41269666922181,15.648439180977048,42.872268149127635,45.212837815724654,66.6359323305355,49.62469124446911,90.86972343639682
2025-03-09 20:17:46.946000,528.0,495.0,311.0,2553.0,1162.0,322.0,63.02769303743439,71.43882691189913,52.36117750441435,40.41269666922181,15.648439180977048,42.872268149127635,45.212837815724654,66.6359323305355,49.62469124446911,90.86972343639682
2025-03-09 20:17:46.946000,530.0,495.0,344.0,2546.0,1168.0,322.0,63.02769303743439,71.43882691189913,52.36117750441435,40.41269666922181,15.648439180977048,42.872268149127635,45.212837815724654,66.6359323305355,49.62469124446911,90.86972343639682
2025-03-09 20:17:46.954333,533.0,491.0,348.0,2544.0,1166.0,318.0,63.09202489905943,71.54488554542353,52.219442923258484,40.342725589583864,15.66121164598113,42.81038610448039,45.422340897381154,66.74639329577904,49.62043032933819,90.70012568171417
2025-03-09 20:17:46.954333,532.0,496.0,336.0,2544.0,1219.0,322.0,63.09202489905943,71.54488554542353,52.219442923258484,40.342725589583864,15.66121164598113,42.81038610448039,45.422340897381154,66.74639329577904,49.62043032933819,90.70012568171417
2025-03-09 20:17:46.954333,540.0,493.0,338.0,2542.0,1168.0,316.0,63.09202489905943,71.54488554542353,52.219442923258484,40.342725589583864,15.66121164598113,42.81038610448039,45.422340897381154,66.74639329577904,49.62043032933819,90.70012568171417
2025-03-09 20:17:46.962667,543.0,496.0,339.0,2549.0,1158.0,320.0,63.17088439950072,71.66400821795615,52.091157840322964,40.27103886283223,15.675037316038534,42.74684872315494,45.63619259973769,66.87269882505898,49.623735934552435,90.54168848560847
2025-03-09 20:17:46.962667,539.0,490.0,336.0,2542.0,1154.0,320.0,63.17088439950072,71.66400821795615,52.091157840322964,40.27103886283223,15.675037316038534,42.74684872315494,45.63619259973769,66.87269882505898,49.623735934552435,90.54168848560847
2025-03-09 20:17:46.962667,541.0,480.0,342.0,2542.0,1162.0,319.0,63.17088439950072,71.66400821795615,52.091157840322964,40.27103886283223,15.675037316038534,42.74684872315494,45.63619259973769,66.87269882505898,49.623735934552435,90.54168848560847
2025-03-09 20:17:46.962667,545.0,496.0,345.0,2543.0,1151.0,320.0,63.17088439950072,71.66400821795615,52.091157840322964,40.27103886283223,15.675037316038534,42.74684872315494,45.63619259973769,66.87269882505898,49.623735934552435,90.54168848560847
2025-03-09 20:17:46.971000,543.0,511.0,346.0,2547.0,1154.0,311.0,63.25974152634205,71.79653794253905,51.97372570792778,40.19883097031306,15.68570280713456,42.68059963473465,45.853798471764925,67.0180409154982,49.64194506587493,90.39271857168221
2025-03-09 20:17:46.971000,543.0,495.0,350.0,2547.0,1154.0,304.0,63.25974152634205,71.79653794253905,51.97372570792778,40.19883097031306,15.68570280713456,42.68059963473465,45.853798471764925,67.0180409154982,49.64194506587493,90.39271857168221
2025-03-09 20:17:46.971000,547.0,490.0,341.0,2531.0,1151.0,326.0,63.25974152634205,71.79653794253905,51.97372570792778,40.19883097031306,15.68570280713456,42.68059963473465,45.853798471764925,67.0180409154982,49.64194506587493,90.39271857168221
2025-03-09 20:17:46.979333,551.0,487.0,357.0,2547.0,1150.0,303.0,63.35712247773394,71.94275931308623,51.86771238242942,40.128214218427445,15.693185051762725,42.6131266485283,46.074952905069786,67.18376183049418,49.678477052614504,90.25255943701745
2025-03-09 20:17:46.979333,551.0,526.0,336.0,2514.0,1150.0,309.0,63.35712247773394,71.94275931308623,51.86771238242942,40.128214218427445,15.693185051762725,42.6131266485283,46.074952905069786,67.18376183049418,49.678477052614504,90.25255943701745
2025-03-09 20:17:46.979333,551.0,496.0,355.0,2533.0,1152.0,310.0,63.35712247773394,71.94275931308623,51.86771238242942,40.128214218427445,15.693185051762725,42.6131266485283,46.074952905069786,67.18376183049418,49.678477052614504,90.25255943701745
2025-03-09 20:17:46.979333,550.0,502.0,341.0,2532.0,1147.0,304.0,63.35712247773394,71.94275931308623,51.86771238242942,40.128214218427445,15.693185051762725,42.6131266485283,46.074952905069786,67.18376183049418,49.678477052614504,90.25255943701745
2025-03-09 20:17:46.987667,555.0,496.0,344.0,2534.0,1145.0,309.0,63.46379195337445,72.10377970570642,51.77528051757017,40.06033183267151,15.699429982502402,42.54613358531676,46.2996333798554,67.37013720115782,49.73389040520194,90.1229939340415
2025-03-09 20:17:46.987667,551.0,497.0,352.0,2514.0,1149.0,321.0,63.46379195337445,72.10377970570642,51.77528051757017,40.06033183267151,15.699429982502402,42.54613358531676,46.2996333798554,67.37013720115782,49.73389040520194,90.1229939340415
2025-03-09 20:17:46.987667,553.0,498.0,342.0,2541.0,1138.0,304.0,63.46379195337445,72.10377970570642,51.77528051757017,40.06033183267151,15.699429982502402,42.54613358531676,46.2996333798554,67.37013720115782,49.73389040520194,90.1229939340415
2025-03-09 20:17:46.996000,554.0,500.0,340.0,2530.0,1137.0,300.0,63.579996293152895,72.27999442775531,51.697247676374545,39.996163385504474,15.705677697110525,42.48117038536957,46.527249196276664,67.57612373197126,49.807918537120116,90.0063357132479
2025-03-09 20:17:46.996000,552.0,499.0,343.0,2531.0,1141.0,309.0,63.579996293152895,72.27999442775531,51.697247676374545,39.996163385504474,15.705677697110525,42.48117038536957,46.527249196276664,67.57612373197126,49.807918537120116,90.0063357132479
2025-03-09 20:17:46.996000,557.0,497.0,345.0,2529.0,1133.0,303.0,63.579996293152895,72.27999442775531,51.697247676374545,39.996163385504474,15.705677697110525,42.48117038536957,46.527249196276664,67.57612373197126,49.807918537120116,90.0063357132479
2025-03-09 20:17:46.996000,554.0,502.0,349.0,2529.0,1199.0,303.0,63.579996293152895,72.27999442775531,51.697247676374545,39.996163385504474,15.705677697110525,42.48117038536957,46.527249196276664,67.57612373197126,49.807918537120116,90.0063357132479
2025-03-09 20:17:47.004333,554.0,494.0,349.0,2529.0,1139.0,299.0,63.70568644953761,72.47087577228817,51.632301011347195,39.939555411421516,15.71144309760378,42.42209835178163,46.75610067729145,67.7995369175525,49.90149049591131,89.90391084960096
2025-03-09 20:17:47.004333,556.0,497.0,347.0,2531.0,1140.0,304.0,63.70568644953761,72.47087577228817,51.632301011347195,39.939555411421516,15.71144309760378,42.42209835178163,46.75610067729145,67.7995369175525,49.90149049591131,89.90391084960096
2025-03-09 20:17:47.004333,558.0,479.0,366.0,2528.0,1147.0,304.0,63.70568644953761,72.47087577228817,51.632301011347195,39.939555411421516,15.71144309760378,42.42209835178163,46.75610067729145,67.7995369175525,49.90149049591131,89.90391084960096
2025-03-09 20:17:47.012667,555.0,503.0,355.0,2539.0,1139.0,276.0,63.841037863599084,72.67576768084547,51.57565160360282,39.89088722313182,15.715785218300963,42.36916508550239,46.98839709856303,68.03945729698904,50.01316854732266,89.8177189006892
2025-03-09 20:17:47.012667,554.0,498.0,359.0,2525.0,1135.0,299.0,63.841037863599084,72.67576768084547,51.57565160360282,39.89088722313182,15.715785218300963,42.36916508550239,46.98839709856303,68.03945729698904,50.01316854732266,89.8177189006892
2025-03-09 20:17:47.012667,555.0,509.0,350.0,2527.0,1147.0,299.0,63.841037863599084,72.67576768084547,51.57565160360282,39.89088722313182,15.715785218300963,42.36916508550239,46.98839709856303,68.03945729698904,50.01316854732266,89.8177189006892
2025-03-09 20:17:47.012667,554.0,498.0,349.0,2521.0,1135.0,304.0,63.841037863599084,72.67576768084547,51.57565160360282,39.89088722313182,15.715785218300963,42.36916508550239,46.98839709856303,68.03945729698904,50.01316854732266,89.8177189006892
2025-03-09 20:17:47.021000,555.0,497.0,346.0,2523.0,1136.0,304.0,63.98621136188267,72.8937777785249,51.52441451531175,39.84576426416317,15.719826286691605,42.31897048582179,47.22668058648096,68.29390271113195,50.13722360114007,89.74918696373162
2025-03-09 20:17:47.021000,553.0,490.0,335.0,2519.0,1135.0,303.0,63.98621136188267,72.8937777785249,51.52441451531175,39.84576426416317,15.719826286691605,42.31897048582179,47.22668058648096,68.29390271113195,50.13722360114007,89.74918696373162
2025-03-09 20:17:47.021000,556.0,509.0,345.0,2528.0,1133.0,294.0,63.98621136188267,72.8937777785249,51.52441451531175,39.84576426416317,15.719826286691605,42.31897048582179,47.22668058648096,68.29390271113195,50.13722360114007,89.74918696373162
2025-03-09 20:17:47.021000,554.0,496.0,347.0,2525.0,1136.0,270.0,63.98621136188267,72.8937777785249,51.52441451531175,39.84576426416317,15.719826286691605,42.31897048582179,47.22668058648096,68.29390271113195,50.13722360114007,89.74918696373162
2025-03-09 20:17:47.029333,557.0,528.0,348.0,2526.0,1136.0,263.0,64.1405609676762,73.12313835984305,51.477394375202294,39.802123217505894,15.724944104874487,42.27031385258409,47.47126018935743,68.55993574641029,50.269208437073765,89.69793380435956
2025-03-09 20:17:47.029333,556.0,511.0,338.0,2555.0,1135.0,308.0,64.1405609676762,73.12313835984305,51.477394375202294,39.802123217505894,15.724944104874487,42.27031385258409,47.47126018935743,68.55993574641029,50.269208437073765,89.69793380435956
2025-03-09 20:17:47.029333,555.0,503.0,354.0,2526.0,1134.0,289.0,64.1405609676762,73.12313835984305,51.477394375202294,39.802123217505894,15.724944104874487,42.27031385258409,47.47126018935743,68.55993574641029,50.269208437073765,89.69793380435956
2025-03-09 20:17:47.037667,554.0,499.0,342.0,2487.0,1134.0,270.0,64.30450128840428,73.36266487722766,51.435690173319244,39.759043935953386,15.732192986275523,42.222832121088175,47.721387323289406,68.83591042372862,50.40626066327546,89.66419508776885
2025-03-09 20:17:47.037667,562.0,499.0,352.0,2510.0,1133.0,289.0,64.30450128840428,73.36266487722766,51.435690173319244,39.759043935953386,15.732192986275523,42.222832121088175,47.721387323289406,68.83591042372862,50.40626066327546,89.66419508776885
2025-03-09 20:17:47.037667,559.0,505.0,354.0,2519.0,1135.0,288.0,64.30450128840428,73.36266487722766,51.435690173319244,39.759043935953386,15.732192986275523,42.222832121088175,47.721387323289406,68.83591042372862,50.40626066327546,89.66419508776885
2025-03-09 20:17:47.037667,556.0,495.0,345.0,2593.0,1129.0,266.0,64.30450128840428,73.36266487722766,51.435690173319244,39.759043935953386,15.732192986275523,42.222832121088175,47.721387323289406,68.83591042372862,50.40626066327546,89.66419508776885
2025-03-09 20:17:47.046000,563.0,502.0,357.0,2524.0,1136.0,283.0,64.47886661391121,73.61268021315885,51.40237095016124,39.71555316474348,15.742656453859622,42.17643784230381,47.97477480786313,69.12034409333322,50.54668093391913,89.64855722467456
2025-03-09 20:17:47.046000,560.0,501.0,352.0,2518.0,1133.0,289.0,64.47886661391121,73.61268021315885,51.40237095016124,39.71555316474348,15.742656453859622,42.17643784230381,47.97477480786313,69.12034409333322,50.54668093391913,89.64855722467456
2025-03-09 20:17:47.046000,564.0,506.0,353.0,2533.0,1133.0,286.0,64.47886661391121,73.61268021315885,51.40237095016124,39.71555316474348,15.742656453859622,42.17643784230381,47.97477480786313,69.12034409333322,50.54668093391913,89.64855722467456
2025-03-09 20:17:47.054333,563.0,526.0,349.0,2523.0,1135.0,286.0,64.6619877411604,73.87238306059149,51.378197440770535,39.66680701930495,15.75785154645874,42.127341456328935,48.231059159146675,69.41108708660593,50.68640185938472,89.64964494076267
2025-03-09 20:17:47.054333,566.0,507.0,351.0,2517.0,1135.0,287.0,64.6619877411604,73.87238306059149,51.378197440770535,39.66680701930495,15.75785154645874,42.127341456328935,48.231059159146675,69.41108708660593,50.68640185938472,89.64964494076267
2025-03-09 20:17:47.054333,570.0,511.0,360.0,2517.0,1136.0,283.0,64.6619877411604,73.87238306059149,51.378197440770535,39.66680701930495,15.75785154645874,42.127341456328935,48.231059159146675,69.41108708660593,50.68640185938472,89.64964494076267
2025-03-09 20:17:47.054333,565.0,528.0,357.0,2513.0,1136.0,287.0,64.6619877411604,73.87238306059149,51.378197440770535,39.66680701930495,15.75785154645874,42.127341456328935,48.231059159146675,69.41108708660593,50.68640185938472,89.64964494076267
2025-03-09 20:17:47.062667,569.0,500.0,353.0,2517.0,1135.0,284.0,64.85140020670195,74.1394437964656,51.36054427347931,39.6060167476236,15.779919986172132,42.0699805993713,48.492820456808126,69.70513418547706,50.81816753189901,89.66455879876824
2025-03-09 20:17:47.062667,582.0,510.0,349.0,2518.0,1141.0,282.0,64.85140020670195,74.1394437964656,51.36054427347931,39.6060167476236,15.779919986172132,42.0699805993713,48.492820456808126,69.70513418547706,50.81816753189901,89.66455879876824
2025-03-09 20:17:47.062667,580.0,511.0,364.0,2518.0,1141.0,282.0,64.85140020670195,74.1394437964656,51.36054427347931,39.6060167476236,15.779919986172132,42.0699805993713,48.492820456808126,69.70513418547706,50.81816753189901,89.66455879876824
2025-03-09 20:17:47.071000,586.0,511.0,336.0,2512.0,1142.0,283.0,65.04495852208503,74.41128235720859,51.346677899788645,39.53698980417611,15.808631874313452,42.008134515086155,48.75832577730159,69.99865897389228,50.941920981657695,89.6910970722068
2025-03-09 20:17:47.071000,589.0,511.0,345.0,2521.0,1146.0,285.0,65.04495852208503,74.41128235720859,51.346677899788645,39.53698980417611,15.808631874313452,42.008134515086155,48.75832577730159,69.99865897389228,50.941920981657695,89.6910970722068
2025-03-09 20:17:47.071000,589.0,508.0,340.0,2516.0,1142.0,279.0,65.04495852208503,74.41128235720859,51.346677899788645,39.53698980417611,15.808631874313452,42.008134515086155,48.75832577730159,69.99865897389228,50.941920981657695,89.6910970722068
2025-03-09 20:17:47.071000,587.0,503.0,342.0,2518.0,1144.0,277.0,65.04495852208503,74.41128235720859,51.346677899788645,39.53698980417611,15.808631874313452,42.008134515086155,48.75832577730159,69.99865897389228,50.941920981657695,89.6910970722068
2025-03-09 20:17:47.079333,589.0,503.0,353.0,2512.0,1151.0,278.0,65.24014099085895,74.68383627758652,51.334805999897746,39.46858232089495,15.840843400431755,41.94908561660408,49.022120871493,70.28805891625082,51.06188180772189,89.7257113313771
2025-03-09 20:17:47.079333,606.0,511.0,345.0,2522.0,1152.0,281.0,65.24014099085895,74.68383627758652,51.334805999897746,39.46858232089495,15.840843400431755,41.94908561660408,49.022120871493,70.28805891625082,51.06188180772189,89.7257113313771
2025-03-09 20:17:47.079333,603.0,497.0,351.0,2521.0,1158.0,274.0,65.24014099085895,74.68383627758652,51.334805999897746,39.46858232089495,15.840843400431755,41.94908561660408,49.022120871493,70.28805891625082,51.06188180772189,89.7257113313771
2025-03-09 20:17:47.087667,606.0,501.0,353.0,2512.0,1161.0,279.0,65.4336448330476,74.95308475057294,51.3245595680581,39.40355805556928,15.873948477850393,41.89441922524677,49.279524244554445,70.57036182490232,51.179314801733526,89.76192668568301
2025-03-09 20:17:47.087667,608.0,496.0,346.0,2513.0,1158.0,272.0,65.4336448330476,74.95308475057294,51.3245595680581,39.40355805556928,15.873948477850393,41.89441922524677,49.279524244554445,70.57036182490232,51.179314801733526,89.76192668568301
2025-03-09 20:17:47.087667,607.0,506.0,343.0,2517.0,1158.0,275.0,65.4336448330476,74.95308475057294,51.3245595680581,39.40355805556928,15.873948477850393,41.89441922524677,49.279524244554445,70.57036182490232,51.179314801733526,89.76192668568301
2025-03-09 20:17:47.087667,618.0,525.0,350.0,2521.0,1156.0,275.0,65.4336448330476,74.95308475057294,51.3245595680581,39.40355805556928,15.873948477850393,41.89441922524677,49.279524244554445,70.57036182490232,51.179314801733526,89.76192668568301
2025-03-09 20:17:47.096000,611.0,525.0,343.0,2522.0,1153.0,281.0,65.62103151729984,75.21583953856381,51.317466060828714,39.34185136587708,15.906652648542584,41.84358580824527,49.5254093373705,70.84232350665977,51.29481828831344,89.79324472064931
2025-03-09 20:17:47.096000,610.0,471.0,346.0,2515.0,1165.0,275.0,65.62103151729984,75.21583953856381,51.317466060828714,39.34185136587708,15.906652648542584,41.84358580824527,49.5254093373705,70.84232350665977,51.29481828831344,89.79324472064931
2025-03-09 20:17:47.096000,627.0,569.0,342.0,2518.0,1171.0,273.0,65.62103151729984,75.21583953856381,51.317466060828714,39.34185136587708,15.906652648542584,41.84358580824527,49.5254093373705,70.84232350665977,51.29481828831344,89.79324472064931
2025-03-09 20:17:47.096000,628.0,544.0,342.0,2516.0,1173.0,274.0,65.62103151729984,75.21583953856381,51.317466060828714,39.34185136587708,15.906652648542584,41.84358580824527,49.5254093373705,70.84232350665977,51.29481828831344,89.79324472064931
2025-03-09 20:17:47.104333,628.0,524.0,353.0,2517.0,1174.0,272.0,65.79791690662883,75.46854623645537,51.31444015524437,39.2841743381768,15.9387723636955,41.79686345961838,49.75616609854973,71.10094381521903,51.40869817910397,89.81570661303442
2025-03-09 20:17:47.104333,629.0,538.0,338.0,2518.0,1178.0,275.0,65.79791690662883,75.46854623645537,51.31444015524437,39.2841743381768,15.9387723636955,41.79686345961838,49.75616609854973,71.10094381521903,51.40869817910397,89.81570661303442
2025-03-09 20:17:47.104333,627.0,507.0,349.0,2518.0,1180.0,274.0,65.79791690662883,75.46854623645537,51.31444015524437,39.2841743381768,15.9387723636955,41.79686345961838,49.75616609854973,71.10094381521903,51.40869817910397,89.81570661303442
2025-03-09 20:17:47.112667,639.0,525.0,347.0,2518.0,1178.0,274.0,65.96079712081398,75.70794709246366,51.31354056534776,39.230897117661414,15.970252453194416,41.753988232956075,49.97175698870478,71.34463676245119,51.52058495473458,89.82662000802662
2025-03-09 20:17:47.112667,631.0,534.0,337.0,2518.0,1179.0,272.0,65.96079712081398,75.70794709246366,51.31354056534776,39.230897117661414,15.970252453194416,41.753988232956075,49.97175698870478,71.34463676245119,51.52058495473458,89.82662000802662
2025-03-09 20:17:47.112667,651.0,537.0,336.0,2518.0,1194.0,272.0,65.96079712081398,75.70794709246366,51.31354056534776,39.230897117661414,15.970252453194416,41.753988232956075,49.97175698870478,71.34463676245119,51.52058495473458,89.82662000802662
2025-03-09 20:17:47.112667,654.0,540.0,336.0,2518.0,1197.0,272.0,65.96079712081398,75.70794709246366,51.31354056534776,39.230897117661414,15.970252453194416,41.753988232956075,49.97175698870478,71.34463676245119,51.52058495473458,89.82662000802662
2025-03-09 20:17:47.121000,656.0,534.0,342.0,2516.0,1189.0,272.0,66.1069957415257,75.93136954672306,51.31144202257669,39.18102466248868,16.00085709312656,41.71358252588511,50.173463077133576,71.5718929415906,51.62878343572807,89.82253857331249
2025-03-09 20:17:47.121000,656.0,539.0,337.0,2517.0,1189.0,274.0,66.1069957415257,75.93136954672306,51.31144202257669,39.18102466248868,16.00085709312656,41.71358252588511,50.173463077133576,71.5718929415906,51.62878343572807,89.82253857331249
2025-03-09 20:17:47.121000,656.0,533.0,336.0,2523.0,1197.0,274.0,66.1069957415257,75.93136954672306,51.31144202257669,39.18102466248868,16.00085709312656,41.71358252588511,50.173463077133576,71.5718929415906,51.62878343572807,89.82253857331249
2025-03-09 20:17:47.129333,658.0,534.0,341.0,2516.0,1194.0,272.0,66.23506963452017,76.13700096062149,51.303979595860234,39.13240897677898,16.029597491948685,41.67332585124906,50.36298214154922,71.7812413134381,51.730631618922644,89.79923080918053
2025-03-09 20:17:47.129333,661.0,542.0,336.0,2527.0,1191.0,274.0,66.23506963452017,76.13700096062149,51.303979595860234,39.13240897677898,16.029597491948685,41.67332585124906,50.36298214154922,71.7812413134381,51.730631618922644,89.79923080918053
2025-03-09 20:17:47.129333,657.0,537.0,338.0,2517.0,1193.0,272.0,66.23506963452017,76.13700096062149,51.303979595860234,39.13240897677898,16.029597491948685,41.67332585124906,50.36298214154922,71.7812413134381,51.730631618922644,89.79923080918053
2025-03-09 20:17:47.129333,677.0,535.0,336.0,2521.0,1212.0,269.0,66.23506963452017,76.13700096062149,51.303979595860234,39.13240897677898,16.029597491948685,41.67332585124906,50.36298214154922,71.7812413134381,51.730631618922644,89.79923080918053
2025-03-09 20:17:47.137667,676.0,538.0,344.0,2518.0,1210.0,289.0,66.34426375675797,76.32405812467846,51.285696261065496,39.08257964233863,16.055364782309653,41.63069789546608,50.54337109137721,71.97177524597315,51.82352817615884,89.75269813579496
2025-03-09 20:17:47.137667,679.0,543.0,341.0,2518.0,1207.0,272.0,66.34426375675797,76.32405812467846,51.285696261065496,39.08257964233863,16.055364782309653,41.63069789546608,50.54337109137721,71.97177524597315,51.82352817615884,89.75269813579496
2025-03-09 20:17:47.137667,678.0,547.0,337.0,2515.0,1215.0,272.0,66.34426375675797,76.32405812467846,51.285696261065496,39.08257964233863,16.055364782309653,41.63069789546608,50.54337109137721,71.97177524597315,51.82352817615884,89.75269813579496
2025-03-09 20:17:47.146000,678.0,542.0,339.0,2521.0,1215.0,273.0,66.43327610001863,76.49215350404043,51.25607533819858,39.03100911507897,16.077763621045538,41.584678465385664,50.715238607127816,72.14424368109394,51.90842773609998,89.68101235315777
2025-03-09 20:17:47.146000,681.0,528.0,374.0,2517.0,1215.0,271.0,66.43327610001863,76.49215350404043,51.25607533819858,39.03100911507897,16.077763621045538,41.584678465385664,50.715238607127816,72.14424368109394,51.90842773609998,89.68101235315777
2025-03-09 20:17:47.146000,682.0,542.0,330.0,2514.0,1215.0,273.0,66.43327610001863,76.49215350404043,51.25607533819858,39.03100911507897,16.077763621045538,41.584678465385664,50.715238607127816,72.14424368109394,51.90842773609998,89.68101235315777
2025-03-09 20:17:47.146000,688.0,541.0,326.0,2515.0,1226.0,272.0,66.43327610001863,76.49215350404043,51.25607533819858,39.03100911507897,16.077763621045538,41.584678465385664,50.715238607127816,72.14424368109394,51.90842773609998,89.68101235315777
2025-03-09 20:17:47.154333,693.0,550.0,333.0,2512.0,1230.0,271.0,66.50012463508757,76.64115933113833,51.21977839465225,38.97790360575769,16.096841570248547,41.53500379025821,50.87534131859044,72.2994433342171,51.98839072378998,89.58405433942016
2025-03-09 20:17:47.154333,691.0,538.0,336.0,2519.0,1232.0,271.0,66.50012463508757,76.64115933113833,51.21977839465225,38.97790360575769,16.096841570248547,41.53500379025821,50.87534131859044,72.2994433342171,51.98839072378998,89.58405433942016
2025-03-09 20:17:47.154333,697.0,540.0,329.0,2527.0,1231.0,272.0,66.50012463508757,76.64115933113833,51.21977839465225,38.97790360575769,16.096841570248547,41.53500379025821,50.87534131859044,72.2994433342171,51.98839072378998,89.58405433942016
2025-03-09 20:17:47.162667,694.0,526.0,327.0,2521.0,1229.0,275.0,66.54288504138162,76.76975594688031,51.17780713889858,38.92264521503137,16.11237353897082,41.48079773953679,51.02214941238932,72.43655510707102,52.063579648687686,89.46070638164595
2025-03-09 20:17:47.162667,697.0,541.0,331.0,2519.0,1231.0,271.0,66.54288504138162,76.76975594688031,51.17780713889858,38.92264521503137,16.11237353897082,41.48079773953679,51.02214941238932,72.43655510707102,52.063579648687686,89.46070638164595
2025-03-09 20:17:47.162667,700.0,541.0,331.0,2514.0,1232.0,272.0,66.54288504138162,76.76975594688031,51.17780713889858,38.92264521503137,16.11237353897082,41.48079773953679,51.02214941238932,72.43655510707102,52.063579648687686,89.46070638164595
2025-03-09 20:17:47.162667,701.0,555.0,333.0,2517.0,1232.0,272.0,66.54288504138162,76.76975594688031,51.17780713889858,38.92264521503137,16.11237353897082,41.48079773953679,51.02214941238932,72.43655510707102,52.063579648687686,89.46070638164595
2025-03-09 20:17:47.171000,706.0,558.0,327.0,2513.0,1238.0,271.0,66.561215866021,76.87664318312999,51.128214548911295,38.863754650852414,16.124306772261498,41.42081554086272,51.15645530781446,72.55401684452832,52.13124971161423,89.3101859111228
2025-03-09 20:17:47.171000,717.0,545.0,335.0,2523.0,1239.0,266.0,66.561215866021,76.87664318312999,51.128214548911295,38.863754650852414,16.124306772261498,41.42081554086272,51.15645530781446,72.55401684452832,52.13124971161423,89.3101859111228
2025-03-09 20:17:47.171000,711.0,549.0,337.0,2512.0,1235.0,271.0,66.561215866021,76.87664318312999,51.128214548911295,38.863754650852414,16.124306772261498,41.42081554086272,51.15645530781446,72.55401684452832,52.13124971161423,89.3101859111228
2025-03-09 20:17:47.171000,714.0,559.0,336.0,2519.0,1246.0,266.0,66.561215866021,76.87664318312999,51.128214548911295,38.863754650852414,16.124306772261498,41.42081554086272,51.15645530781446,72.55401684452832,52.13124971161423,89.3101859111228
2025-03-09 20:17:47.179333,717.0,549.0,339.0,2513.0,1245.0,272.0,66.55672109068016,76.96181761017574,51.06904658110075,38.799708852784676,16.132112313362196,41.353956682428695,51.27934968965607,72.65092060947053,52.18850670471111,89.13313844971488
2025-03-09 20:17:47.179333,718.0,546.0,337.0,2509.0,1245.0,269.0,66.55672109068016,76.96181761017574,51.06904658110075,38.799708852784676,16.132112313362196,41.353956682428695,51.27934968965607,72.65092060947053,52.18850670471111,89.13313844971488
2025-03-09 20:17:47.179333,716.0,545.0,343.0,2519.0,1245.0,271.0,66.55672109068016,76.96181761017574,51.06904658110075,38.799708852784676,16.132112313362196,41.353956682428695,51.27934968965607,72.65092060947053,52.18850670471111,89.13313844971488
2025-03-09 20:17:47.187667,733.0,559.0,336.0,2512.0,1248.0,269.0,66.53022763953463,77.02382458497534,50.998141134737054,38.7294191113514,16.135288410147123,41.27940375421541,51.39137490485725,72.72544093780056,52.231807682832404,88.9290056397421
2025-03-09 20:17:47.187667,727.0,554.0,336.0,2515.0,1249.0,266.0,66.53022763953463,77.02382458497534,50.998141134737054,38.7294191113514,16.135288410147123,41.27940375421541,51.39137490485725,72.72544093780056,52.231807682832404,88.9290056397421
2025-03-09 20:17:47.187667,729.0,551.0,343.0,2521.0,1251.0,271.0,66.53022763953463,77.02382458497534,50.998141134737054,38.7294191113514,16.135288410147123,41.27940375421541,51.39137490485725,72.72544093780056,52.231807682832404,88.9290056397421
2025-03-09 20:17:47.187667,731.0,548.0,336.0,2519.0,1252.0,272.0,66.53022763953463,77.02382458497534,50.998141134737054,38.7294191113514,16.135288410147123,41.27940375421541,51.39137490485725,72.72544093780056,52.231807682832404,88.9290056397421
2025-03-09 20:17:47.196000,735.0,550.0,337.0,2516.0,1254.0,271.0,66.48178819558895,77.06124578304366,50.9140247819522,38.65216852315393,16.133744347254563,41.19668311122424,51.49269262861438,72.77585817962654,52.25854820018846,88.69757627492204
2025-03-09 20:17:47.196000,736.0,559.0,339.0,2517.0,1255.0,268.0,66.48178819558895,77.06124578304366,50.9140247819522,38.65216852315393,16.133744347254563,41.19668311122424,51.49269262861438,72.77585817962654,52.25854820018846,88.69757627492204
2025-03-09 20:17:47.196000,740.0,560.0,336.0,2513.0,1258.0,272.0,66.48178819558895,77.06124578304366,50.9140247819522,38.65216852315393,16.133744347254563,41.19668311122424,51.49269262861438,72.77585817962654,52.25854820018846,88.69757627492204
2025-03-09 20:17:47.204333,736.0,557.0,336.0,2514.0,1255.0,266.0,66.41207231219289,77.07472017072351,50.81668399595305,38.567259423922444,16.12795366364957,41.10569569529645,51.583367788539,72.80149666002026,52.26772712662152,88.44046605849789
2025-03-09 20:17:47.204333,748.0,554.0,343.0,2517.0,1258.0,272.0,66.41207231219289,77.07472017072351,50.81668399595305,38.567259423922444,16.12795366364957,41.10569569529645,51.583367788539,72.80149666002026,52.26772712662152,88.44046605849789
2025-03-09 20:17:47.204333,752.0,545.0,336.0,2512.0,1257.0,267.0,66.41207231219289,77.07472017072351,50.81668399595305,38.567259423922444,16.12795366364957,41.10569569529645,51.583367788539,72.80149666002026,52.26772712662152,88.44046605849789
2025-03-09 20:17:47.204333,752.0,564.0,346.0,2514.0,1251.0,266.0,66.41207231219289,77.07472017072351,50.81668399595305,38.567259423922444,16.12795366364957,41.10569569529645,51.583367788539,72.80149666002026,52.26772712662152,88.44046605849789
2025-03-09 20:17:47.212667,755.0,559.0,343.0,2518.0,1254.0,269.0,66.32368475240402,77.06553389433357,50.70818501302535,38.47644893885819,16.118442692548236,41.008246530048275,51.66345705759292,72.80402144731882,52.26033955873199,88.16028848129508
2025-03-09 20:17:47.212667,755.0,560.0,335.0,2517.0,1254.0,270.0,66.32368475240402,77.06553389433357,50.70818501302535,38.47644893885819,16.118442692548236,41.008246530048275,51.66345705759292,72.80402144731882,52.26033955873199,88.16028848129508
2025-03-09 20:17:47.212667,756.0,554.0,333.0,2512.0,1254.0,268.0,66.32368475240402,77.06553389433357,50.70818501302535,38.47644893885819,16.118442692548236,41.008246530048275,51.66345705759292,72.80402144731882,52.26033955873199,88.16028848129508
2025-03-09 20:17:47.212667,752.0,559.0,341.0,2513.0,1258.0,269.0,66.32368475240402,77.06553389433357,50.70818501302535,38.47644893885819,16.118442692548236,41.008246530048275,51.66345705759292,72.80402144731882,52.26033955873199,88.16028848129508
2025-03-09 20:17:47.221000,757.0,565.0,342.0,2522.0,1251.0,258.0,66.21946764472752,77.03451500084238,50.59278501339211,38.383776715667736,16.105310636303678,40.907536750270104,51.731878827014114,72.78678384840624,52.239709888551204,87.86005652037814
2025-03-09 20:17:47.221000,782.0,573.0,339.0,2512.0,1248.0,261.0,66.21946764472752,77.03451500084238,50.59278501339211,38.383776715667736,16.105310636303678,40.907536750270104,51.731878827014114,72.78678384840624,52.239709888551204,87.86005652037814
2025-03-09 20:17:47.221000,783.0,566.0,329.0,2515.0,1250.0,268.0,66.21946764472752,77.03451500084238,50.59278501339211,38.383776715667736,16.105310636303678,40.907536750270104,51.731878827014114,72.78678384840624,52.239709888551204,87.86005652037814
2025-03-09 20:17:47.221000,784.0,575.0,332.0,2518.0,1251.0,269.0,66.21946764472752,77.03451500084238,50.59278501339211,38.383776715667736,16.105310636303678,40.907536750270104,51.731878827014114,72.78678384840624,52.239709888551204,87.86005652037814
2025-03-09 20:17:47.229333,790.0,564.0,350.0,2512.0,1255.0,263.0,66.09900250477253,76.98197514120415,50.471833747226306,38.28854528760704,16.088797226415277,40.80251105548152,51.78901327223952,72.75149664640051,52.206885467831505,87.54336791348722
2025-03-09 20:17:47.229333,794.0,573.0,329.0,2513.0,1247.0,263.0,66.09900250477253,76.98197514120415,50.471833747226306,38.28854528760704,16.088797226415277,40.80251105548152,51.78901327223952,72.75149664640051,52.206885467831505,87.54336791348722
2025-03-09 20:17:47.237667,796.0,571.0,334.0,2512.0,1232.0,259.0,65.95993872904177,76.90658680389647,50.343335863080625,38.187290624864005,16.0695889957681,40.690120487513184,51.83606001506436,72.69654050944982,52.159035459398055,87.21293295091476
2025-03-09 20:17:47.237667,793.0,576.0,338.0,2514.0,1251.0,262.0,65.95993872904177,76.90658680389647,50.343335863080625,38.187290624864005,16.0695889957681,40.690120487513184,51.83606001506436,72.69654050944982,52.159035459398055,87.21293295091476
2025-03-09 20:17:47.237667,816.0,576.0,338.0,2513.0,1246.0,256.0,65.95993872904177,76.90658680389647,50.343335863080625,38.187290624864005,16.0695889957681,40.690120487513184,51.83606001506436,72.69654050944982,52.159035459398055,87.21293295091476
2025-03-09 20:17:47.237667,817.0,576.0,336.0,2514.0,1242.0,257.0,65.95993872904177,76.90658680389647,50.343335863080625,38.187290624864005,16.0695889957681,40.690120487513184,51.83606001506436,72.69654050944982,52.159035459398055,87.21293295091476
2025-03-09 20:17:47.246000,821.0,587.0,340.0,2522.0,1218.0,261.0,65.80241448296776,76.80804397003267,50.2065533410374,38.07709321004553,16.04887925416367,40.568385397209184,51.87395879779398,72.62046423405071,52.09242712347186,86.8710769101057
2025-03-09 20:17:47.246000,816.0,571.0,336.0,2512.0,1246.0,260.0,65.80241448296776,76.80804397003267,50.2065533410374,38.07709321004553,16.04887925416367,40.568385397209184,51.87395879779398,72.62046423405071,52.09242712347186,86.8710769101057
2025-03-09 20:17:47.246000,818.0,576.0,333.0,2513.0,1245.0,262.0,65.80241448296776,76.80804397003267,50.2065533410374,38.07709321004553,16.04887925416367,40.568385397209184,51.87395879779398,72.62046423405071,52.09242712347186,86.8710769101057
2025-03-09 20:17:47.246000,820.0,578.0,329.0,2512.0,1246.0,258.0,65.80241448296776,76.80804397003267,50.2065533410374,38.07709321004553,16.04887925416367,40.568385397209184,51.87395879779398,72.62046423405071,52.09242712347186,86.8710769101057
2025-03-09 20:17:47.246000,823.0,576.0,336.0,2513.0,1243.0,256.0,65.80241448296776,76.80804397003267,50.2065533410374,38.07709321004553,16.04887925416367,40.568385397209184,51.87395879779398,72.62046423405071,52.09242712347186,86.8710769101057
2025-03-09 20:17:47.254333,827.0,555.0,336.0,2522.0,1242.0,251.0,65.62934789137101,76.69090964230395,50.06535954092504,37.9555794089908,16.028541857866266,40.43608576852945,51.90363220128115,72.5261509426079,52.00763611772509,86.52366609611228
2025-03-09 20:17:47.254333,837.0,599.0,336.0,2513.0,1238.0,272.0,65.62934789137101,76.69090964230395,50.06535954092504,37.9555794089908,16.028541857866266,40.43608576852945,51.90363220128115,72.5261509426079,52.00763611772509,86.52366609611228
2025-03-09 20:17:47.262667,846.0,589.0,336.0,2510.0,1233.0,256.0,65.44237497270815,76.5604883673623,49.9253127418857,37.82427671395917,16.00837358806506,40.294336050103674,51.923826373511,72.41892648908485,51.91200533432063,86.17802778784133
2025-03-09 20:17:47.262667,843.0,581.0,339.0,2506.0,1231.0,251.0,65.44237497270815,76.5604883673623,49.9253127418857,37.82427671395917,16.00837358806506,40.294336050103674,51.923826373511,72.41892648908485,51.91200533432063,86.17802778784133
2025-03-09 20:17:47.262667,848.0,574.0,336.0,2512.0,1238.0,256.0,65.44237497270815,76.5604883673623,49.9253127418857,37.82427671395917,16.00837358806506,40.294336050103674,51.923826373511,72.41892648908485,51.91200533432063,86.17802778784133
2025-03-09 20:17:47.262667,844.0,591.0,344.0,2509.0,1232.0,256.0,65.44237497270815,76.5604883673623,49.9253127418857,37.82427671395917,16.00837358806506,40.294336050103674,51.923826373511,72.41892648908485,51.91200533432063,86.17802778784133
2025-03-09 20:17:47.271000,847.0,592.0,335.0,2506.0,1232.0,254.0,65.24233353024496,76.41930872014602,49.789105152686176,37.68757865331646,15.98802873356906,40.147225976287665,51.932316419306794,72.30038947805348,51.81123930211795,85.83750309101877
2025-03-09 20:17:47.271000,847.0,592.0,336.0,2509.0,1235.0,255.0,65.24233353024496,76.41930872014602,49.789105152686176,37.68757865331646,15.98802873356906,40.147225976287665,51.932316419306794,72.30038947805348,51.81123930211795,85.83750309101877
2025-03-09 20:17:47.271000,869.0,569.0,336.0,2502.0,1231.0,250.0,65.24233353024496,76.41930872014602,49.789105152686176,37.68757865331646,15.98802873356906,40.147225976287665,51.932316419306794,72.30038947805348,51.81123930211795,85.83750309101877
2025-03-09 20:17:47.271000,865.0,598.0,343.0,2509.0,1227.0,255.0,65.24233353024496,76.41930872014602,49.789105152686176,37.68757865331646,15.98802873356906,40.147225976287665,51.932316419306794,72.30038947805348,51.81123930211795,85.83750309101877
2025-03-09 20:17:47.279333,875.0,603.0,343.0,2505.0,1219.0,251.0,65.0298046195841,76.26937427586633,49.66017924368304,37.54949830280593,15.96801687211477,39.999477370998314,51.924911171415154,72.16920123810077,51.7089468666966,85.50400347614828
2025-03-09 20:17:47.279333,877.0,601.0,336.0,2478.0,1232.0,253.0,65.0298046195841,76.26937427586633,49.66017924368304,37.54949830280593,15.96801687211477,39.999477370998314,51.924911171415154,72.16920123810077,51.7089468666966,85.50400347614828
2025-03-09 20:17:47.279333,875.0,602.0,349.0,2510.0,1222.0,254.0,65.0298046195841,76.26937427586633,49.66017924368304,37.54949830280593,15.96801687211477,39.999477370998314,51.924911171415154,72.16920123810077,51.7089468666966,85.50400347614828
2025-03-09 20:17:47.279333,881.0,605.0,343.0,2510.0,1223.0,251.0,65.0298046195841,76.26937427586633,49.66017924368304,37.54949830280593,15.96801687211477,39.999477370998314,51.924911171415154,72.16920123810077,51.7089468666966,85.50400347614828
2025-03-09 20:17:47.287667,880.0,605.0,339.0,2510.0,1223.0,250.0,64.80480069773357,76.11378693819698,49.543670671608865,37.41414724139222,15.948446017106747,39.85540945666414,51.89708226376138,72.02596930579047,51.611536468807536,85.18255979908642
2025-03-09 20:17:47.287667,885.0,607.0,338.0,2509.0,1225.0,250.0,64.80480069773357,76.11378693819698,49.543670671608865,37.41414724139222,15.948446017106747,39.85540945666414,51.89708226376138,72.02596930579047,51.611536468807536,85.18255979908642
2025-03-09 20:17:47.287667,906.0,624.0,341.0,2501.0,1200.0,245.0,64.80480069773357,76.11378693819698,49.543670671608865,37.41414724139222,15.948446017106747,39.85540945666414,51.89708226376138,72.02596930579047,51.611536468807536,85.18255979908642
2025-03-09 20:17:47.296000,910.0,624.0,336.0,2503.0,1202.0,246.0,64.56784974513894,75.9542609322855,49.440774187637125,37.28700417996195,15.92963094340129,39.720399420142904,51.847489428277896,71.87111230128937,51.52404453166499,84.87805671170693
2025-03-09 20:17:47.296000,913.0,619.0,340.0,2502.0,1205.0,247.0,64.56784974513894,75.9542609322855,49.440774187637125,37.28700417996195,15.92963094340129,39.720399420142904,51.847489428277896,71.87111230128937,51.52404453166499,84.87805671170693
2025-03-09 20:17:47.296000,913.0,623.0,340.0,2502.0,1200.0,244.0,64.56784974513894,75.9542609322855,49.440774187637125,37.28700417996195,15.92963094340129,39.720399420142904,51.847489428277896,71.87111230128937,51.52404453166499,84.87805671170693
2025-03-09 20:17:47.296000,916.0,601.0,343.0,2505.0,1196.0,251.0,64.56784974513894,75.9542609322855,49.440774187637125,37.28700417996195,15.92963094340129,39.720399420142904,51.847489428277896,71.87111230128937,51.52404453166499,84.87805671170693
2025-03-09 20:17:47.304333,926.0,624.0,353.0,2507.0,1200.0,247.0,64.32180991438798,75.79277630692731,49.350939294906105,37.17073109941248,15.91189744323287,39.59722378228376,51.77791348584788,71.70621741921822,51.44792294411498,84.59372845167125
2025-03-09 20:17:47.304333,925.0,639.0,341.0,2507.0,1201.0,250.0,64.32180991438798,75.79277630692731,49.350939294906105,37.17073109941248,15.91189744323287,39.59722378228376,51.77791348584788,71.70621741921822,51.44792294411498,84.59372845167125
2025-03-09 20:17:47.304333,953.0,650.0,347.0,2499.0,1178.0,240.0,64.32180991438798,75.79277630692731,49.350939294906105,37.17073109941248,15.91189744323287,39.59722378228376,51.77791348584788,71.70621741921822,51.44792294411498,84.59372845167125
2025-03-09 20:17:47.312667,957.0,639.0,349.0,2503.0,1181.0,243.0,64.07034389110225,75.63231654080032,49.27616892065998,37.06455129349934,15.895205893691214,39.48510616542297,51.69008335841597,71.53508533352513,51.383760438396244,84.33199726889164
2025-03-09 20:17:47.312667,958.0,639.0,351.0,2501.0,1174.0,245.0,64.07034389110225,75.63231654080032,49.27616892065998,37.06455129349934,15.895205893691214,39.48510616542297,51.69008335841597,71.53508533352513,51.383760438396244,84.33199726889164
2025-03-09 20:17:47.312667,957.0,638.0,352.0,2510.0,1171.0,246.0,64.07034389110225,75.63231654080032,49.27616892065998,37.06455129349934,15.895205893691214,39.48510616542297,51.69008335841597,71.53508533352513,51.383760438396244,84.33199726889164
2025-03-09 20:17:47.321000,959.0,642.0,350.0,2502.0,1169.0,238.0,63.81616457511983,75.47575897625745,49.219938246970166,36.9679322579041,15.879169862310718,39.383360585273785,51.58389666760431,71.3612906044305,51.33325338204715,84.09607230325967
2025-03-09 20:17:47.321000,961.0,647.0,354.0,2497.0,1163.0,240.0,63.81616457511983,75.47575897625745,49.219938246970166,36.9679322579041,15.879169862310718,39.383360585273785,51.58389666760431,71.3612906044305,51.33325338204715,84.09607230325967
2025-03-09 20:17:47.321000,965.0,656.0,352.0,2501.0,1167.0,243.0,63.81616457511983,75.47575897625745,49.219938246970166,36.9679322579041,15.879169862310718,39.383360585273785,51.58389666760431,71.3612906044305,51.33325338204715,84.09607230325967
2025-03-09 20:17:47.321000,966.0,651.0,352.0,2496.0,1166.0,238.0,63.81616457511983,75.47575897625745,49.219938246970166,36.9679322579041,15.879169862310718,39.383360585273785,51.58389666760431,71.3612906044305,51.33325338204715,84.09607230325967
2025-03-09 20:17:47.321000,998.0,666.0,362.0,2498.0,1145.0,241.0,63.81616457511983,75.47575897625745,49.219938246970166,36.9679322579041,15.879169862310718,39.383360585273785,51.58389666760431,71.3612906044305,51.33325338204715,84.09607230325967
2025-03-09 20:17:47.329333,1001.0,674.0,361.0,2533.0,1152.0,241.0,63.56271988368014,75.32583462097806,49.185542873029114,36.88030881591693,15.863431910911046,39.291339116521,51.45944575577161,71.18837653717203,51.29715920114851,83.88975208141758
2025-03-09 20:17:47.329333,1003.0,667.0,359.0,2486.0,1137.0,240.0,63.56271988368014,75.32583462097806,49.185542873029114,36.88030881591693,15.863431910911046,39.291339116521,51.45944575577161,71.18837653717203,51.29715920114851,83.88975208141758
2025-03-09 20:17:47.329333,1008.0,671.0,365.0,2475.0,1119.0,245.0,63.56271988368014,75.32583462097806,49.185542873029114,36.88030881591693,15.863431910911046,39.291339116521,51.45944575577161,71.18837653717203,51.29715920114851,83.88975208141758
2025-03-09 20:17:47.337667,1005.0,670.0,365.0,2486.0,1134.0,237.0,63.315459379861245,75.18492145075996,49.17300464149737,36.80076601830447,15.848107297834241,39.20816818204424,51.32043000106369,71.0203236870687,51.27343448552613,83.7162864540363
2025-03-09 20:17:47.337667,1012.0,654.0,353.0,2507.0,1140.0,243.0,63.315459379861245,75.18492145075996,49.17300464149737,36.80076601830447,15.848107297834241,39.20816818204424,51.32043000106369,71.0203236870687,51.27343448552613,83.7162864540363
2025-03-09 20:17:47.337667,1011.0,675.0,368.0,2499.0,1131.0,241.0,63.315459379861245,75.18492145075996,49.17300464149737,36.80076601830447,15.848107297834241,39.20816818204424,51.32043000106369,71.0203236870687,51.27343448552613,83.7162864540363
2025-03-09 20:17:47.337667,1040.0,698.0,359.0,2496.0,1109.0,246.0,63.315459379861245,75.18492145075996,49.17300464149737,36.80076601830447,15.848107297834241,39.20816818204424,51.32043000106369,71.0203236870687,51.27343448552613,83.7162864540363
2025-03-09 20:17:47.346000,1041.0,697.0,367.0,2496.0,1113.0,236.0,63.07838577668243,75.05352461799616,49.17882522627855,36.72855358502485,15.833121710981192,39.13289352184369,51.17202976007877,70.85970390646155,51.258944653802864,83.57743916072778
2025-03-09 20:17:47.346000,1044.0,705.0,372.0,2485.0,1107.0,240.0,63.07838577668243,75.05352461799616,49.17882522627855,36.72855358502485,15.833121710981192,39.13289352184369,51.17202976007877,70.85970390646155,51.258944653802864,83.57743916072778
2025-03-09 20:17:47.346000,1041.0,697.0,366.0,2495.0,1105.0,231.0,63.07838577668243,75.05352461799616,49.17882522627855,36.72855358502485,15.833121710981192,39.13289352184369,51.17202976007877,70.85970390646155,51.258944653802864,83.57743916072778
2025-03-09 20:17:47.354333,1047.0,695.0,371.0,2495.0,1107.0,242.0,62.854726440418844,74.93236002638245,49.19892135062295,36.6626017534906,15.81870215980941,39.06431719223513,51.02002863713293,70.70899379492838,51.25105359906783,83.47410463262749
2025-03-09 20:17:47.354333,1047.0,693.0,367.0,2491.0,1105.0,241.0,62.854726440418844,74.93236002638245,49.19892135062295,36.6626017534906,15.81870215980941,39.06431719223513,51.02002863713293,70.70899379492838,51.25105359906783,83.47410463262749
2025-03-09 20:17:47.354333,1042.0,701.0,368.0,2491.0,1106.0,245.0,62.854726440418844,74.93236002638245,49.19892135062295,36.6626017534906,15.81870215980941,39.06431719223513,51.02002863713293,70.70899379492838,51.25105359906783,83.47410463262749
2025-03-09 20:17:47.362667,1066.0,715.0,354.0,2476.0,1093.0,231.0,62.64978240992917,74.82413329440594,49.23005894642718,36.601785160659055,15.80537264549851,39.00149014261221,50.871059311390724,70.57215188224016,51.24762671867323,83.40648979457268
2025-03-09 20:17:47.362667,1069.0,715.0,382.0,2503.0,1104.0,239.0,62.64978240992917,74.82413329440594,49.23005894642718,36.601785160659055,15.80537264549851,39.00149014261221,50.871059311390724,70.57215188224016,51.24762671867323,83.40648979457268
2025-03-09 20:17:47.362667,1069.0,718.0,363.0,2495.0,1091.0,241.0,62.64978240992917,74.82413329440594,49.23005894642718,36.601785160659055,15.80537264549851,39.00149014261221,50.871059311390724,70.57215188224016,51.24762671867323,83.40648979457268
2025-03-09 20:17:47.362667,1066.0,717.0,381.0,2485.0,1093.0,239.0,62.64978240992917,74.82413329440594,49.23005894642718,36.601785160659055,15.80537264549851,39.00149014261221,50.871059311390724,70.57215188224016,51.24762671867323,83.40648979457268
2025-03-09 20:17:47.371000,1072.0,723.0,368.0,2487.0,1088.0,239.0,62.468457698152555,74.73097895868332,49.26884862768419,36.546672211242964,15.793897762639178,38.94524873419078,50.7309374117274,70.45193800661329,51.247016069968254,83.37317424393278
2025-03-09 20:17:47.371000,1072.0,720.0,380.0,2495.0,1088.0,234.0,62.468457698152555,74.73097895868332,49.26884862768419,36.546672211242964,15.793897762639178,38.94524873419078,50.7309374117274,70.45193800661329,51.247016069968254,83.37317424393278
2025-03-09 20:17:47.371000,1073.0,717.0,384.0,2488.0,1085.0,239.0,62.468457698152555,74.73097895868332,49.26884862768419,36.546672211242964,15.793897762639178,38.94524873419078,50.7309374117274,70.45193800661329,51.247016069968254,83.37317424393278
2025-03-09 20:17:47.379333,1088.0,722.0,387.0,2480.0,1075.0,237.0,62.31381175104248,74.65261857083418,49.312170323680235,36.50009968966913,15.78501275737736,38.89874595567138,50.60235067683896,70.34784413066036,51.247390574735846,83.37088255607055
2025-03-09 20:17:47.379333,1088.0,739.0,386.0,2499.0,1073.0,240.0,62.31381175104248,74.65261857083418,49.312170323680235,36.50009968966913,15.78501275737736,38.89874595567138,50.60235067683896,70.34784413066036,51.247390574735846,83.37088255607055
2025-03-09 20:17:47.379333,1090.0,737.0,387.0,2480.0,1072.0,235.0,62.31381175104248,74.65261857083418,49.312170323680235,36.50009968966913,15.78501275737736,38.89874595567138,50.60235067683896,70.34784413066036,51.247390574735846,83.37088255607055
2025-03-09 20:17:47.379333,1091.0,689.0,390.0,2477.0,1072.0,235.0,62.31381175104248,74.65261857083418,49.312170323680235,36.50009968966913,15.78501275737736,38.89874595567138,50.60235067683896,70.34784413066036,51.247390574735846,83.37088255607055
2025-03-09 20:17:47.387667,1098.0,740.0,390.0,2480.0,1072.0,230.0,62.187893539302,74.58835038569484,49.3588484945628,36.464965507694814,15.77893691191373,38.864985011878275,50.48561458555679,70.25901240271529,51.24779973145988,83.39684555575872
2025-03-09 20:17:47.387667,1098.0,734.0,379.0,2480.0,1072.0,238.0,62.187893539302,74.58835038569484,49.3588484945628,36.464965507694814,15.77893691191373,38.864985011878275,50.48561458555679,70.25901240271529,51.24779973145988,83.39684555575872
2025-03-09 20:17:47.387667,1099.0,736.0,391.0,2494.0,1069.0,226.0,62.187893539302,74.58835038569484,49.3588484945628,36.464965507694814,15.77893691191373,38.864985011878275,50.48561458555679,70.25901240271529,51.24779973145988,83.39684555575872
2025-03-09 20:17:47.396000,1121.0,743.0,389.0,2486.0,1054.0,240.0,62.09101675761858,74.53715761500906,49.409021850900196,36.44226018506427,15.775712990594496,38.84496429571121,50.37987567159911,70.18450366993855,51.24742232903146,83.44780991888275
2025-03-09 20:17:47.396000,1123.0,746.0,397.0,2489.0,1055.0,238.0,62.09101675761858,74.53715761500906,49.409021850900196,36.44226018506427,15.775712990594496,38.84496429571121,50.37987567159911,70.18450366993855,51.24742232903146,83.44780991888275
2025-03-09 20:17:47.396000,1125.0,751.0,387.0,2452.0,1056.0,232.0,62.09101675761858,74.53715761500906,49.409021850900196,36.44226018506427,15.775712990594496,38.84496429571121,50.37987567159911,70.18450366993855,51.24742232903146,83.44780991888275
2025-03-09 20:17:47.396000,1127.0,738.0,386.0,2482.0,1056.0,227.0,62.09101675761858,74.53715761500906,49.409021850900196,36.44226018506427,15.775712990594496,38.84496429571121,50.37987567159911,70.18450366993855,51.24742232903146,83.44780991888275
2025-03-09 20:17:47.404333,1131.0,746.0,390.0,2485.0,1053.0,234.0,62.022348398652994,74.49710494434923,49.462434217372525,36.43131528893952,15.774882571430553,38.83789820168256,50.283923841702126,70.12281754627669,51.24445341956771,83.51911044420879
2025-03-09 20:17:47.404333,1131.0,752.0,395.0,2482.0,1057.0,235.0,62.022348398652994,74.49710494434923,49.462434217372525,36.43131528893952,15.774882571430553,38.83789820168256,50.283923841702126,70.12281754627669,51.24445341956771,83.51911044420879
2025-03-09 20:17:47.404333,1134.0,753.0,389.0,2493.0,1053.0,234.0,62.022348398652994,74.49710494434923,49.462434217372525,36.43131528893952,15.774882571430553,38.83789820168256,50.283923841702126,70.12281754627669,51.24445341956771,83.51911044420879
2025-03-09 20:17:47.412667,1141.0,747.0,390.0,2480.0,1041.0,235.0,61.98133236459735,74.46667191647016,49.518143505971835,36.43138159817586,15.776307277484383,38.84293782430026,50.197866105875704,70.07301694047574,51.237210322955235,83.60674555703919
2025-03-09 20:17:47.412667,1143.0,763.0,368.0,2487.0,989.0,234.0,61.98133236459735,74.46667191647016,49.518143505971835,36.43138159817586,15.776307277484383,38.84293782430026,50.197866105875704,70.07301694047574,51.237210322955235,83.60674555703919
2025-03-09 20:17:47.412667,1142.0,768.0,404.0,2480.0,1050.0,230.0,61.98133236459735,74.46667191647016,49.518143505971835,36.43138159817586,15.776307277484383,38.84293782430026,50.197866105875704,70.07301694047574,51.237210322955235,83.60674555703919
2025-03-09 20:17:47.421000,1140.0,754.0,394.0,2484.0,1041.0,234.0,61.967319122051926,74.44532719738474,49.57593101117729,36.44183605257644,15.779760428360117,38.859176877999204,50.12200718815914,70.03533630318474,51.22569269609644,83.70781559035996
2025-03-09 20:17:47.421000,1139.0,767.0,398.0,2480.0,1040.0,233.0,61.967319122051926,74.44532719738474,49.57593101117729,36.44183605257644,15.779760428360117,38.859176877999204,50.12200718815914,70.03533630318474,51.22569269609644,83.70781559035996
2025-03-09 20:17:47.421000,1142.0,752.0,395.0,2479.0,1040.0,237.0,61.967319122051926,74.44532719738474,49.57593101117729,36.44183605257644,15.779760428360117,38.859176877999204,50.12200718815914,70.03533630318474,51.22569269609644,83.70781559035996
2025-03-09 20:17:47.421000,1141.0,754.0,391.0,2485.0,1040.0,240.0,61.967319122051926,74.44532719738474,49.57593101117729,36.44183605257644,15.779760428360117,38.859176877999204,50.12200718815914,70.03533630318474,51.22569269609644,83.70781559035996
2025-03-09 20:17:47.429333,1135.0,741.0,407.0,2479.0,1031.0,256.0,61.97836125483133,74.43182776073012,49.634651792408185,36.460924558455204,15.784688606893116,38.88456385514625,50.05657624695861,70.00916268875592,51.20933757642032,83.81980002529846
2025-03-09 20:17:47.429333,1130.0,765.0,391.0,2480.0,1031.0,245.0,61.97836125483133,74.43182776073012,49.634651792408185,36.460924558455204,15.784688606893116,38.88456385514625,50.05657624695861,70.00916268875592,51.20933757642032,83.81980002529846
2025-03-09 20:17:47.429333,1133.0,757.0,393.0,2480.0,1023.0,240.0,61.97836125483133,74.43182776073012,49.634651792408185,36.460924558455204,15.784688606893116,38.88456385514625,50.05657624695861,70.00916268875592,51.20933757642032,83.81980002529846
2025-03-09 20:17:47.437667,1130.0,763.0,395.0,2478.0,1023.0,234.0,62.01093023689971,74.42396770120259,49.69229516779002,36.48583662297803,15.790703677645759,38.91630074270522,50.00130318068598,69.99206845383718,51.18643610206128,83.94055144105766
2025-03-09 20:17:47.437667,1129.0,746.0,395.0,2494.0,1023.0,230.0,62.01093023689971,74.42396770120259,49.69229516779002,36.48583662297803,15.790703677645759,38.91630074270522,50.00130318068598,69.99206845383718,51.18643610206128,83.94055144105766
2025-03-09 20:17:47.437667,1126.0,750.0,403.0,2480.0,1023.0,238.0,62.01093023689971,74.42396770120259,49.69229516779002,36.48583662297803,15.790703677645759,38.91630074270522,50.00130318068598,69.99206845383718,51.18643610206128,83.94055144105766
2025-03-09 20:17:47.437667,1127.0,752.0,390.0,2491.0,1023.0,229.0,62.01093023689971,74.42396770120259,49.69229516779002,36.48583662297803,15.790703677645759,38.91630074270522,50.00130318068598,69.99206845383718,51.18643610206128,83.94055144105766
2025-03-09 20:17:47.446000,1104.0,748.0,402.0,2485.0,1021.0,240.0,62.06042518507197,74.42032646985317,49.74745958963337,36.51514135884989,15.797138035204075,38.952652064530255,49.9552748235111,69.98221599432736,51.15829331866951,84.06839948935071
2025-03-09 20:17:47.446000,1104.0,752.0,395.0,2480.0,1021.0,235.0,62.06042518507197,74.42032646985317,49.74745958963337,36.51514135884989,15.797138035204075,38.952652064530255,49.9552748235111,69.98221599432736,51.15829331866951,84.06839948935071
2025-03-09 20:17:47.446000,1104.0,749.0,399.0,2480.0,1022.0,237.0,62.06042518507197,74.42032646985317,49.74745958963337,36.51514135884989,15.797138035204075,38.952652064530255,49.9552748235111,69.98221599432736,51.15829331866951,84.06839948935071
2025-03-09 20:17:47.454333,1103.0,743.0,397.0,2490.0,1021.0,238.0,62.1217863731088,74.41981531669408,49.80007940367388,36.54971912333462,15.802829785857531,38.993806839246744,49.915831516653576,69.97805390852446,51.12895836894836,84.20163998261516
2025-03-09 20:17:47.454333,1094.0,746.0,394.0,2487.0,1023.0,240.0,62.1217863731088,74.41981531669408,49.80007940367388,36.54971912333462,15.802829785857531,38.993806839246744,49.915831516653576,69.97805390852446,51.12895836894836,84.20163998261516
2025-03-09 20:17:47.454333,1093.0,743.0,391.0,2482.0,1020.0,240.0,62.1217863731088,74.41981531669408,49.80007940367388,36.54971912333462,15.802829785857531,38.993806839246744,49.915831516653576,69.97805390852446,51.12895836894836,84.20163998261516
2025-03-09 20:17:47.454333,1090.0,743.0,372.0,2480.0,1019.0,240.0,62.1217863731088,74.41981531669408,49.80007940367388,36.54971912333462,15.802829785857531,38.993806839246744,49.915831516653576,69.97805390852446,51.12895836894836,84.20163998261516
2025-03-09 20:17:47.462667,1067.0,727.0,385.0,2481.0,1023.0,234.0,62.1911915824267,74.42094183978317,49.84937295265327,36.58942360939276,15.806879102458888,39.03924073088369,49.88110748721798,69.97768464081281,51.09992276406646,84.3381089411604
2025-03-09 20:17:47.462667,1061.0,720.0,389.0,2481.0,1022.0,240.0,62.1911915824267,74.42094183978317,49.84937295265327,36.58942360939276,15.806879102458888,39.03924073088369,49.88110748721798,69.97768464081281,51.09992276406646,84.3381089411604
2025-03-09 20:17:47.462667,1057.0,721.0,400.0,2483.0,1022.0,239.0,62.1911915824267,74.42094183978317,49.84937295265327,36.58942360939276,15.806879102458888,39.03924073088369,49.88110748721798,69.97768464081281,51.09992276406646,84.3381089411604
2025-03-09 20:17:47.471000,1053.0,717.0,402.0,2480.0,1023.0,240.0,62.26673404201479,74.42278632540463,49.894532499316796,36.63237022567459,15.809935553381726,39.087430675120196,49.85129635491075,69.97962325530365,51.06971430273827,84.47564729572302
2025-03-09 20:17:47.471000,1045.0,704.0,390.0,2481.0,1023.0,241.0,62.26673404201479,74.42278632540463,49.894532499316796,36.63237022567459,15.809935553381726,39.087430675120196,49.85129635491075,69.97962325530365,51.06971430273827,84.47564729572302
2025-03-09 20:17:47.471000,1045.0,720.0,393.0,2481.0,1023.0,241.0,62.26673404201479,74.42278632540463,49.894532499316796,36.63237022567459,15.809935553381726,39.087430675120196,49.85129635491075,69.97962325530365,51.06971430273827,84.47564729572302
2025-03-09 20:17:47.479333,1040.0,710.0,366.0,2480.0,1022.0,238.0,62.34716075617668,74.4252488396575,49.93584314128712,36.67724609710973,15.8129230431154,39.13750726810785,49.82634773765017,69.98301557709318,51.03764371946861,84.6126523758002
2025-03-09 20:17:47.479333,993.0,688.0,357.0,2480.0,1023.0,240.0,62.34716075617668,74.4252488396575,49.93584314128712,36.67724609710973,15.8129230431154,39.13750726810785,49.82634773765017,69.98301557709318,51.03764371946861,84.6126523758002
2025-03-09 20:17:47.479333,993.0,704.0,385.0,2485.0,1034.0,240.0,62.34716075617668,74.4252488396575,49.93584314128712,36.67724609710973,15.8129230431154,39.13750726810785,49.82634773765017,69.98301557709318,51.03764371946861,84.6126523758002
2025-03-09 20:17:47.479333,987.0,695.0,395.0,2483.0,1023.0,240.0,62.34716075617668,74.4252488396575,49.93584314128712,36.67724609710973,15.8129230431154,39.13750726810785,49.82634773765017,69.98301557709318,51.03764371946861,84.6126523758002
2025-03-09 20:17:47.487667,986.0,695.0,379.0,2482.0,1033.0,241.0,62.430620381622894,74.42801148738785,49.974671169649014,36.723774876014375,15.816914357023167,39.18967799447277,49.80469977455211,69.98632455204793,51.00382699886607,84.74835491612093
2025-03-09 20:17:47.487667,983.0,709.0,387.0,2481.0,1023.0,241.0,62.430620381622894,74.42801148738785,49.974671169649014,36.723774876014375,15.816914357023167,39.18967799447277,49.80469977455211,69.98632455204793,51.00382699886607,84.74835491612093
2025-03-09 20:17:47.487667,976.0,685.0,381.0,2480.0,1031.0,242.0,62.430620381622894,74.42801148738785,49.974671169649014,36.723774876014375,15.816914357023167,39.18967799447277,49.80469977455211,69.98632455204793,51.00382699886607,84.74835491612093
2025-03-09 20:17:47.487667,973.0,690.0,368.0,2485.0,1023.0,244.0,62.430620381622894,74.42801148738785,49.974671169649014,36.723774876014375,15.816914357023167,39.18967799447277,49.80469977455211,69.98632455204793,51.00382699886607,84.74835491612093
2025-03-09 20:17:47.496000,966.0,690.0,385.0,2482.0,1019.0,246.0,62.51463574881776,74.43042763689542,50.01317556461051,36.772589723496,15.822392828158675,39.24474974917053,49.783311531918436,69.98784302344589,50.96957490941859,84.88295665550466
2025-03-09 20:17:47.496000,934.0,671.0,382.0,2483.0,1023.0,242.0,62.51463574881776,74.43042763689542,50.01317556461051,36.772589723496,15.822392828158675,39.24474974917053,49.783311531918436,69.98784302344589,50.96957490941859,84.88295665550466
2025-03-09 20:17:47.496000,931.0,670.0,379.0,2481.0,1023.0,243.0,62.51463574881776,74.43042763689542,50.01317556461051,36.772589723496,15.822392828158675,39.24474974917053,49.783311531918436,69.98784302344589,50.96957490941859,84.88295665550466
2025-03-09 20:17:47.504333,923.0,672.0,383.0,2483.0,1023.0,250.0,62.5968964501551,74.43240458562623,50.05351027864352,36.82359893922473,15.829155605966097,39.30270004942011,49.75905059414843,69.986383138628,50.936558707750564,85.01648914295997
2025-03-09 20:17:47.504333,927.0,615.0,381.0,2483.0,1023.0,244.0,62.5968964501551,74.43240458562623,50.05351027864352,36.82359893922473,15.829155605966097,39.30270004942011,49.75905059414843,69.986383138628,50.936558707750564,85.01648914295997
2025-03-09 20:17:47.504333,922.0,675.0,383.0,2480.0,1023.0,246.0,62.5968964501551,74.43240458562623,50.05351027864352,36.82359893922473,15.829155605966097,39.30270004942011,49.75905059414843,69.986383138628,50.936558707750564,85.01648914295997
2025-03-09 20:17:47.504333,915.0,669.0,381.0,2482.0,1035.0,246.0,62.5968964501551,74.43240458562623,50.05351027864352,36.82359893922473,15.829155605966097,39.30270004942011,49.75905059414843,69.986383138628,50.936558707750564,85.01648914295997
2025-03-09 20:17:47.512667,914.0,661.0,382.0,2486.0,1021.0,241.0,62.6748111650296,74.43454032880419,50.097284552224224,36.875167356760095,15.836465670550036,39.36190903880698,49.72939877030495,69.98140301106758,50.906659339384646,85.14969140581627
2025-03-09 20:17:47.512667,912.0,687.0,375.0,2485.0,1023.0,245.0,62.6748111650296,74.43454032880419,50.097284552224224,36.875167356760095,15.836465670550036,39.36190903880698,49.72939877030495,69.98140301106758,50.906659339384646,85.14969140581627
2025-03-09 20:17:47.512667,881.0,651.0,384.0,2487.0,1021.0,245.0,62.6748111650296,74.43454032880419,50.097284552224224,36.875167356760095,15.836465670550036,39.36190903880698,49.72939877030495,69.98140301106758,50.906659339384646,85.14969140581627
2025-03-09 20:17:47.521000,882.0,656.0,373.0,2480.0,1022.0,243.0,62.746087812900925,74.43677478505818,50.146560227900416,36.92647541436001,15.843714316712195,39.421434016296395,49.69145966511215,69.97226256659019,50.881488206560284,85.28416320995642
2025-03-09 20:17:47.521000,881.0,654.0,373.0,2486.0,1021.0,245.0,62.746087812900925,74.43677478505818,50.146560227900416,36.92647541436001,15.843714316712195,39.421434016296395,49.69145966511215,69.97226256659019,50.881488206560284,85.28416320995642
2025-03-09 20:17:47.521000,879.0,653.0,373.0,2497.0,1021.0,245.0,62.746087812900925,74.43677478505818,50.146560227900416,36.92647541436001,15.843714316712195,39.421434016296395,49.69145966511215,69.97226256659019,50.881488206560284,85.28416320995642
2025-03-09 20:17:47.521000,875.0,656.0,378.0,2484.0,1023.0,247.0,62.746087812900925,74.43677478505818,50.146560227900416,36.92647541436001,15.843714316712195,39.421434016296395,49.69145966511215,69.97226256659019,50.881488206560284,85.28416320995642
2025-03-09 20:17:47.529333,871.0,654.0,377.0,2482.0,1021.0,247.0,62.809806445410736,74.4384094562055,50.203392765731515,36.978047847605026,15.85090005031388,39.481753011192474,49.642736581213626,69.9581143980637,50.8615231893358,85.4202151263408
2025-03-09 20:17:47.529333,869.0,646.0,373.0,2490.0,1023.0,241.0,62.809806445410736,74.4384094562055,50.203392765731515,36.978047847605026,15.85090005031388,39.481753011192474,49.642736581213626,69.9581143980637,50.8615231893358,85.4202151263408
2025-03-09 20:17:47.529333,845.0,635.0,372.0,2485.0,1019.0,254.0,62.809806445410736,74.4384094562055,50.203392765731515,36.978047847605026,15.85090005031388,39.481753011192474,49.642736581213626,69.9581143980637,50.8615231893358,85.4202151263408
2025-03-09 20:17:47.537667,843.0,636.0,372.0,2469.0,1023.0,242.0,62.86525112814191,74.43885412289642,50.26905431741853,37.03060284414215,15.858386553899912,39.54384039785031,49.58116563645936,69.93747876532049,50.846722067176096,85.55736398286271
2025-03-09 20:17:47.537667,841.0,633.0,368.0,2490.0,1023.0,247.0,62.86525112814191,74.43885412289642,50.26905431741853,37.03060284414215,15.858386553899912,39.54384039785031,49.58116563645936,69.93747876532049,50.846722067176096,85.55736398286271
2025-03-09 20:17:47.537667,834.0,607.0,374.0,2497.0,1034.0,243.0,62.86525112814191,74.43885412289642,50.26905431741853,37.03060284414215,15.858386553899912,39.54384039785031,49.58116563645936,69.93747876532049,50.846722067176096,85.55736398286271
2025-03-09 20:17:47.537667,835.0,630.0,374.0,2487.0,1033.0,247.0,62.86525112814191,74.43885412289642,50.26905431741853,37.03060284414215,15.858386553899912,39.54384039785031,49.58116563645936,69.93747876532049,50.846722067176096,85.55736398286271
2025-03-09 20:17:47.546000,833.0,634.0,371.0,2485.0,1023.0,247.0,62.91154879199139,74.43848719517392,50.34542316010974,37.084409306493974,15.866289943382101,39.60810804394004,49.504699293828075,69.90985703421775,50.83829779997934,85.69721748383994
2025-03-09 20:17:47.546000,832.0,640.0,376.0,2482.0,1022.0,247.0,62.91154879199139,74.43848719517392,50.34542316010974,37.084409306493974,15.866289943382101,39.60810804394004,49.504699293828075,69.90985703421775,50.83829779997934,85.69721748383994
2025-03-09 20:17:47.546000,823.0,626.0,378.0,2489.0,1023.0,246.0,62.91154879199139,74.43848719517392,50.34542316010974,37.084409306493974,15.866289943382101,39.60810804394004,49.504699293828075,69.90985703421775,50.83829779997934,85.69721748383994
2025-03-09 20:17:47.554333,802.0,623.0,375.0,2491.0,1035.0,239.0,62.9478546756568,74.43806729402377,50.43564680991306,37.13957534199442,15.874726491012881,39.674587040775805,49.411097287614226,69.87582252289634,50.838316994547405,85.84243155906672
2025-03-09 20:17:47.554333,789.0,620.0,373.0,2487.0,1037.0,241.0,62.9478546756568,74.43806729402377,50.43564680991306,37.13957534199442,15.874726491012881,39.674587040775805,49.411097287614226,69.87582252289634,50.838316994547405,85.84243155906672
2025-03-09 20:17:47.554333,799.0,614.0,369.0,2498.0,1038.0,243.0,62.9478546756568,74.43806729402377,50.43564680991306,37.13957534199442,15.874726491012881,39.674587040775805,49.411097287614226,69.87582252289634,50.838316994547405,85.84243155906672
2025-03-09 20:17:47.554333,794.0,619.0,373.0,2487.0,1040.0,249.0,62.9478546756568,74.43806729402377,50.43564680991306,37.13957534199442,15.874726491012881,39.674587040775805,49.411097287614226,69.87582252289634,50.838316994547405,85.84243155906672
2025-03-09 20:17:47.562667,795.0,620.0,387.0,2486.0,1035.0,248.0,62.97358182101127,74.43757432119986,50.54115852327028,37.194587063254716,15.884409171993621,39.742030946058534,49.29984006632934,69.83527844650528,50.846057729711546,85.99539319323196
2025-03-09 20:17:47.562667,787.0,623.0,368.0,2481.0,1023.0,248.0,62.97358182101127,74.43757432119986,50.54115852327028,37.194587063254716,15.884409171993621,39.742030946058534,49.29984006632934,69.83527844650528,50.846057729711546,85.99539319323196
2025-03-09 20:17:47.562667,789.0,619.0,370.0,2494.0,1035.0,245.0,62.97358182101127,74.43757432119986,50.54115852327028,37.194587063254716,15.884409171993621,39.742030946058534,49.29984006632934,69.83527844650528,50.846057729711546,85.99539319323196
2025-03-09 20:17:47.562667,768.0,607.0,366.0,2489.0,1034.0,250.0,62.97358182101127,74.43757432119986,50.54115852327028,37.194587063254716,15.884409171993621,39.742030946058534,49.29984006632934,69.83527844650528,50.846057729711546,85.99539319323196
2025-03-09 20:17:47.571000,769.0,611.0,367.0,2485.0,1034.0,247.0,62.98860219779903,74.43616285101454,50.660503507030604,37.245839865456205,15.896832168875385,39.80750379551403,49.173439174423606,69.78758756715511,50.85728825897913,86.15770753280982
2025-03-09 20:17:47.571000,763.0,603.0,374.0,2489.0,1033.0,247.0,62.98860219779903,74.43616285101454,50.660503507030604,37.245839865456205,15.896832168875385,39.80750379551403,49.173439174423606,69.78758756715511,50.85728825897913,86.15770753280982
2025-03-09 20:17:47.571000,761.0,598.0,368.0,2493.0,1035.0,245.0,62.98860219779903,74.43616285101454,50.660503507030604,37.245839865456205,15.896832168875385,39.80750379551403,49.173439174423606,69.78758756715511,50.85728825897913,86.15770753280982
2025-03-09 20:17:47.579333,758.0,604.0,368.0,2493.0,1023.0,250.0,62.993245027787395,74.43302683813982,50.789334571758666,37.29141503226106,15.911854611930066,39.86907594756644,49.035588803426684,69.73271745561168,50.86914809776221,86.32964801790142
2025-03-09 20:17:47.579333,758.0,599.0,368.0,2486.0,1023.0,250.0,62.993245027787395,74.43302683813982,50.789334571758666,37.29141503226106,15.911854611930066,39.86907594756644,49.035588803426684,69.73271745561168,50.86914809776221,86.32964801790142
2025-03-09 20:17:47.579333,755.0,606.0,368.0,2490.0,1022.0,249.0,62.993245027787395,74.43302683813982,50.789334571758666,37.29141503226106,15.911854611930066,39.86907594756644,49.035588803426684,69.73271745561168,50.86914809776221,86.32964801790142
2025-03-09 20:17:47.579333,755.0,598.0,368.0,2486.0,1023.0,246.0,62.993245027787395,74.43302683813982,50.789334571758666,37.29141503226106,15.911854611930066,39.86907594756644,49.035588803426684,69.73271745561168,50.86914809776221,86.32964801790142
2025-03-09 20:17:47.587667,741.0,589.0,364.0,2489.0,1022.0,249.0,62.98902437477245,74.4289385220663,50.92491293078159,37.33248920425359,15.927967617785919,39.927295751313004,48.888323827445085,69.67225031732727,50.882727020552885,86.51170756830442
2025-03-09 20:17:47.587667,742.0,595.0,368.0,2493.0,1019.0,247.0,62.98902437477245,74.4289385220663,50.92491293078159,37.33248920425359,15.927967617785919,39.927295751313004,48.888323827445085,69.67225031732727,50.882727020552885,86.51170756830442
2025-03-09 20:17:47.587667,735.0,591.0,366.0,2487.0,1021.0,251.0,62.98902437477245,74.4289385220663,50.92491293078159,37.33248920425359,15.927967617785919,39.927295751313004,48.888323827445085,69.67225031732727,50.882727020552885,86.51170756830442
2025-03-09 20:17:47.596000,735.0,587.0,368.0,2493.0,1021.0,248.0,62.977345911918576,74.42555013906421,51.0682881770592,37.37104162026224,15.94398629569407,39.98353013483257,48.73118352358654,69.60838193088485,50.90115923134457,86.70486960048183
2025-03-09 20:17:47.596000,735.0,591.0,367.0,2486.0,1019.0,247.0,62.977345911918576,74.42555013906421,51.0682881770592,37.37104162026224,15.94398629569407,39.98353013483257,48.73118352358654,69.60838193088485,50.90115923134457,86.70486960048183
2025-03-09 20:17:47.596000,736.0,592.0,368.0,2490.0,1020.0,246.0,62.977345911918576,74.42555013906421,51.0682881770592,37.37104162026224,15.94398629569407,39.98353013483257,48.73118352358654,69.60838193088485,50.90115923134457,86.70486960048183
2025-03-09 20:17:47.596000,736.0,590.0,368.0,2485.0,1020.0,249.0,62.977345911918576,74.42555013906421,51.0682881770592,37.37104162026224,15.94398629569407,39.98353013483257,48.73118352358654,69.60838193088485,50.90115923134457,86.70486960048183
2025-03-09 20:17:47.604333,720.0,586.0,363.0,2486.0,1015.0,243.0,62.95851214558776,74.42383624570424,51.22230216478008,37.40911627147924,15.959554986085069,40.03954902441368,48.5617992239576,69.54194166120729,50.927270698973146,86.9106631227417
2025-03-09 20:17:47.604333,718.0,588.0,369.0,2490.0,1014.0,250.0,62.95851214558776,74.42383624570424,51.22230216478008,37.40911627147924,15.959554986085069,40.03954902441368,48.5617992239576,69.54194166120729,50.927270698973146,86.9106631227417
2025-03-09 20:17:47.604333,717.0,583.0,368.0,2491.0,1013.0,252.0,62.95851214558776,74.42383624570424,51.22230216478008,37.40911627147924,15.959554986085069,40.03954902441368,48.5617992239576,69.54194166120729,50.927270698973146,86.9106631227417
2025-03-09 20:17:47.612667,714.0,582.0,362.0,2485.0,1015.0,247.0,62.931949462606234,74.42379121507119,51.39019354817655,37.44813424422405,15.975093613619782,40.09695197835937,48.376840365610626,69.4720143690223,50.96231176766535,87.12982676813002
2025-03-09 20:17:47.612667,714.0,577.0,362.0,2489.0,1013.0,246.0,62.931949462606234,74.42379121507119,51.39019354817655,37.44813424422405,15.975093613619782,40.09695197835937,48.376840365610626,69.4720143690223,50.96231176766535,87.12982676813002
2025-03-09 20:17:47.612667,714.0,576.0,352.0,2487.0,1011.0,246.0,62.931949462606234,74.42379121507119,51.39019354817655,37.44813424422405,15.975093613619782,40.09695197835937,48.376840365610626,69.4720143690223,50.96231176766535,87.12982676813002
2025-03-09 20:17:47.612667,711.0,583.0,356.0,2495.0,1011.0,252.0,62.931949462606234,74.42379121507119,51.39019354817655,37.44813424422405,15.975093613619782,40.09695197835937,48.376840365610626,69.4720143690223,50.96231176766535,87.12982676813002
2025-03-09 20:17:47.621000,710.0,578.0,361.0,2494.0,1009.0,250.0,62.89583817145467,74.4256258707958,51.575673923980276,37.488310956551864,15.990799093897898,40.155993531412854,48.17267368563403,69.398099131781,51.00827190132244,87.3633338328316
2025-03-09 20:17:47.621000,703.0,581.0,353.0,2486.0,1009.0,252.0,62.89583817145467,74.4256258707958,51.575673923980276,37.488310956551864,15.990799093897898,40.155993531412854,48.17267368563403,69.398099131781,51.00827190132244,87.3633338328316
2025-03-09 20:17:47.621000,702.0,560.0,358.0,2493.0,1009.0,248.0,62.89583817145467,74.4256258707958,51.575673923980276,37.488310956551864,15.990799093897898,40.155993531412854,48.17267368563403,69.398099131781,51.00827190132244,87.3633338328316
2025-03-09 20:17:47.629333,698.0,577.0,365.0,2496.0,1009.0,251.0,62.84964889376519,74.43047820735855,51.77786221747666,37.528752151094224,16.007214409333844,40.2158868158711,47.9510226420919,69.32122982607743,51.065812792663785,87.6128557102147
2025-03-09 20:17:47.629333,700.0,583.0,369.0,2490.0,1013.0,248.0,62.84964889376519,74.43047820735855,51.77786221747666,37.528752151094224,16.007214409333844,40.2158868158711,47.9510226420919,69.32122982607743,51.065812792663785,87.6128557102147
2025-03-09 20:17:47.629333,697.0,575.0,354.0,2491.0,1011.0,253.0,62.84964889376519,74.43047820735855,51.77786221747666,37.528752151094224,16.007214409333844,40.2158868158711,47.9510226420919,69.32122982607743,51.065812792663785,87.6128557102147
2025-03-09 20:17:47.629333,701.0,573.0,357.0,2483.0,1007.0,254.0,62.84964889376519,74.43047820735855,51.77786221747666,37.528752151094224,16.007214409333844,40.2158868158711,47.9510226420919,69.32122982607743,51.065812792663785,87.6128557102147
2025-03-09 20:17:47.637667,698.0,581.0,358.0,2500.0,1011.0,253.0,62.79515263776806,74.43926032635203,51.99230633260618,37.57341815568347,16.023180217753012,40.279710808921536,47.71534199311246,69.24342272804162,51.137362484317656,87.87830333379299
2025-03-09 20:17:47.637667,688.0,571.0,352.0,2497.0,1043.0,251.0,62.79515263776806,74.43926032635203,51.99230633260618,37.57341815568347,16.023180217753012,40.279710808921536,47.71534199311246,69.24342272804162,51.137362484317656,87.87830333379299
2025-03-09 20:17:47.637667,693.0,571.0,353.0,2494.0,1008.0,252.0,62.79515263776806,74.43926032635203,51.99230633260618,37.57341815568347,16.023180217753012,40.279710808921536,47.71534199311246,69.24342272804162,51.137362484317656,87.87830333379299
2025-03-09 20:17:47.637667,688.0,561.0,359.0,2496.0,1009.0,254.0,62.79515263776806,74.43926032635203,51.99230633260618,37.57341815568347,16.023180217753012,40.279710808921536,47.71534199311246,69.24342272804162,51.137362484317656,87.87830333379299
2025-03-09 20:17:47.646000,689.0,570.0,353.0,2497.0,1023.0,251.0,62.73411890882705,74.45262987510185,52.221021895225455,37.62702952074817,16.037514878176847,40.35128247770518,47.46366088472582,69.16637097385797,51.22657901208107,88.15928419873171
2025-03-09 20:17:47.646000,688.0,572.0,354.0,2492.0,1008.0,249.0,62.73411890882705,74.45262987510185,52.221021895225455,37.62702952074817,16.037514878176847,40.35128247770518,47.46366088472582,69.16637097385797,51.22657901208107,88.15928419873171
2025-03-09 20:17:47.646000,687.0,571.0,351.0,2493.0,1007.0,253.0,62.73411890882705,74.45262987510185,52.221021895225455,37.62702952074817,16.037514878176847,40.35128247770518,47.46366088472582,69.16637097385797,51.22657901208107,88.15928419873171
2025-03-09 20:17:47.646000,687.0,560.0,353.0,2499.0,999.0,254.0,62.73411890882705,74.45262987510185,52.221021895225455,37.62702952074817,16.037514878176847,40.35128247770518,47.46366088472582,69.16637097385797,51.22657901208107,88.15928419873171
2025-03-09 20:17:47.654333,688.0,563.0,357.0,2496.0,1007.0,252.0,62.66834690482256,74.47107560134292,52.46639721727718,37.685044725923674,16.052719599314774,40.42761230677952,47.19656599514571,69.0893224419445,51.32811675047836,88.4556012254771
2025-03-09 20:17:47.654333,685.0,566.0,354.0,2503.0,1005.0,252.0,62.66834690482256,74.47107560134292,52.46639721727718,37.685044725923674,16.052719599314774,40.42761230677952,47.19656599514571,69.0893224419445,51.32811675047836,88.4556012254771
2025-03-09 20:17:47.654333,685.0,561.0,351.0,2503.0,1002.0,255.0,62.66834690482256,74.47107560134292,52.46639721727718,37.685044725923674,16.052719599314774,40.42761230677952,47.19656599514571,69.0893224419445,51.32811675047836,88.4556012254771
2025-03-09 20:17:47.662667,679.0,563.0,351.0,2497.0,995.0,252.0,62.599237644455485,74.49383595278476,52.72581975910674,37.74207037859381,16.071907744937747,40.50496741511656,46.91881735793125,69.01080186583992,51.434074327944124,88.76649485617004
2025-03-09 20:17:47.662667,681.0,566.0,357.0,2493.0,998.0,256.0,62.599237644455485,74.49383595278476,52.72581975910674,37.74207037859381,16.071907744937747,40.50496741511656,46.91881735793125,69.01080186583992,51.434074327944124,88.76649485617004
2025-03-09 20:17:47.662667,681.0,558.0,347.0,2496.0,999.0,243.0,62.599237644455485,74.49383595278476,52.72581975910674,37.74207037859381,16.071907744937747,40.50496741511656,46.91881735793125,69.01080186583992,51.434074327944124,88.76649485617004
2025-03-09 20:17:47.662667,679.0,551.0,350.0,2503.0,996.0,253.0,62.599237644455485,74.49383595278476,52.72581975910674,37.74207037859381,16.071907744937747,40.50496741511656,46.91881735793125,69.01080186583992,51.434074327944124,88.76649485617004
2025-03-09 20:17:47.671000,683.0,560.0,349.0,2494.0,998.0,252.0,62.52765790852674,74.51872095859706,52.99517050996446,37.79715027580219,16.096926115877174,40.58274527570051,46.63527949893492,68.93006874242997,51.53958989631208,89.09092980955867
2025-03-09 20:17:47.671000,676.0,560.0,347.0,2494.0,996.0,258.0,62.52765790852674,74.51872095859706,52.99517050996446,37.79715027580219,16.096926115877174,40.58274527570051,46.63527949893492,68.93006874242997,51.53958989631208,89.09092980955867
2025-03-09 20:17:47.671000,678.0,560.0,353.0,2475.0,996.0,255.0,62.52765790852674,74.51872095859706,52.99517050996446,37.79715027580219,16.096926115877174,40.58274527570051,46.63527949893492,68.93006874242997,51.53958989631208,89.09092980955867
2025-03-09 20:17:47.671000,679.0,557.0,355.0,2496.0,995.0,255.0,62.52765790852674,74.51872095859706,52.99517050996446,37.79715027580219,16.096926115877174,40.58274527570051,46.63527949893492,68.93006874242997,51.53958989631208,89.09092980955867
2025-03-09 20:17:47.679333,676.0,560.0,343.0,2495.0,1000.0,254.0,62.453514854572624,74.54343660712851,53.271674353562524,37.852566368637206,16.127194026864064,40.66254662445012,46.34704441333035,68.84645437723778,51.64398537361642,89.42653870050012
2025-03-09 20:17:47.679333,675.0,569.0,340.0,2496.0,993.0,254.0,62.453514854572624,74.54343660712851,53.271674353562524,37.852566368637206,16.127194026864064,40.66254662445012,46.34704441333035,68.84645437723778,51.64398537361642,89.42653870050012
2025-03-09 20:17:47.679333,673.0,555.0,350.0,2496.0,992.0,252.0,62.453514854572624,74.54343660712851,53.271674353562524,37.852566368637206,16.127194026864064,40.66254662445012,46.34704441333035,68.84645437723778,51.64398537361642,89.42653870050012
2025-03-09 20:17:47.687667,673.0,555.0,353.0,2494.0,991.0,253.0,62.37584066324131,74.56720093217571,53.55531804448955,37.91308537628202,16.1602679897438,40.747665570734135,46.051526850345795,68.76051693954649,51.75182898166386,89.77064446346515
2025-03-09 20:17:47.687667,674.0,560.0,353.0,2494.0,991.0,256.0,62.37584066324131,74.56720093217571,53.55531804448955,37.91308537628202,16.1602679897438,40.747665570734135,46.051526850345795,68.76051693954649,51.75182898166386,89.77064446346515
2025-03-09 20:17:47.687667,675.0,550.0,354.0,2497.0,992.0,259.0,62.37584066324131,74.56720093217571,53.55531804448955,37.91308537628202,16.1602679897438,40.747665570734135,46.051526850345795,68.76051693954649,51.75182898166386,89.77064446346515
2025-03-09 20:17:47.687667,671.0,555.0,346.0,2505.0,980.0,256.0,62.37584066324131,74.56720093217571,53.55531804448955,37.91308537628202,16.1602679897438,40.747665570734135,46.051526850345795,68.76051693954649,51.75182898166386,89.77064446346515
2025-03-09 20:17:47.696000,672.0,551.0,350.0,2501.0,976.0,256.0,62.294349730547346,74.58984035179233,53.846815948672216,37.98010669117439,16.19547527025005,40.83895369340296,45.74782366375186,68.67294655190709,51.86478446862132,90.12076163739277
2025-03-09 20:17:47.696000,675.0,551.0,351.0,2506.0,987.0,257.0,62.294349730547346,74.58984035179233,53.846815948672216,37.98010669117439,16.19547527025005,40.83895369340296,45.74782366375186,68.67294655190709,51.86478446862132,90.12076163739277
2025-03-09 20:17:47.696000,673.0,550.0,344.0,2501.0,977.0,256.0,62.294349730547346,74.58984035179233,53.846815948672216,37.98010669117439,16.19547527025005,40.83895369340296,45.74782366375186,68.67294655190709,51.86478446862132,90.12076163739277
2025-03-09 20:17:47.696000,674.0,545.0,346.0,2497.0,980.0,256.0,62.294349730547346,74.58984035179233,53.846815948672216,37.98010669117439,16.19547527025005,40.83895369340296,45.74782366375186,68.67294655190709,51.86478446862132,90.12076163739277
2025-03-09 20:17:47.704333,672.0,550.0,348.0,2497.0,976.0,257.0,62.208689420189366,74.60971163096919,54.14282416014643,38.051234073040874,16.233172675739088,40.93415824550236,45.43892666582289,68.58300704175468,51.97924435781435,90.47235039064773
2025-03-09 20:17:47.704333,673.0,555.0,349.0,2500.0,983.0,260.0,62.208689420189366,74.60971163096919,54.14282416014643,38.051234073040874,16.233172675739088,40.93415824550236,45.43892666582289,68.58300704175468,51.97924435781435,90.47235039064773
2025-03-09 20:17:47.704333,672.0,528.0,368.0,2505.0,987.0,260.0,62.208689420189366,74.60971163096919,54.14282416014643,38.051234073040874,16.233172675739088,40.93415824550236,45.43892666582289,68.58300704175468,51.97924435781435,90.47235039064773
2025-03-09 20:17:47.704333,673.0,545.0,340.0,2503.0,975.0,271.0,62.208689420189366,74.60971163096919,54.14282416014643,38.051234073040874,16.233172675739088,40.93415824550236,45.43892666582289,68.58300704175468,51.97924435781435,90.47235039064773
2025-03-09 20:17:47.712667,676.0,549.0,337.0,2512.0,974.0,262.0,62.120617661872004,74.6260136762467,54.43813428998777,38.12499313027374,16.271865487623945,41.031123364594364,45.129772591960354,68.49230880032457,52.09291159292719,90.82214653703598
2025-03-09 20:17:47.712667,679.0,528.0,342.0,2507.0,974.0,262.0,62.120617661872004,74.6260136762467,54.43813428998777,38.12499313027374,16.271865487623945,41.031123364594364,45.129772591960354,68.49230880032457,52.09291159292719,90.82214653703598
2025-03-09 20:17:47.712667,677.0,547.0,367.0,2510.0,975.0,265.0,62.120617661872004,74.6260136762467,54.43813428998777,38.12499313027374,16.271865487623945,41.031123364594364,45.129772591960354,68.49230880032457,52.09291159292719,90.82214653703598
2025-03-09 20:17:47.721000,681.0,550.0,341.0,2509.0,976.0,261.0,62.034238639661275,74.64084618680802,54.73542547973967,38.20124644033921,16.310786574245704,41.12956429155304,44.820509553548824,68.40376292940508,52.20641554256731,91.1710381946895
2025-03-09 20:17:47.721000,679.0,555.0,337.0,2503.0,967.0,263.0,62.034238639661275,74.64084618680802,54.73542547973967,38.20124644033921,16.310786574245704,41.12956429155304,44.820509553548824,68.40376292940508,52.20641554256731,91.1710381946895
2025-03-09 20:17:47.721000,679.0,543.0,344.0,2501.0,970.0,261.0,62.034238639661275,74.64084618680802,54.73542547973967,38.20124644033921,16.310786574245704,41.12956429155304,44.820509553548824,68.40376292940508,52.20641554256731,91.1710381946895
2025-03-09 20:17:47.721000,676.0,535.0,337.0,2507.0,975.0,258.0,62.034238639661275,74.64084618680802,54.73542547973967,38.20124644033921,16.310786574245704,41.12956429155304,44.820509553548824,68.40376292940508,52.20641554256731,91.1710381946895
2025-03-09 20:17:47.729333,683.0,539.0,336.0,2515.0,954.0,266.0,61.9521803058666,74.65505074953761,55.038887712084595,38.278795394523165,16.350560477014696,41.22910925578654,44.50862607683206,68.31684183424541,52.31798673305014,91.51999035160166
2025-03-09 20:17:47.729333,687.0,529.0,338.0,2528.0,973.0,266.0,61.9521803058666,74.65505074953761,55.038887712084595,38.278795394523165,16.350560477014696,41.22910925578654,44.50862607683206,68.31684183424541,52.31798673305014,91.51999035160166
2025-03-09 20:17:47.729333,683.0,551.0,336.0,2512.0,959.0,265.0,61.9521803058666,74.65505074953761,55.038887712084595,38.278795394523165,16.350560477014696,41.22910925578654,44.50862607683206,68.31684183424541,52.31798673305014,91.51999035160166
2025-03-09 20:17:47.729333,685.0,535.0,338.0,2468.0,962.0,264.0,61.9521803058666,74.65505074953761,55.038887712084595,38.278795394523165,16.350560477014696,41.22910925578654,44.50862607683206,68.31684183424541,52.31798673305014,91.51999035160166
2025-03-09 20:17:47.737667,685.0,543.0,339.0,2512.0,965.0,267.0,61.87597380905402,74.6666318413626,55.34491047921793,38.35584300376997,16.390537205116953,41.32813303030241,44.196131738137446,68.22980177042281,52.423009805082174,91.86889779747268
2025-03-09 20:17:47.737667,679.0,544.0,336.0,2512.0,962.0,265.0,61.87597380905402,74.6666318413626,55.34491047921793,38.35584300376997,16.390537205116953,41.32813303030241,44.196131738137446,68.22980177042281,52.423009805082174,91.86889779747268
2025-03-09 20:17:47.737667,685.0,535.0,334.0,2506.0,957.0,267.0,61.87597380905402,74.6666318413626,55.34491047921793,38.35584300376997,16.390537205116953,41.32813303030241,44.196131738137446,68.22980177042281,52.423009805082174,91.86889779747268
2025-03-09 20:17:47.746000,688.0,541.0,338.0,2512.0,959.0,263.0,61.807111088475985,74.67362183048706,55.65099513045559,38.43382556381456,16.42890643409221,41.42719399782236,43.88393333759668,68.14255365945147,52.52056422666492,92.21691683250857
2025-03-09 20:17:47.746000,685.0,534.0,351.0,2513.0,958.0,275.0,61.807111088475985,74.67362183048706,55.65099513045559,38.43382556381456,16.42890643409221,41.42719399782236,43.88393333759668,68.14255365945147,52.52056422666492,92.21691683250857
2025-03-09 20:17:47.746000,686.0,529.0,331.0,2522.0,956.0,271.0,61.807111088475985,74.67362183048706,55.65099513045559,38.43382556381456,16.42890643409221,41.42719399782236,43.88393333759668,68.14255365945147,52.52056422666492,92.21691683250857
2025-03-09 20:17:47.746000,688.0,542.0,331.0,2517.0,960.0,272.0,61.807111088475985,74.67362183048706,55.65099513045559,38.43382556381456,16.42890643409221,41.42719399782236,43.88393333759668,68.14255365945147,52.52056422666492,92.21691683250857
2025-03-09 20:17:47.754333,685.0,530.0,339.0,2519.0,954.0,271.0,61.74719177495157,74.67492404351117,55.957156710000206,38.51678020080647,16.463806512409747,41.528850928002264,43.57195124283397,68.05702242548071,52.61338405448966,92.56235975376904
2025-03-09 20:17:47.754333,687.0,539.0,320.0,2514.0,951.0,272.0,61.74719177495157,74.67492404351117,55.957156710000206,38.51678020080647,16.463806512409747,41.528850928002264,43.57195124283397,68.05702242548071,52.61338405448966,92.56235975376904
2025-03-09 20:17:47.754333,686.0,531.0,341.0,2521.0,961.0,271.0,61.74719177495157,74.67492404351117,55.957156710000206,38.51678020080647,16.463806512409747,41.528850928002264,43.57195124283397,68.05702242548071,52.61338405448966,92.56235975376904
2025-03-09 20:17:47.754333,687.0,529.0,306.0,2528.0,944.0,271.0,61.74719177495157,74.67492404351117,55.957156710000206,38.51678020080647,16.463806512409747,41.528850928002264,43.57195124283397,68.05702242548071,52.61338405448966,92.56235975376904
2025-03-09 20:17:47.762667,686.0,528.0,359.0,2523.0,967.0,272.0,61.69643053524851,74.66935169407658,56.260998205339796,38.60759809183915,16.4933744532401,41.63446323227888,43.262062091702916,67.9752725440771,52.70404197431205,92.90399072999132
2025-03-09 20:17:47.762667,682.0,528.0,358.0,2515.0,957.0,275.0,61.69643053524851,74.66935169407658,56.260998205339796,38.60759809183915,16.4933744532401,41.63446323227888,43.262062091702916,67.9752725440771,52.70404197431205,92.90399072999132
2025-03-09 20:17:47.762667,688.0,528.0,336.0,2530.0,944.0,273.0,61.69643053524851,74.66935169407658,56.260998205339796,38.60759809183915,16.4933744532401,41.63446323227888,43.262062091702916,67.9752725440771,52.70404197431205,92.90399072999132
2025-03-09 20:17:47.762667,685.0,528.0,338.0,2533.0,955.0,276.0,61.69643053524851,74.66935169407658,56.260998205339796,38.60759809183915,16.4933744532401,41.63446323227888,43.262062091702916,67.9752725440771,52.70404197431205,92.90399072999132
2025-03-09 20:17:47.771000,686.0,526.0,336.0,2531.0,957.0,275.0,61.65281752182686,74.65641462243951,56.5597075866542,38.70646307928222,16.516266755301867,41.74318945850295,42.956331131252036,67.89884696097124,52.79483984383693,93.24131859259549
2025-03-09 20:17:47.771000,684.0,530.0,346.0,2529.0,960.0,275.0,61.65281752182686,74.65641462243951,56.5597075866542,38.70646307928222,16.516266755301867,41.74318945850295,42.956331131252036,67.89884696097124,52.79483984383693,93.24131859259549
2025-03-09 20:17:47.771000,681.0,530.0,321.0,2533.0,959.0,282.0,61.65281752182686,74.65641462243951,56.5597075866542,38.70646307928222,16.516266755301867,41.74318945850295,42.956331131252036,67.89884696097124,52.79483984383693,93.24131859259549
2025-03-09 20:17:47.779333,688.0,528.0,358.0,2544.0,956.0,278.0,61.61533488957041,74.6364868444851,56.85091900044462,38.809518114297546,16.533129824054782,41.8515017148828,42.65848882115649,67.8286045499991,52.8843222763292,93.57397637374758
2025-03-09 20:17:47.779333,688.0,528.0,337.0,2530.0,963.0,281.0,61.61533488957041,74.6364868444851,56.85091900044462,38.809518114297546,16.533129824054782,41.8515017148828,42.65848882115649,67.8286045499991,52.8843222763292,93.57397637374758
2025-03-09 20:17:47.779333,686.0,538.0,327.0,2540.0,951.0,281.0,61.61533488957041,74.6364868444851,56.85091900044462,38.809518114297546,16.533129824054782,41.8515017148828,42.65848882115649,67.8286045499991,52.8843222763292,93.57397637374758
2025-03-09 20:17:47.779333,688.0,527.0,335.0,2538.0,954.0,287.0,61.61533488957041,74.6364868444851,56.85091900044462,38.809518114297546,16.533129824054782,41.8515017148828,42.65848882115649,67.8286045499991,52.8843222763292,93.57397637374758
2025-03-09 20:17:47.787667,688.0,525.0,336.0,2548.0,951.0,275.0,61.58810365062894,74.61121073208967,57.135046920993936,38.911733228288014,16.545952946750447,41.955712737221134,42.372920834429934,67.76588305481178,52.96791334030853,93.90343278729674
2025-03-09 20:17:47.787667,686.0,507.0,336.0,2550.0,950.0,289.0,61.58810365062894,74.61121073208967,57.135046920993936,38.911733228288014,16.545952946750447,41.955712737221134,42.372920834429934,67.76588305481178,52.96791334030853,93.90343278729674
2025-03-09 20:17:47.787667,686.0,529.0,330.0,2538.0,954.0,291.0,61.58810365062894,74.61121073208967,57.135046920993936,38.911733228288014,16.545952946750447,41.955712737221134,42.372920834429934,67.76588305481178,52.96791334030853,93.90343278729674
2025-03-09 20:17:47.787667,686.0,527.0,332.0,2539.0,950.0,281.0,61.58810365062894,74.61121073208967,57.135046920993936,38.911733228288014,16.545952946750447,41.955712737221134,42.372920834429934,67.76588305481178,52.96791334030853,93.90343278729674
2025-03-09 20:17:47.796000,687.0,496.0,333.0,2523.0,956.0,289.0,61.57685617994395,74.5820341971839,57.41511571349834,39.01309097202309,16.55752872168095,42.057357207807094,42.1008628452551,67.71042517239145,53.042266653197125,94.23016496016207
2025-03-09 20:17:47.796000,687.0,511.0,350.0,2537.0,955.0,289.0,61.57685617994395,74.5820341971839,57.41511571349834,39.01309097202309,16.55752872168095,42.057357207807094,42.1008628452551,67.71042517239145,53.042266653197125,94.23016496016207
2025-03-09 20:17:47.796000,680.0,509.0,336.0,2551.0,954.0,295.0,61.57685617994395,74.5820341971839,57.41511571349834,39.01309097202309,16.55752872168095,42.057357207807094,42.1008628452551,67.71042517239145,53.042266653197125,94.23016496016207
2025-03-09 20:17:47.804333,679.0,511.0,336.0,2545.0,957.0,291.0,61.57155980890176,74.54259876030964,57.690154810195544,39.11498043839107,16.56941868972085,42.15881474087483,41.83410559400299,67.65108316829439,53.104638098708065,94.53642635443252
2025-03-09 20:17:47.804333,678.0,511.0,339.0,2544.0,959.0,299.0,61.57155980890176,74.54259876030964,57.690154810195544,39.11498043839107,16.56941868972085,42.15881474087483,41.83410559400299,67.65108316829439,53.104638098708065,94.53642635443252
2025-03-09 20:17:47.804333,685.0,511.0,341.0,2534.0,960.0,295.0,61.57155980890176,74.54259876030964,57.690154810195544,39.11498043839107,16.56941868972085,42.15881474087483,41.83410559400299,67.65108316829439,53.104638098708065,94.53642635443252
2025-03-09 20:17:47.804333,678.0,510.0,331.0,2543.0,958.0,291.0,61.57155980890176,74.54259876030964,57.690154810195544,39.11498043839107,16.56941868972085,42.15881474087483,41.83410559400299,67.65108316829439,53.104638098708065,94.53642635443252
2025-03-09 20:17:47.812667,675.0,502.0,337.0,2546.0,958.0,294.0,61.55155335638933,74.48135210336788,57.95640155149907,39.219996636272846,16.58135882048064,42.26275444440837,41.557812153677574,67.57044926249063,53.15346704151426,94.79184470215222
2025-03-09 20:17:47.812667,677.0,511.0,336.0,2559.0,959.0,295.0,61.55155335638933,74.48135210336788,57.95640155149907,39.219996636272846,16.58135882048064,42.26275444440837,41.557812153677574,67.57044926249063,53.15346704151426,94.79184470215222
2025-03-09 20:17:47.812667,674.0,511.0,331.0,2545.0,958.0,294.0,61.55155335638933,74.48135210336788,57.95640155149907,39.219996636272846,16.58135882048064,42.26275444440837,41.557812153677574,67.57044926249063,53.15346704151426,94.79184470215222
2025-03-09 20:17:47.812667,667.0,506.0,336.0,2559.0,962.0,299.0,61.55155335638933,74.48135210336788,57.95640155149907,39.219996636272846,16.58135882048064,42.26275444440837,41.557812153677574,67.57044926249063,53.15346704151426,94.79184470215222
2025-03-09 20:17:47.821000,669.0,510.0,338.0,2551.0,989.0,303.0,61.506988148174145,74.39209549476061,58.21333392971874,39.33296352235282,16.592132849194257,42.37321932259819,41.2622846583278,67.46039256481667,53.19021073803654,94.98361623240763
2025-03-09 20:17:47.821000,667.0,503.0,334.0,2558.0,963.0,303.0,61.506988148174145,74.39209549476061,58.21333392971874,39.33296352235282,16.592132849194257,42.37321932259819,41.2622846583278,67.46039256481667,53.19021073803654,94.98361623240763
2025-03-09 20:17:47.821000,667.0,495.0,333.0,2554.0,982.0,302.0,61.506988148174145,74.39209549476061,58.21333392971874,39.33296352235282,16.592132849194257,42.37321932259819,41.2622846583278,67.46039256481667,53.19021073803654,94.98361623240763
2025-03-09 20:17:47.821000,666.0,525.0,340.0,2558.0,944.0,304.0,61.506988148174145,74.39209549476061,58.21333392971874,39.33296352235282,16.592132849194257,42.37321932259819,41.2622846583278,67.46039256481667,53.19021073803654,94.98361623240763
2025-03-09 20:17:47.829333,663.0,511.0,334.0,2559.0,969.0,310.0,61.44010958093296,74.27449721931342,58.45991434467682,39.45307585104082,16.59869710301619,42.48785556802653,40.9494605949411,67.32461103775434,53.21567823195697,95.1226966922413
2025-03-09 20:17:47.829333,663.0,528.0,330.0,2559.0,960.0,303.0,61.44010958093296,74.27449721931342,58.45991434467682,39.45307585104082,16.59869710301619,42.48785556802653,40.9494605949411,67.32461103775434,53.21567823195697,95.1226966922413
2025-03-09 20:17:47.829333,663.0,530.0,334.0,2559.0,990.0,303.0,61.44010958093296,74.27449721931342,58.45991434467682,39.45307585104082,16.59869710301619,42.48785556802653,40.9494605949411,67.32461103775434,53.21567823195697,95.1226966922413
2025-03-09 20:17:47.837667,654.0,507.0,337.0,2559.0,976.0,309.0,61.363905288502984,74.13033346337218,58.68798905720579,39.576385248292205,16.597828010268998,42.601207790596256,40.634948575331826,67.17278971344058,53.22518162350416,95.23569762619195
2025-03-09 20:17:47.837667,657.0,507.0,321.0,2559.0,976.0,306.0,61.363905288502984,74.13033346337218,58.68798905720579,39.576385248292205,16.597828010268998,42.601207790596256,40.634948575331826,67.17278971344058,53.22518162350416,95.23569762619195
2025-03-09 20:17:47.837667,656.0,501.0,336.0,2586.0,975.0,309.0,61.363905288502984,74.13033346337218,58.68798905720579,39.576385248292205,16.597828010268998,42.601207790596256,40.634948575331826,67.17278971344058,53.22518162350416,95.23569762619195
2025-03-09 20:17:47.837667,653.0,505.0,329.0,2559.0,976.0,310.0,61.363905288502984,74.13033346337218,58.68798905720579,39.576385248292205,16.597828010268998,42.601207790596256,40.634948575331826,67.17278971344058,53.22518162350416,95.23569762619195
2025-03-09 20:17:47.846000,656.0,502.0,325.0,2559.0,976.0,310.0,61.29701675132982,73.96162972881207,58.884036992545006,39.70182209561971,16.588257043342526,42.711489993927415,40.341316216133144,67.01449025764012,53.21033466709462,95.35476582255765
2025-03-09 20:17:47.846000,656.0,501.0,333.0,2640.0,980.0,311.0,61.29701675132982,73.96162972881207,58.884036992545006,39.70182209561971,16.588257043342526,42.711489993927415,40.341316216133144,67.01449025764012,53.21033466709462,95.35476582255765
2025-03-09 20:17:47.846000,655.0,475.0,331.0,2559.0,986.0,313.0,61.29701675132982,73.96162972881207,58.884036992545006,39.70182209561971,16.588257043342526,42.711489993927415,40.341316216133144,67.01449025764012,53.21033466709462,95.35476582255765
2025-03-09 20:17:47.846000,654.0,493.0,334.0,2559.0,982.0,312.0,61.29701675132982,73.96162972881207,58.884036992545006,39.70182209561971,16.588257043342526,42.711489993927415,40.341316216133144,67.01449025764012,53.21033466709462,95.35476582255765
2025-03-09 20:17:47.854333,651.0,495.0,336.0,2607.0,998.0,322.0,61.251862029234,73.77066336163598,59.039559314965025,39.82764373605847,16.57091857457658,42.8173527002075,40.084698498722695,66.85565011736153,53.1648018140062,95.50222709682514
2025-03-09 20:17:47.854333,643.0,497.0,332.0,2559.0,998.0,319.0,61.251862029234,73.77066336163598,59.039559314965025,39.82764373605847,16.57091857457658,42.8173527002075,40.084698498722695,66.85565011736153,53.1648018140062,95.50222709682514
2025-03-09 20:17:47.854333,650.0,497.0,329.0,2559.0,1001.0,323.0,61.251862029234,73.77066336163598,59.039559314965025,39.82764373605847,16.57091857457658,42.8173527002075,40.084698498722695,66.85565011736153,53.1648018140062,95.50222709682514
2025-03-09 20:17:47.862667,645.0,494.0,322.0,2559.0,1003.0,331.0,61.227799360565164,73.55797587677165,59.15364430602455,39.9498195096898,16.547389200672193,42.91567422577386,39.86805604753088,66.69610295878175,53.086313267680794,95.68034226592513
2025-03-09 20:17:47.862667,645.0,500.0,336.0,2589.0,1008.0,320.0,61.227799360565164,73.55797587677165,59.15364430602455,39.9498195096898,16.547389200672193,42.91567422577386,39.86805604753088,66.69610295878175,53.086313267680794,95.68034226592513
2025-03-09 20:17:47.862667,639.0,511.0,334.0,2559.0,1006.0,323.0,61.227799360565164,73.55797587677165,59.15364430602455,39.9498195096898,16.547389200672193,42.91567422577386,39.86805604753088,66.69610295878175,53.086313267680794,95.68034226592513
2025-03-09 20:17:47.862667,641.0,496.0,330.0,2559.0,1008.0,325.0,61.227799360565164,73.55797587677165,59.15364430602455,39.9498195096898,16.547389200672193,42.91567422577386,39.86805604753088,66.69610295878175,53.086313267680794,95.68034226592513
2025-03-09 20:17:47.871000,638.0,511.0,330.0,2559.0,1008.0,324.0,61.214600784417016,73.32186035664854,59.227647061384616,40.06221462323979,16.51942065068411,43.00165281709023,39.68618797966887,66.53006078258176,52.97337159910667,95.87688407134665
2025-03-09 20:17:47.871000,624.0,495.0,327.0,2559.0,1023.0,333.0,61.214600784417016,73.32186035664854,59.227647061384616,40.06221462323979,16.51942065068411,43.00165281709023,39.68618797966887,66.53006078258176,52.97337159910667,95.87688407134665
2025-03-09 20:17:47.871000,624.0,511.0,328.0,2586.0,1038.0,334.0,61.214600784417016,73.32186035664854,59.227647061384616,40.06221462323979,16.51942065068411,43.00165281709023,39.68618797966887,66.53006078258176,52.97337159910667,95.87688407134665
2025-03-09 20:17:47.871000,623.0,496.0,320.0,2583.0,1039.0,336.0,61.214600784417016,73.32186035664854,59.227647061384616,40.06221462323979,16.51942065068411,43.00165281709023,39.68618797966887,66.53006078258176,52.97337159910667,95.87688407134665
2025-03-09 20:17:47.879333,619.0,492.0,315.0,2586.0,1040.0,335.0,61.20281933939204,73.06137255595006,59.262698622334796,40.159848316340124,16.48795767491825,43.07134779687158,39.53354375843418,66.35249437631677,52.825578478606076,96.08062513168403
2025-03-09 20:17:47.879333,621.0,503.0,330.0,2589.0,1040.0,336.0,61.20281933939204,73.06137255595006,59.262698622334796,40.159848316340124,16.48795767491825,43.07134779687158,39.53354375843418,66.35249437631677,52.825578478606076,96.08062513168403
2025-03-09 20:17:47.879333,617.0,493.0,336.0,2586.0,1044.0,336.0,61.20281933939204,73.06137255595006,59.262698622334796,40.159848316340124,16.48795767491825,43.07134779687158,39.53354375843418,66.35249437631677,52.825578478606076,96.08062513168403
2025-03-09 20:17:47.887667,610.0,490.0,336.0,2591.0,1043.0,336.0,61.18721380664144,72.77639587984618,59.25934622591545,40.2453390284325,16.451656762868996,43.12694174780215,39.40444893500019,66.1612187641141,52.64680679495434,96.2866794442878
2025-03-09 20:17:47.887667,591.0,501.0,336.0,2593.0,1062.0,342.0,61.18721380664144,72.77639587984618,59.25934622591545,40.2453390284325,16.451656762868996,43.12694174780215,39.40444893500019,66.1612187641141,52.64680679495434,96.2866794442878
2025-03-09 20:17:47.887667,587.0,487.0,368.0,2591.0,1062.0,345.0,61.18721380664144,72.77639587984618,59.25934622591545,40.2453390284325,16.451656762868996,43.12694174780215,39.40444893500019,66.1612187641141,52.64680679495434,96.2866794442878
2025-03-09 20:17:47.887667,586.0,494.0,308.0,2592.0,1066.0,344.0,61.18721380664144,72.77639587984618,59.25934622591545,40.2453390284325,16.451656762868996,43.12694174780215,39.40444893500019,66.1612187641141,52.64680679495434,96.2866794442878
2025-03-09 20:17:47.896000,586.0,490.0,335.0,2592.0,1072.0,345.0,61.163751976549506,72.4684193048983,59.220492006597,40.32505180496361,16.409046944224688,43.17410581280828,39.29127524696253,65.95535789974073,52.44427347058928,96.49204162508043
2025-03-09 20:17:47.896000,583.0,495.0,336.0,2590.0,1072.0,345.0,61.163751976549506,72.4684193048983,59.220492006597,40.32505180496361,16.409046944224688,43.17410581280828,39.29127524696253,65.95535789974073,52.44427347058928,96.49204162508043
2025-03-09 20:17:47.896000,583.0,496.0,327.0,2599.0,1072.0,343.0,61.163751976549506,72.4684193048983,59.220492006597,40.32505180496361,16.409046944224688,43.17410581280828,39.29127524696253,65.95535789974073,52.44427347058928,96.49204162508043
2025-03-09 20:17:47.904333,579.0,494.0,331.0,2598.0,1073.0,341.0,61.12915972708584,72.14088775812247,59.15012873783999,40.40134511221738,16.360133017625202,43.21540228301272,39.18843722230941,65.73526792570537,52.22384549711223,96.69435089846343
2025-03-09 20:17:47.904333,576.0,486.0,327.0,2598.0,1072.0,347.0,61.12915972708584,72.14088775812247,59.15012873783999,40.40134511221738,16.360133017625202,43.21540228301272,39.18843722230941,65.73526792570537,52.22384549711223,96.69435089846343
2025-03-09 20:17:47.904333,560.0,498.0,333.0,2594.0,1087.0,355.0,61.12915972708584,72.14088775812247,59.15012873783999,40.40134511221738,16.360133017625202,43.21540228301272,39.18843722230941,65.73526792570537,52.22384549711223,96.69435089846343
2025-03-09 20:17:47.904333,562.0,496.0,327.0,2597.0,1088.0,353.0,61.12915972708584,72.14088775812247,59.15012873783999,40.40134511221738,16.360133017625202,43.21540228301272,39.18843722230941,65.73526792570537,52.22384549711223,96.69435089846343
2025-03-09 20:17:47.912667,561.0,495.0,329.0,2607.0,1094.0,353.0,61.082176392812585,71.79829890222697,59.051561572905,40.47193071105301,16.305964026560456,43.24942726604028,39.09446255734111,65.5027842507302,51.98844850019834,96.89209986951252
2025-03-09 20:17:47.912667,560.0,508.0,329.0,2597.0,1088.0,354.0,61.082176392812585,71.79829890222697,59.051561572905,40.47193071105301,16.305964026560456,43.24942726604028,39.09446255734111,65.5027842507302,51.98844850019834,96.89209986951252
2025-03-09 20:17:47.912667,560.0,493.0,326.0,2597.0,1091.0,359.0,61.082176392812585,71.79829890222697,59.051561572905,40.47193071105301,16.305964026560456,43.24942726604028,39.09446255734111,65.5027842507302,51.98844850019834,96.89209986951252
2025-03-09 20:17:47.921000,560.0,497.0,329.0,2595.0,1089.0,358.0,61.022600813071726,71.44503567441384,58.926704977046036,40.53135772103301,16.24789194803142,43.27177751777531,39.011118545170994,65.2606924353624,51.73873628141054,97.08432758659863
2025-03-09 20:17:47.921000,559.0,511.0,330.0,2598.0,1091.0,358.0,61.022600813071726,71.44503567441384,58.926704977046036,40.53135772103301,16.24789194803142,43.27177751777531,39.011118545170994,65.2606924353624,51.73873628141054,97.08432758659863
2025-03-09 20:17:47.921000,545.0,488.0,334.0,2600.0,1102.0,364.0,61.022600813071726,71.44503567441384,58.926704977046036,40.53135772103301,16.24789194803142,43.27177751777531,39.011118545170994,65.2606924353624,51.73873628141054,97.08432758659863
2025-03-09 20:17:47.921000,542.0,491.0,335.0,2592.0,1101.0,368.0,61.022600813071726,71.44503567441384,58.926704977046036,40.53135772103301,16.24789194803142,43.27177751777531,39.011118545170994,65.2606924353624,51.73873628141054,97.08432758659863
2025-03-09 20:17:47.929333,543.0,485.0,333.0,2604.0,1103.0,364.0,60.95099999320443,71.08479604786385,58.776568363726824,40.574264206530366,16.187089752881615,43.27808751753937,38.94081412643759,65.01139060453438,51.47427583910311,97.27048259214888
2025-03-09 20:17:47.929333,542.0,486.0,334.0,2597.0,1104.0,363.0,60.95099999320443,71.08479604786385,58.776568363726824,40.574264206530366,16.187089752881615,43.27808751753937,38.94081412643759,65.01139060453438,51.47427583910311,97.27048259214888
2025-03-09 20:17:47.929333,539.0,478.0,330.0,2603.0,1102.0,367.0,60.95099999320443,71.08479604786385,58.776568363726824,40.574264206530366,16.187089752881615,43.27808751753937,38.94081412643759,65.01139060453438,51.47427583910311,97.27048259214888
2025-03-09 20:17:47.937667,537.0,490.0,332.0,2597.0,1103.0,366.0,60.869218571564964,70.7219651947743,58.60448718098318,40.59696804046464,16.1250585885183,43.2657563476392,38.884507865054125,64.75750995837049,51.19575366702366,97.44944479623571
2025-03-09 20:17:47.937667,538.0,481.0,337.0,2598.0,1104.0,367.0,60.869218571564964,70.7219651947743,58.60448718098318,40.59696804046464,16.1250585885183,43.2657563476392,38.884507865054125,64.75750995837049,51.19575366702366,97.44944479623571
2025-03-09 20:17:47.937667,535.0,493.0,334.0,2601.0,1103.0,363.0,60.869218571564964,70.7219651947743,58.60448718098318,40.59696804046464,16.1250585885183,43.2657563476392,38.884507865054125,64.75750995837049,51.19575366702366,97.44944479623571
2025-03-09 20:17:47.937667,511.0,484.0,330.0,2603.0,1102.0,368.0,60.869218571564964,70.7219651947743,58.60448718098318,40.59696804046464,16.1250585885183,43.2657563476392,38.884507865054125,64.75750995837049,51.19575366702366,97.44944479623571
2025-03-09 20:17:47.946000,511.0,489.0,327.0,2602.0,1103.0,377.0,60.78046054968567,70.36101760688898,58.415119585403104,40.599069253770566,16.064208882261564,43.23549085121477,38.842649213642055,64.50170993190689,50.90477591179786,97.6211908210843
2025-03-09 20:17:47.946000,511.0,477.0,325.0,2594.0,1097.0,365.0,60.78046054968567,70.36101760688898,58.415119585403104,40.599069253770566,16.064208882261564,43.23549085121477,38.842649213642055,64.50170993190689,50.90477591179786,97.6211908210843
2025-03-09 20:17:47.946000,511.0,487.0,330.0,2602.0,1102.0,368.0,60.78046054968567,70.36101760688898,58.415119585403104,40.599069253770566,16.064208882261564,43.23549085121477,38.842649213642055,64.50170993190689,50.90477591179786,97.6211908210843
2025-03-09 20:17:47.946000,511.0,483.0,325.0,2597.0,1105.0,368.0,60.78046054968567,70.36101760688898,58.415119585403104,40.599069253770566,16.064208882261564,43.23549085121477,38.842649213642055,64.50170993190689,50.90477591179786,97.6211908210843
2025-03-09 20:17:47.954333,511.0,480.0,329.0,2608.0,1105.0,365.0,60.68809874340064,70.00586661861448,58.21238337838969,40.587007199449985,16.004534764950485,43.19325027367913,38.813738928395814,64.2478832068902,50.607757286096586,97.78591262530816
2025-03-09 20:17:47.954333,511.0,481.0,328.0,2599.0,1102.0,367.0,60.68809874340064,70.00586661861448,58.21238337838969,40.587007199449985,16.004534764950485,43.19325027367913,38.813738928395814,64.2478832068902,50.607757286096586,97.78591262530816
2025-03-09 20:17:47.954333,502.0,483.0,333.0,2597.0,1101.0,367.0,60.68809874340064,70.00586661861448,58.21238337838969,40.587007199449985,16.004534764950485,43.19325027367913,38.813738928395814,64.2478832068902,50.607757286096586,97.78591262530816
2025-03-09 20:17:47.962667,500.0,484.0,336.0,2598.0,1101.0,366.0,60.5947843293811,69.66011783614782,58.00298526458685,40.56984944010265,15.944185926549544,43.146503073609985,38.79280181219706,64.00111658001765,50.31519900718939,97.94251951387031
2025-03-09 20:17:47.962667,501.0,480.0,336.0,2598.0,1099.0,367.0,60.5947843293811,69.66011783614782,58.00298526458685,40.56984944010265,15.944185926549544,43.146503073609985,38.79280181219706,64.00111658001765,50.31519900718939,97.94251951387031
2025-03-09 20:17:47.962667,496.0,491.0,336.0,2598.0,1102.0,364.0,60.5947843293811,69.66011783614782,58.00298526458685,40.56984944010265,15.944185926549544,43.146503073609985,38.79280181219706,64.00111658001765,50.31519900718939,97.94251951387031
2025-03-09 20:17:47.962667,498.0,479.0,335.0,2598.0,1102.0,367.0,60.5947843293811,69.66011783614782,58.00298526458685,40.56984944010265,15.944185926549544,43.146503073609985,38.79280181219706,64.00111658001765,50.31519900718939,97.94251951387031
2025-03-09 20:17:47.971000,496.0,483.0,338.0,2599.0,1102.0,368.0,60.50278291144443,69.3270494420588,57.7942295571152,40.55515520187425,15.883694965271447,43.10230394733742,38.775333179704496,63.76454563963016,50.03487803561307,98.09094417259675
2025-03-09 20:17:47.971000,497.0,482.0,335.0,2600.0,1098.0,367.0,60.50278291144443,69.3270494420588,57.7942295571152,40.55515520187425,15.883694965271447,43.10230394733742,38.775333179704496,63.76454563963016,50.03487803561307,98.09094417259675
2025-03-09 20:17:47.971000,497.0,475.0,323.0,2597.0,1098.0,365.0,60.50278291144443,69.3270494420588,57.7942295571152,40.55515520187425,15.883694965271447,43.10230394733742,38.775333179704496,63.76454563963016,50.03487803561307,98.09094417259675
2025-03-09 20:17:47.979333,494.0,482.0,335.0,2593.0,1098.0,362.0,60.41374805845632,69.00961502661207,57.58980131944539,40.547666477734005,15.824053696430592,43.06555722306017,38.75935563452032,63.53978432201746,49.77118517371183,98.23221149481158
2025-03-09 20:17:47.979333,489.0,479.0,327.0,2603.0,1091.0,365.0,60.41374805845632,69.00961502661207,57.58980131944539,40.547666477734005,15.824053696430592,43.06555722306017,38.75935563452032,63.53978432201746,49.77118517371183,98.23221149481158
2025-03-09 20:17:47.979333,493.0,479.0,335.0,2599.0,1088.0,363.0,60.41374805845632,69.00961502661207,57.58980131944539,40.547666477734005,15.824053696430592,43.06555722306017,38.75935563452032,63.53978432201746,49.77118517371183,98.23221149481158
2025-03-09 20:17:47.979333,487.0,479.0,336.0,2599.0,1087.0,365.0,60.41374805845632,69.00961502661207,57.58980131944539,40.547666477734005,15.824053696430592,43.06555722306017,38.75935563452032,63.53978432201746,49.77118517371183,98.23221149481158
2025-03-09 20:17:47.987667,487.0,480.0,336.0,2599.0,1089.0,367.0,60.32861840220365,68.71034313129245,57.38948436814549,40.54745042607561,15.765539903867083,43.03656704116929,38.74634064274564,63.328621666078604,49.52562143596019,98.36710104002117
2025-03-09 20:17:47.987667,489.0,487.0,337.0,2591.0,1089.0,366.0,60.32861840220365,68.71034313129245,57.38948436814549,40.54745042607561,15.765539903867083,43.03656704116929,38.74634064274564,63.328621666078604,49.52562143596019,98.36710104002117
2025-03-09 20:17:47.987667,488.0,478.0,336.0,2595.0,1087.0,366.0,60.32861840220365,68.71034313129245,57.38948436814549,40.54745042607561,15.765539903867083,43.03656704116929,38.74634064274564,63.328621666078604,49.52562143596019,98.36710104002117
2025-03-09 20:17:47.996000,480.0,470.0,341.0,2595.0,1081.0,358.0,60.249117646992616,68.4316837771254,57.19263552779129,40.552796602798445,15.70733699909672,43.0134460255725,38.7389573887937,63.13420293313495,49.29946069656591,98.49712348830688
2025-03-09 20:17:47.996000,482.0,473.0,336.0,2595.0,1083.0,363.0,60.249117646992616,68.4316837771254,57.19263552779129,40.552796602798445,15.70733699909672,43.0134460255725,38.7389573887937,63.13420293313495,49.29946069656591,98.49712348830688
2025-03-09 20:17:47.996000,480.0,484.0,337.0,2591.0,1079.0,361.0,60.249117646992616,68.4316837771254,57.19263552779129,40.552796602798445,15.70733699909672,43.0134460255725,38.7389573887937,63.13420293313495,49.29946069656591,98.49712348830688
2025-03-09 20:17:47.996000,479.0,490.0,337.0,2599.0,1075.0,360.0,60.249117646992616,68.4316837771254,57.19263552779129,40.552796602798445,15.70733699909672,43.0134460255725,38.7389573887937,63.13420293313495,49.29946069656591,98.49712348830688
2025-03-09 20:17:48.004333,477.0,482.0,338.0,2597.0,1078.0,363.0,60.17758446126741,68.17567442099681,56.99863124402028,40.56200779098225,15.649215538808058,42.99458552645937,38.74019393260597,62.95901267185191,49.0927454144446,98.6240389057214
2025-03-09 20:17:48.004333,477.0,471.0,336.0,2595.0,1078.0,364.0,60.17758446126741,68.17567442099681,56.99863124402028,40.56200779098225,15.649215538808058,42.99458552645937,38.74019393260597,62.95901267185191,49.0927454144446,98.6240389057214
2025-03-09 20:17:48.004333,480.0,494.0,327.0,2595.0,1077.0,357.0,60.17758446126741,68.17567442099681,56.99863124402028,40.56200779098225,15.649215538808058,42.99458552645937,38.74019393260597,62.95901267185191,49.0927454144446,98.6240389057214
2025-03-09 20:17:48.012667,479.0,485.0,337.0,2599.0,1076.0,359.0,60.11561460095137,67.94342505850454,56.80841072516833,40.573999363906616,15.592240526395704,42.979388306700066,38.75148469182728,62.803853616219016,48.90472342846563,98.74800986546602
2025-03-09 20:17:48.012667,479.0,477.0,327.0,2591.0,1071.0,361.0,60.11561460095137,67.94342505850454,56.80841072516833,40.573999363906616,15.592240526395704,42.979388306700066,38.75148469182728,62.803853616219016,48.90472342846563,98.74800986546602
2025-03-09 20:17:48.012667,471.0,486.0,336.0,2593.0,1072.0,358.0,60.11561460095137,67.94342505850454,56.80841072516833,40.573999363906616,15.592240526395704,42.979388306700066,38.75148469182728,62.803853616219016,48.90472342846563,98.74800986546602
2025-03-09 20:17:48.012667,470.0,488.0,330.0,2593.0,1067.0,357.0,60.11561460095137,67.94342505850454,56.80841072516833,40.573999363906616,15.592240526395704,42.979388306700066,38.75148469182728,62.803853616219016,48.90472342846563,98.74800986546602
2025-03-09 20:17:48.021000,478.0,483.0,336.0,2593.0,1070.0,343.0,60.064523363324724,67.73641688092985,56.62568144763338,40.587732486813046,15.538821842519626,42.967953901838726,38.772124066516824,62.66825736650178,48.7344937589852,98.8672552488724
2025-03-09 20:17:48.021000,469.0,476.0,336.0,2596.0,1072.0,358.0,60.064523363324724,67.73641688092985,56.62568144763338,40.587732486813046,15.538821842519626,42.967953901838726,38.772124066516824,62.66825736650178,48.7344937589852,98.8672552488724
2025-03-09 20:17:48.021000,474.0,475.0,334.0,2594.0,1067.0,358.0,60.064523363324724,67.73641688092985,56.62568144763338,40.587732486813046,15.538821842519626,42.967953901838726,38.772124066516824,62.66825736650178,48.7344937589852,98.8672552488724
2025-03-09 20:17:48.021000,473.0,478.0,334.0,2595.0,1070.0,358.0,60.064523363324724,67.73641688092985,56.62568144763338,40.587732486813046,15.538821842519626,42.967953901838726,38.772124066516824,62.66825736650178,48.7344937589852,98.8672552488724
2025-03-09 20:17:48.029333,466.0,473.0,326.0,2595.0,1052.0,355.0,60.02450059520551,67.55585711293861,56.45387829476503,40.601911334603884,15.491478614931388,42.96029667039898,38.80054364046577,62.55066013597981,48.580825529671614,98.97887870445443
2025-03-09 20:17:48.029333,466.0,481.0,340.0,2594.0,1056.0,359.0,60.02450059520551,67.55585711293861,56.45387829476503,40.601911334603884,15.491478614931388,42.96029667039898,38.80054364046577,62.55066013597981,48.580825529671614,98.97887870445443
2025-03-09 20:17:48.029333,464.0,481.0,331.0,2596.0,1055.0,357.0,60.02450059520551,67.55585711293861,56.45387829476503,40.601911334603884,15.491478614931388,42.96029667039898,38.80054364046577,62.55066013597981,48.580825529671614,98.97887870445443
2025-03-09 20:17:48.037667,466.0,484.0,320.0,2598.0,1051.0,354.0,59.99486410260337,67.40184376155,56.2960759156464,40.61750139538251,15.451117247512112,42.957672722458234,38.83395237800832,62.45005578515824,48.44468778748819,99.0801669918765
2025-03-09 20:17:48.037667,464.0,482.0,330.0,2585.0,1055.0,355.0,59.99486410260337,67.40184376155,56.2960759156464,40.61750139538251,15.451117247512112,42.957672722458234,38.83395237800832,62.45005578515824,48.44468778748819,99.0801669918765
2025-03-09 20:17:48.037667,465.0,481.0,336.0,2588.0,1059.0,354.0,59.99486410260337,67.40184376155,56.2960759156464,40.61750139538251,15.451117247512112,42.957672722458234,38.83395237800832,62.45005578515824,48.44468778748819,99.0801669918765
2025-03-09 20:17:48.037667,465.0,487.0,331.0,2594.0,1058.0,354.0,59.99486410260337,67.40184376155,56.2960759156464,40.61750139538251,15.451117247512112,42.957672722458234,38.83395237800832,62.45005578515824,48.44468778748819,99.0801669918765
2025-03-09 20:17:48.046000,464.0,481.0,336.0,2591.0,1056.0,354.0,59.975368985153395,67.27336357465464,56.154201867165185,40.63704104438477,15.416522953873187,42.96187305749364,38.86944471203391,62.36633567819423,48.32827891922202,99.16986246416536
2025-03-09 20:17:48.046000,462.0,470.0,337.0,2591.0,1045.0,357.0,59.975368985153395,67.27336357465464,56.154201867165185,40.63704104438477,15.416522953873187,42.96187305749364,38.86944471203391,62.36633567819423,48.32827891922202,99.16986246416536
2025-03-09 20:17:48.046000,462.0,488.0,342.0,2592.0,1050.0,353.0,59.975368985153395,67.27336357465464,56.154201867165185,40.63704104438477,15.416522953873187,42.96187305749364,38.86944471203391,62.36633567819423,48.32827891922202,99.16986246416536
2025-03-09 20:17:48.054333,462.0,482.0,339.0,2595.0,1042.0,352.0,59.96641507344829,67.1694441214383,56.02886064792857,40.661936310779225,15.386173675010692,42.97346221305746,38.90593045612948,62.30015542088997,48.23300791177912,99.24764542452326
2025-03-09 20:17:48.054333,464.0,467.0,339.0,2591.0,1045.0,350.0,59.96641507344829,67.1694441214383,56.02886064792857,40.661936310779225,15.386173675010692,42.97346221305746,38.90593045612948,62.30015542088997,48.23300791177912,99.24764542452326
2025-03-09 20:17:48.054333,463.0,480.0,336.0,2589.0,1040.0,351.0,59.96641507344829,67.1694441214383,56.02886064792857,40.661936310779225,15.386173675010692,42.97346221305746,38.90593045612948,62.30015542088997,48.23300791177912,99.24764542452326
2025-03-09 20:17:48.054333,462.0,478.0,342.0,2559.0,1040.0,352.0,59.96641507344829,67.1694441214383,56.02886064792857,40.661936310779225,15.386173675010692,42.97346221305746,38.90593045612948,62.30015542088997,48.23300791177912,99.24764542452326
2025-03-09 20:17:48.062667,463.0,471.0,336.0,2593.0,1040.0,349.0,59.96826148238622,67.08961190460747,55.91927679493002,40.69175782495717,15.359915290956739,42.991931169979566,38.944175083261776,62.25147724838988,48.158133218099366,99.31336814429226
2025-03-09 20:17:48.062667,462.0,473.0,334.0,2590.0,1040.0,348.0,59.96826148238622,67.08961190460747,55.91927679493002,40.69175782495717,15.359915290956739,42.991931169979566,38.944175083261776,62.25147724838988,48.158133218099366,99.31336814429226
2025-03-09 20:17:48.062667,458.0,474.0,336.0,2591.0,1040.0,347.0,59.96826148238622,67.08961190460747,55.91927679493002,40.69175782495717,15.359915290956739,42.991931169979566,38.944175083261776,62.25147724838988,48.158133218099366,99.31336814429226
2025-03-09 20:17:48.062667,458.0,481.0,341.0,2585.0,1019.0,346.0,59.96826148238622,67.08961190460747,55.91927679493002,40.69175782495717,15.359915290956739,42.991931169979566,38.944175083261776,62.25147724838988,48.158133218099366,99.31336814429226
2025-03-09 20:17:48.071000,453.0,480.0,337.0,2592.0,1034.0,347.0,59.98105471890789,67.03373199203153,55.8235421855739,40.724570250682135,15.337976408540575,43.015705868848414,38.985849286564815,62.219685746368505,48.101471267783666,99.36760362716048
2025-03-09 20:17:48.071000,458.0,480.0,334.0,2590.0,1035.0,347.0,59.98105471890789,67.03373199203153,55.8235421855739,40.724570250682135,15.337976408540575,43.015705868848414,38.985849286564815,62.219685746368505,48.101471267783666,99.36760362716048
2025-03-09 20:17:48.071000,455.0,478.0,336.0,2585.0,1046.0,341.0,59.98105471890789,67.03373199203153,55.8235421855739,40.724570250682135,15.337976408540575,43.015705868848414,38.985849286564815,62.219685746368505,48.101471267783666,99.36760362716048
2025-03-09 20:17:48.079333,455.0,483.0,338.0,2586.0,1036.0,343.0,60.004516575159464,67.00096492854092,55.73863446800439,40.75804170664497,15.320138499281025,43.04270212215161,39.03278942079637,62.20366496478997,48.06012679947742,99.41138861667999
2025-03-09 20:17:48.079333,455.0,479.0,336.0,2588.0,1035.0,345.0,60.004516575159464,67.00096492854092,55.73863446800439,40.75804170664497,15.320138499281025,43.04270212215161,39.03278942079637,62.20366496478997,48.06012679947742,99.41138861667999
2025-03-09 20:17:48.079333,458.0,470.0,336.0,2593.0,1035.0,346.0,60.004516575159464,67.00096492854092,55.73863446800439,40.75804170664497,15.320138499281025,43.04270212215161,39.03278942079637,62.20366496478997,48.06012679947742,99.41138861667999
2025-03-09 20:17:48.087667,455.0,474.0,333.0,2596.0,1023.0,349.0,60.03769906802338,66.98942642115684,55.66104252681725,40.791210402231286,15.305279293347226,43.071576026095364,39.086260579724765,62.202450658816026,48.032208457064534,99.44545856559742
2025-03-09 20:17:48.087667,458.0,475.0,335.0,2559.0,1023.0,342.0,60.03769906802338,66.98942642115684,55.66104252681725,40.791210402231286,15.305279293347226,43.071576026095364,39.086260579724765,62.202450658816026,48.032208457064534,99.44545856559742
2025-03-09 20:17:48.087667,454.0,469.0,382.0,2590.0,1035.0,338.0,60.03769906802338,66.98942642115684,55.66104252681725,40.791210402231286,15.305279293347226,43.071576026095364,39.086260579724765,62.202450658816026,48.032208457064534,99.44545856559742
2025-03-09 20:17:48.087667,455.0,480.0,336.0,2613.0,1023.0,342.0,60.03769906802338,66.98942642115684,55.66104252681725,40.791210402231286,15.305279293347226,43.071576026095364,39.086260579724765,62.202450658816026,48.032208457064534,99.44545856559742
2025-03-09 20:17:48.096000,453.0,474.0,336.0,2586.0,1023.0,352.0,60.07952487053642,66.99686827906213,55.58860126657737,40.82456538133183,15.293165991038434,43.10230561151067,39.14729811132051,62.21547775183697,48.016701357805886,99.46992939223509
2025-03-09 20:17:48.096000,458.0,448.0,336.0,2586.0,1023.0,329.0,60.07952487053642,66.99686827906213,55.58860126657737,40.82456538133183,15.293165991038434,43.10230561151067,39.14729811132051,62.21547775183697,48.016701357805886,99.46992939223509
2025-03-09 20:17:48.096000,457.0,475.0,334.0,2584.0,1022.0,337.0,60.07952487053642,66.99686827906213,55.58860126657737,40.82456538133183,15.293165991038434,43.10230561151067,39.14729811132051,62.21547775183697,48.016701357805886,99.46992939223509
2025-03-09 20:17:48.096000,449.0,471.0,338.0,2582.0,1032.0,338.0,60.07952487053642,66.99686827906213,55.58860126657737,40.82456538133183,15.293165991038434,43.10230561151067,39.14729811132051,62.21547775183697,48.016701357805886,99.46992939223509
2025-03-09 20:17:48.096000,447.0,479.0,336.0,2583.0,1059.0,341.0,60.07952487053642,66.99686827906213,55.58860126657737,40.82456538133183,15.293165991038434,43.10230561151067,39.14729811132051,62.21547775183697,48.016701357805886,99.46992939223509
2025-03-09 20:17:48.104333,450.0,450.0,333.0,2586.0,1023.0,341.0,60.128473468046906,67.02146391137802,55.52087203934351,40.85942528623232,15.284620901963981,43.1360474308655,39.21566358225945,62.241646518501824,48.013237387567266,99.48364497408983
2025-03-09 20:17:48.104333,448.0,465.0,336.0,2585.0,1023.0,337.0,60.128473468046906,67.02146391137802,55.52087203934351,40.85942528623232,15.284620901963981,43.1360474308655,39.21566358225945,62.241646518501824,48.013237387567266,99.48364497408983
2025-03-09 20:17:48.112667,451.0,470.0,331.0,2559.0,1039.0,337.0,60.18228699296293,67.06157292867394,55.45868185483004,40.89677699387442,15.281038958483107,43.17394370180849,39.28983031455125,62.27911100986234,48.02154456530099,99.48396047494498
2025-03-09 20:17:48.112667,453.0,468.0,334.0,2559.0,1038.0,341.0,60.18228699296293,67.06157292867394,55.45868185483004,40.89677699387442,15.281038958483107,43.17394370180849,39.28983031455125,62.27911100986234,48.02154456530099,99.48396047494498
2025-03-09 20:17:48.112667,452.0,475.0,338.0,2559.0,1035.0,338.0,60.18228699296293,67.06157292867394,55.45868185483004,40.89677699387442,15.281038958483107,43.17394370180849,39.28983031455125,62.27911100986234,48.02154456530099,99.48396047494498
2025-03-09 20:17:48.112667,446.0,466.0,338.0,2586.0,1022.0,339.0,60.18228699296293,67.06157292867394,55.45868185483004,40.89677699387442,15.281038958483107,43.17394370180849,39.28983031455125,62.27911100986234,48.02154456530099,99.48396047494498
2025-03-09 20:17:48.121000,451.0,465.0,337.0,2587.0,1023.0,336.0,60.23873250962775,67.11551285432655,55.40379439266008,40.936905202237476,15.283858066549206,43.2163830424116,39.36808298668868,62.326402004423706,48.04145263418565,99.46805843939563
2025-03-09 20:17:48.121000,449.0,465.0,338.0,2585.0,1023.0,336.0,60.23873250962775,67.11551285432655,55.40379439266008,40.936905202237476,15.283858066549206,43.2163830424116,39.36808298668868,62.326402004423706,48.04145263418565,99.46805843939563
2025-03-09 20:17:48.121000,453.0,470.0,336.0,2583.0,1023.0,338.0,60.23873250962775,67.11551285432655,55.40379439266008,40.936905202237476,15.283858066549206,43.2163830424116,39.36808298668868,62.326402004423706,48.04145263418565,99.46805843939563
2025-03-09 20:17:48.121000,455.0,470.0,308.0,2594.0,1023.0,332.0,60.23873250962775,67.11551285432655,55.40379439266008,40.936905202237476,15.283858066549206,43.2163830424116,39.36808298668868,62.326402004423706,48.04145263418565,99.46805843939563
2025-03-09 20:17:48.129333,451.0,475.0,330.0,2582.0,1023.0,338.0,60.29563754737281,67.18108080129736,55.35780974263779,40.978439122028654,15.294761952034143,43.26231556387185,39.4491678049224,62.38153222431638,48.07114641291701,99.43315823631528
2025-03-09 20:17:48.129333,450.0,463.0,330.0,2559.0,1023.0,337.0,60.29563754737281,67.18108080129736,55.35780974263779,40.978439122028654,15.294761952034143,43.26231556387185,39.4491678049224,62.38153222431638,48.07114641291701,99.43315823631528
2025-03-09 20:17:48.129333,449.0,475.0,317.0,2559.0,1023.0,336.0,60.29563754737281,67.18108080129736,55.35780974263779,40.978439122028654,15.294761952034143,43.26231556387185,39.4491678049224,62.38153222431638,48.07114641291701,99.43315823631528
2025-03-09 20:17:48.129333,449.0,475.0,336.0,2584.0,1023.0,347.0,60.29563754737281,67.18108080129736,55.35780974263779,40.978439122028654,15.294761952034143,43.26231556387185,39.4491678049224,62.38153222431638,48.07114641291701,99.43315823631528
2025-03-09 20:17:48.137667,448.0,470.0,330.0,2591.0,1023.0,338.0,60.35133823058941,67.2565514585539,55.320973460455576,41.01834114729856,15.313264774175705,43.309174871799925,39.53046268107597,62.441213653255,48.1077203566977,99.37688752440732
2025-03-09 20:17:48.137667,448.0,473.0,335.0,2559.0,1035.0,339.0,60.35133823058941,67.2565514585539,55.320973460455576,41.01834114729856,15.313264774175705,43.309174871799925,39.53046268107597,62.441213653255,48.1077203566977,99.37688752440732
2025-03-09 20:17:48.137667,446.0,477.0,338.0,2588.0,1023.0,336.0,60.35133823058941,67.2565514585539,55.320973460455576,41.01834114729856,15.313264774175705,43.309174871799925,39.53046268107597,62.441213653255,48.1077203566977,99.37688752440732
2025-03-09 20:17:48.146000,439.0,465.0,336.0,2586.0,1008.0,337.0,60.40493327779959,67.34071356747853,55.29146886076512,41.053326471610106,15.335719472848563,43.35363867502507,39.60849650334643,62.502231481363715,48.14883255064627,99.29764926171768
2025-03-09 20:17:48.146000,449.0,468.0,336.0,2608.0,1023.0,337.0,60.40493327779959,67.34071356747853,55.29146886076512,41.053326471610106,15.335719472848563,43.35363867502507,39.60849650334643,62.502231481363715,48.14883255064627,99.29764926171768
2025-03-09 20:17:48.146000,449.0,477.0,334.0,2559.0,1015.0,338.0,60.40493327779959,67.34071356747853,55.29146886076512,41.053326471610106,15.335719472848563,43.35363867502507,39.60849650334643,62.502231481363715,48.14883255064627,99.29764926171768
2025-03-09 20:17:48.146000,444.0,477.0,336.0,2585.0,1033.0,337.0,60.40493327779959,67.34071356747853,55.29146886076512,41.053326471610106,15.335719472848563,43.35363867502507,39.60849650334643,62.502231481363715,48.14883255064627,99.29764926171768
2025-03-09 20:17:48.154333,440.0,474.0,336.0,2589.0,1039.0,336.0,60.45520321072314,67.43231945592133,55.26541235080989,41.08043955531708,15.3595515029328,43.39227913497807,39.68392583036009,62.563830542113514,48.19272842567745,99.19441200130976
2025-03-09 20:17:48.154333,450.0,469.0,336.0,2559.0,1031.0,337.0,60.45520321072314,67.43231945592133,55.26541235080989,41.08043955531708,15.3595515029328,43.39227913497807,39.68392583036009,62.563830542113514,48.19272842567745,99.19441200130976
2025-03-09 20:17:48.154333,444.0,475.0,329.0,2559.0,1038.0,337.0,60.45520321072314,67.43231945592133,55.26541235080989,41.08043955531708,15.3595515029328,43.39227913497807,39.68392583036009,62.563830542113514,48.19272842567745,99.19441200130976
2025-03-09 20:17:48.154333,448.0,478.0,334.0,2559.0,1034.0,337.0,60.45520321072314,67.43231945592133,55.26541235080989,41.08043955531708,15.3595515029328,43.39227913497807,39.68392583036009,62.563830542113514,48.19272842567745,99.19441200130976
2025-03-09 20:17:48.162667,449.0,475.0,343.0,2559.0,1023.0,339.0,60.49948497617681,67.52967414937498,55.23621187288646,41.096481248759346,15.38212254605124,43.42083475836023,39.76023735431762,62.62685378290666,48.23835780036082,99.06649498330978
2025-03-09 20:17:48.162667,443.0,467.0,302.0,2585.0,1023.0,337.0,60.49948497617681,67.52967414937498,55.23621187288646,41.096481248759346,15.38212254605124,43.42083475836023,39.76023735431762,62.62685378290666,48.23835780036082,99.06649498330978
2025-03-09 20:17:48.171000,448.0,474.0,335.0,2559.0,1023.0,345.0,60.53604094507522,67.63241026327215,55.20050105126751,41.09973556792732,15.402366874304496,43.4369990723655,39.83977871278746,62.692467255348646,48.285956248785034,98.91362676856993
2025-03-09 20:17:48.171000,443.0,475.0,349.0,2589.0,1023.0,338.0,60.53604094507522,67.63241026327215,55.20050105126751,41.09973556792732,15.402366874304496,43.4369990723655,39.83977871278746,62.692467255348646,48.285956248785034,98.91362676856993
2025-03-09 20:17:48.171000,448.0,474.0,320.0,2586.0,1034.0,337.0,60.53604094507522,67.63241026327215,55.20050105126751,41.09973556792732,15.402366874304496,43.4369990723655,39.83977871278746,62.692467255348646,48.285956248785034,98.91362676856993
2025-03-09 20:17:48.171000,442.0,464.0,359.0,2559.0,1042.0,337.0,60.53604094507522,67.63241026327215,55.20050105126751,41.09973556792732,15.402366874304496,43.4369990723655,39.83977871278746,62.692467255348646,48.285956248785034,98.91362676856993
2025-03-09 20:17:48.171000,446.0,474.0,321.0,2583.0,1031.0,336.0,60.53604094507522,67.63241026327215,55.20050105126751,41.09973556792732,15.402366874304496,43.4369990723655,39.83977871278746,62.692467255348646,48.285956248785034,98.91362676856993
2025-03-09 20:17:48.179333,447.0,465.0,335.0,2559.0,1035.0,336.0,60.56537994845781,67.74185079780025,55.16056324131208,41.092437448592904,15.423277093491874,43.44344929885659,39.923825606536205,62.762041557112795,48.3371378359119,98.7357184873905
2025-03-09 20:17:48.179333,454.0,471.0,336.0,2559.0,1034.0,336.0,60.56537994845781,67.74185079780025,55.16056324131208,41.092437448592904,15.423277093491874,43.44344929885659,39.923825606536205,62.762041557112795,48.3371378359119,98.7357184873905
2025-03-09 20:17:48.179333,447.0,478.0,336.0,2582.0,994.0,336.0,60.56537994845781,67.74185079780025,55.16056324131208,41.092437448592904,15.423277093491874,43.44344929885659,39.923825606536205,62.762041557112795,48.3371378359119,98.7357184873905
2025-03-09 20:17:48.187667,446.0,426.0,331.0,2559.0,1038.0,320.0,60.58799207444422,67.85895605216221,55.11829143206499,41.07795799322079,15.447524074464347,43.44386979395621,40.01328222579974,62.83656980694137,48.39380053929038,98.53266706941817
2025-03-09 20:17:48.187667,448.0,503.0,336.0,2559.0,1039.0,339.0,60.58799207444422,67.85895605216221,55.11829143206499,41.07795799322079,15.447524074464347,43.44386979395621,40.01328222579974,62.83656980694137,48.39380053929038,98.53266706941817
2025-03-09 20:17:48.187667,446.0,474.0,336.0,2559.0,1040.0,336.0,60.58799207444422,67.85895605216221,55.11829143206499,41.07795799322079,15.447524074464347,43.44386979395621,40.01328222579974,62.83656980694137,48.39380053929038,98.53266706941817
2025-03-09 20:17:48.187667,445.0,469.0,333.0,2587.0,1040.0,353.0,60.58799207444422,67.85895605216221,55.11829143206499,41.07795799322079,15.447524074464347,43.44386979395621,40.01328222579974,62.83656980694137,48.39380053929038,98.53266706941817
2025-03-09 20:17:48.196000,445.0,470.0,333.0,2559.0,1039.0,336.0,60.6036531530939,67.98322286269352,55.073403961268866,41.05775572818354,15.475517250604131,43.43961982739343,40.108464048974504,62.915910470080206,48.45634864180275,98.3042435356588
2025-03-09 20:17:48.196000,435.0,470.0,336.0,2559.0,1040.0,336.0,60.6036531530939,67.98322286269352,55.073403961268866,41.05775572818354,15.475517250604131,43.43961982739343,40.108464048974504,62.915910470080206,48.45634864180275,98.3042435356588
2025-03-09 20:17:48.196000,445.0,479.0,352.0,2559.0,1045.0,330.0,60.6036531530939,67.98322286269352,55.073403961268866,41.05775572818354,15.475517250604131,43.43961982739343,40.108464048974504,62.915910470080206,48.45634864180275,98.3042435356588
2025-03-09 20:17:48.204333,448.0,479.0,321.0,2583.0,1037.0,336.0,60.6121317772174,68.11325998275116,55.025103442374416,41.03107227462913,15.507541704471576,43.430041874625694,40.20995168373032,62.99899659531593,48.52291390251421,98.05054377496973
2025-03-09 20:17:48.204333,448.0,466.0,304.0,2559.0,1046.0,338.0,60.6121317772174,68.11325998275116,55.025103442374416,41.03107227462913,15.507541704471576,43.430041874625694,40.20995168373032,62.99899659531593,48.52291390251421,98.05054377496973
2025-03-09 20:17:48.204333,452.0,501.0,326.0,2559.0,1038.0,336.0,60.6121317772174,68.11325998275116,55.025103442374416,41.03107227462913,15.507541704471576,43.430041874625694,40.20995168373032,62.99899659531593,48.52291390251421,98.05054377496973
2025-03-09 20:17:48.204333,449.0,475.0,331.0,2559.0,1040.0,348.0,60.6121317772174,68.11325998275116,55.025103442374416,41.03107227462913,15.507541704471576,43.430041874625694,40.20995168373032,62.99899659531593,48.52291390251421,98.05054377496973
2025-03-09 20:17:48.212667,455.0,479.0,336.0,2585.0,1051.0,336.0,60.6134786371303,68.24741949114376,54.97320808028544,40.99586581465673,15.544109735234896,43.41345710948677,40.31803203478837,63.084195210207746,48.5903414749138,97.7721906037115
2025-03-09 20:17:48.212667,451.0,474.0,330.0,2559.0,1036.0,338.0,60.6134786371303,68.24741949114376,54.97320808028544,40.99586581465673,15.544109735234896,43.41345710948677,40.31803203478837,63.084195210207746,48.5903414749138,97.7721906037115
2025-03-09 20:17:48.212667,448.0,469.0,326.0,2587.0,1042.0,339.0,60.6134786371303,68.24741949114376,54.97320808028544,40.99586581465673,15.544109735234896,43.41345710948677,40.31803203478837,63.084195210207746,48.5903414749138,97.7721906037115
2025-03-09 20:17:48.212667,450.0,466.0,342.0,2559.0,1021.0,336.0,60.6134786371303,68.24741949114376,54.97320808028544,40.99586581465673,15.544109735234896,43.41345710948677,40.31803203478837,63.084195210207746,48.5903414749138,97.7721906037115
2025-03-09 20:17:48.221000,449.0,466.0,332.0,2559.0,1043.0,336.0,60.6084603985914,68.38408193588288,54.917947775051736,40.9512836015762,15.585223151094379,43.38934866646576,40.43186701981052,63.16940288647943,48.65573692060381,97.46978645719705
2025-03-09 20:17:48.221000,458.0,477.0,333.0,2559.0,1037.0,336.0,60.6084603985914,68.38408193588288,54.917947775051736,40.9512836015762,15.585223151094379,43.38934866646576,40.43186701981052,63.16940288647943,48.65573692060381,97.46978645719705
2025-03-09 20:17:48.221000,459.0,475.0,320.0,2559.0,1037.0,336.0,60.6084603985914,68.38408193588288,54.917947775051736,40.9512836015762,15.585223151094379,43.38934866646576,40.43186701981052,63.16940288647943,48.65573692060381,97.46978645719705
2025-03-09 20:17:48.229333,459.0,452.0,339.0,2559.0,1043.0,336.0,60.59848369398851,68.52167820466798,54.85958572164005,40.90063817167484,15.62833274689245,43.36037233865724,40.548199138068874,63.25302392466351,48.71960190289206,97.14338558286761
2025-03-09 20:17:48.229333,457.0,461.0,347.0,2559.0,1039.0,335.0,60.59848369398851,68.52167820466798,54.85958572164005,40.90063817167484,15.62833274689245,43.36037233865724,40.548199138068874,63.25302392466351,48.71960190289206,97.14338558286761
2025-03-09 20:17:48.229333,455.0,471.0,334.0,2559.0,1007.0,336.0,60.59848369398851,68.52167820466798,54.85958572164005,40.90063817167484,15.62833274689245,43.36037233865724,40.548199138068874,63.25302392466351,48.71960190289206,97.14338558286761
2025-03-09 20:17:48.229333,451.0,493.0,334.0,2559.0,1022.0,336.0,60.59848369398851,68.52167820466798,54.85958572164005,40.90063817167484,15.62833274689245,43.36037233865724,40.548199138068874,63.25302392466351,48.71960190289206,97.14338558286761
2025-03-09 20:17:48.237667,455.0,479.0,336.0,2559.0,1035.0,336.0,60.58413074551361,68.65878167912828,54.79682111328865,40.84734230144528,15.671563628308252,43.329357110991786,40.665306920018146,63.333641471181494,48.78247618868174,96.79273289751352
2025-03-09 20:17:48.237667,462.0,477.0,368.0,2559.0,1037.0,336.0,60.58413074551361,68.65878167912828,54.79682111328865,40.84734230144528,15.671563628308252,43.329357110991786,40.665306920018146,63.333641471181494,48.78247618868174,96.79273289751352
2025-03-09 20:17:48.237667,464.0,471.0,346.0,2558.0,1023.0,336.0,60.58413074551361,68.65878167912828,54.79682111328865,40.84734230144528,15.671563628308252,43.329357110991786,40.665306920018146,63.333641471181494,48.78247618868174,96.79273289751352
2025-03-09 20:17:48.246000,464.0,467.0,335.0,2559.0,1035.0,334.0,60.566692615466664,68.79491309773621,54.73058583534833,40.792774236758554,15.715368968547617,43.29765980214943,40.78324551210818,63.4112815403981,48.84412809191043,96.41867107564346
2025-03-09 20:17:48.246000,467.0,479.0,310.0,2559.0,1037.0,336.0,60.566692615466664,68.79491309773621,54.73058583534833,40.792774236758554,15.715368968547617,43.29765980214943,40.78324551210818,63.4112815403981,48.84412809191043,96.41867107564346
2025-03-09 20:17:48.246000,464.0,464.0,337.0,2559.0,1023.0,335.0,60.566692615466664,68.79491309773621,54.73058583534833,40.792774236758554,15.715368968547617,43.29765980214943,40.78324551210818,63.4112815403981,48.84412809191043,96.41867107564346
2025-03-09 20:17:48.246000,465.0,474.0,322.0,2559.0,1035.0,333.0,60.566692615466664,68.79491309773621,54.73058583534833,40.792774236758554,15.715368968547617,43.29765980214943,40.78324551210818,63.4112815403981,48.84412809191043,96.41867107564346
2025-03-09 20:17:48.254333,465.0,481.0,336.0,2559.0,1033.0,334.0,60.549849555077515,68.93165820013046,54.66684880340636,40.737473801300666,15.76025148013058,43.265718516411624,40.90090694529579,63.48884155824718,48.90625399357253,96.02398341498669
2025-03-09 20:17:48.254333,477.0,461.0,330.0,2556.0,1035.0,335.0,60.549849555077515,68.93165820013046,54.66684880340636,40.737473801300666,15.76025148013058,43.265718516411624,40.90090694529579,63.48884155824718,48.90625399357253,96.02398341498669
2025-03-09 20:17:48.254333,479.0,482.0,334.0,2559.0,1034.0,332.0,60.549849555077515,68.93165820013046,54.66684880340636,40.737473801300666,15.76025148013058,43.265718516411624,40.90090694529579,63.48884155824718,48.90625399357253,96.02398341498669
2025-03-09 20:17:48.262667,485.0,475.0,336.0,2559.0,1023.0,333.0,60.53520103827195,69.0691849452159,54.60717296010236,40.681097820295385,15.804464049401894,43.23265535437944,41.01704977244416,63.56749619986324,48.96951128579783,95.61121342670708
2025-03-09 20:17:48.262667,492.0,471.0,336.0,2559.0,1023.0,330.0,60.53520103827195,69.0691849452159,54.60717296010236,40.681097820295385,15.804464049401894,43.23265535437944,41.01704977244416,63.56749619986324,48.96951128579783,95.61121342670708
2025-03-09 20:17:48.262667,479.0,486.0,336.0,2559.0,1037.0,331.0,60.53520103827195,69.0691849452159,54.60717296010236,40.681097820295385,15.804464049401894,43.23265535437944,41.01704977244416,63.56749619986324,48.96951128579783,95.61121342670708
2025-03-09 20:17:48.262667,478.0,475.0,336.0,2559.0,1034.0,327.0,60.53520103827195,69.0691849452159,54.60717296010236,40.681097820295385,15.804464049401894,43.23265535437944,41.01704977244416,63.56749619986324,48.96951128579783,95.61121342670708
2025-03-09 20:17:48.271000,477.0,477.0,333.0,2559.0,1033.0,327.0,60.522247237521235,69.20649588541971,54.549447791449445,40.62424892191238,15.846141106146597,43.19834107325443,41.131672589390824,63.647282938953275,49.03430695024475,95.18250742842594
2025-03-09 20:17:48.271000,470.0,476.0,337.0,2547.0,1037.0,329.0,60.522247237521235,69.20649588541971,54.549447791449445,40.62424892191238,15.846141106146597,43.19834107325443,41.131672589390824,63.647282938953275,49.03430695024475,95.18250742842594
2025-03-09 20:17:48.271000,507.0,485.0,343.0,2559.0,1023.0,326.0,60.522247237521235,69.20649588541971,54.549447791449445,40.62424892191238,15.846141106146597,43.19834107325443,41.131672589390824,63.647282938953275,49.03430695024475,95.18250742842594
2025-03-09 20:17:48.279333,510.0,480.0,333.0,2559.0,1022.0,326.0,60.51112142032235,69.3429296537834,54.49214610668531,40.5654765890276,15.885750598379923,43.16150541264197,41.246569803973706,63.72794750527418,49.098536483684995,94.74078972354283
2025-03-09 20:17:48.279333,482.0,494.0,339.0,2559.0,1022.0,331.0,60.51112142032235,69.3429296537834,54.49214610668531,40.5654765890276,15.885750598379923,43.16150541264197,41.246569803973706,63.72794750527418,49.098536483684995,94.74078972354283
2025-03-09 20:17:48.279333,485.0,494.0,325.0,2559.0,1023.0,329.0,60.51112142032235,69.3429296537834,54.49214610668531,40.5654765890276,15.885750598379923,43.16150541264197,41.246569803973706,63.72794750527418,49.098536483684995,94.74078972354283
2025-03-09 20:17:48.279333,493.0,473.0,336.0,2559.0,1023.0,325.0,60.51112142032235,69.3429296537834,54.49214610668531,40.5654765890276,15.885750598379923,43.16150541264197,41.246569803973706,63.72794750527418,49.098536483684995,94.74078972354283
2025-03-09 20:17:48.287667,503.0,477.0,336.0,2559.0,1022.0,326.0,60.50307337871797,69.47863781818545,54.433653583959476,40.50138918302994,15.923080869245629,43.11871477426257,41.36498951524911,63.81113386194534,49.160006084151846,94.2899100789606
2025-03-09 20:17:48.287667,499.0,475.0,331.0,2559.0,1023.0,323.0,60.50307337871797,69.47863781818545,54.433653583959476,40.50138918302994,15.923080869245629,43.11871477426257,41.36498951524911,63.81113386194534,49.160006084151846,94.2899100789606
2025-03-09 20:17:48.287667,510.0,480.0,333.0,2553.0,1023.0,321.0,60.50307337871797,69.47863781818545,54.433653583959476,40.50138918302994,15.923080869245629,43.11871477426257,41.36498951524911,63.81113386194534,49.160006084151846,94.2899100789606
2025-03-09 20:17:48.287667,511.0,498.0,336.0,2555.0,1017.0,321.0,60.50307337871797,69.47863781818545,54.433653583959476,40.50138918302994,15.923080869245629,43.11871477426257,41.36498951524911,63.81113386194534,49.160006084151846,94.2899100789606
2025-03-09 20:17:48.296000,510.0,485.0,329.0,2559.0,1021.0,319.0,60.500813861532166,69.61456878835658,54.3730798635691,40.43318831781089,15.956657779495067,43.07006454634316,41.490004461846425,63.901035080841,49.22075152927144,93.83516796670878
2025-03-09 20:17:48.296000,511.0,482.0,336.0,2555.0,1021.0,304.0,60.500813861532166,69.61456878835658,54.3730798635691,40.43318831781089,15.956657779495067,43.07006454634316,41.490004461846425,63.901035080841,49.22075152927144,93.83516796670878
2025-03-09 20:17:48.296000,511.0,467.0,349.0,2559.0,1021.0,320.0,60.500813861532166,69.61456878835658,54.3730798635691,40.43318831781089,15.956657779495067,43.07006454634316,41.490004461846425,63.901035080841,49.22075152927144,93.83516796670878
2025-03-09 20:17:48.304333,511.0,479.0,337.0,2554.0,1019.0,320.0,60.50762613097029,69.75205448293737,54.31012532617983,40.3652132395781,15.985153791595852,43.01887160445099,41.62325992781703,64.00105233456486,49.28408839960698,93.38310578367042
2025-03-09 20:17:48.304333,511.0,482.0,340.0,2554.0,1086.0,320.0,60.50762613097029,69.75205448293737,54.31012532617983,40.3652132395781,15.985153791595852,43.01887160445099,41.62325992781703,64.00105233456486,49.28408839960698,93.38310578367042
2025-03-09 20:17:48.304333,511.0,467.0,337.0,2555.0,1017.0,320.0,60.50762613097029,69.75205448293737,54.31012532617983,40.3652132395781,15.985153791595852,43.01887160445099,41.62325992781703,64.00105233456486,49.28408839960698,93.38310578367042
2025-03-09 20:17:48.304333,527.0,495.0,336.0,2557.0,1022.0,316.0,60.50762613097029,69.75205448293737,54.31012532617983,40.3652132395781,15.985153791595852,43.01887160445099,41.62325992781703,64.00105233456486,49.28408839960698,93.38310578367042
2025-03-09 20:17:48.312667,528.0,483.0,334.0,2554.0,1021.0,317.0,60.52424530219968,69.89119400947801,54.24619105713587,40.29889770469419,16.010448725713676,42.96748010983339,41.76353536805681,64.10915566608132,49.34867401695064,92.93548573526093
2025-03-09 20:17:48.312667,528.0,556.0,335.0,2551.0,1018.0,315.0,60.52424530219968,69.89119400947801,54.24619105713587,40.29889770469419,16.010448725713676,42.96748010983339,41.76353536805681,64.10915566608132,49.34867401695064,92.93548573526093
2025-03-09 20:17:48.312667,529.0,511.0,339.0,2551.0,1019.0,314.0,60.52424530219968,69.89119400947801,54.24619105713587,40.29889770469419,16.010448725713676,42.96748010983339,41.76353536805681,64.10915566608132,49.34867401695064,92.93548573526093
2025-03-09 20:17:48.321000,529.0,500.0,336.0,2549.0,1019.0,315.0,60.54799142187678,70.03070718409707,54.18413305810473,40.23137230702619,16.036620239193812,42.915239279776074,41.90741017373697,64.21953503968341,49.40950650334058,92.48805595086979
2025-03-09 20:17:48.321000,534.0,475.0,333.0,2550.0,1020.0,315.0,60.54799142187678,70.03070718409707,54.18413305810473,40.23137230702619,16.036620239193812,42.915239279776074,41.90741017373697,64.21953503968341,49.40950650334058,92.48805595086979
2025-03-09 20:17:48.321000,534.0,476.0,336.0,2550.0,1022.0,314.0,60.54799142187678,70.03070718409707,54.18413305810473,40.23137230702619,16.036620239193812,42.915239279776074,41.90741017373697,64.21953503968341,49.40950650334058,92.48805595086979
2025-03-09 20:17:48.321000,544.0,485.0,336.0,2551.0,1015.0,314.0,60.54799142187678,70.03070718409707,54.18413305810473,40.23137230702619,16.036620239193812,42.915239279776074,41.90741017373697,64.21953503968341,49.40950650334058,92.48805595086979
2025-03-09 20:17:48.329333,549.0,482.0,335.0,2549.0,1014.0,307.0,60.58004947452244,70.17147188035379,54.12510792778078,40.158791772746326,16.066401484144592,42.859808497852256,42.05631243859342,64.3313272650382,49.46246560051255,92.04524588476815
2025-03-09 20:17:48.329333,546.0,490.0,338.0,2546.0,1013.0,311.0,60.58004947452244,70.17147188035379,54.12510792778078,40.158791772746326,16.066401484144592,42.859808497852256,42.05631243859342,64.3313272650382,49.46246560051255,92.04524588476815
2025-03-09 20:17:48.329333,547.0,481.0,338.0,2544.0,1017.0,309.0,60.58004947452244,70.17147188035379,54.12510792778078,40.158791772746326,16.066401484144592,42.859808497852256,42.05631243859342,64.3313272650382,49.46246560051255,92.04524588476815
2025-03-09 20:17:48.337667,547.0,485.0,333.0,2544.0,1019.0,311.0,60.62238853255059,70.31577188015103,54.06846368522682,40.08323804074359,16.097528229703858,42.80210867589238,42.21176439927484,64.44875644991154,49.511832277842935,91.61710938759732
2025-03-09 20:17:48.337667,553.0,482.0,338.0,2546.0,1014.0,307.0,60.62238853255059,70.31577188015103,54.06846368522682,40.08323804074359,16.097528229703858,42.80210867589238,42.21176439927484,64.44875644991154,49.511832277842935,91.61710938759732
2025-03-09 20:17:48.337667,554.0,487.0,337.0,2545.0,1013.0,309.0,60.62238853255059,70.31577188015103,54.06846368522682,40.08323804074359,16.097528229703858,42.80210867589238,42.21176439927484,64.44875644991154,49.511832277842935,91.61710938759732
2025-03-09 20:17:48.337667,549.0,489.0,329.0,2544.0,1008.0,306.0,60.62238853255059,70.31577188015103,54.06846368522682,40.08323804074359,16.097528229703858,42.80210867589238,42.21176439927484,64.44875644991154,49.511832277842935,91.61710938759732
2025-03-09 20:17:48.346000,562.0,491.0,338.0,2544.0,1011.0,305.0,60.67227565654734,70.46413490297293,54.01465568295498,40.01097133299581,16.126339728605934,42.746252184700204,42.37015400977869,64.57410017350747,49.56650774800388,91.20565762963692
2025-03-09 20:17:48.346000,563.0,487.0,340.0,2541.0,1015.0,303.0,60.67227565654734,70.46413490297293,54.01465568295498,40.01097133299581,16.126339728605934,42.746252184700204,42.37015400977869,64.57410017350747,49.56650774800388,91.20565762963692
2025-03-09 20:17:48.346000,565.0,491.0,338.0,2543.0,1009.0,304.0,60.67227565654734,70.46413490297293,54.01465568295498,40.01097133299581,16.126339728605934,42.746252184700204,42.37015400977869,64.57410017350747,49.56650774800388,91.20565762963692
2025-03-09 20:17:48.354333,564.0,492.0,337.0,2541.0,1013.0,304.0,60.730698275307795,70.61802836316896,53.96402142997554,39.94481871064822,16.152640066288992,42.694600342698905,42.53218157360219,64.70945505882906,49.62961719039087,90.81536909391242
2025-03-09 20:17:48.354333,565.0,491.0,336.0,2542.0,1008.0,304.0,60.730698275307795,70.61802836316896,53.96402142997554,39.94481871064822,16.152640066288992,42.694600342698905,42.53218157360219,64.70945505882906,49.62961719039087,90.81536909391242
2025-03-09 20:17:48.354333,567.0,496.0,336.0,2540.0,1009.0,303.0,60.730698275307795,70.61802836316896,53.96402142997554,39.94481871064822,16.152640066288992,42.694600342698905,42.53218157360219,64.70945505882906,49.62961719039087,90.81536909391242
2025-03-09 20:17:48.354333,563.0,486.0,336.0,2538.0,1013.0,298.0,60.730698275307795,70.61802836316896,53.96402142997554,39.94481871064822,16.152640066288992,42.694600342698905,42.53218157360219,64.70945505882906,49.62961719039087,90.81536909391242
2025-03-09 20:17:48.362667,574.0,492.0,339.0,2539.0,1009.0,304.0,60.800693951277204,70.7811421006721,53.91711854344097,39.88426703628533,16.176548011434367,42.646810469530784,42.70033915687836,64.85831091395973,49.70286455541185,90.45659213017281
2025-03-09 20:17:48.362667,578.0,492.0,336.0,2544.0,1014.0,299.0,60.800693951277204,70.7811421006721,53.91711854344097,39.88426703628533,16.176548011434367,42.646810469530784,42.70033915687836,64.85831091395973,49.70286455541185,90.45659213017281
2025-03-09 20:17:48.362667,583.0,490.0,339.0,2539.0,1010.0,302.0,60.800693951277204,70.7811421006721,53.91711854344097,39.88426703628533,16.176548011434367,42.646810469530784,42.70033915687836,64.85831091395973,49.70286455541185,90.45659213017281
2025-03-09 20:17:48.362667,581.0,490.0,337.0,2532.0,1009.0,303.0,60.800693951277204,70.7811421006721,53.91711854344097,39.88426703628533,16.176548011434367,42.646810469530784,42.70033915687836,64.85831091395973,49.70286455541185,90.45659213017281
2025-03-09 20:17:48.371000,578.0,485.0,336.0,2529.0,1010.0,298.0,60.87939484460219,70.95331890780007,53.873413611750145,39.82879385780832,16.196908909433418,42.60227764682279,42.87199847629997,65.0189483445194,49.78738193611625,90.1366873679674
2025-03-09 20:17:48.371000,585.0,491.0,339.0,2543.0,1008.0,290.0,60.87939484460219,70.95331890780007,53.873413611750145,39.82879385780832,16.196908909433418,42.60227764682279,42.87199847629997,65.0189483445194,49.78738193611625,90.1366873679674
2025-03-09 20:17:48.371000,582.0,496.0,339.0,2536.0,1009.0,298.0,60.87939484460219,70.95331890780007,53.873413611750145,39.82879385780832,16.196908909433418,42.60227764682279,42.87199847629997,65.0189483445194,49.78738193611625,90.1366873679674
2025-03-09 20:17:48.379333,577.0,496.0,340.0,2539.0,1007.0,299.0,60.96120530143051,71.1325326241694,53.83335655619397,39.7774701328692,16.21319657975483,42.56020715101747,43.042117995400965,65.1871554756198,49.88348934496627,89.85625060959465
2025-03-09 20:17:48.379333,591.0,496.0,344.0,2527.0,1011.0,297.0,60.96120530143051,71.1325326241694,53.83335655619397,39.7774701328692,16.21319657975483,42.56020715101747,43.042117995400965,65.1871554756198,49.88348934496627,89.85625060959465
2025-03-09 20:17:48.379333,589.0,491.0,358.0,2533.0,1010.0,298.0,60.96120530143051,71.1325326241694,53.83335655619397,39.7774701328692,16.21319657975483,42.56020715101747,43.042117995400965,65.1871554756198,49.88348934496627,89.85625060959465
2025-03-09 20:17:48.379333,592.0,496.0,338.0,2530.0,1009.0,295.0,60.96120530143051,71.1325326241694,53.83335655619397,39.7774701328692,16.21319657975483,42.56020715101747,43.042117995400965,65.1871554756198,49.88348934496627,89.85625060959465
2025-03-09 20:17:48.387667,593.0,496.0,342.0,2529.0,1010.0,295.0,61.04199128212597,71.3173124305624,53.79897023852492,39.728196218891775,16.227083347094485,42.51942372846772,43.207116188493245,65.3591017884135,49.989648990349465,89.6064594835196
2025-03-09 20:17:48.387667,592.0,496.0,341.0,2526.0,1013.0,295.0,61.04199128212597,71.3173124305624,53.79897023852492,39.728196218891775,16.227083347094485,42.51942372846772,43.207116188493245,65.3591017884135,49.989648990349465,89.6064594835196
2025-03-09 20:17:48.387667,590.0,494.0,337.0,2538.0,1011.0,293.0,61.04199128212597,71.3173124305624,53.79897023852492,39.728196218891775,16.227083347094485,42.51942372846772,43.207116188493245,65.3591017884135,49.989648990349465,89.6064594835196
2025-03-09 20:17:48.396000,594.0,489.0,338.0,2532.0,1008.0,292.0,61.121713366215445,71.50594111090186,53.77103743533073,39.68081856693514,16.241870502025336,42.48095181247021,43.36747011708172,65.53208054272977,50.101960242068515,89.37740535420112
2025-03-09 20:17:48.396000,592.0,496.0,345.0,2542.0,1008.0,292.0,61.121713366215445,71.50594111090186,53.77103743533073,39.68081856693514,16.241870502025336,42.48095181247021,43.36747011708172,65.53208054272977,50.101960242068515,89.37740535420112
2025-03-09 20:17:48.396000,595.0,507.0,341.0,2529.0,1007.0,286.0,61.121713366215445,71.50594111090186,53.77103743533073,39.68081856693514,16.241870502025336,42.48095181247021,43.36747011708172,65.53208054272977,50.101960242068515,89.37740535420112
2025-03-09 20:17:48.396000,602.0,496.0,347.0,2526.0,1009.0,290.0,61.121713366215445,71.50594111090186,53.77103743533073,39.68081856693514,16.241870502025336,42.48095181247021,43.36747011708172,65.53208054272977,50.101960242068515,89.37740535420112
2025-03-09 20:17:48.404333,598.0,497.0,341.0,2521.0,1009.0,289.0,61.201135433113734,71.69758247363278,53.750257350596414,39.634902790346096,16.259178067414766,42.44488255532744,43.52391107501194,65.70536916007336,50.21810021439718,89.16346867939451
2025-03-09 20:17:48.404333,604.0,496.0,341.0,2524.0,1011.0,289.0,61.201135433113734,71.69758247363278,53.750257350596414,39.634902790346096,16.259178067414766,42.44488255532744,43.52391107501194,65.70536916007336,50.21810021439718,89.16346867939451
2025-03-09 20:17:48.404333,605.0,501.0,336.0,2531.0,1008.0,288.0,61.201135433113734,71.69758247363278,53.750257350596414,39.634902790346096,16.259178067414766,42.44488255532744,43.52391107501194,65.70536916007336,50.21810021439718,89.16346867939451
2025-03-09 20:17:48.412667,599.0,491.0,336.0,2518.0,1011.0,286.0,61.27607681227001,71.89133335263982,53.73516834268469,39.58512988358115,16.27729196103583,42.40549874651475,43.67593352875346,65.87865882013791,50.337600495717716,88.9602968253737
2025-03-09 20:17:48.412667,606.0,499.0,354.0,2533.0,1010.0,288.0,61.27607681227001,71.89133335263982,53.73516834268469,39.58512988358115,16.27729196103583,42.40549874651475,43.67593352875346,65.87865882013791,50.337600495717716,88.9602968253737
2025-03-09 20:17:48.412667,614.0,497.0,341.0,2522.0,1009.0,284.0,61.27607681227001,71.89133335263982,53.73516834268469,39.58512988358115,16.27729196103583,42.40549874651475,43.67593352875346,65.87865882013791,50.337600495717716,88.9602968253737
2025-03-09 20:17:48.412667,615.0,497.0,346.0,2531.0,1013.0,282.0,61.27607681227001,71.89133335263982,53.73516834268469,39.58512988358115,16.27729196103583,42.40549874651475,43.67593352875346,65.87865882013791,50.337600495717716,88.9602968253737
2025-03-09 20:17:48.421000,617.0,502.0,327.0,2522.0,1016.0,283.0,61.34230069587125,72.0848015112332,53.72447822203814,39.52839408614832,16.29426869094248,42.358927854694144,43.822075150349846,66.05086139190335,50.46014303019511,88.76463676043011
2025-03-09 20:17:48.421000,617.0,502.0,336.0,2525.0,1010.0,282.0,61.34230069587125,72.0848015112332,53.72447822203814,39.52839408614832,16.29426869094248,42.358927854694144,43.822075150349846,66.05086139190335,50.46014303019511,88.76463676043011
2025-03-09 20:17:48.421000,620.0,503.0,339.0,2525.0,1014.0,284.0,61.34230069587125,72.0848015112332,53.72447822203814,39.52839408614832,16.29426869094248,42.358927854694144,43.822075150349846,66.05086139190335,50.46014303019511,88.76463676043011
2025-03-09 20:17:48.429333,623.0,509.0,346.0,2521.0,1009.0,283.0,61.399224852372825,72.27613964853971,53.719012540333594,39.465102057839495,16.309853022778768,42.30529797697756,43.96096872991684,66.22101513103475,50.58494369380771,88.57472843932194
2025-03-09 20:17:48.429333,624.0,501.0,337.0,2528.0,1010.0,283.0,61.399224852372825,72.27613964853971,53.719012540333594,39.465102057839495,16.309853022778768,42.30529797697756,43.96096872991684,66.22101513103475,50.58494369380771,88.57472843932194
2025-03-09 20:17:48.429333,623.0,501.0,341.0,2523.0,1010.0,283.0,61.399224852372825,72.27613964853971,53.719012540333594,39.465102057839495,16.309853022778768,42.30529797697756,43.96096872991684,66.22101513103475,50.58494369380771,88.57472843932194
2025-03-09 20:17:48.429333,631.0,501.0,340.0,2511.0,1014.0,278.0,61.399224852372825,72.27613964853971,53.719012540333594,39.465102057839495,16.309853022778768,42.30529797697756,43.96096872991684,66.22101513103475,50.58494369380771,88.57472843932194
2025-03-09 20:17:48.437667,638.0,526.0,341.0,2512.0,1011.0,278.0,61.44681639124125,72.46458223177952,53.72180920214155,39.3962456395237,16.324059500500052,42.24561001105887,44.089498507835934,66.388129348853,50.712150111912145,88.38833109759508
2025-03-09 20:17:48.437667,634.0,503.0,339.0,2512.0,1011.0,277.0,61.44681639124125,72.46458223177952,53.72180920214155,39.3962456395237,16.324059500500052,42.24561001105887,44.089498507835934,66.388129348853,50.712150111912145,88.38833109759508
2025-03-09 20:17:48.437667,639.0,503.0,340.0,2515.0,1013.0,277.0,61.44681639124125,72.46458223177952,53.72180920214155,39.3962456395237,16.324059500500052,42.24561001105887,44.089498507835934,66.388129348853,50.712150111912145,88.38833109759508
2025-03-09 20:17:48.437667,642.0,503.0,336.0,2516.0,1009.0,277.0,61.44681639124125,72.46458223177952,53.72180920214155,39.3962456395237,16.324059500500052,42.24561001105887,44.089498507835934,66.388129348853,50.712150111912145,88.38833109759508
2025-03-09 20:17:48.446000,641.0,509.0,345.0,2514.0,1014.0,277.0,61.48465241759564,72.64913151379614,53.733639404129626,39.322753006664904,16.338134888233345,42.181387141677114,44.20628327026005,66.54991736031042,50.840331725189365,88.20371566556382
2025-03-09 20:17:48.446000,644.0,509.0,340.0,2517.0,1011.0,278.0,61.48465241759564,72.64913151379614,53.733639404129626,39.322753006664904,16.338134888233345,42.181387141677114,44.20628327026005,66.54991736031042,50.840331725189365,88.20371566556382
2025-03-09 20:17:48.446000,659.0,511.0,339.0,2512.0,1014.0,272.0,61.48465241759564,72.64913151379614,53.733639404129626,39.322753006664904,16.338134888233345,42.181387141677114,44.20628327026005,66.54991736031042,50.840331725189365,88.20371566556382
2025-03-09 20:17:48.454333,661.0,511.0,342.0,2512.0,1018.0,277.0,61.5134899190539,72.82720235411618,53.745500895582566,39.244111356653015,16.354143056531647,42.11314624374906,44.31823781676183,66.7029620173331,50.962485540806654,88.02069433754933
2025-03-09 20:17:48.454333,663.0,522.0,342.0,2512.0,1013.0,273.0,61.5134899190539,72.82720235411618,53.745500895582566,39.244111356653015,16.354143056531647,42.11314624374906,44.31823781676183,66.7029620173331,50.962485540806654,88.02069433754933
2025-03-09 20:17:48.454333,665.0,511.0,336.0,2512.0,1021.0,272.0,61.5134899190539,72.82720235411618,53.745500895582566,39.244111356653015,16.354143056531647,42.11314624374906,44.31823781676183,66.7029620173331,50.962485540806654,88.02069433754933
2025-03-09 20:17:48.454333,669.0,511.0,337.0,2513.0,1011.0,273.0,61.5134899190539,72.82720235411618,53.745500895582566,39.244111356653015,16.354143056531647,42.11314624374906,44.31823781676183,66.7029620173331,50.962485540806654,88.02069433754933
2025-03-09 20:17:48.462667,671.0,511.0,336.0,2514.0,1018.0,276.0,61.53340401411254,72.99688193751052,53.750503332801976,39.1602499010967,16.37257062885689,42.041067480411535,44.43017650724474,66.84540889045995,51.074821108225784,87.8377597311629
2025-03-09 20:17:48.462667,673.0,510.0,340.0,2514.0,1017.0,276.0,61.53340401411254,72.99688193751052,53.750503332801976,39.1602499010967,16.37257062885689,42.041067480411535,44.43017650724474,66.84540889045995,51.074821108225784,87.8377597311629
2025-03-09 20:17:48.462667,679.0,511.0,341.0,2513.0,1019.0,275.0,61.53340401411254,72.99688193751052,53.750503332801976,39.1602499010967,16.37257062885689,42.041067480411535,44.43017650724474,66.84540889045995,51.074821108225784,87.8377597311629
2025-03-09 20:17:48.471000,694.0,531.0,338.0,2511.0,1022.0,272.0,61.54228063844963,73.15868036494919,53.75352346690577,39.072222925481334,16.393142627824503,41.96591270616303,44.537490741967154,66.9774361956455,51.181059783527836,87.65261273713918
2025-03-09 20:17:48.471000,699.0,535.0,336.0,2513.0,1023.0,275.0,61.54228063844963,73.15868036494919,53.75352346690577,39.072222925481334,16.393142627824503,41.96591270616303,44.537490741967154,66.9774361956455,51.181059783527836,87.65261273713918
2025-03-09 20:17:48.471000,701.0,528.0,342.0,2512.0,1023.0,271.0,61.54228063844963,73.15868036494919,53.75352346690577,39.072222925481334,16.393142627824503,41.96591270616303,44.537490741967154,66.9774361956455,51.181059783527836,87.65261273713918
2025-03-09 20:17:48.471000,699.0,528.0,345.0,2514.0,1023.0,271.0,61.54228063844963,73.15868036494919,53.75352346690577,39.072222925481334,16.393142627824503,41.96591270616303,44.537490741967154,66.9774361956455,51.181059783527836,87.65261273713918
2025-03-09 20:17:48.479333,700.0,530.0,353.0,2512.0,1032.0,272.0,61.53946147401668,73.31335750335573,53.75844907433478,38.983268138298314,16.415127030015054,41.89023103524867,44.636658658186114,67.10019470249372,51.28586596275345,87.46380631677883
2025-03-09 20:17:48.479333,708.0,529.0,346.0,2503.0,1023.0,272.0,61.53946147401668,73.31335750335573,53.75844907433478,38.983268138298314,16.415127030015054,41.89023103524867,44.636658658186114,67.10019470249372,51.28586596275345,87.46380631677883
2025-03-09 20:17:48.479333,711.0,531.0,343.0,2501.0,1023.0,270.0,61.53946147401668,73.31335750335573,53.75844907433478,38.983268138298314,16.415127030015054,41.89023103524867,44.636658658186114,67.10019470249372,51.28586596275345,87.46380631677883
2025-03-09 20:17:48.487667,725.0,540.0,352.0,2506.0,1021.0,270.0,61.5255579825168,73.46097427007842,53.76450873726858,38.89683591882767,16.437883671954342,41.8167315245637,44.72835959540442,67.21490431187769,51.391784614814355,87.27095175969423
2025-03-09 20:17:48.487667,734.0,539.0,341.0,2507.0,1021.0,272.0,61.5255579825168,73.46097427007842,53.76450873726858,38.89683591882767,16.437883671954342,41.8167315245637,44.72835959540442,67.21490431187769,51.391784614814355,87.27095175969423
2025-03-09 20:17:48.487667,741.0,545.0,355.0,2512.0,1023.0,271.0,61.5255579825168,73.46097427007842,53.76450873726858,38.89683591882767,16.437883671954342,41.8167315245637,44.72835959540442,67.21490431187769,51.391784614814355,87.27095175969423
2025-03-09 20:17:48.487667,734.0,538.0,343.0,2512.0,1023.0,271.0,61.5255579825168,73.46097427007842,53.76450873726858,38.89683591882767,16.437883671954342,41.8167315245637,44.72835959540442,67.21490431187769,51.391784614814355,87.27095175969423
2025-03-09 20:17:48.496000,735.0,544.0,350.0,2507.0,1023.0,270.0,61.49959049470925,73.60160836687955,53.772409450147244,38.81423266241276,16.461267816770096,41.74646734380801,44.811611947619,67.3216268439646,51.50067644670348,87.0738865046344
2025-03-09 20:17:48.496000,746.0,542.0,342.0,2512.0,1022.0,267.0,61.49959049470925,73.60160836687955,53.772409450147244,38.81423266241276,16.461267816770096,41.74646734380801,44.811611947619,67.3216268439646,51.50067644670348,87.0738865046344
2025-03-09 20:17:48.496000,743.0,542.0,339.0,2507.0,1023.0,273.0,61.49959049470925,73.60160836687955,53.772409450147244,38.81423266241276,16.461267816770096,41.74646734380801,44.811611947619,67.3216268439646,51.50067644670348,87.0738865046344
2025-03-09 20:17:48.504333,742.0,542.0,347.0,2496.0,1021.0,266.0,61.461100635631034,73.73596539584965,53.78308832090867,38.73497311767708,16.484989195386138,41.67915489766553,44.88495117387177,67.41987226562814,51.61313223800589,86.87197737647533
2025-03-09 20:17:48.504333,762.0,544.0,346.0,2509.0,1022.0,269.0,61.461100635631034,73.73596539584965,53.78308832090867,38.73497311767708,16.484989195386138,41.67915489766553,44.88495117387177,67.41987226562814,51.61313223800589,86.87197737647533
2025-03-09 20:17:48.504333,769.0,557.0,342.0,2509.0,1023.0,268.0,61.461100635631034,73.73596539584965,53.78308832090867,38.73497311767708,16.484989195386138,41.67915489766553,44.88495117387177,67.41987226562814,51.61313223800589,86.87197737647533
2025-03-09 20:17:48.504333,769.0,550.0,350.0,2511.0,1022.0,265.0,61.461100635631034,73.73596539584965,53.78308832090867,38.73497311767708,16.484989195386138,41.67915489766553,44.88495117387177,67.41987226562814,51.61313223800589,86.87197737647533
2025-03-09 20:17:48.512667,772.0,538.0,341.0,2507.0,1019.0,261.0,61.411225999907415,73.86481923095666,53.79549501156557,38.65700608632953,16.509272356887788,41.61342876517667,44.94936919749009,67.50899095953004,51.72696127686149,86.66506322547112
2025-03-09 20:17:48.512667,772.0,553.0,352.0,2513.0,1018.0,266.0,61.411225999907415,73.86481923095666,53.79549501156557,38.65700608632953,16.509272356887788,41.61342876517667,44.94936919749009,67.50899095953004,51.72696127686149,86.66506322547112
2025-03-09 20:17:48.512667,774.0,555.0,345.0,2506.0,1013.0,270.0,61.411225999907415,73.86481923095666,53.79549501156557,38.65700608632953,16.509272356887788,41.61342876517667,44.94936919749009,67.50899095953004,51.72696127686149,86.66506322547112
2025-03-09 20:17:48.512667,784.0,550.0,350.0,2509.0,1043.0,265.0,61.411225999907415,73.86481923095666,53.79549501156557,38.65700608632953,16.509272356887788,41.61342876517667,44.94936919749009,67.50899095953004,51.72696127686149,86.66506322547112
2025-03-09 20:17:48.521000,801.0,560.0,350.0,2501.0,1023.0,262.0,61.35074488435325,73.98779207320742,53.80814467153761,38.57859417500118,16.534801848372208,41.54818545926468,45.006315212986884,67.58786244154533,51.83914788780544,86.45316578515667
2025-03-09 20:17:48.521000,814.0,561.0,350.0,2507.0,1008.0,267.0,61.35074488435325,73.98779207320742,53.80814467153761,38.57859417500118,16.534801848372208,41.54818545926468,45.006315212986884,67.58786244154533,51.83914788780544,86.45316578515667
2025-03-09 20:17:48.521000,813.0,562.0,348.0,2498.0,1036.0,260.0,61.35074488435325,73.98779207320742,53.80814467153761,38.57859417500118,16.534801848372208,41.54818545926468,45.006315212986884,67.58786244154533,51.83914788780544,86.45316578515667
2025-03-09 20:17:48.521000,816.0,562.0,351.0,2501.0,1035.0,259.0,61.35074488435325,73.98779207320742,53.80814467153761,38.57859417500118,16.534801848372208,41.54818545926468,45.006315212986884,67.58786244154533,51.83914788780544,86.45316578515667
2025-03-09 20:17:48.529333,821.0,560.0,342.0,2504.0,1019.0,260.0,61.28028601109309,74.10441720957633,53.81969348514548,38.49900792280284,16.56019029673942,41.48204086348246,45.057079483107664,67.65772439650051,51.94949210287282,86.23741367706327
2025-03-09 20:17:48.529333,817.0,559.0,358.0,2501.0,1014.0,258.0,61.28028601109309,74.10441720957633,53.81969348514548,38.49900792280284,16.56019029673942,41.48204086348246,45.057079483107664,67.65772439650051,51.94949210287282,86.23741367706327
2025-03-09 20:17:48.529333,816.0,559.0,345.0,2499.0,1023.0,259.0,61.28028601109309,74.10441720957633,53.81969348514548,38.49900792280284,16.56019029673942,41.48204086348246,45.057079483107664,67.65772439650051,51.94949210287282,86.23741367706327
2025-03-09 20:17:48.537667,838.0,562.0,353.0,2499.0,1015.0,264.0,61.20112302748557,74.21369782751837,53.82753081098959,38.41916703450603,16.582541865464794,41.41423271687642,45.10387660262523,67.72136687815856,52.059233583180735,86.01829844570727
2025-03-09 20:17:48.537667,863.0,575.0,362.0,2501.0,1015.0,261.0,61.20112302748557,74.21369782751837,53.82753081098959,38.41916703450603,16.582541865464794,41.41423271687642,45.10387660262523,67.72136687815856,52.059233583180735,86.01829844570727
2025-03-09 20:17:48.537667,867.0,566.0,359.0,2503.0,1014.0,256.0,61.20112302748557,74.21369782751837,53.82753081098959,38.41916703450603,16.582541865464794,41.41423271687642,45.10387660262523,67.72136687815856,52.059233583180735,86.01829844570727
2025-03-09 20:17:48.546000,866.0,579.0,357.0,2495.0,1012.0,257.0,61.11264305900213,74.31418417901457,53.83019449175379,38.34125133399661,16.600944389309053,41.346129858101854,45.14695544642075,67.7787501667075,52.169436257365,85.79315835116883
2025-03-09 20:17:48.546000,870.0,575.0,358.0,2506.0,1011.0,252.0,61.11264305900213,74.31418417901457,53.83019449175379,38.34125133399661,16.600944389309053,41.346129858101854,45.14695544642075,67.7787501667075,52.169436257365,85.79315835116883
2025-03-09 20:17:48.546000,875.0,576.0,371.0,2524.0,1017.0,255.0,61.11264305900213,74.31418417901457,53.83019449175379,38.34125133399661,16.600944389309053,41.346129858101854,45.14695544642075,67.7787501667075,52.169436257365,85.79315835116883
2025-03-09 20:17:48.546000,879.0,574.0,363.0,2497.0,1010.0,259.0,61.11264305900213,74.31418417901457,53.83019449175379,38.34125133399661,16.600944389309053,41.346129858101854,45.14695544642075,67.7787501667075,52.169436257365,85.79315835116883
2025-03-09 20:17:48.546000,883.0,579.0,353.0,2529.0,1022.0,256.0,61.11264305900213,74.31418417901457,53.83019449175379,38.34125133399661,16.600944389309053,41.346129858101854,45.14695544642075,67.7787501667075,52.169436257365,85.79315835116883
2025-03-09 20:17:48.554333,926.0,587.0,347.0,2503.0,1005.0,255.0,61.01209438936607,74.40445897140818,53.827532406972274,38.267547963317945,16.616337878875346,41.280189016917056,45.18463086263124,67.82721830989762,52.28099700404494,85.56262237168211
2025-03-09 20:17:48.554333,929.0,590.0,339.0,2484.0,1013.0,256.0,61.01209438936607,74.40445897140818,53.827532406972274,38.267547963317945,16.616337878875346,41.280189016917056,45.18463086263124,67.82721830989762,52.28099700404494,85.56262237168211
2025-03-09 20:17:48.562667,929.0,593.0,336.0,2466.0,1011.0,249.0,60.89863339477688,74.48458327308416,53.81887406942132,38.20027590934204,16.628571098936455,41.218189743730555,45.21732102889114,67.86711929849562,52.39630861481374,85.333808588193
2025-03-09 20:17:48.562667,942.0,589.0,375.0,2496.0,1006.0,251.0,60.89863339477688,74.48458327308416,53.81887406942132,38.20027590934204,16.628571098936455,41.218189743730555,45.21732102889114,67.86711929849562,52.39630861481374,85.333808588193
2025-03-09 20:17:48.562667,940.0,592.0,343.0,2496.0,1008.0,254.0,60.89863339477688,74.48458327308416,53.81887406942132,38.20027590934204,16.628571098936455,41.218189743730555,45.21732102889114,67.86711929849562,52.39630861481374,85.333808588193
2025-03-09 20:17:48.562667,945.0,576.0,340.0,2497.0,1009.0,240.0,60.89863339477688,74.48458327308416,53.81887406942132,38.20027590934204,16.628571098936455,41.218189743730555,45.21732102889114,67.86711929849562,52.39630861481374,85.333808588193
2025-03-09 20:17:48.571000,944.0,593.0,341.0,2491.0,1014.0,256.0,60.77304974621711,74.55522256530774,53.80271970997553,38.13971269523294,16.636693856691096,41.15967208016717,45.2476157866488,67.90083051974908,52.5169836026076,85.10969608885037
2025-03-09 20:17:48.571000,950.0,593.0,353.0,2499.0,1007.0,253.0,60.77304974621711,74.55522256530774,53.80271970997553,38.13971269523294,16.636693856691096,41.15967208016717,45.2476157866488,67.90083051974908,52.5169836026076,85.10969608885037
2025-03-09 20:17:48.571000,998.0,612.0,331.0,2493.0,1007.0,251.0,60.77304974621711,74.55522256530774,53.80271970997553,38.13971269523294,16.636693856691096,41.15967208016717,45.2476157866488,67.90083051974908,52.5169836026076,85.10969608885037
2025-03-09 20:17:48.571000,1001.0,609.0,344.0,2484.0,1008.0,251.0,60.77304974621711,74.55522256530774,53.80271970997553,38.13971269523294,16.636693856691096,41.15967208016717,45.2476157866488,67.90083051974908,52.5169836026076,85.10969608885037
2025-03-09 20:17:48.579333,1005.0,607.0,352.0,2491.0,1008.0,252.0,60.63640846195869,74.61687224621208,53.77839365051856,38.08327389370324,16.641303736988533,41.10245277863971,45.27786624178399,67.92900661265394,52.641056435110094,84.88811854959371
2025-03-09 20:17:48.579333,1013.0,607.0,368.0,2473.0,1008.0,251.0,60.63640846195869,74.61687224621208,53.77839365051856,38.08327389370324,16.641303736988533,41.10245277863971,45.27786624178399,67.92900661265394,52.641056435110094,84.88811854959371
2025-03-09 20:17:48.579333,1010.0,617.0,336.0,2489.0,1003.0,245.0,60.63640846195869,74.61687224621208,53.77839365051856,38.08327389370324,16.641303736988533,41.10245277863971,45.27786624178399,67.92900661265394,52.641056435110094,84.88811854959371
2025-03-09 20:17:48.579333,1013.0,613.0,352.0,2503.0,1007.0,249.0,60.63640846195869,74.61687224621208,53.77839365051856,38.08327389370324,16.641303736988533,41.10245277863971,45.27786624178399,67.92900661265394,52.641056435110094,84.88811854959371
2025-03-09 20:17:48.587667,1023.0,617.0,351.0,2499.0,999.0,253.0,60.48865220764907,74.66929859278922,53.74502365664452,38.029219172414656,16.64397705879472,41.045854464108366,45.3090180421754,67.94956596718438,52.76567912094583,84.66754292182635
2025-03-09 20:17:48.587667,1072.0,622.0,351.0,2494.0,1003.0,240.0,60.48865220764907,74.66929859278922,53.74502365664452,38.029219172414656,16.64397705879472,41.045854464108366,45.3090180421754,67.94956596718438,52.76567912094583,84.66754292182635
2025-03-09 20:17:48.596000,1065.0,625.0,350.0,2495.0,1007.0,251.0,60.32881683610161,74.7120279569024,53.70302421395801,37.97901893168054,16.646459182943786,40.99247294942128,45.33920698322184,67.95875825380055,52.88991701668168,84.44880002291724
2025-03-09 20:17:48.596000,1071.0,646.0,341.0,2499.0,1007.0,249.0,60.32881683610161,74.7120279569024,53.70302421395801,37.97901893168054,16.646459182943786,40.99247294942128,45.33920698322184,67.95875825380055,52.88991701668168,84.44880002291724
2025-03-09 20:17:48.596000,1067.0,631.0,349.0,2489.0,991.0,245.0,60.32881683610161,74.7120279569024,53.70302421395801,37.97901893168054,16.646459182943786,40.99247294942128,45.33920698322184,67.95875825380055,52.88991701668168,84.44880002291724
2025-03-09 20:17:48.596000,1085.0,623.0,347.0,2495.0,1004.0,249.0,60.32881683610161,74.7120279569024,53.70302421395801,37.97901893168054,16.646459182943786,40.99247294942128,45.33920698322184,67.95875825380055,52.88991701668168,84.44880002291724
2025-03-09 20:17:48.604333,1084.0,631.0,343.0,2480.0,999.0,247.0,60.157005740321466,74.74452503916106,53.65695896261824,37.93497257408031,16.650056679249403,40.94521300774924,45.364002699751424,67.95442760864245,53.01385986535461,84.23196248548449
2025-03-09 20:17:48.604333,1085.0,623.0,346.0,2477.0,1007.0,238.0,60.157005740321466,74.74452503916106,53.65695896261824,37.93497257408031,16.650056679249403,40.94521300774924,45.364002699751424,67.95442760864245,53.01385986535461,84.23196248548449
2025-03-09 20:17:48.604333,1115.0,650.0,349.0,2491.0,1006.0,251.0,60.157005740321466,74.74452503916106,53.65695896261824,37.93497257408031,16.650056679249403,40.94521300774924,45.364002699751424,67.95442760864245,53.01385986535461,84.23196248548449
2025-03-09 20:17:48.604333,1125.0,654.0,337.0,2487.0,1004.0,244.0,60.157005740321466,74.74452503916106,53.65695896261824,37.93497257408031,16.650056679249403,40.94521300774924,45.364002699751424,67.95442760864245,53.01385986535461,84.23196248548449
2025-03-09 20:17:48.612667,1127.0,649.0,365.0,2501.0,1007.0,244.0,59.97409101661703,74.7653549009786,53.610257435421524,37.8972117029504,16.65477018153209,40.90414294267952,45.38043350372249,67.93600467894072,53.13597547763437,84.01564570338996
2025-03-09 20:17:48.612667,1136.0,653.0,341.0,2496.0,1006.0,259.0,59.97409101661703,74.7653549009786,53.610257435421524,37.8972117029504,16.65477018153209,40.90414294267952,45.38043350372249,67.93600467894072,53.13597547763437,84.01564570338996
2025-03-09 20:17:48.612667,1136.0,643.0,354.0,2480.0,1006.0,247.0,59.97409101661703,74.7653549009786,53.610257435421524,37.8972117029504,16.65477018153209,40.90414294267952,45.38043350372249,67.93600467894072,53.13597547763437,84.01564570338996
2025-03-09 20:17:48.612667,1142.0,659.0,370.0,2482.0,995.0,262.0,59.97409101661703,74.7653549009786,53.610257435421524,37.8972117029504,16.65477018153209,40.90414294267952,45.38043350372249,67.93600467894072,53.13597547763437,84.01564570338996
2025-03-09 20:17:48.621000,1145.0,656.0,358.0,2481.0,1005.0,245.0,59.78317861628435,74.77486764323565,53.5651328448817,37.86432442133629,16.65951493666133,40.867498480487846,45.38790824527603,67.9056814887828,53.25481985875926,83.80184982732679
2025-03-09 20:17:48.621000,1205.0,667.0,348.0,2480.0,1001.0,240.0,59.78317861628435,74.77486764323565,53.5651328448817,37.86432442133629,16.65951493666133,40.867498480487846,45.38790824527603,67.9056814887828,53.25481985875926,83.80184982732679
2025-03-09 20:17:48.621000,1222.0,671.0,353.0,2480.0,999.0,244.0,59.78317861628435,74.77486764323565,53.5651328448817,37.86432442133629,16.65951493666133,40.867498480487846,45.38790824527603,67.9056814887828,53.25481985875926,83.80184982732679
2025-03-09 20:17:48.629333,1221.0,681.0,361.0,2496.0,1005.0,242.0,59.589532949859404,74.77527160051498,53.52273144490542,37.834092467616195,16.6628101621605,40.83267863215347,45.38811968686116,67.86786821676745,53.36912267308494,83.59453337762564
2025-03-09 20:17:48.629333,1223.0,659.0,352.0,2485.0,980.0,242.0,59.589532949859404,74.77527160051498,53.52273144490542,37.834092467616195,16.6628101621605,40.83267863215347,45.38811968686116,67.86786821676745,53.36912267308494,83.59453337762564
2025-03-09 20:17:48.629333,1235.0,676.0,364.0,2483.0,1014.0,243.0,59.589532949859404,74.77527160051498,53.52273144490542,37.834092467616195,16.6628101621605,40.83267863215347,45.38811968686116,67.86786821676745,53.36912267308494,83.59453337762564
2025-03-09 20:17:48.629333,1232.0,672.0,357.0,2483.0,1008.0,240.0,59.589532949859404,74.77527160051498,53.52273144490542,37.834092467616195,16.6628101621605,40.83267863215347,45.38811968686116,67.86786821676745,53.36912267308494,83.59453337762564
2025-03-09 20:17:48.637667,1250.0,682.0,365.0,2481.0,992.0,243.0,59.39821910440536,74.76761174985782,53.478916967037925,37.80441047211168,16.664594947400083,40.79767707158879,45.387278231819415,67.82537368720762,53.47520090367883,83.39562963912852
2025-03-09 20:17:48.637667,1249.0,681.0,359.0,2485.0,1005.0,240.0,59.39821910440536,74.76761174985782,53.478916967037925,37.80441047211168,16.664594947400083,40.79767707158879,45.387278231819415,67.82537368720762,53.47520090367883,83.39562963912852
2025-03-09 20:17:48.637667,1296.0,702.0,350.0,2480.0,961.0,240.0,59.39821910440536,74.76761174985782,53.478916967037925,37.80441047211168,16.664594947400083,40.79767707158879,45.387278231819415,67.82537368720762,53.47520090367883,83.39562963912852
2025-03-09 20:17:48.646000,1298.0,695.0,352.0,2480.0,1019.0,241.0,59.213652378858264,74.75358512886211,53.42925672314466,37.774076681367504,16.665565532933424,40.76188354948806,45.391370342506505,67.77986274615886,53.570206535618226,83.20675207398509
2025-03-09 20:17:48.646000,1296.0,691.0,356.0,2483.0,1023.0,241.0,59.213652378858264,74.75358512886211,53.42925672314466,37.774076681367504,16.665565532933424,40.76188354948806,45.391370342506505,67.77986274615886,53.570206535618226,83.20675207398509
2025-03-09 20:17:48.646000,1310.0,704.0,368.0,2487.0,1021.0,241.0,59.213652378858264,74.75358512886211,53.42925672314466,37.774076681367504,16.665565532933424,40.76188354948806,45.391370342506505,67.77986274615886,53.570206535618226,83.20675207398509
2025-03-09 20:17:48.654333,1313.0,691.0,351.0,2480.0,1018.0,241.0,59.03825192288535,74.73604072562377,53.373260292649306,37.74082245077731,16.66649140727687,40.724146083972315,45.401966348937805,67.73193556291699,53.65280944960854,83.02981369525526
2025-03-09 20:17:48.654333,1315.0,701.0,355.0,2480.0,1023.0,240.0,59.03825192288535,74.73604072562377,53.373260292649306,37.74082245077731,16.66649140727687,40.724146083972315,45.401966348937805,67.73193556291699,53.65280944960854,83.02981369525526
2025-03-09 20:17:48.654333,1323.0,703.0,322.0,2483.0,1023.0,239.0,59.03825192288535,74.73604072562377,53.373260292649306,37.74082245077731,16.66649140727687,40.724146083972315,45.401966348937805,67.73193556291699,53.65280944960854,83.02981369525526
2025-03-09 20:17:48.654333,1349.0,727.0,341.0,2482.0,1040.0,240.0,59.03825192288535,74.73604072562377,53.373260292649306,37.74082245077731,16.66649140727687,40.724146083972315,45.401966348937805,67.73193556291699,53.65280944960854,83.02981369525526
2025-03-09 20:17:48.662667,1357.0,719.0,369.0,2483.0,1042.0,239.0,58.87279878216716,74.71635129010753,53.3112608923502,37.70355369719754,16.66775334556054,40.684149231168256,45.41842492551452,67.68099969409023,53.72225682285568,82.86613551966418
2025-03-09 20:17:48.662667,1360.0,726.0,353.0,2454.0,1041.0,239.0,58.87279878216716,74.71635129010753,53.3112608923502,37.70355369719754,16.66775334556054,40.684149231168256,45.41842492551452,67.68099969409023,53.72225682285568,82.86613551966418
2025-03-09 20:17:48.662667,1329.0,706.0,353.0,2475.0,1040.0,242.0,58.87279878216716,74.71635129010753,53.3112608923502,37.70355369719754,16.66775334556054,40.684149231168256,45.41842492551452,67.68099969409023,53.72225682285568,82.86613551966418
2025-03-09 20:17:48.662667,1349.0,721.0,354.0,2480.0,1044.0,241.0,58.87279878216716,74.71635129010753,53.3112608923502,37.70355369719754,16.66775334556054,40.684149231168256,45.41842492551452,67.68099969409023,53.72225682285568,82.86613551966418
2025-03-09 20:17:48.671000,1374.0,717.0,355.0,2473.0,1043.0,241.0,58.7180636168547,74.69524600488371,53.24275615244902,37.66295058211053,16.669171001983184,40.64244827211954,45.44148607704347,67.62796411489926,53.779429929915004,82.71714901059099
2025-03-09 20:17:48.671000,1408.0,721.0,359.0,2477.0,1042.0,240.0,58.7180636168547,74.69524600488371,53.24275615244902,37.66295058211053,16.669171001983184,40.64244827211954,45.44148607704347,67.62796411489926,53.779429929915004,82.71714901059099
2025-03-09 20:17:48.671000,1413.0,739.0,363.0,2477.0,1043.0,240.0,58.7180636168547,74.69524600488371,53.24275615244902,37.66295058211053,16.669171001983184,40.64244827211954,45.44148607704347,67.62796411489926,53.779429929915004,82.71714901059099
2025-03-09 20:17:48.679333,1456.0,755.0,366.0,2473.0,1041.0,239.0,58.57348706092656,74.67286349746011,53.16728114336333,37.61977963690202,16.66966798642573,40.59896923110611,45.471697748224464,67.5745011978051,53.82664167241391,82.58333784425271
2025-03-09 20:17:48.679333,1403.0,742.0,368.0,2466.0,1041.0,240.0,58.57348706092656,74.67286349746011,53.16728114336333,37.61977963690202,16.66966798642573,40.59896923110611,45.471697748224464,67.5745011978051,53.82664167241391,82.58333784425271
2025-03-09 20:17:48.679333,1439.0,756.0,368.0,2477.0,1041.0,236.0,58.57348706092656,74.67286349746011,53.16728114336333,37.61977963690202,16.66966798642573,40.59896923110611,45.471697748224464,67.5745011978051,53.82664167241391,82.58333784425271
2025-03-09 20:17:48.687667,1443.0,762.0,365.0,2480.0,1040.0,240.0,58.43791727859683,74.6485657613214,53.08582904069519,37.57459658543781,16.667980151508736,40.55335512663139,45.50763638992281,67.5216985530029,53.865707363187866,82.46382961503
2025-03-09 20:17:48.687667,1446.0,779.0,365.0,2483.0,1047.0,240.0,58.43791727859683,74.6485657613214,53.08582904069519,37.57459658543781,16.667980151508736,40.55335512663139,45.50763638992281,67.5216985530029,53.865707363187866,82.46382961503
2025-03-09 20:17:48.687667,1460.0,768.0,375.0,2479.0,1040.0,239.0,58.43791727859683,74.6485657613214,53.08582904069519,37.57459658543781,16.667980151508736,40.55335512663139,45.50763638992281,67.5216985530029,53.865707363187866,82.46382961503
2025-03-09 20:17:48.687667,1494.0,788.0,364.0,2471.0,1040.0,240.0,58.43791727859683,74.6485657613214,53.08582904069519,37.57459658543781,16.667980151508736,40.55335512663139,45.50763638992281,67.5216985530029,53.865707363187866,82.46382961503
2025-03-09 20:17:48.696000,1495.0,789.0,368.0,2468.0,1038.0,239.0,58.31111730400953,74.6222499183165,52.99965786913416,37.526884074504174,16.663379999102094,40.50453172273085,45.548455729710064,67.47095712148628,53.89727103698582,82.35834684433037
2025-03-09 20:17:48.696000,1502.0,790.0,354.0,2474.0,1040.0,244.0,58.31111730400953,74.6222499183165,52.99965786913416,37.526884074504174,16.663379999102094,40.50453172273085,45.548455729710064,67.47095712148628,53.89727103698582,82.35834684433037
2025-03-09 20:17:48.696000,1506.0,791.0,379.0,2475.0,1039.0,240.0,58.31111730400953,74.6222499183165,52.99965786913416,37.526884074504174,16.663379999102094,40.50453172273085,45.548455729710064,67.47095712148628,53.89727103698582,82.35834684433037
2025-03-09 20:17:48.704333,1511.0,793.0,335.0,2474.0,1038.0,240.0,58.19308553698136,74.59409324050382,52.91000243007152,37.47485449453137,16.656390496972506,40.45094294285509,45.59375805691193,67.42272594217435,53.920136896647,82.2676512541441
2025-03-09 20:17:48.704333,1505.0,796.0,357.0,2469.0,1040.0,238.0,58.19308553698136,74.59409324050382,52.91000243007152,37.47485449453137,16.656390496972506,40.45094294285509,45.59375805691193,67.42272594217435,53.920136896647,82.2676512541441
2025-03-09 20:17:48.704333,1508.0,811.0,381.0,2470.0,1039.0,240.0,58.19308553698136,74.59409324050382,52.91000243007152,37.47485449453137,16.656390496972506,40.45094294285509,45.59375805691193,67.42272594217435,53.920136896647,82.2676512541441
2025-03-09 20:17:48.704333,1535.0,835.0,367.0,2470.0,1035.0,236.0,58.19308553698136,74.59409324050382,52.91000243007152,37.47485449453137,16.656390496972506,40.45094294285509,45.59375805691193,67.42272594217435,53.920136896647,82.2676512541441
2025-03-09 20:17:48.712667,1535.0,835.0,367.0,2470.0,1037.0,236.0,58.08360241588533,74.56370891218906,52.81784379481225,37.41909877704477,16.647828938927255,40.39350643499759,45.64226442630466,67.37604125473425,53.93361500821391,82.19241436098172
2025-03-09 20:17:48.712667,1535.0,838.0,352.0,2473.0,1022.0,235.0,58.08360241588533,74.56370891218906,52.81784379481225,37.41909877704477,16.647828938927255,40.39350643499759,45.64226442630466,67.37604125473425,53.93361500821391,82.19241436098172
2025-03-09 20:17:48.712667,1555.0,853.0,361.0,2469.0,1035.0,238.0,58.08360241588533,74.56370891218906,52.81784379481225,37.41909877704477,16.647828938927255,40.39350643499759,45.64226442630466,67.37604125473425,53.93361500821391,82.19241436098172
2025-03-09 20:17:48.721000,1535.0,817.0,363.0,2471.0,1040.0,238.0,57.98282976279856,74.53030424979856,52.72321067343746,37.363488291496694,16.638268415847282,40.336223548018815,45.6924064324466,67.32908371405081,53.93829031171269,82.13217332849946
2025-03-09 20:17:48.721000,1535.0,839.0,363.0,2465.0,1036.0,237.0,57.98282976279856,74.53030424979856,52.72321067343746,37.363488291496694,16.638268415847282,40.336223548018815,45.6924064324466,67.32908371405081,53.93829031171269,82.13217332849946
2025-03-09 20:17:48.721000,1535.0,845.0,357.0,2467.0,1039.0,235.0,57.98282976279856,74.53030424979856,52.72321067343746,37.363488291496694,16.638268415847282,40.336223548018815,45.6924064324466,67.32908371405081,53.93829031171269,82.13217332849946
2025-03-09 20:17:48.721000,1572.0,854.0,365.0,2464.0,1023.0,216.0,57.98282976279856,74.53030424979856,52.72321067343746,37.363488291496694,16.638268415847282,40.336223548018815,45.6924064324466,67.32908371405081,53.93829031171269,82.13217332849946
2025-03-09 20:17:48.729333,1582.0,859.0,367.0,2460.0,1033.0,230.0,57.890667238328255,74.4939499062082,52.6277600596173,37.31073895929245,16.62811744565533,40.28159011246173,45.7427714378792,67.2820854953921,53.935924204648366,82.08658131305005
2025-03-09 20:17:48.729333,1573.0,871.0,375.0,2469.0,1035.0,237.0,57.890667238328255,74.4939499062082,52.6277600596173,37.31073895929245,16.62811744565533,40.28159011246173,45.7427714378792,67.2820854953921,53.935924204648366,82.08658131305005
2025-03-09 20:17:48.729333,1591.0,912.0,365.0,2466.0,1038.0,238.0,57.890667238328255,74.4939499062082,52.6277600596173,37.31073895929245,16.62811744565533,40.28159011246173,45.7427714378792,67.2820854953921,53.935924204648366,82.08658131305005
2025-03-09 20:17:48.737667,1577.0,870.0,372.0,2463.0,1035.0,230.0,57.80628779747946,74.45438840028754,52.533270369637755,37.26181594489116,16.617589688647104,40.230018962861436,45.79269505021256,67.23633212595841,53.92797076934615,82.05494420722562
2025-03-09 20:17:48.737667,1575.0,878.0,364.0,2463.0,1037.0,234.0,57.80628779747946,74.45438840028754,52.533270369637755,37.26181594489116,16.617589688647104,40.230018962861436,45.79269505021256,67.23633212595841,53.92797076934615,82.05494420722562
2025-03-09 20:17:48.737667,1584.0,881.0,357.0,2464.0,1033.0,235.0,57.80628779747946,74.45438840028754,52.533270369637755,37.26181594489116,16.617589688647104,40.230018962861436,45.79269505021256,67.23633212595841,53.92797076934615,82.05494420722562
2025-03-09 20:17:48.746000,1606.0,906.0,377.0,2463.0,1023.0,236.0,57.72890200786552,74.4105293557595,52.44028106930609,37.216840364059685,16.605951688244918,40.18068155827455,45.84203218462137,67.19333673478346,53.915032615814226,82.03474100931035
2025-03-09 20:17:48.746000,1588.0,902.0,379.0,2467.0,1023.0,235.0,57.72890200786552,74.4105293557595,52.44028106930609,37.216840364059685,16.605951688244918,40.18068155827455,45.84203218462137,67.19333673478346,53.915032615814226,82.03474100931035
2025-03-09 20:17:48.746000,1603.0,912.0,372.0,2459.0,1023.0,234.0,57.72890200786552,74.4105293557595,52.44028106930609,37.216840364059685,16.605951688244918,40.18068155827455,45.84203218462137,67.19333673478346,53.915032615814226,82.03474100931035
2025-03-09 20:17:48.746000,1615.0,908.0,375.0,2463.0,1023.0,235.0,57.72890200786552,74.4105293557595,52.44028106930609,37.216840364059685,16.605951688244918,40.18068155827455,45.84203218462137,67.19333673478346,53.915032615814226,82.03474100931035
2025-03-09 20:17:48.754333,1619.0,912.0,371.0,2463.0,1023.0,230.0,57.65824030769888,74.36271149839112,52.34927865174439,37.17420049898376,16.59283290657731,40.13158615029481,45.89134664123404,67.15481768783748,53.897266153895465,82.02312576866566
2025-03-09 20:17:48.754333,1618.0,914.0,371.0,2458.0,1015.0,237.0,57.65824030769888,74.36271149839112,52.34927865174439,37.17420049898376,16.59283290657731,40.13158615029481,45.89134664123404,67.15481768783748,53.897266153895465,82.02312576866566
2025-03-09 20:17:48.754333,1616.0,919.0,370.0,2461.0,1022.0,236.0,57.65824030769888,74.36271149839112,52.34927865174439,37.17420049898376,16.59283290657731,40.13158615029481,45.89134664123404,67.15481768783748,53.897266153895465,82.02312576866566
2025-03-09 20:17:48.762667,1631.0,933.0,400.0,2450.0,1013.0,239.0,57.59533082850284,74.31258667300088,52.260723162932976,37.13124454731543,16.578852192337305,40.08036420180662,45.942476176945924,67.12280622269523,53.873901641739096,82.01779516585617
2025-03-09 20:17:48.762667,1631.0,935.0,400.0,2455.0,1023.0,235.0,57.59533082850284,74.31258667300088,52.260723162932976,37.13124454731543,16.578852192337305,40.08036420180662,45.942476176945924,67.12280622269523,53.873901641739096,82.01779516585617
2025-03-09 20:17:48.762667,1634.0,944.0,397.0,2458.0,1019.0,233.0,57.59533082850284,74.31258667300088,52.260723162932976,37.13124454731543,16.578852192337305,40.08036420180662,45.942476176945924,67.12280622269523,53.873901641739096,82.01779516585617
2025-03-09 20:17:48.762667,1634.0,939.0,404.0,2454.0,1018.0,230.0,57.59533082850284,74.31258667300088,52.260723162932976,37.13124454731543,16.578852192337305,40.08036420180662,45.942476176945924,67.12280622269523,53.873901641739096,82.01779516585617
2025-03-09 20:17:48.771000,1630.0,940.0,400.0,2453.0,1016.0,231.0,57.54123397422353,74.261844724085,52.17426953884583,37.0871288100652,16.56515976921012,40.02700684097836,45.9967380789725,67.0972871524912,53.844331955800016,82.0172706548786
2025-03-09 20:17:48.771000,1630.0,944.0,396.0,2462.0,1013.0,233.0,57.54123397422353,74.261844724085,52.17426953884583,37.0871288100652,16.56515976921012,40.02700684097836,45.9967380789725,67.0972871524912,53.844331955800016,82.0172706548786
2025-03-09 20:17:48.771000,1631.0,943.0,400.0,2461.0,1017.0,231.0,57.54123397422353,74.261844724085,52.17426953884583,37.0871288100652,16.56515976921012,40.02700684097836,45.9967380789725,67.0972871524912,53.844331955800016,82.0172706548786
2025-03-09 20:17:48.779333,1638.0,953.0,394.0,2451.0,1017.0,231.0,57.49615232104623,74.21201879115131,52.09108411326695,37.04445249357274,16.55361977048401,39.97555074246044,46.05204904350908,67.07529114948919,53.80925965015644,82.02053915199126
2025-03-09 20:17:48.779333,1616.0,958.0,401.0,2454.0,1014.0,234.0,57.49615232104623,74.21201879115131,52.09108411326695,37.04445249357274,16.55361977048401,39.97555074246044,46.05204904350908,67.07529114948919,53.80925965015644,82.02053915199126
2025-03-09 20:17:48.779333,1617.0,948.0,400.0,2450.0,1011.0,233.0,57.49615232104623,74.21201879115131,52.09108411326695,37.04445249357274,16.55361977048401,39.97555074246044,46.05204904350908,67.07529114948919,53.80925965015644,82.02053915199126
2025-03-09 20:17:48.779333,1632.0,953.0,414.0,2452.0,1010.0,227.0,57.49615232104623,74.21201879115131,52.09108411326695,37.04445249357274,16.55361977048401,39.97555074246044,46.05204904350908,67.07529114948919,53.80925965015644,82.02053915199126
2025-03-09 20:17:48.787667,1616.0,954.0,399.0,2457.0,1015.0,233.0,57.460329301263634,74.16373796350355,52.01461975802347,37.00759227881683,16.54561777312906,39.93139883169961,46.10340038132022,67.05374105539943,53.76978811284206,82.02600142896111
2025-03-09 20:17:48.787667,1610.0,958.0,400.0,2454.0,1013.0,231.0,57.460329301263634,74.16373796350355,52.01461975802347,37.00759227881683,16.54561777312906,39.93139883169961,46.10340038132022,67.05374105539943,53.76978811284206,82.02600142896111
2025-03-09 20:17:48.787667,1617.0,953.0,401.0,2454.0,1017.0,233.0,57.460329301263634,74.16373796350355,52.01461975802347,37.00759227881683,16.54561777312906,39.93139883169961,46.10340038132022,67.05374105539943,53.76978811284206,82.02600142896111
2025-03-09 20:17:48.796000,1619.0,963.0,413.0,2449.0,1011.0,230.0,57.43356260372007,74.11713792153135,51.94768568935146,36.978739774583765,16.54080180380581,39.89688888758782,46.146463483682375,67.03137790280208,53.72702650184248,82.03197107611263
2025-03-09 20:17:48.796000,1583.0,960.0,395.0,2450.0,1011.0,233.0,57.43356260372007,74.11713792153135,51.94768568935146,36.978739774583765,16.54080180380581,39.89688888758782,46.146463483682375,67.03137790280208,53.72702650184248,82.03197107611263
2025-03-09 20:17:48.796000,1664.0,958.0,400.0,2451.0,1008.0,228.0,57.43356260372007,74.11713792153135,51.94768568935146,36.978739774583765,16.54080180380581,39.89688888758782,46.146463483682375,67.03137790280208,53.72702650184248,82.03197107611263
2025-03-09 20:17:48.804333,1621.0,959.0,402.0,2447.0,1010.0,229.0,57.414874657142434,74.07300989829336,51.89208883933285,36.95807034602292,16.538582616411645,39.872065747750845,46.17926328713368,67.00850038576878,53.682896477146656,82.03835684450154
2025-03-09 20:17:48.804333,1630.0,964.0,402.0,2448.0,1013.0,229.0,57.414874657142434,74.07300989829336,51.89208883933285,36.95807034602292,16.538582616411645,39.872065747750845,46.17926328713368,67.00850038576878,53.682896477146656,82.03835684450154
2025-03-09 20:17:48.804333,1614.0,976.0,414.0,2448.0,1010.0,233.0,57.414874657142434,74.07300989829336,51.89208883933285,36.95807034602292,16.538582616411645,39.872065747750845,46.17926328713368,67.00850038576878,53.682896477146656,82.03835684450154
2025-03-09 20:17:48.804333,1616.0,962.0,400.0,2458.0,1011.0,230.0,57.414874657142434,74.07300989829336,51.89208883933285,36.95807034602292,16.538582616411645,39.872065747750845,46.17926328713368,67.00850038576878,53.682896477146656,82.03835684450154
2025-03-09 20:17:48.812667,1616.0,962.0,413.0,2447.0,1008.0,226.0,57.40343607914988,74.03219085229075,51.84935172597955,36.94610460131406,16.538129443114595,39.85680068939143,46.20110941618568,66.98685221901317,53.64029687894148,82.04595202753416
2025-03-09 20:17:48.812667,1616.0,970.0,414.0,2448.0,1008.0,231.0,57.40343607914988,74.03219085229075,51.84935172597955,36.94610460131406,16.538129443114595,39.85680068939143,46.20110941618568,66.98685221901317,53.64029687894148,82.04595202753416
2025-03-09 20:17:48.812667,1618.0,973.0,397.0,2449.0,1012.0,235.0,57.40343607914988,74.03219085229075,51.84935172597955,36.94610460131406,16.538129443114595,39.85680068939143,46.20110941618568,66.98685221901317,53.64029687894148,82.04595202753416
2025-03-09 20:17:48.821000,1616.0,965.0,406.0,2448.0,1009.0,229.0,57.39952526401509,73.99602836825424,51.82071093032096,36.941623079149984,16.539597377696527,39.84992767149377,46.21237068745857,66.96793501718959,53.59992261522271,82.05548632758808
2025-03-09 20:17:48.821000,1616.0,969.0,419.0,2448.0,1008.0,229.0,57.39952526401509,73.99602836825424,51.82071093032096,36.941623079149984,16.539597377696527,39.84992767149377,46.21237068745857,66.96793501718959,53.59992261522271,82.05548632758808
2025-03-09 20:17:48.821000,1616.0,973.0,413.0,2448.0,1008.0,233.0,57.39952526401509,73.99602836825424,51.82071093032096,36.941623079149984,16.539597377696527,39.84992767149377,46.21237068745857,66.96793501718959,53.59992261522271,82.05548632758808
2025-03-09 20:17:48.821000,1616.0,969.0,421.0,2448.0,1008.0,227.0,57.39952526401509,73.99602836825424,51.82071093032096,36.941623079149984,16.539597377696527,39.84992767149377,46.21237068745857,66.96793501718959,53.59992261522271,82.05548632758808
2025-03-09 20:17:48.829333,1604.0,967.0,410.0,2447.0,1005.0,231.0,57.40437549702612,73.96675477851015,51.80612552719937,36.93993416259951,16.544221224462454,39.84749993675959,46.21640203592319,66.95387140219978,53.559964062762425,82.06712952955525
2025-03-09 20:17:48.829333,1600.0,967.0,410.0,2448.0,1002.0,230.0,57.40437549702612,73.96675477851015,51.80612552719937,36.93993416259951,16.544221224462454,39.84749993675959,46.21640203592319,66.95387140219978,53.559964062762425,82.06712952955525
2025-03-09 20:17:48.829333,1600.0,969.0,415.0,2445.0,1007.0,230.0,57.40437549702612,73.96675477851015,51.80612552719937,36.93993416259951,16.544221224462454,39.84749993675959,46.21640203592319,66.95387140219978,53.559964062762425,82.06712952955525
2025-03-09 20:17:48.837667,1600.0,960.0,410.0,2450.0,1006.0,230.0,57.418922205491725,73.94563723987947,51.80477325175737,36.937817217763,16.5529794528579,39.8466416251423,46.21678145308703,66.94654826463224,53.5190900869373,82.0804961450189
2025-03-09 20:17:48.837667,1599.0,966.0,416.0,2446.0,999.0,228.0,57.418922205491725,73.94563723987947,51.80477325175737,36.937817217763,16.5529794528579,39.8466416251423,46.21678145308703,66.94654826463224,53.5190900869373,82.0804961450189
2025-03-09 20:17:48.837667,1591.0,965.0,417.0,2448.0,1003.0,227.0,57.418922205491725,73.94563723987947,51.80477325175737,36.937817217763,16.5529794528579,39.8466416251423,46.21678145308703,66.94654826463224,53.5190900869373,82.0804961450189
2025-03-09 20:17:48.837667,1596.0,958.0,417.0,2449.0,1005.0,225.0,57.418922205491725,73.94563723987947,51.80477325175737,36.937817217763,16.5529794528579,39.8466416251423,46.21678145308703,66.94654826463224,53.5190900869373,82.0804961450189
2025-03-09 20:17:48.846000,1596.0,960.0,413.0,2448.0,1006.0,225.0,57.44399652425556,73.93298019502939,51.8153147964496,36.93697084430726,16.565289287832133,39.848782494156076,46.21453061240566,66.94630922250187,53.47856355949913,82.09625719012027
2025-03-09 20:17:48.846000,1581.0,960.0,418.0,2448.0,999.0,225.0,57.44399652425556,73.93298019502939,51.8153147964496,36.93697084430726,16.565289287832133,39.848782494156076,46.21453061240566,66.94630922250187,53.47856355949913,82.09625719012027
2025-03-09 20:17:48.846000,1584.0,965.0,422.0,2438.0,1004.0,229.0,57.44399652425556,73.93298019502939,51.8153147964496,36.93697084430726,16.565289287832133,39.848782494156076,46.21453061240566,66.94630922250187,53.47856355949913,82.09625719012027
2025-03-09 20:17:48.854333,1584.0,961.0,406.0,2451.0,1004.0,230.0,57.480275047556894,73.92945893401362,51.83587340295237,36.93957676103879,16.57930753606418,39.85573036390845,46.20959114363784,66.95296392409945,53.44074098799172,82.11567549972494
2025-03-09 20:17:48.854333,1582.0,961.0,419.0,2448.0,1003.0,229.0,57.480275047556894,73.92945893401362,51.83587340295237,36.93957676103879,16.57930753606418,39.85573036390845,46.20959114363784,66.95296392409945,53.44074098799172,82.11567549972494
2025-03-09 20:17:48.854333,1584.0,961.0,427.0,2446.0,1001.0,230.0,57.480275047556894,73.92945893401362,51.83587340295237,36.93957676103879,16.57930753606418,39.85573036390845,46.20959114363784,66.95296392409945,53.44074098799172,82.11567549972494
2025-03-09 20:17:48.854333,1575.0,954.0,418.0,2448.0,998.0,230.0,57.480275047556894,73.92945893401362,51.83587340295237,36.93957676103879,16.57930753606418,39.85573036390845,46.20959114363784,66.95296392409945,53.44074098799172,82.11567549972494
2025-03-09 20:17:48.862667,1580.0,960.0,425.0,2454.0,1003.0,232.0,57.52793994625662,73.93550517052203,51.865169533116074,36.9471422582176,16.593627017580147,39.86866937825357,46.20179899593885,66.96635751301943,53.407532723297,82.13887667935494
2025-03-09 20:17:48.862667,1556.0,951.0,414.0,2448.0,999.0,227.0,57.52793994625662,73.93550517052203,51.865169533116074,36.9471422582176,16.593627017580147,39.86866937825357,46.20179899593885,66.96635751301943,53.407532723297,82.13887667935494
2025-03-09 20:17:48.862667,1554.0,943.0,410.0,2450.0,999.0,229.0,57.52793994625662,73.93550517052203,51.865169533116074,36.9471422582176,16.593627017580147,39.86866937825357,46.20179899593885,66.96635751301943,53.407532723297,82.13887667935494
2025-03-09 20:17:48.871000,1535.0,944.0,416.0,2448.0,1018.0,228.0,57.58736211029143,73.95071134438246,51.90352678142391,36.96401293732598,16.608067455900326,39.8915105065789,46.190154235811264,66.98613127217536,53.38123713380672,82.16543906858729
2025-03-09 20:17:48.871000,1535.0,947.0,400.0,2447.0,1005.0,228.0,57.58736211029143,73.95071134438246,51.90352678142391,36.96401293732598,16.608067455900326,39.8915105065789,46.190154235811264,66.98613127217536,53.38123713380672,82.16543906858729
2025-03-09 20:17:48.871000,1535.0,947.0,401.0,2444.0,1005.0,228.0,57.58736211029143,73.95071134438246,51.90352678142391,36.96401293732598,16.608067455900326,39.8915105065789,46.190154235811264,66.98613127217536,53.38123713380672,82.16543906858729
2025-03-09 20:17:48.871000,1530.0,940.0,414.0,2449.0,976.0,229.0,57.58736211029143,73.95071134438246,51.90352678142391,36.96401293732598,16.608067455900326,39.8915105065789,46.190154235811264,66.98613127217536,53.38123713380672,82.16543906858729
2025-03-09 20:17:48.879333,1526.0,937.0,411.0,2448.0,1005.0,231.0,57.65858151926107,73.97452924703477,51.951929015138404,36.99337007327531,16.623147608594202,39.92756825558777,46.17277674016993,67.01078519436312,53.36267144624711,82.19566681787865
2025-03-09 20:17:48.879333,1515.0,924.0,417.0,2443.0,1008.0,231.0,57.65858151926107,73.97452924703477,51.951929015138404,36.99337007327531,16.623147608594202,39.92756825558777,46.17277674016993,67.01078519436312,53.36267144624711,82.19566681787865
2025-03-09 20:17:48.879333,1514.0,929.0,412.0,2452.0,1008.0,234.0,57.65858151926107,73.97452924703477,51.951929015138404,36.99337007327531,16.623147608594202,39.92756825558777,46.17277674016993,67.01078519436312,53.36267144624711,82.19566681787865
2025-03-09 20:17:48.887667,1520.0,923.0,416.0,2448.0,1008.0,228.0,57.73947812776715,74.00589127179168,52.01081341282553,37.03362049988459,16.639078847159503,39.97569643908264,46.14771836641025,67.03799772126251,53.35054919539451,82.23037838614269
2025-03-09 20:17:48.887667,1512.0,916.0,421.0,2438.0,1008.0,235.0,57.73947812776715,74.00589127179168,52.01081341282553,37.03362049988459,16.639078847159503,39.97569643908264,46.14771836641025,67.03799772126251,53.35054919539451,82.23037838614269
2025-03-09 20:17:48.887667,1499.0,917.0,415.0,2441.0,1008.0,231.0,57.73947812776715,74.00589127179168,52.01081341282553,37.03362049988459,16.639078847159503,39.97569643908264,46.14771836641025,67.03799772126251,53.35054919539451,82.23037838614269
2025-03-09 20:17:48.896000,1504.0,911.0,422.0,2446.0,1005.0,231.0,57.82598499969811,74.04177316253666,52.07960166910925,37.08050877770625,16.655634519572306,40.03150629834758,46.113988969750196,67.06571150566234,53.34205346368766,82.26884247302112
2025-03-09 20:17:48.896000,1503.0,915.0,425.0,2448.0,1006.0,230.0,57.82598499969811,74.04177316253666,52.07960166910925,37.08050877770625,16.655634519572306,40.03150629834758,46.113988969750196,67.06571150566234,53.34205346368766,82.26884247302112
2025-03-09 20:17:48.896000,1467.0,895.0,437.0,2453.0,1013.0,235.0,57.82598499969811,74.04177316253666,52.07960166910925,37.08050877770625,16.655634519572306,40.03150629834758,46.113988969750196,67.06571150566234,53.34205346368766,82.26884247302112
2025-03-09 20:17:48.896000,1468.0,894.0,451.0,2451.0,1013.0,237.0,57.82598499969811,74.04177316253666,52.07960166910925,37.08050877770625,16.655634519572306,40.03150629834758,46.113988969750196,67.06571150566234,53.34205346368766,82.26884247302112
2025-03-09 20:17:48.904333,1473.0,895.0,447.0,2449.0,1018.0,231.0,57.91456972308614,74.07979853282765,52.157638332897506,37.12881873903011,16.672996452904002,40.08998929857659,46.07128777255045,67.09205876633534,53.333740641498636,82.31000123150112
2025-03-09 20:17:48.904333,1462.0,881.0,445.0,2449.0,1015.0,236.0,57.91456972308614,74.07979853282765,52.157638332897506,37.12881873903011,16.672996452904002,40.08998929857659,46.07128777255045,67.09205876633534,53.333740641498636,82.31000123150112
2025-03-09 20:17:48.904333,1460.0,894.0,445.0,2448.0,1020.0,235.0,57.91456972308614,74.07979853282765,52.157638332897506,37.12881873903011,16.672996452904002,40.08998929857659,46.07128777255045,67.09205876633534,53.333740641498636,82.31000123150112
2025-03-09 20:17:48.912667,1456.0,883.0,461.0,2448.0,1019.0,235.0,58.00388892990951,74.11859838192215,52.24328350129427,37.17545787336236,16.691911809841077,40.14845065440025,46.02108509036327,67.11574386336822,53.32268876778243,82.35285501402777
2025-03-09 20:17:48.912667,1456.0,880.0,456.0,2452.0,1022.0,238.0,58.00388892990951,74.11859838192215,52.24328350129427,37.17545787336236,16.691911809841077,40.14845065440025,46.02108509036327,67.11574386336822,53.32268876778243,82.35285501402777
2025-03-09 20:17:48.912667,1423.0,863.0,450.0,2449.0,1040.0,240.0,58.00388892990951,74.11859838192215,52.24328350129427,37.17545787336236,16.691911809841077,40.14845065440025,46.02108509036327,67.11574386336822,53.32268876778243,82.35285501402777
2025-03-09 20:17:48.912667,1415.0,863.0,453.0,2447.0,1037.0,240.0,58.00388892990951,74.11859838192215,52.24328350129427,37.17545787336236,16.691911809841077,40.14845065440025,46.02108509036327,67.11574386336822,53.32268876778243,82.35285501402777
2025-03-09 20:17:48.921000,1403.0,863.0,452.0,2448.0,1038.0,240.0,58.093465900752285,74.15571037582939,52.33220257653919,37.221702720294836,16.712561402558098,40.20778591500094,45.96656953368651,67.13550890114439,53.30758905980634,82.39594234320057
2025-03-09 20:17:48.921000,1405.0,859.0,437.0,2449.0,1039.0,240.0,58.093465900752285,74.15571037582939,52.33220257653919,37.221702720294836,16.712561402558098,40.20778591500094,45.96656953368651,67.13550890114439,53.30758905980634,82.39594234320057
2025-03-09 20:17:48.921000,1407.0,854.0,447.0,2448.0,1041.0,242.0,58.093465900752285,74.15571037582939,52.33220257653919,37.221702720294836,16.712561402558098,40.20778591500094,45.96656953368651,67.13550890114439,53.30758905980634,82.39594234320057
2025-03-09 20:17:48.929333,1403.0,855.0,446.0,2450.0,1013.0,240.0,58.182520210617525,74.18960119298355,52.42348877974343,37.27077497671684,16.735353583348367,40.27081938761357,45.908004702833246,67.15038853579713,53.28948004126273,82.44031632843111
2025-03-09 20:17:48.929333,1403.0,851.0,451.0,2454.0,1051.0,240.0,58.182520210617525,74.18960119298355,52.42348877974343,37.27077497671684,16.735353583348367,40.27081938761357,45.908004702833246,67.15038853579713,53.28948004126273,82.44031632843111
2025-03-09 20:17:48.929333,1362.0,838.0,447.0,2455.0,1063.0,248.0,58.182520210617525,74.18960119298355,52.42348877974343,37.27077497671684,16.735353583348367,40.27081938761357,45.908004702833246,67.15038853579713,53.28948004126273,82.44031632843111
2025-03-09 20:17:48.929333,1347.0,821.0,448.0,2460.0,1062.0,243.0,58.182520210617525,74.18960119298355,52.42348877974343,37.27077497671684,16.735353583348367,40.27081938761357,45.908004702833246,67.15038853579713,53.28948004126273,82.44031632843111
2025-03-09 20:17:48.937667,1350.0,832.0,446.0,2453.0,1047.0,247.0,58.27091950212574,74.21993155839202,52.517425428258,37.324420577326464,16.760237411972405,40.339068116196195,45.84483670554649,67.16018994193507,53.26935869675182,82.48853392595602
2025-03-09 20:17:48.937667,1346.0,823.0,455.0,2451.0,1065.0,229.0,58.27091950212574,74.21993155839202,52.517425428258,37.324420577326464,16.760237411972405,40.339068116196195,45.84483670554649,67.16018994193507,53.26935869675182,82.48853392595602
2025-03-09 20:17:48.937667,1341.0,826.0,463.0,2455.0,1066.0,246.0,58.27091950212574,74.21993155839202,52.517425428258,37.324420577326464,16.760237411972405,40.339068116196195,45.84483670554649,67.16018994193507,53.26935869675182,82.48853392595602
2025-03-09 20:17:48.946000,1342.0,823.0,471.0,2455.0,1069.0,250.0,58.35854928970788,74.24685775020211,52.61202683813168,37.38192407027599,16.785866039908363,40.41149992859216,45.77797432961459,67.16514891514328,53.24766875860168,82.54277014463304
2025-03-09 20:17:48.946000,1341.0,819.0,470.0,2449.0,1067.0,243.0,58.35854928970788,74.24685775020211,52.61202683813168,37.38192407027599,16.785866039908363,40.41149992859216,45.77797432961459,67.16514891514328,53.24766875860168,82.54277014463304
2025-03-09 20:17:48.946000,1296.0,795.0,480.0,2457.0,1084.0,256.0,58.35854928970788,74.24685775020211,52.61202683813168,37.38192407027599,16.785866039908363,40.41149992859216,45.77797432961459,67.16514891514328,53.24766875860168,82.54277014463304
2025-03-09 20:17:48.946000,1287.0,794.0,447.0,2460.0,1084.0,257.0,58.35854928970788,74.24685775020211,52.61202683813168,37.38192407027599,16.785866039908363,40.41149992859216,45.77797432961459,67.16514891514328,53.24766875860168,82.54277014463304
2025-03-09 20:17:48.954333,1287.0,791.0,454.0,2459.0,1088.0,261.0,58.44426522499018,74.27067510694673,52.70535356682137,37.44031919952559,16.811711496610627,40.485173403777004,45.709213934088076,67.1655212062501,53.223954443600526,82.6049268301176
2025-03-09 20:17:48.954333,1283.0,794.0,444.0,2466.0,1087.0,258.0,58.44426522499018,74.27067510694673,52.70535356682137,37.44031919952559,16.811711496610627,40.485173403777004,45.709213934088076,67.1655212062501,53.223954443600526,82.6049268301176
2025-03-09 20:17:48.954333,1279.0,796.0,441.0,2429.0,1091.0,258.0,58.44426522499018,74.27067510694673,52.70535356682137,37.44031919952559,16.811711496610627,40.485173403777004,45.709213934088076,67.1655212062501,53.223954443600526,82.6049268301176
2025-03-09 20:17:48.962667,1277.0,780.0,436.0,2459.0,1094.0,261.0,58.52660176918409,74.29170730902538,52.798357191440175,37.497249400086105,16.83904554965937,40.558007902125055,45.63958652732987,67.16195755500641,53.19791182142283,82.67596857679183
2025-03-09 20:17:48.962667,1269.0,786.0,431.0,2448.0,1099.0,266.0,58.52660176918409,74.29170730902538,52.798357191440175,37.497249400086105,16.83904554965937,40.558007902125055,45.63958652732987,67.16195755500641,53.19791182142283,82.67596857679183
2025-03-09 20:17:48.962667,1233.0,803.0,407.0,2461.0,1109.0,263.0,58.52660176918409,74.29170730902538,52.798357191440175,37.497249400086105,16.83904554965937,40.558007902125055,45.63958652732987,67.16195755500641,53.19791182142283,82.67596857679183
2025-03-09 20:17:48.962667,1236.0,767.0,414.0,2463.0,1113.0,271.0,58.52660176918409,74.29170730902538,52.798357191440175,37.497249400086105,16.83904554965937,40.558007902125055,45.63958652732987,67.16195755500641,53.19791182142283,82.67596857679183
2025-03-09 20:17:48.971000,1234.0,766.0,409.0,2458.0,1105.0,269.0,58.605049312908704,74.31098317560654,52.89369659349054,37.55225073228634,16.868987528757962,40.62986374546984,45.56823349005272,67.15512078736845,53.170384133064225,82.7566142180973
2025-03-09 20:17:48.971000,1225.0,805.0,409.0,2470.0,1118.0,269.0,58.605049312908704,74.31098317560654,52.89369659349054,37.55225073228634,16.868987528757962,40.62986374546984,45.56823349005272,67.15512078736845,53.170384133064225,82.7566142180973
2025-03-09 20:17:48.971000,1222.0,757.0,410.0,2467.0,1110.0,270.0,58.605049312908704,74.31098317560654,52.89369659349054,37.55225073228634,16.868987528757962,40.62986374546984,45.56823349005272,67.15512078736845,53.170384133064225,82.7566142180973
2025-03-09 20:17:48.971000,1223.0,766.0,426.0,2463.0,1113.0,269.0,58.605049312908704,74.31098317560654,52.89369659349054,37.55225073228634,16.868987528757962,40.62986374546984,45.56823349005272,67.15512078736845,53.170384133064225,82.7566142180973
2025-03-09 20:17:48.979333,1217.0,759.0,421.0,2458.0,1123.0,272.0,58.6796866669145,74.3294750757088,52.994156100850134,37.60574418757209,16.899990431877445,40.70092255512509,45.491302876999576,67.14528857970983,53.14316875538822,82.84725489504476
2025-03-09 20:17:48.979333,1187.0,746.0,408.0,2464.0,1125.0,276.0,58.6796866669145,74.3294750757088,52.994156100850134,37.60574418757209,16.899990431877445,40.70092255512509,45.491302876999576,67.14528857970983,53.14316875538822,82.84725489504476
2025-03-09 20:17:48.987667,1168.0,743.0,423.0,2453.0,1123.0,275.0,58.75064153141836,74.34801082671231,53.10021602053554,37.65907098886197,16.930615727438624,40.772150243859265,45.407111662185955,67.13274878418873,53.11848422926051,82.94861745303649
2025-03-09 20:17:48.987667,1179.0,738.0,432.0,2462.0,1120.0,278.0,58.75064153141836,74.34801082671231,53.10021602053554,37.65907098886197,16.930615727438624,40.772150243859265,45.407111662185955,67.13274878418873,53.11848422926051,82.94861745303649
2025-03-09 20:17:48.987667,1171.0,735.0,415.0,2463.0,1124.0,278.0,58.75064153141836,74.34801082671231,53.10021602053554,37.65907098886197,16.930615727438624,40.772150243859265,45.407111662185955,67.13274878418873,53.11848422926051,82.94861745303649
2025-03-09 20:17:48.987667,1172.0,733.0,409.0,2460.0,1120.0,279.0,58.75064153141836,74.34801082671231,53.10021602053554,37.65907098886197,16.930615727438624,40.772150243859265,45.407111662185955,67.13274878418873,53.11848422926051,82.94861745303649
2025-03-09 20:17:48.996000,1168.0,733.0,414.0,2455.0,1115.0,283.0,58.81838974580334,74.36739049848804,53.210766576204904,37.714085018849325,16.960304472259008,40.84495561217833,45.31687297400417,67.11859079077502,53.09857309046975,83.06263123646926
2025-03-09 20:17:48.996000,1157.0,737.0,429.0,2463.0,1121.0,279.0,58.81838974580334,74.36739049848804,53.210766576204904,37.714085018849325,16.960304472259008,40.84495561217833,45.31687297400417,67.11859079077502,53.09857309046975,83.06263123646926
2025-03-09 20:17:48.996000,1133.0,720.0,428.0,2459.0,1130.0,288.0,58.81838974580334,74.36739049848804,53.210766576204904,37.714085018849325,16.960304472259008,40.84495561217833,45.31687297400417,67.11859079077502,53.09857309046975,83.06263123646926
2025-03-09 20:17:48.996000,1131.0,719.0,423.0,2470.0,1129.0,288.0,58.81838974580334,74.36739049848804,53.210766576204904,37.714085018849325,16.960304472259008,40.84495561217833,45.31687297400417,67.11859079077502,53.09857309046975,83.06263123646926
2025-03-09 20:17:49.004333,1125.0,713.0,431.0,2470.0,1136.0,288.0,58.88327533469629,74.38903500794119,53.32670222325287,37.771257499367515,16.988124009200895,40.91941341814818,45.220100556115916,67.10440364995628,53.08575817185888,83.19162727412427
2025-03-09 20:17:49.004333,1123.0,707.0,429.0,2459.0,1125.0,290.0,58.88327533469629,74.38903500794119,53.32670222325287,37.771257499367515,16.988124009200895,40.91941341814818,45.220100556115916,67.10440364995628,53.08575817185888,83.19162727412427
2025-03-09 20:17:49.004333,1121.0,704.0,415.0,2466.0,1118.0,291.0,58.88327533469629,74.38903500794119,53.32670222325287,37.771257499367515,16.988124009200895,40.91941341814818,45.220100556115916,67.10440364995628,53.08575817185888,83.19162727412427
2025-03-09 20:17:49.012667,1121.0,709.0,432.0,2480.0,1117.0,291.0,58.94453307895216,74.41448816281618,53.45096754927573,37.828400323760576,17.013239375508498,40.99328343738694,45.11439412678367,67.09139259838035,53.08141060253542,83.33735755405147
2025-03-09 20:17:49.012667,1109.0,731.0,418.0,2474.0,1121.0,290.0,58.94453307895216,74.41448816281618,53.45096754927573,37.828400323760576,17.013239375508498,40.99328343738694,45.11439412678367,67.09139259838035,53.08141060253542,83.33735755405147
2025-03-09 20:17:49.012667,1105.0,707.0,426.0,2469.0,1125.0,291.0,58.94453307895216,74.41448816281618,53.45096754927573,37.828400323760576,17.013239375508498,40.99328343738694,45.11439412678367,67.09139259838035,53.08141060253542,83.33735755405147
2025-03-09 20:17:49.021000,1083.0,685.0,433.0,2450.0,1123.0,313.0,59.000767673234904,74.44417353045652,53.58571742797707,37.88311312636684,17.03572532691201,41.06438228189855,44.99798284488639,67.07959261788805,53.085439478641874,83.50043400245283
2025-03-09 20:17:49.021000,1079.0,709.0,439.0,2474.0,1115.0,295.0,59.000767673234904,74.44417353045652,53.58571742797707,37.88311312636684,17.03572532691201,41.06438228189855,44.99798284488639,67.07959261788805,53.085439478641874,83.50043400245283
2025-03-09 20:17:49.021000,1075.0,688.0,432.0,2474.0,1127.0,299.0,59.000767673234904,74.44417353045652,53.58571742797707,37.88311312636684,17.03572532691201,41.06438228189855,44.99798284488639,67.07959261788805,53.085439478641874,83.50043400245283
2025-03-09 20:17:49.021000,1072.0,682.0,420.0,2465.0,1119.0,245.0,59.000767673234904,74.44417353045652,53.58571742797707,37.88311312636684,17.03572532691201,41.06438228189855,44.99798284488639,67.07959261788805,53.085439478641874,83.50043400245283
2025-03-09 20:17:49.029333,1072.0,681.0,422.0,2479.0,1117.0,300.0,59.05185289760345,74.47853465617942,53.73105149939268,37.934577376591825,17.05581549567466,41.132025254790676,44.871216408661724,67.06929535534505,53.09779397694063,83.68134734291887
2025-03-09 20:17:49.029333,1072.0,694.0,432.0,2475.0,1119.0,300.0,59.05185289760345,74.47853465617942,53.73105149939268,37.934577376591825,17.05581549567466,41.132025254790676,44.871216408661724,67.06929535534505,53.09779397694063,83.68134734291887
2025-03-09 20:17:49.029333,1071.0,688.0,421.0,2461.0,1122.0,301.0,59.05185289760345,74.47853465617942,53.73105149939268,37.934577376591825,17.05581549567466,41.132025254790676,44.871216408661724,67.06929535534505,53.09779397694063,83.68134734291887
2025-03-09 20:17:49.029333,991.0,680.0,466.0,2487.0,1119.0,303.0,59.05185289760345,74.47853465617942,53.73105149939268,37.934577376591825,17.05581549567466,41.132025254790676,44.871216408661724,67.06929535534505,53.09779397694063,83.68134734291887
2025-03-09 20:17:49.037667,1002.0,677.0,417.0,2479.0,1104.0,305.0,59.098816446314174,74.51856739237496,53.88597043094443,37.98204694808344,17.074038059561644,41.195833266113745,44.7358800795712,67.06100396570983,53.11790411242313,83.88062656926192
2025-03-09 20:17:49.037667,1041.0,678.0,426.0,2474.0,1105.0,306.0,59.098816446314174,74.51856739237496,53.88597043094443,37.98204694808344,17.074038059561644,41.195833266113745,44.7358800795712,67.06100396570983,53.11790411242313,83.88062656926192
2025-03-09 20:17:49.037667,1040.0,678.0,433.0,2481.0,1121.0,304.0,59.098816446314174,74.51856739237496,53.88597043094443,37.98204694808344,17.074038059561644,41.195833266113745,44.7358800795712,67.06100396570983,53.11790411242313,83.88062656926192
2025-03-09 20:17:49.046000,1023.0,679.0,447.0,2480.0,1122.0,305.0,59.14246361409933,74.5633537939929,54.049552538824884,38.025323468084146,17.091464760102806,41.2561243293236,44.59275650065534,67.05344388990852,53.143151448634015,84.09725320157978
2025-03-09 20:17:49.046000,1040.0,688.0,450.0,2460.0,1120.0,304.0,59.14246361409933,74.5633537939929,54.049552538824884,38.025323468084146,17.091464760102806,41.2561243293236,44.59275650065534,67.05344388990852,53.143151448634015,84.09725320157978
2025-03-09 20:17:49.046000,1072.0,676.0,438.0,2477.0,1122.0,304.0,59.14246361409933,74.5633537939929,54.049552538824884,38.025323468084146,17.091464760102806,41.2561243293236,44.59275650065534,67.05344388990852,53.143151448634015,84.09725320157978
2025-03-09 20:17:49.046000,1002.0,674.0,439.0,2480.0,1131.0,309.0,59.14246361409933,74.5633537939929,54.049552538824884,38.025323468084146,17.091464760102806,41.2561243293236,44.59275650065534,67.05344388990852,53.143151448634015,84.09725320157978
2025-03-09 20:17:49.054333,994.0,656.0,451.0,2480.0,1099.0,310.0,59.18382048685936,74.61090150489811,54.22210815373854,38.06563122447889,17.10951772948651,41.31448924516001,44.44150467530015,67.04493653346482,53.17059827966074,84.33016807230463
2025-03-09 20:17:49.054333,1002.0,651.0,465.0,2477.0,1123.0,293.0,59.18382048685936,74.61090150489811,54.22210815373854,38.06563122447889,17.10951772948651,41.31448924516001,44.44150467530015,67.04493653346482,53.17059827966074,84.33016807230463
2025-03-09 20:17:49.054333,998.0,662.0,453.0,2482.0,1121.0,313.0,59.18382048685936,74.61090150489811,54.22210815373854,38.06563122447889,17.10951772948651,41.31448924516001,44.44150467530015,67.04493653346482,53.17059827966074,84.33016807230463
2025-03-09 20:17:49.062667,997.0,669.0,438.0,2480.0,1128.0,311.0,59.22378742168128,74.66071364534227,54.40509086992607,38.10505130055464,17.128858201562256,41.37263427625329,44.28227369583575,67.036575569172,53.20091042180708,84.57969856992312
2025-03-09 20:17:49.062667,996.0,658.0,449.0,2479.0,1121.0,309.0,59.22378742168128,74.66071364534227,54.40509086992607,38.10505130055464,17.128858201562256,41.37263427625329,44.28227369583575,67.036575569172,53.20091042180708,84.57969856992312
2025-03-09 20:17:49.062667,993.0,667.0,430.0,2469.0,1123.0,313.0,59.22378742168128,74.66071364534227,54.40509086992607,38.10505130055464,17.128858201562256,41.37263427625329,44.28227369583575,67.036575569172,53.20091042180708,84.57969856992312
2025-03-09 20:17:49.062667,970.0,670.0,444.0,2471.0,1120.0,319.0,59.22378742168128,74.66071364534227,54.40509086992607,38.10505130055464,17.128858201562256,41.37263427625329,44.28227369583575,67.036575569172,53.20091042180708,84.57969856992312
2025-03-09 20:17:49.071000,971.0,650.0,439.0,2486.0,1121.0,318.0,59.26243490212946,74.7134213899889,54.60013763014728,38.146135395140554,17.149143877886644,41.432105708420245,44.11549120924838,67.03125796220883,53.23791368482853,84.845868484206
2025-03-09 20:17:49.071000,973.0,656.0,431.0,2480.0,1119.0,318.0,59.26243490212946,74.7134213899889,54.60013763014728,38.146135395140554,17.149143877886644,41.432105708420245,44.11549120924838,67.03125796220883,53.23791368482853,84.845868484206
2025-03-09 20:17:49.071000,958.0,655.0,422.0,2480.0,1118.0,320.0,59.26243490212946,74.7134213899889,54.60013763014728,38.146135395140554,17.149143877886644,41.432105708420245,44.11549120924838,67.03125796220883,53.23791368482853,84.845868484206
2025-03-09 20:17:49.079333,970.0,630.0,397.0,2483.0,1118.0,319.0,59.3001618164869,74.77033377055572,54.809546698586274,38.190872827709676,17.170538079964665,41.494283996723894,43.94143296992746,67.0318346223288,53.285133811374386,85.12773706545107
2025-03-09 20:17:49.079333,976.0,657.0,430.0,2485.0,1116.0,320.0,59.3001618164869,74.77033377055572,54.809546698586274,38.190872827709676,17.170538079964665,41.494283996723894,43.94143296992746,67.0318346223288,53.285133811374386,85.12773706545107
2025-03-09 20:17:49.079333,971.0,656.0,424.0,2494.0,1114.0,320.0,59.3001618164869,74.77033377055572,54.809546698586274,38.190872827709676,17.170538079964665,41.494283996723894,43.94143296992746,67.0318346223288,53.285133811374386,85.12773706545107
2025-03-09 20:17:49.079333,953.0,648.0,431.0,2485.0,1116.0,320.0,59.3001618164869,74.77033377055572,54.809546698586274,38.190872827709676,17.170538079964665,41.494283996723894,43.94143296992746,67.0318346223288,53.285133811374386,85.12773706545107
2025-03-09 20:17:49.087667,950.0,635.0,404.0,2491.0,1111.0,323.0,59.33802673816246,74.83213825549414,55.032844350778994,38.240040099477696,17.193163684189,41.559674565459034,43.76209361740012,67.04007584805711,53.343634092905624,85.42366309636688
2025-03-09 20:17:49.087667,960.0,628.0,406.0,2470.0,1109.0,321.0,59.33802673816246,74.83213825549414,55.032844350778994,38.240040099477696,17.193163684189,41.559674565459034,43.76209361740012,67.04007584805711,53.343634092905624,85.42366309636688
2025-03-09 20:17:49.087667,949.0,638.0,410.0,2491.0,1106.0,321.0,59.33802673816246,74.83213825549414,55.032844350778994,38.240040099477696,17.193163684189,41.559674565459034,43.76209361740012,67.04007584805711,53.343634092905624,85.42366309636688
2025-03-09 20:17:49.096000,945.0,613.0,400.0,2486.0,1109.0,323.0,59.376369838108005,74.89836211746903,55.26668073211907,38.29414965824874,17.21597194376096,41.62832208608304,43.57972068777559,67.0562756127227,53.413524702095074,85.73193839523282
2025-03-09 20:17:49.096000,943.0,641.0,405.0,2480.0,1106.0,321.0,59.376369838108005,74.89836211746903,55.26668073211907,38.29414965824874,17.21597194376096,41.62832208608304,43.57972068777559,67.0562756127227,53.413524702095074,85.73193839523282
2025-03-09 20:17:49.096000,945.0,623.0,406.0,2495.0,1107.0,325.0,59.376369838108005,74.89836211746903,55.26668073211907,38.29414965824874,17.21597194376096,41.62832208608304,43.57972068777559,67.0562756127227,53.413524702095074,85.73193839523282
2025-03-09 20:17:49.096000,960.0,637.0,401.0,2492.0,1104.0,325.0,59.376369838108005,74.89836211746903,55.26668073211907,38.29414965824874,17.21597194376096,41.62832208608304,43.57972068777559,67.0562756127227,53.413524702095074,85.73193839523282
2025-03-09 20:17:49.104333,936.0,630.0,407.0,2494.0,1102.0,323.0,59.4131387190978,74.96726146601169,55.509065899220296,38.35403244029705,17.237488548439117,41.70072938846019,43.3923803038006,67.07790350021821,53.49481329344319,86.05030798804277
2025-03-09 20:17:49.104333,938.0,630.0,411.0,2496.0,1097.0,323.0,59.4131387190978,74.96726146601169,55.509065899220296,38.35403244029705,17.237488548439117,41.70072938846019,43.3923803038006,67.07790350021821,53.49481329344319,86.05030798804277
2025-03-09 20:17:49.104333,936.0,636.0,409.0,2495.0,1096.0,321.0,59.4131387190978,74.96726146601169,55.509065899220296,38.35403244029705,17.237488548439117,41.70072938846019,43.3923803038006,67.07790350021821,53.49481329344319,86.05030798804277
2025-03-09 20:17:49.112667,937.0,626.0,393.0,2494.0,1094.0,323.0,59.445381675171035,75.03663717075776,55.759473652344425,38.420547094304304,17.2572842025925,41.77783634879148,43.19673243547694,67.10125507517232,53.58690283037573,86.37552273853568
2025-03-09 20:17:49.112667,927.0,623.0,397.0,2496.0,1095.0,322.0,59.445381675171035,75.03663717075776,55.759473652344425,38.420547094304304,17.2572842025925,41.77783634879148,43.19673243547694,67.10125507517232,53.58690283037573,86.37552273853568
2025-03-09 20:17:49.112667,935.0,622.0,381.0,2490.0,1090.0,336.0,59.445381675171035,75.03663717075776,55.759473652344425,38.420547094304304,17.2572842025925,41.77783634879148,43.19673243547694,67.10125507517232,53.58690283037573,86.37552273853568
2025-03-09 20:17:49.112667,933.0,627.0,396.0,2501.0,1093.0,324.0,59.445381675171035,75.03663717075776,55.759473652344425,38.420547094304304,17.2572842025925,41.77783634879148,43.19673243547694,67.10125507517232,53.58690283037573,86.37552273853568
2025-03-09 20:17:49.121000,935.0,625.0,382.0,2499.0,1093.0,335.0,59.47246594764696,75.10498255092077,56.01692881807127,38.494594352484576,17.276243550042686,41.86084164238109,42.99268317877751,67.12437043707868,53.688247000412275,86.70438626423767
2025-03-09 20:17:49.121000,922.0,609.0,390.0,2503.0,1090.0,324.0,59.47246594764696,75.10498255092077,56.01692881807127,38.494594352484576,17.276243550042686,41.86084164238109,42.99268317877751,67.12437043707868,53.688247000412275,86.70438626423767
2025-03-09 20:17:49.121000,917.0,623.0,391.0,2500.0,1083.0,324.0,59.47246594764696,75.10498255092077,56.01692881807127,38.494594352484576,17.276243550042686,41.86084164238109,42.99268317877751,67.12437043707868,53.688247000412275,86.70438626423767
2025-03-09 20:17:49.121000,919.0,614.0,399.0,2501.0,1085.0,326.0,59.47246594764696,75.10498255092077,56.01692881807127,38.494594352484576,17.276243550042686,41.86084164238109,42.99268317877751,67.12437043707868,53.688247000412275,86.70438626423767
2025-03-09 20:17:49.129333,919.0,622.0,382.0,2500.0,1087.0,325.0,59.49483427966253,75.17081869863019,56.279965235283406,38.57617039167592,17.294757816017658,41.94979286922437,42.78135165283069,67.14644640769572,53.79669615585574,87.03462392251178
2025-03-09 20:17:49.129333,899.0,629.0,389.0,2511.0,1086.0,335.0,59.49483427966253,75.17081869863019,56.279965235283406,38.57617039167592,17.294757816017658,41.94979286922437,42.78135165283069,67.14644640769572,53.79669615585574,87.03462392251178
2025-03-09 20:17:49.129333,919.0,621.0,389.0,2501.0,1083.0,320.0,59.49483427966253,75.17081869863019,56.279965235283406,38.57617039167592,17.294757816017658,41.94979286922437,42.78135165283069,67.14644640769572,53.79669615585574,87.03462392251178
2025-03-09 20:17:49.137667,924.0,624.0,396.0,2501.0,1082.0,326.0,59.511188999642286,75.23243799013893,56.5472638954007,38.66367991742554,17.311994922188262,42.04285291662118,42.56244960800619,67.16644033952448,53.910627984365505,87.36441986766452
2025-03-09 20:17:49.137667,912.0,593.0,400.0,2505.0,1079.0,327.0,59.511188999642286,75.23243799013893,56.5472638954007,38.66367991742554,17.311994922188262,42.04285291662118,42.56244960800619,67.16644033952448,53.910627984365505,87.36441986766452
2025-03-09 20:17:49.137667,909.0,613.0,405.0,2503.0,1076.0,327.0,59.511188999642286,75.23243799013893,56.5472638954007,38.66367991742554,17.311994922188262,42.04285291662118,42.56244960800619,67.16644033952448,53.910627984365505,87.36441986766452
2025-03-09 20:17:49.137667,912.0,607.0,409.0,2508.0,1077.0,327.0,59.511188999642286,75.23243799013893,56.5472638954007,38.66367991742554,17.311994922188262,42.04285291662118,42.56244960800619,67.16644033952448,53.910627984365505,87.36441986766452
2025-03-09 20:17:49.146000,921.0,583.0,418.0,2512.0,1076.0,323.0,59.520477474367034,75.28918482229372,56.8173068918538,38.754904194210205,17.327312742523684,42.13778497526203,42.33641847626277,67.183799662678,54.02873470342971,87.69251076947064
2025-03-09 20:17:49.146000,912.0,605.0,411.0,2506.0,1077.0,333.0,59.520477474367034,75.28918482229372,56.8173068918538,38.754904194210205,17.327312742523684,42.13778497526203,42.33641847626277,67.183799662678,54.02873470342971,87.69251076947064
2025-03-09 20:17:49.146000,913.0,631.0,400.0,2509.0,1077.0,327.0,59.520477474367034,75.28918482229372,56.8173068918538,38.754904194210205,17.327312742523684,42.13778497526203,42.33641847626277,67.183799662678,54.02873470342971,87.69251076947064
2025-03-09 20:17:49.154333,910.0,599.0,411.0,2503.0,1078.0,327.0,59.52492768573956,75.3421706307564,57.088502280078835,38.847618103538004,17.342129144913596,42.233259171829424,42.10674195589933,67.1990231097531,54.148249551709604,88.01910747290941
2025-03-09 20:17:49.154333,893.0,603.0,405.0,2509.0,1073.0,331.0,59.52492768573956,75.3421706307564,57.088502280078835,38.847618103538004,17.342129144913596,42.233259171829424,42.10674195589933,67.1990231097531,54.148249551709604,88.01910747290941
2025-03-09 20:17:49.154333,863.0,592.0,399.0,2514.0,1072.0,332.0,59.52492768573956,75.3421706307564,57.088502280078835,38.847618103538004,17.342129144913596,42.233259171829424,42.10674195589933,67.1990231097531,54.148249551709604,88.01910747290941
2025-03-09 20:17:49.154333,898.0,592.0,384.0,2515.0,1072.0,332.0,59.52492768573956,75.3421706307564,57.088502280078835,38.847618103538004,17.342129144913596,42.233259171829424,42.10674195589933,67.1990231097531,54.148249551709604,88.01910747290941
2025-03-09 20:17:49.162667,896.0,592.0,378.0,2513.0,1071.0,336.0,59.528238857826324,75.39279864088904,57.36144411248723,38.94478172308062,17.35537419576917,42.33152867181584,41.87412320510011,67.21491727954704,54.27124319617051,88.34629606099806
2025-03-09 20:17:49.162667,895.0,593.0,386.0,2513.0,1073.0,334.0,59.528238857826324,75.39279864088904,57.36144411248723,38.94478172308062,17.35537419576917,42.33152867181584,41.87412320510011,67.21491727954704,54.27124319617051,88.34629606099806
2025-03-09 20:17:49.162667,895.0,592.0,384.0,2513.0,1073.0,332.0,59.528238857826324,75.39279864088904,57.36144411248723,38.94478172308062,17.35537419576917,42.33152867181584,41.87412320510011,67.21491727954704,54.27124319617051,88.34629606099806
2025-03-09 20:17:49.171000,889.0,592.0,385.0,2526.0,1066.0,333.0,59.53110573162712,75.439308716552,57.637185276336325,39.05217085877152,17.365173088521523,42.43713734999075,41.63492158447597,67.23091753246091,54.400184808448465,88.67452361594975
2025-03-09 20:17:49.171000,893.0,582.0,391.0,2517.0,1062.0,333.0,59.53110573162712,75.439308716552,57.637185276336325,39.05217085877152,17.365173088521523,42.43713734999075,41.63492158447597,67.23091753246091,54.400184808448465,88.67452361594975
2025-03-09 20:17:49.171000,881.0,579.0,381.0,2519.0,1060.0,335.0,59.53110573162712,75.439308716552,57.637185276336325,39.05217085877152,17.365173088521523,42.43713734999075,41.63492158447597,67.23091753246091,54.400184808448465,88.67452361594975
2025-03-09 20:17:49.171000,882.0,576.0,376.0,2526.0,1065.0,334.0,59.53110573162712,75.439308716552,57.637185276336325,39.05217085877152,17.365173088521523,42.43713734999075,41.63492158447597,67.23091753246091,54.400184808448465,88.67452361594975
2025-03-09 20:17:49.179333,893.0,577.0,383.0,2523.0,1067.0,335.0,59.53259245250997,75.47882596383114,57.917270523590894,39.16715500277675,17.37326742208592,42.548495444789936,41.38693282027093,67.2432712843407,54.5297713688321,89.0030205186845
2025-03-09 20:17:49.179333,884.0,582.0,379.0,2517.0,1067.0,334.0,59.53259245250997,75.47882596383114,57.917270523590894,39.16715500277675,17.37326742208592,42.548495444789936,41.38693282027093,67.2432712843407,54.5297713688321,89.0030205186845
2025-03-09 20:17:49.179333,884.0,572.0,378.0,2523.0,1065.0,333.0,59.53259245250997,75.47882596383114,57.917270523590894,39.16715500277675,17.37326742208592,42.548495444789936,41.38693282027093,67.2432712843407,54.5297713688321,89.0030205186845
2025-03-09 20:17:49.179333,883.0,576.0,371.0,2525.0,1058.0,335.0,59.53259245250997,75.47882596383114,57.917270523590894,39.16715500277675,17.37326742208592,42.548495444789936,41.38693282027093,67.2432712843407,54.5297713688321,89.0030205186845
2025-03-09 20:17:49.187667,880.0,578.0,381.0,2523.0,1059.0,336.0,59.53421418086305,75.51060430575508,58.204173781460014,39.28385065139585,17.3807541597818,42.66065148820569,41.1301157244546,67.25169943018827,54.654763338784235,89.33351816038788
2025-03-09 20:17:49.187667,883.0,577.0,381.0,2522.0,1063.0,333.0,59.53421418086305,75.51060430575508,58.204173781460014,39.28385065139585,17.3807541597818,42.66065148820569,41.1301157244546,67.25169943018827,54.654763338784235,89.33351816038788
2025-03-09 20:17:49.187667,877.0,576.0,379.0,2531.0,1061.0,336.0,59.53421418086305,75.51060430575508,58.204173781460014,39.28385065139585,17.3807541597818,42.66065148820569,41.1301157244546,67.25169943018827,54.654763338784235,89.33351816038788
2025-03-09 20:17:49.196000,876.0,566.0,381.0,2539.0,1062.0,335.0,59.53887856283999,75.53436897973417,58.49685383161709,39.40118789585638,17.387909887853905,42.77259762832572,40.867384399939375,67.25728758568131,54.77297819574862,89.66749756903948
2025-03-09 20:17:49.196000,869.0,571.0,371.0,2541.0,1061.0,336.0,59.53887856283999,75.53436897973417,58.49685383161709,39.40118789585638,17.387909887853905,42.77259762832572,40.867384399939375,67.25728758568131,54.77297819574862,89.66749756903948
2025-03-09 20:17:49.196000,863.0,569.0,367.0,2527.0,1061.0,336.0,59.53887856283999,75.53436897973417,58.49685383161709,39.40118789585638,17.387909887853905,42.77259762832572,40.867384399939375,67.25728758568131,54.77297819574862,89.66749756903948
2025-03-09 20:17:49.196000,869.0,566.0,372.0,2542.0,1063.0,336.0,59.53887856283999,75.53436897973417,58.49685383161709,39.40118789585638,17.387909887853905,42.77259762832572,40.867384399939375,67.25728758568131,54.77297819574862,89.66749756903948
2025-03-09 20:17:49.204333,871.0,567.0,376.0,2543.0,1061.0,336.0,59.5482558447686,75.54957796620022,58.791400854614174,39.52004645005174,17.395419818397475,42.88535328055513,40.602999196592314,67.25981574155136,54.882905184555824,90.00334342210849
2025-03-09 20:17:49.204333,876.0,567.0,385.0,2534.0,1056.0,335.0,59.5482558447686,75.54957796620022,58.791400854614174,39.52004645005174,17.395419818397475,42.88535328055513,40.602999196592314,67.25981574155136,54.882905184555824,90.00334342210849
2025-03-09 20:17:49.204333,873.0,561.0,368.0,2544.0,1067.0,345.0,59.5482558447686,75.54957796620022,58.791400854614174,39.52004645005174,17.395419818397475,42.88535328055513,40.602999196592314,67.25981574155136,54.882905184555824,90.00334342210849
2025-03-09 20:17:49.212667,864.0,561.0,368.0,2540.0,1067.0,348.0,59.56014140579346,75.55501756960432,59.08534879306077,39.64055566978567,17.40294897889505,42.99888281338163,40.337495375890015,67.25775180623086,54.98460911394883,90.33724019219095
2025-03-09 20:17:49.212667,861.0,560.0,336.0,2538.0,1067.0,346.0,59.56014140579346,75.55501756960432,59.08534879306077,39.64055566978567,17.40294897889505,42.99888281338163,40.337495375890015,67.25775180623086,54.98460911394883,90.33724019219095
2025-03-09 20:17:49.212667,863.0,558.0,366.0,2541.0,1068.0,349.0,59.56014140579346,75.55501756960432,59.08534879306077,39.64055566978567,17.40294897889505,42.99888281338163,40.337495375890015,67.25775180623086,54.98460911394883,90.33724019219095
2025-03-09 20:17:49.212667,863.0,555.0,361.0,2541.0,1074.0,346.0,59.56014140579346,75.55501756960432,59.08534879306077,39.64055566978567,17.40294897889505,42.99888281338163,40.337495375890015,67.25775180623086,54.98460911394883,90.33724019219095
2025-03-09 20:17:49.221000,859.0,550.0,364.0,2544.0,1071.0,353.0,59.57061769470653,75.54876364759012,59.37644264516348,39.76201761035624,17.41027269919529,43.112583190186534,40.069807469405255,67.24789123302261,55.07733578835562,90.66497716574575
2025-03-09 20:17:49.221000,862.0,556.0,368.0,2545.0,1072.0,352.0,59.57061769470653,75.54876364759012,59.37644264516348,39.76201761035624,17.41027269919529,43.112583190186534,40.069807469405255,67.24789123302261,55.07733578835562,90.66497716574575
2025-03-09 20:17:49.221000,865.0,548.0,362.0,2544.0,1073.0,352.0,59.57061769470653,75.54876364759012,59.37644264516348,39.76201761035624,17.41027269919529,43.112583190186534,40.069807469405255,67.24789123302261,55.07733578835562,90.66497716574575
2025-03-09 20:17:49.229333,845.0,555.0,359.0,2557.0,1088.0,358.0,59.57886303709363,75.52932835791773,59.66044199330878,39.88576896420019,17.41795467114204,43.228013106290675,39.802094460839506,67.22786531015903,55.15948517850567,90.98249585501084
2025-03-09 20:17:49.229333,850.0,545.0,360.0,2555.0,1083.0,359.0,59.57886303709363,75.52932835791773,59.66044199330878,39.88576896420019,17.41795467114204,43.228013106290675,39.802094460839506,67.22786531015903,55.15948517850567,90.98249585501084
2025-03-09 20:17:49.229333,848.0,543.0,356.0,2553.0,1090.0,362.0,59.57886303709363,75.52932835791773,59.66044199330878,39.88576896420019,17.41795467114204,43.228013106290675,39.802094460839506,67.22786531015903,55.15948517850567,90.98249585501084
2025-03-09 20:17:49.229333,847.0,547.0,359.0,2553.0,1089.0,361.0,59.57886303709363,75.52932835791773,59.66044199330878,39.88576896420019,17.41795467114204,43.228013106290675,39.802094460839506,67.22786531015903,55.15948517850567,90.98249585501084
2025-03-09 20:17:49.237667,848.0,539.0,356.0,2550.0,1090.0,366.0,59.58575783583688,75.49537895342282,59.93383015277403,40.01485481123377,17.425821896403242,43.347968738182914,39.53610932646692,67.19641530759515,55.23035158663614,91.28708093723768
2025-03-09 20:17:49.237667,838.0,543.0,352.0,2556.0,1100.0,365.0,59.58575783583688,75.49537895342282,59.93383015277403,40.01485481123377,17.425821896403242,43.347968738182914,39.53610932646692,67.19641530759515,55.23035158663614,91.28708093723768
2025-03-09 20:17:49.237667,845.0,548.0,349.0,2554.0,1115.0,363.0,59.58575783583688,75.49537895342282,59.93383015277403,40.01485481123377,17.425821896403242,43.347968738182914,39.53610932646692,67.19641530759515,55.23035158663614,91.28708093723768
2025-03-09 20:17:49.246000,821.0,537.0,351.0,2555.0,1113.0,374.0,59.58943471345253,75.44618317724861,60.193440802391464,40.148908046603914,17.431455452788356,43.47121200672935,39.27207516872068,67.15344435073146,55.290908672003944,91.57945940328074
2025-03-09 20:17:49.246000,839.0,530.0,351.0,2559.0,1114.0,373.0,59.58943471345253,75.44618317724861,60.193440802391464,40.148908046603914,17.431455452788356,43.47121200672935,39.27207516872068,67.15344435073146,55.290908672003944,91.57945940328074
2025-03-09 20:17:49.246000,820.0,528.0,346.0,2559.0,1118.0,374.0,59.58943471345253,75.44618317724861,60.193440802391464,40.148908046603914,17.431455452788356,43.47121200672935,39.27207516872068,67.15344435073146,55.290908672003944,91.57945940328074
2025-03-09 20:17:49.246000,823.0,534.0,348.0,2559.0,1118.0,374.0,59.58943471345253,75.44618317724861,60.193440802391464,40.148908046603914,17.431455452788356,43.47121200672935,39.27207516872068,67.15344435073146,55.290908672003944,91.57945940328074
2025-03-09 20:17:49.254333,816.0,538.0,365.0,2559.0,1120.0,378.0,59.587758783497634,75.38231986915075,60.438392411154865,40.28576345601243,17.431807244811374,43.5944685583016,39.009345601202824,67.10089292254297,55.34370847899867,91.8609276380444
2025-03-09 20:17:49.254333,817.0,535.0,349.0,2559.0,1123.0,377.0,59.587758783497634,75.38231986915075,60.438392411154865,40.28576345601243,17.431807244811374,43.5944685583016,39.009345601202824,67.10089292254297,55.34370847899867,91.8609276380444
2025-03-09 20:17:49.254333,814.0,535.0,359.0,2559.0,1123.0,374.0,59.587758783497634,75.38231986915075,60.438392411154865,40.28576345601243,17.431807244811374,43.5944685583016,39.009345601202824,67.10089292254297,55.34370847899867,91.8609276380444
2025-03-09 20:17:49.254333,816.0,532.0,346.0,2559.0,1125.0,382.0,59.587758783497634,75.38231986915075,60.438392411154865,40.28576345601243,17.431807244811374,43.5944685583016,39.009345601202824,67.10089292254297,55.34370847899867,91.8609276380444
2025-03-09 20:17:49.262667,791.0,523.0,352.0,2559.0,1151.0,389.0,59.579021396949244,75.30205242099895,60.668145206804304,40.42191523173741,17.424235998015593,43.713225514191436,38.747159159421265,67.03948131183414,55.38823652762199,92.13100056536912
2025-03-09 20:17:49.262667,788.0,528.0,351.0,2559.0,1153.0,391.0,59.579021396949244,75.30205242099895,60.668145206804304,40.42191523173741,17.424235998015593,43.713225514191436,38.747159159421265,67.03948131183414,55.38823652762199,92.13100056536912
2025-03-09 20:17:49.262667,795.0,529.0,350.0,2559.0,1154.0,390.0,59.579021396949244,75.30205242099895,60.668145206804304,40.42191523173741,17.424235998015593,43.713225514191436,38.747159159421265,67.03948131183414,55.38823652762199,92.13100056536912
2025-03-09 20:17:49.271000,794.0,535.0,357.0,2559.0,1157.0,390.0,59.56030317939538,75.2023672312407,60.88042669093281,40.55453377120956,17.40758919606492,43.82439173380192,38.48490512520253,66.9668472443117,55.42182391800278,92.38999094052397
2025-03-09 20:17:49.271000,786.0,523.0,354.0,2559.0,1168.0,398.0,59.56030317939538,75.2023672312407,60.88042669093281,40.55453377120956,17.40758919606492,43.82439173380192,38.48490512520253,66.9668472443117,55.42182391800278,92.38999094052397
2025-03-09 20:17:49.271000,790.0,529.0,351.0,2559.0,1162.0,395.0,59.56030317939538,75.2023672312407,60.88042669093281,40.55453377120956,17.40758919606492,43.82439173380192,38.48490512520253,66.9668472443117,55.42182391800278,92.38999094052397
2025-03-09 20:17:49.271000,785.0,525.0,352.0,2559.0,1162.0,395.0,59.56030317939538,75.2023672312407,60.88042669093281,40.55453377120956,17.40758919606492,43.82439173380192,38.48490512520253,66.9668472443117,55.42182391800278,92.38999094052397
2025-03-09 20:17:49.279333,762.0,511.0,352.0,2559.0,1191.0,407.0,59.530566388236466,75.08292920444539,61.07397958841212,40.68412045615514,17.38280893009537,43.9290159751046,38.222644112366524,66.88110447025495,55.44348340391804,92.63959737126373
2025-03-09 20:17:49.279333,757.0,511.0,333.0,2559.0,1179.0,407.0,59.530566388236466,75.08292920444539,61.07397958841212,40.68412045615514,17.38280893009537,43.9290159751046,38.222644112366524,66.88110447025495,55.44348340391804,92.63959737126373
2025-03-09 20:17:49.279333,763.0,527.0,341.0,2559.0,1195.0,410.0,59.530566388236466,75.08292920444539,61.07397958841212,40.68412045615514,17.38280893009537,43.9290159751046,38.222644112366524,66.88110447025495,55.44348340391804,92.63959737126373
2025-03-09 20:17:49.287667,757.0,510.0,351.0,2593.0,1200.0,412.0,59.49058757943351,74.94483730394657,61.247806570689775,40.810541362250035,17.351071759397186,44.0273840034097,37.96291488935184,66.78306182586454,55.45298016848913,92.8817353501546
2025-03-09 20:17:49.287667,763.0,511.0,350.0,2559.0,1200.0,410.0,59.49058757943351,74.94483730394657,61.247806570689775,40.810541362250035,17.351071759397186,44.0273840034097,37.96291488935184,66.78306182586454,55.45298016848913,92.8817353501546
2025-03-09 20:17:49.287667,755.0,511.0,343.0,2588.0,1200.0,411.0,59.49058757943351,74.94483730394657,61.247806570689775,40.810541362250035,17.351071759397186,44.0273840034097,37.96291488935184,66.78306182586454,55.45298016848913,92.8817353501546
2025-03-09 20:17:49.287667,754.0,510.0,351.0,2585.0,1199.0,417.0,59.49058757943351,74.94483730394657,61.247806570689775,40.810541362250035,17.351071759397186,44.0273840034097,37.96291488935184,66.78306182586454,55.45298016848913,92.8817353501546
2025-03-09 20:17:49.296000,752.0,510.0,358.0,2589.0,1195.0,415.0,59.44074705744108,74.78989175581081,61.40075292379031,40.93169796475039,17.313155104423153,44.11763584406571,37.70938080331991,66.67501492151372,55.450593774938525,93.11743110396876
2025-03-09 20:17:49.296000,720.0,511.0,347.0,2587.0,1214.0,432.0,59.44074705744108,74.78989175581081,61.40075292379031,40.93169796475039,17.313155104423153,44.11763584406571,37.70938080331991,66.67501492151372,55.450593774938525,93.11743110396876
2025-03-09 20:17:49.296000,717.0,511.0,348.0,2583.0,1225.0,432.0,59.44074705744108,74.78989175581081,61.40075292379031,40.93169796475039,17.313155104423153,44.11763584406571,37.70938080331991,66.67501492151372,55.450593774938525,93.11743110396876
2025-03-09 20:17:49.304333,720.0,509.0,351.0,2592.0,1227.0,432.0,59.3814207882917,74.61994581782174,61.53214441549699,41.04199573391052,17.27278416951611,44.196172296660905,37.46647172912581,66.55655909435188,55.43206961794385,93.34597017897441
2025-03-09 20:17:49.304333,718.0,511.0,349.0,2583.0,1225.0,436.0,59.3814207882917,74.61994581782174,61.53214441549699,41.04199573391052,17.27278416951611,44.196172296660905,37.46647172912581,66.55655909435188,55.43206961794385,93.34597017897441
2025-03-09 20:17:49.304333,713.0,510.0,356.0,2587.0,1227.0,434.0,59.3814207882917,74.61994581782174,61.53214441549699,41.04199573391052,17.27278416951611,44.196172296660905,37.46647172912581,66.55655909435188,55.43206961794385,93.34597017897441
2025-03-09 20:17:49.304333,719.0,511.0,351.0,2587.0,1231.0,434.0,59.3814207882917,74.61994581782174,61.53214441549699,41.04199573391052,17.27278416951611,44.196172296660905,37.46647172912581,66.55655909435188,55.43206961794385,93.34597017897441
2025-03-09 20:17:49.312667,707.0,507.0,346.0,2589.0,1232.0,438.0,59.31297545155857,74.43635643801034,61.6419471777638,41.13394428707667,17.233796314323378,44.25799128135726,37.237317994645224,66.42563740144139,55.391050266229584,93.56592343343031
2025-03-09 20:17:49.312667,682.0,508.0,342.0,2604.0,1259.0,449.0,59.31297545155857,74.43635643801034,61.6419471777638,41.13394428707667,17.233796314323378,44.25799128135726,37.237317994645224,66.42563740144139,55.391050266229584,93.56592343343031
2025-03-09 20:17:49.312667,682.0,507.0,355.0,2595.0,1251.0,453.0,59.31297545155857,74.43635643801034,61.6419471777638,41.13394428707667,17.233796314323378,44.25799128135726,37.237317994645224,66.42563740144139,55.391050266229584,93.56592343343031
2025-03-09 20:17:49.321000,674.0,509.0,345.0,2587.0,1262.0,451.0,59.235002497150006,74.24032853224102,61.72770358486335,41.20554849473352,17.19566366650208,44.30138407003505,37.023419863992935,66.28221314485194,55.32701584113305,93.77571961817125
2025-03-09 20:17:49.321000,672.0,510.0,350.0,2592.0,1255.0,455.0,59.235002497150006,74.24032853224102,61.72770358486335,41.20554849473352,17.19566366650208,44.30138407003505,37.023419863992935,66.28221314485194,55.32701584113305,93.77571961817125
2025-03-09 20:17:49.321000,679.0,509.0,357.0,2594.0,1277.0,452.0,59.235002497150006,74.24032853224102,61.72770358486335,41.20554849473352,17.19566366650208,44.30138407003505,37.023419863992935,66.28221314485194,55.32701584113305,93.77571961817125
2025-03-09 20:17:49.321000,666.0,503.0,355.0,2593.0,1258.0,453.0,59.235002497150006,74.24032853224102,61.72770358486335,41.20554849473352,17.19566366650208,44.30138407003505,37.023419863992935,66.28221314485194,55.32701584113305,93.77571961817125
2025-03-09 20:17:49.329333,663.0,496.0,345.0,2606.0,1264.0,457.0,59.14754886372255,74.03343200189933,61.78714554946738,41.263989662566175,17.153871645345056,44.33125806137402,36.82334228813806,66.12965066615823,55.24781741476552,93.97397556099499
2025-03-09 20:17:49.329333,661.0,499.0,354.0,2603.0,1286.0,457.0,59.14754886372255,74.03343200189933,61.78714554946738,41.263989662566175,17.153871645345056,44.33125806137402,36.82334228813806,66.12965066615823,55.24781741476552,93.97397556099499
2025-03-09 20:17:49.329333,641.0,503.0,339.0,2602.0,1279.0,466.0,59.14754886372255,74.03343200189933,61.78714554946738,41.263989662566175,17.153871645345056,44.33125806137402,36.82334228813806,66.12965066615823,55.24781741476552,93.97397556099499
2025-03-09 20:17:49.329333,629.0,503.0,356.0,2599.0,1270.0,465.0,59.14754886372255,74.03343200189933,61.78714554946738,41.263989662566175,17.153871645345056,44.33125806137402,36.82334228813806,66.12965066615823,55.24781741476552,93.97397556099499
2025-03-09 20:17:49.337667,635.0,500.0,347.0,2605.0,1282.0,469.0,59.05156056950911,73.81644411926877,61.820055896243716,41.318930654669764,17.10486411459501,44.35518815250134,36.63391247739454,65.97035065560749,55.16104887640693,94.15960801404509
2025-03-09 20:17:49.337667,636.0,498.0,348.0,2599.0,1275.0,467.0,59.05156056950911,73.81644411926877,61.820055896243716,41.318930654669764,17.10486411459501,44.35518815250134,36.63391247739454,65.97035065560749,55.16104887640693,94.15960801404509
2025-03-09 20:17:49.337667,635.0,505.0,358.0,2605.0,1280.0,473.0,59.05156056950911,73.81644411926877,61.820055896243716,41.318930654669764,17.10486411459501,44.35518815250134,36.63391247739454,65.97035065560749,55.16104887640693,94.15960801404509
2025-03-09 20:17:49.346000,630.0,500.0,355.0,2601.0,1278.0,471.0,58.947932553493054,73.58939334721606,61.82788959824663,41.37241417308907,17.051075507590387,44.37622365904723,36.45436958428111,65.80241793612569,55.0652622794877,94.33188795647322
2025-03-09 20:17:49.346000,625.0,502.0,354.0,2608.0,1277.0,473.0,58.947932553493054,73.58939334721606,61.82788959824663,41.37241417308907,17.051075507590387,44.37622365904723,36.45436958428111,65.80241793612569,55.0652622794877,94.33188795647322
2025-03-09 20:17:49.346000,619.0,497.0,353.0,2599.0,1275.0,473.0,58.947932553493054,73.58939334721606,61.82788959824663,41.37241417308907,17.051075507590387,44.37622365904723,36.45436958428111,65.80241793612569,55.0652622794877,94.33188795647322
2025-03-09 20:17:49.346000,602.0,496.0,349.0,2599.0,1285.0,481.0,58.947932553493054,73.58939334721606,61.82788959824663,41.37241417308907,17.051075507590387,44.37622365904723,36.45436958428111,65.80241793612569,55.0652622794877,94.33188795647322
2025-03-09 20:17:49.354333,608.0,496.0,341.0,2599.0,1285.0,483.0,58.83861592900805,73.35271787767653,61.813768071450575,41.423079006156954,16.996360537150537,44.394592867970395,36.28547473525613,65.6247327277282,54.957078502041185,94.49225449079943
2025-03-09 20:17:49.354333,621.0,501.0,336.0,2607.0,1285.0,483.0,58.83861592900805,73.35271787767653,61.813768071450575,41.423079006156954,16.996360537150537,44.394592867970395,36.28547473525613,65.6247327277282,54.957078502041185,94.49225449079943
2025-03-09 20:17:49.354333,602.0,498.0,345.0,2594.0,1281.0,482.0,58.83861592900805,73.35271787767653,61.813768071450575,41.423079006156954,16.996360537150537,44.394592867970395,36.28547473525613,65.6247327277282,54.957078502041185,94.49225449079943
2025-03-09 20:17:49.362667,598.0,503.0,352.0,2603.0,1284.0,482.0,58.72562821454895,73.10778389505548,61.78132136958957,41.47007443858759,16.942935904455563,44.41014535922002,36.127743839508675,65.43859579773222,54.83606676304487,94.64336149384185
2025-03-09 20:17:49.362667,592.0,505.0,348.0,2608.0,1286.0,483.0,58.72562821454895,73.10778389505548,61.78132136958957,41.47007443858759,16.942935904455563,44.41014535922002,36.127743839508675,65.43859579773222,54.83606676304487,94.64336149384185
2025-03-09 20:17:49.362667,599.0,501.0,340.0,2627.0,1296.0,483.0,58.72562821454895,73.10778389505548,61.78132136958957,41.47007443858759,16.942935904455563,44.41014535922002,36.127743839508675,65.43859579773222,54.83606676304487,94.64336149384185
2025-03-09 20:17:49.362667,582.0,496.0,345.0,2599.0,1291.0,494.0,58.72562821454895,73.10778389505548,61.78132136958957,41.47007443858759,16.942935904455563,44.41014535922002,36.127743839508675,65.43859579773222,54.83606676304487,94.64336149384185
2025-03-09 20:17:49.371000,576.0,500.0,350.0,2614.0,1298.0,489.0,58.60898846492038,72.85614222145097,61.73395492386911,41.51103484423883,16.89079269174896,44.42047570102587,35.98020577171105,65.24618526504241,54.703691553850504,94.78670985339606
2025-03-09 20:17:49.371000,560.0,529.0,346.0,2608.0,1295.0,493.0,58.60898846492038,72.85614222145097,61.73395492386911,41.51103484423883,16.89079269174896,44.42047570102587,35.98020577171105,65.24618526504241,54.703691553850504,94.78670985339606
2025-03-09 20:17:49.371000,583.0,497.0,340.0,2590.0,1286.0,485.0,58.60898846492038,72.85614222145097,61.73395492386911,41.51103484423883,16.89079269174896,44.42047570102587,35.98020577171105,65.24618526504241,54.703691553850504,94.78670985339606
2025-03-09 20:17:49.379333,576.0,491.0,343.0,2624.0,1285.0,485.0,58.489052973258964,72.59985365011411,61.674032329924515,41.54888009964487,16.835515032637066,44.42628833976416,35.84011503588974,65.05287622951552,54.56774179675984,94.92283822333111
2025-03-09 20:17:49.379333,566.0,492.0,347.0,2583.0,1286.0,489.0,58.489052973258964,72.59985365011411,61.674032329924515,41.54888009964487,16.835515032637066,44.42628833976416,35.84011503588974,65.05287622951552,54.56774179675984,94.92283822333111
2025-03-09 20:17:49.379333,568.0,495.0,350.0,2606.0,1290.0,489.0,58.489052973258964,72.59985365011411,61.674032329924515,41.54888009964487,16.835515032637066,44.42628833976416,35.84011503588974,65.05287622951552,54.56774179675984,94.92283822333111
2025-03-09 20:17:49.379333,574.0,486.0,350.0,2608.0,1291.0,491.0,58.489052973258964,72.59985365011411,61.674032329924515,41.54888009964487,16.835515032637066,44.42628833976416,35.84011503588974,65.05287622951552,54.56774179675984,94.92283822333111
2025-03-09 20:17:49.387667,560.0,496.0,354.0,2602.0,1289.0,496.0,58.36784244113624,72.34135214469578,61.60376408273536,41.59397794454901,16.77144586312116,44.43462750819227,35.703869231245356,64.86561919690195,54.440472609956956,95.05219748762858
2025-03-09 20:17:49.387667,559.0,496.0,352.0,2606.0,1298.0,493.0,58.36784244113624,72.34135214469578,61.60376408273536,41.59397794454901,16.77144586312116,44.43462750819227,35.703869231245356,64.86561919690195,54.440472609956956,95.05219748762858
2025-03-09 20:17:49.387667,560.0,489.0,309.0,2606.0,1295.0,493.0,58.36784244113624,72.34135214469578,61.60376408273536,41.59397794454901,16.77144586312116,44.43462750819227,35.703869231245356,64.86561919690195,54.440472609956956,95.05219748762858
2025-03-09 20:17:49.396000,561.0,496.0,352.0,2602.0,1271.0,496.0,58.247340880978555,72.08347119597589,61.524596658582425,41.64512038849691,16.701382873265946,44.445850927022725,35.57310239303146,64.68452331999079,54.32061066898952,95.17487397499566
2025-03-09 20:17:49.396000,556.0,494.0,346.0,2609.0,1299.0,495.0,58.247340880978555,72.08347119597589,61.524596658582425,41.64512038849691,16.701382873265946,44.445850927022725,35.57310239303146,64.68452331999079,54.32061066898952,95.17487397499566
2025-03-09 20:17:49.396000,551.0,496.0,389.0,2606.0,1296.0,496.0,58.247340880978555,72.08347119597589,61.524596658582425,41.64512038849691,16.701382873265946,44.445850927022725,35.57310239303146,64.68452331999079,54.32061066898952,95.17487397499566
2025-03-09 20:17:49.396000,557.0,491.0,342.0,2603.0,1294.0,493.0,58.247340880978555,72.08347119597589,61.524596658582425,41.64512038849691,16.701382873265946,44.445850927022725,35.57310239303146,64.68452331999079,54.32061066898952,95.17487397499566
2025-03-09 20:17:49.396000,535.0,487.0,336.0,2593.0,1301.0,496.0,58.247340880978555,72.08347119597589,61.524596658582425,41.64512038849691,16.701382873265946,44.445850927022725,35.57310239303146,64.68452331999079,54.32061066898952,95.17487397499566
2025-03-09 20:17:49.404333,547.0,490.0,348.0,2615.0,1296.0,497.0,58.12869887514612,71.82873786899518,61.43598985297562,41.68848017132686,16.634727447329876,44.45178910549068,35.45458664258712,64.50344364951121,54.19383393625399,95.28962852026892
2025-03-09 20:17:49.404333,550.0,486.0,353.0,2591.0,1295.0,496.0,58.12869887514612,71.82873786899518,61.43598985297562,41.68848017132686,16.634727447329876,44.45178910549068,35.45458664258712,64.50344364951121,54.19383393625399,95.28962852026892
2025-03-09 20:17:49.404333,535.0,488.0,341.0,2603.0,1306.0,498.0,58.12869887514612,71.82873786899518,61.43598985297562,41.68848017132686,16.634727447329876,44.45178910549068,35.45458664258712,64.50344364951121,54.19383393625399,95.28962852026892
2025-03-09 20:17:49.412667,535.0,495.0,345.0,2597.0,1295.0,497.0,58.012644639735115,71.57926290436531,61.337249244095815,41.72017159737547,16.574571478495958,44.45036901622204,35.35150469039099,64.32138725419075,54.05662949189411,95.39409766768037
2025-03-09 20:17:49.412667,541.0,491.0,346.0,2607.0,1297.0,497.0,58.012644639735115,71.57926290436531,61.337249244095815,41.72017159737547,16.574571478495958,44.45036901622204,35.35150469039099,64.32138725419075,54.05662949189411,95.39409766768037
2025-03-09 20:17:49.412667,531.0,492.0,333.0,2609.0,1296.0,500.0,58.012644639735115,71.57926290436531,61.337249244095815,41.72017159737547,16.574571478495958,44.45036901622204,35.35150469039099,64.32138725419075,54.05662949189411,95.39409766768037
2025-03-09 20:17:49.421000,537.0,491.0,345.0,2610.0,1289.0,497.0,57.900117822212295,71.33689051709759,61.2286532171453,41.74446661183995,16.519265382650982,44.444675362153625,35.26390346525463,64.14180572080612,53.91425731464072,95.48662207636627
2025-03-09 20:17:49.421000,528.0,483.0,348.0,2592.0,1296.0,507.0,57.900117822212295,71.33689051709759,61.2286532171453,41.74446661183995,16.519265382650982,44.444675362153625,35.26390346525463,64.14180572080612,53.91425731464072,95.48662207636627
2025-03-09 20:17:49.421000,526.0,496.0,348.0,2646.0,1296.0,503.0,57.900117822212295,71.33689051709759,61.2286532171453,41.74446661183995,16.519265382650982,44.444675362153625,35.26390346525463,64.14180572080612,53.91425731464072,95.48662207636627
2025-03-09 20:17:49.421000,527.0,449.0,357.0,2609.0,1297.0,503.0,57.900117822212295,71.33689051709759,61.2286532171453,41.74446661183995,16.519265382650982,44.444675362153625,35.26390346525463,64.14180572080612,53.91425731464072,95.48662207636627
2025-03-09 20:17:49.429333,527.0,489.0,348.0,2603.0,1295.0,503.0,57.792061572640705,71.10313222740912,61.11097794365804,41.76514477989962,16.46737757425245,44.437631528296514,35.190911030337496,63.967045541919596,53.770921805791296,95.56620488746229
2025-03-09 20:17:49.429333,511.0,496.0,330.0,2616.0,1295.0,502.0,57.792061572640705,71.10313222740912,61.11097794365804,41.76514477989962,16.46737757425245,44.437631528296514,35.190911030337496,63.967045541919596,53.770921805791296,95.56620488746229
2025-03-09 20:17:49.429333,511.0,497.0,337.0,2597.0,1299.0,502.0,57.792061572640705,71.10313222740912,61.11097794365804,41.76514477989962,16.46737757425245,44.437631528296514,35.190911030337496,63.967045541919596,53.770921805791296,95.56620488746229
2025-03-09 20:17:49.429333,522.0,511.0,336.0,2619.0,1296.0,503.0,57.792061572640705,71.10313222740912,61.11097794365804,41.76514477989962,16.46737757425245,44.437631528296514,35.190911030337496,63.967045541919596,53.770921805791296,95.56620488746229
2025-03-09 20:17:49.437667,497.0,494.0,362.0,2611.0,1301.0,501.0,57.68913104047038,70.87898560482529,60.984852824302166,41.78558105071693,16.418297282630203,44.43225478639167,35.13145444406455,63.797924766619616,53.62924961140262,95.63176491169617
2025-03-09 20:17:49.437667,511.0,490.0,345.0,2607.0,1283.0,506.0,57.68913104047038,70.87898560482529,60.984852824302166,41.78558105071693,16.418297282630203,44.43225478639167,35.13145444406455,63.797924766619616,53.62924961140262,95.63176491169617
2025-03-09 20:17:49.437667,506.0,492.0,348.0,2606.0,1296.0,503.0,57.68913104047038,70.87898560482529,60.984852824302166,41.78558105071693,16.418297282630203,44.43225478639167,35.13145444406455,63.797924766619616,53.62924961140262,95.63176491169617
2025-03-09 20:17:49.446000,511.0,488.0,352.0,2559.0,1295.0,500.0,57.59326432704407,70.66586956461988,60.85119489281146,41.80762627599438,16.3715127867059,44.43006303855291,35.085885549129685,63.63647526255618,53.49134338467091,95.68377693898672
2025-03-09 20:17:49.446000,503.0,484.0,341.0,2605.0,1274.0,501.0,57.59326432704407,70.66586956461988,60.85119489281146,41.80762627599438,16.3715127867059,44.43006303855291,35.085885549129685,63.63647526255618,53.49134338467091,95.68377693898672
2025-03-09 20:17:49.446000,505.0,493.0,367.0,2608.0,1289.0,502.0,57.59326432704407,70.66586956461988,60.85119489281146,41.80762627599438,16.3715127867059,44.43006303855291,35.085885549129685,63.63647526255618,53.49134338467091,95.68377693898672
2025-03-09 20:17:49.446000,509.0,491.0,359.0,2559.0,1294.0,502.0,57.59326432704407,70.66586956461988,60.85119489281146,41.80762627599438,16.3715127867059,44.43006303855291,35.085885549129685,63.63647526255618,53.49134338467091,95.68377693898672
2025-03-09 20:17:49.454333,493.0,486.0,362.0,2605.0,1295.0,501.0,57.506955369810974,70.46486023288422,60.710438462916414,41.83172681056673,16.325845343294713,44.43095365367097,35.05533693046213,63.485339089270525,53.35869668478946,95.72457536034312
2025-03-09 20:17:49.454333,496.0,487.0,363.0,2601.0,1291.0,498.0,57.506955369810974,70.46486023288422,60.710438462916414,41.83172681056673,16.325845343294713,44.43095365367097,35.05533693046213,63.485339089270525,53.35869668478946,95.72457536034312
2025-03-09 20:17:49.454333,484.0,499.0,362.0,2605.0,1296.0,496.0,57.506955369810974,70.46486023288422,60.710438462916414,41.83172681056673,16.325845343294713,44.43095365367097,35.05533693046213,63.485339089270525,53.35869668478946,95.72457536034312
2025-03-09 20:17:49.454333,495.0,483.0,379.0,2559.0,1296.0,502.0,57.506955369810974,70.46486023288422,60.710438462916414,41.83172681056673,16.325845343294713,44.43095365367097,35.05533693046213,63.485339089270525,53.35869668478946,95.72457536034312
2025-03-09 20:17:49.462667,486.0,480.0,370.0,2606.0,1308.0,502.0,57.43149428189994,70.27650269385062,60.56279121504315,41.85729362557035,16.28128729670146,44.434376681349704,35.0407805451492,63.345417171087355,53.231118628687796,95.75652017731164
2025-03-09 20:17:49.462667,487.0,477.0,375.0,2605.0,1302.0,499.0,57.43149428189994,70.27650269385062,60.56279121504315,41.85729362557035,16.28128729670146,44.434376681349704,35.0407805451492,63.345417171087355,53.231118628687796,95.75652017731164
2025-03-09 20:17:49.471000,511.0,485.0,359.0,2608.0,1287.0,499.0,57.36786533802038,70.10168637124566,60.40956492010721,41.883505129188705,16.23835307766638,44.439701587031635,35.04264677052781,63.217664404929266,53.10868385926648,95.78172315914202
2025-03-09 20:17:49.471000,493.0,487.0,361.0,2585.0,1286.0,500.0,57.36786533802038,70.10168637124566,60.40956492010721,41.883505129188705,16.23835307766638,44.439701587031635,35.04264677052781,63.217664404929266,53.10868385926648,95.78172315914202
2025-03-09 20:17:49.471000,486.0,490.0,368.0,2606.0,1287.0,497.0,57.36786533802038,70.10168637124566,60.40956492010721,41.883505129188705,16.23835307766638,44.439701587031635,35.04264677052781,63.217664404929266,53.10868385926648,95.78172315914202
2025-03-09 20:17:49.471000,489.0,491.0,358.0,2612.0,1286.0,501.0,57.36786533802038,70.10168637124566,60.40956492010721,41.883505129188705,16.23835307766638,44.439701587031635,35.04264677052781,63.217664404929266,53.10868385926648,95.78172315914202
2025-03-09 20:17:49.471000,495.0,479.0,362.0,2597.0,1285.0,500.0,57.36786533802038,70.10168637124566,60.40956492010721,41.883505129188705,16.23835307766638,44.439701587031635,35.04264677052781,63.217664404929266,53.10868385926648,95.78172315914202
2025-03-09 20:17:49.479333,479.0,464.0,384.0,2559.0,1287.0,496.0,57.31696794710742,69.94037555819202,60.252852909188306,41.90994331562496,16.198085459652923,44.446764374784955,35.06060995172583,63.10219355966207,52.99073641662178,95.80222328448816
2025-03-09 20:17:49.479333,491.0,490.0,365.0,2599.0,1284.0,498.0,57.31696794710742,69.94037555819202,60.252852909188306,41.90994331562496,16.198085459652923,44.446764374784955,35.06060995172583,63.10219355966207,52.99073641662178,95.80222328448816
2025-03-09 20:17:49.479333,482.0,493.0,367.0,2595.0,1282.0,496.0,57.31696794710742,69.94037555819202,60.252852909188306,41.90994331562496,16.198085459652923,44.446764374784955,35.06060995172583,63.10219355966207,52.99073641662178,95.80222328448816
2025-03-09 20:17:49.479333,487.0,495.0,366.0,2599.0,1285.0,497.0,57.31696794710742,69.94037555819202,60.252852909188306,41.90994331562496,16.198085459652923,44.446764374784955,35.06060995172583,63.10219355966207,52.99073641662178,95.80222328448816
2025-03-09 20:17:49.487667,482.0,482.0,361.0,2601.0,1283.0,498.0,57.278432762622316,69.79194645970686,60.094501823992395,41.93573500906414,16.16212446048024,44.4552674432909,35.09373437078921,62.99762912178264,52.875620116810516,95.81883863140307
2025-03-09 20:17:49.487667,481.0,482.0,368.0,2601.0,1280.0,496.0,57.278432762622316,69.79194645970686,60.094501823992395,41.93573500906414,16.16212446048024,44.4552674432909,35.09373437078921,62.99762912178264,52.875620116810516,95.81883863140307
2025-03-09 20:17:49.487667,486.0,473.0,383.0,2614.0,1280.0,496.0,57.278432762622316,69.79194645970686,60.094501823992395,41.93573500906414,16.16212446048024,44.4552674432909,35.09373437078921,62.99762912178264,52.875620116810516,95.81883863140307
2025-03-09 20:17:49.496000,474.0,479.0,369.0,2611.0,1280.0,498.0,57.250455959017835,69.65663576414057,59.935535328106575,41.95909740148969,16.131774529462366,44.46420216739015,35.140706090096174,62.90223291229382,52.76215654662184,95.83111555916722
2025-03-09 20:17:49.496000,489.0,480.0,368.0,2600.0,1280.0,496.0,57.250455959017835,69.65663576414057,59.935535328106575,41.95909740148969,16.131774529462366,44.46420216739015,35.140706090096174,62.90223291229382,52.76215654662184,95.83111555916722
2025-03-09 20:17:49.496000,479.0,478.0,375.0,2614.0,1280.0,496.0,57.250455959017835,69.65663576414057,59.935535328106575,41.95909740148969,16.131774529462366,44.46420216739015,35.140706090096174,62.90223291229382,52.76215654662184,95.83111555916722
2025-03-09 20:17:49.496000,477.0,486.0,382.0,2603.0,1281.0,493.0,57.250455959017835,69.65663576414057,59.935535328106575,41.95909740148969,16.131774529462366,44.46420216739015,35.140706090096174,62.90223291229382,52.76215654662184,95.83111555916722
2025-03-09 20:17:49.504333,481.0,496.0,381.0,2601.0,1280.0,496.0,57.23083686772794,69.534374422656,59.77679994890284,41.979080318816436,16.107169560104513,44.473036874029255,35.19889947891047,62.81406740603038,52.650026396640975,95.83770954632226
2025-03-09 20:17:49.504333,477.0,469.0,384.0,2598.0,1274.0,494.0,57.23083686772794,69.534374422656,59.77679994890284,41.979080318816436,16.107169560104513,44.473036874029255,35.19889947891047,62.81406740603038,52.650026396640975,95.83770954632226
2025-03-09 20:17:49.504333,478.0,485.0,387.0,2603.0,1278.0,492.0,57.23083686772794,69.534374422656,59.77679994890284,41.979080318816436,16.107169560104513,44.473036874029255,35.19889947891047,62.81406740603038,52.650026396640975,95.83770954632226
2025-03-09 20:17:49.512667,487.0,481.0,401.0,2601.0,1278.0,493.0,57.21840208207947,69.42479781194588,59.61883389126418,41.995777949684964,16.08810146553868,44.481928934618544,35.26644136020446,62.731983566326,52.539294351418974,95.83741530748499
2025-03-09 20:17:49.512667,474.0,481.0,390.0,2598.0,1278.0,494.0,57.21840208207947,69.42479781194588,59.61883389126418,41.995777949684964,16.08810146553868,44.481928934618544,35.26644136020446,62.731983566326,52.539294351418974,95.83741530748499
2025-03-09 20:17:49.512667,476.0,476.0,390.0,2601.0,1276.0,490.0,57.21840208207947,69.42479781194588,59.61883389126418,41.995777949684964,16.08810146553868,44.481928934618544,35.26644136020446,62.731983566326,52.539294351418974,95.83741530748499
2025-03-09 20:17:49.512667,475.0,485.0,393.0,2595.0,1275.0,494.0,57.21840208207947,69.42479781194588,59.61883389126418,41.995777949684964,16.08810146553868,44.481928934618544,35.26644136020446,62.731983566326,52.539294351418974,95.83741530748499
2025-03-09 20:17:49.521000,465.0,481.0,407.0,2597.0,1274.0,496.0,57.21338408434677,69.32809163696928,59.46271600965551,42.009320095559914,16.074771412194348,44.49105994580096,35.34262021205438,62.65603152058562,52.43016829800553,95.82983096937781
2025-03-09 20:17:49.521000,467.0,482.0,437.0,2603.0,1275.0,492.0,57.21338408434677,69.32809163696928,59.46271600965551,42.009320095559914,16.074771412194348,44.49105994580096,35.34262021205438,62.65603152058562,52.43016829800553,95.82983096937781
2025-03-09 20:17:49.521000,475.0,467.0,403.0,2599.0,1276.0,489.0,57.21338408434677,69.32809163696928,59.46271600965551,42.009320095559914,16.074771412194348,44.49105994580096,35.34262021205438,62.65603152058562,52.43016829800553,95.82983096937781
2025-03-09 20:17:49.529333,467.0,476.0,413.0,2599.0,1271.0,482.0,57.215815252536025,69.24447891589745,59.30847039109556,42.01940322583347,16.06756054216718,44.50025886025528,35.42777441611146,62.586250873048485,52.32245658024918,95.81496556850934
2025-03-09 20:17:49.529333,474.0,480.0,410.0,2596.0,1274.0,491.0,57.215815252536025,69.24447891589745,59.30847039109556,42.01940322583347,16.06756054216718,44.50025886025528,35.42777441611146,62.586250873048485,52.32245658024918,95.81496556850934
2025-03-09 20:17:49.529333,471.0,473.0,406.0,2597.0,1270.0,489.0,57.215815252536025,69.24447891589745,59.30847039109556,42.01940322583347,16.06756054216718,44.50025886025528,35.42777441611146,62.586250873048485,52.32245658024918,95.81496556850934
2025-03-09 20:17:49.529333,478.0,485.0,407.0,2595.0,1271.0,488.0,57.215815252536025,69.24447891589745,59.30847039109556,42.01940322583347,16.06756054216718,44.50025886025528,35.42777441611146,62.586250873048485,52.32245658024918,95.81496556850934
2025-03-09 20:17:49.537667,470.0,527.0,411.0,2593.0,1271.0,487.0,57.22510749026807,69.17408052538832,59.156024295195195,42.02584822872814,16.065659916836275,44.50890376107896,35.52175935233479,62.523605859816236,52.21739889129692,95.79249309270385
2025-03-09 20:17:49.537667,471.0,483.0,406.0,2592.0,1270.0,487.0,57.22510749026807,69.17408052538832,59.156024295195195,42.02584822872814,16.065659916836275,44.50890376107896,35.52175935233479,62.523605859816236,52.21739889129692,95.79249309270385
2025-03-09 20:17:49.537667,469.0,482.0,414.0,2595.0,1265.0,485.0,57.22510749026807,69.17408052538832,59.156024295195195,42.02584822872814,16.065659916836275,44.50890376107896,35.52175935233479,62.523605859816236,52.21739889129692,95.79249309270385
2025-03-09 20:17:49.537667,467.0,478.0,413.0,2595.0,1269.0,482.0,57.22510749026807,69.17408052538832,59.156024295195195,42.02584822872814,16.065659916836275,44.50890376107896,35.52175935233479,62.523605859816236,52.21739889129692,95.79249309270385
2025-03-09 20:17:49.546000,476.0,482.0,418.0,2592.0,1265.0,482.0,57.240270149209024,69.11685301876021,59.00468305159704,42.02870207156823,16.068039895503826,44.5163785031188,35.624912437156965,62.46940766992899,52.116690535700066,95.76179208076603
2025-03-09 20:17:49.546000,470.0,474.0,410.0,2593.0,1264.0,484.0,57.240270149209024,69.11685301876021,59.00468305159704,42.02870207156823,16.068039895503826,44.5163785031188,35.624912437156965,62.46940766992899,52.116690535700066,95.76179208076603
2025-03-09 20:17:49.546000,463.0,488.0,419.0,2592.0,1266.0,480.0,57.240270149209024,69.11685301876021,59.00468305159704,42.02870207156823,16.068039895503826,44.5163785031188,35.624912437156965,62.46940766992899,52.116690535700066,95.76179208076603
2025-03-09 20:17:49.554333,465.0,434.0,415.0,2602.0,1265.0,480.0,57.26017915704281,69.07282390835103,58.853535313757625,42.027800059940496,16.073634521450103,44.52184529094968,35.737798127029606,62.425076484396016,52.022076515495804,95.72204787661597
2025-03-09 20:17:49.554333,473.0,486.0,416.0,2603.0,1262.0,481.0,57.26017915704281,69.07282390835103,58.853535313757625,42.027800059940496,16.073634521450103,44.52184529094968,35.737798127029606,62.425076484396016,52.022076515495804,95.72204787661597
2025-03-09 20:17:49.554333,460.0,463.0,421.0,2597.0,1265.0,482.0,57.26017915704281,69.07282390835103,58.853535313757625,42.027800059940496,16.073634521450103,44.52184529094968,35.737798127029606,62.425076484396016,52.022076515495804,95.72204787661597
2025-03-09 20:17:49.554333,431.0,482.0,411.0,2593.0,1259.0,477.0,57.26017915704281,69.07282390835103,58.853535313757625,42.027800059940496,16.073634521450103,44.52184529094968,35.737798127029606,62.425076484396016,52.022076515495804,95.72204787661597
2025-03-09 20:17:49.562667,461.0,480.0,414.0,2592.0,1263.0,478.0,57.283724656016325,69.04191409862425,58.70187629357194,42.023517384549834,16.08185057077495,44.52528355326631,35.86047648780639,62.39111528792057,51.934829645676,95.6725408907731
2025-03-09 20:17:49.562667,454.0,487.0,407.0,2599.0,1263.0,475.0,57.283724656016325,69.04191409862425,58.70187629357194,42.023517384549834,16.08185057077495,44.52528355326631,35.86047648780639,62.39111528792057,51.934829645676,95.6725408907731
2025-03-09 20:17:49.562667,446.0,477.0,419.0,2593.0,1262.0,478.0,57.283724656016325,69.04191409862425,58.70187629357194,42.023517384549834,16.08185057077495,44.52528355326631,35.86047648780639,62.39111528792057,51.934829645676,95.6725408907731
2025-03-09 20:17:49.571000,495.0,479.0,414.0,2595.0,1263.0,480.0,57.309883420265884,69.0235505094955,58.54852538954555,42.01701859465191,16.091787343544837,44.52734485883308,35.992820318075715,62.36761007174846,51.85615149821494,95.61268762966019
2025-03-09 20:17:49.571000,478.0,483.0,419.0,2589.0,1261.0,478.0,57.309883420265884,69.0235505094955,58.54852538954555,42.01701859465191,16.091787343544837,44.52734485883308,35.992820318075715,62.36761007174846,51.85615149821494,95.61268762966019
2025-03-09 20:17:49.571000,471.0,481.0,411.0,2594.0,1262.0,479.0,57.309883420265884,69.0235505094955,58.54852538954555,42.01701859465191,16.091787343544837,44.52734485883308,35.992820318075715,62.36761007174846,51.85615149821494,95.61268762966019
2025-03-09 20:17:49.571000,475.0,480.0,417.0,2593.0,1264.0,475.0,57.309883420265884,69.0235505094955,58.54852538954555,42.01701859465191,16.091787343544837,44.52734485883308,35.992820318075715,62.36761007174846,51.85615149821494,95.61268762966019
2025-03-09 20:17:49.579333,496.0,482.0,414.0,2598.0,1264.0,474.0,57.337394780682246,69.01721137515375,58.39244337122476,42.008801550889885,16.102207437211185,44.528009712444714,36.13425231306531,62.354563746935625,51.78721333741649,95.54199016168616
2025-03-09 20:17:49.579333,474.0,481.0,414.0,2596.0,1253.0,473.0,57.337394780682246,69.01721137515375,58.39244337122476,42.008801550889885,16.102207437211185,44.528009712444714,36.13425231306531,62.354563746935625,51.78721333741649,95.54199016168616
2025-03-09 20:17:49.579333,481.0,480.0,417.0,2590.0,1264.0,474.0,57.337394780682246,69.01721137515375,58.39244337122476,42.008801550889885,16.102207437211185,44.528009712444714,36.13425231306531,62.354563746935625,51.78721333741649,95.54199016168616
2025-03-09 20:17:49.587667,476.0,485.0,432.0,2594.0,1258.0,471.0,57.36478647296025,69.02171573341239,58.23295559521362,41.99587686001835,16.11354184729656,44.52465207341341,36.284784844408,62.35040044777642,51.72559018275144,95.4600677298617
2025-03-09 20:17:49.587667,477.0,481.0,416.0,2594.0,1254.0,473.0,57.36478647296025,69.02171573341239,58.23295559521362,41.99587686001835,16.11354184729656,44.52465207341341,36.284784844408,62.35040044777642,51.72559018275144,95.4600677298617
2025-03-09 20:17:49.587667,474.0,478.0,416.0,2591.0,1259.0,464.0,57.36478647296025,69.02171573341239,58.23295559521362,41.99587686001835,16.11354184729656,44.52465207341341,36.284784844408,62.35040044777642,51.72559018275144,95.4600677298617
2025-03-09 20:17:49.587667,495.0,476.0,423.0,2591.0,1255.0,473.0,57.36478647296025,69.02171573341239,58.23295559521362,41.99587686001835,16.11354184729656,44.52465207341341,36.284784844408,62.35040044777642,51.72559018275144,95.4600677298617
2025-03-09 20:17:49.596000,487.0,477.0,416.0,2590.0,1255.0,466.0,57.390515028183,69.03492140361982,58.06892387781326,41.97201980472047,16.12796308480799,44.51246211440597,36.44515997497719,62.35116776414211,51.66443235575939,95.36657966475725
2025-03-09 20:17:49.596000,481.0,480.0,417.0,2594.0,1257.0,468.0,57.390515028183,69.03492140361982,58.06892387781326,41.97201980472047,16.12796308480799,44.51246211440597,36.44515997497719,62.35116776414211,51.66443235575939,95.36657966475725
2025-03-09 20:17:49.596000,483.0,478.0,418.0,2583.0,1257.0,469.0,57.390515028183,69.03492140361982,58.06892387781326,41.97201980472047,16.12796308480799,44.51246211440597,36.44515997497719,62.35116776414211,51.66443235575939,95.36657966475725
2025-03-09 20:17:49.596000,479.0,478.0,408.0,2594.0,1259.0,464.0,57.390515028183,69.03492140361982,58.06892387781326,41.97201980472047,16.12796308480799,44.51246211440597,36.44515997497719,62.35116776414211,51.66443235575939,95.36657966475725
2025-03-09 20:17:49.604333,486.0,480.0,418.0,2594.0,1256.0,474.0,57.413986381838185,69.05499461107215,57.90010719735497,41.9341823965537,16.147050734000594,44.4891879942577,36.615638969146396,62.35434165968292,51.599400236413096,95.26176637812763
2025-03-09 20:17:49.604333,483.0,480.0,414.0,2590.0,1252.0,464.0,57.413986381838185,69.05499461107215,57.90010719735497,41.9341823965537,16.147050734000594,44.4891879942577,36.615638969146396,62.35434165968292,51.599400236413096,95.26176637812763
2025-03-09 20:17:49.604333,489.0,478.0,417.0,2589.0,1254.0,466.0,57.413986381838185,69.05499461107215,57.90010719735497,41.9341823965537,16.147050734000594,44.4891879942577,36.615638969146396,62.35434165968292,51.599400236413096,95.26176637812763
2025-03-09 20:17:49.612667,469.0,494.0,420.0,2598.0,1247.0,464.0,57.436337828792844,69.08136171999466,57.72885981846738,41.88371120314637,16.172563691693686,44.45637079643449,36.796089180012125,62.35998215957916,51.53002441803669,95.14672978995907
2025-03-09 20:17:49.612667,493.0,486.0,417.0,2595.0,1253.0,461.0,57.436337828792844,69.08136171999466,57.72885981846738,41.88371120314637,16.172563691693686,44.45637079643449,36.796089180012125,62.35998215957916,51.53002441803669,95.14672978995907
2025-03-09 20:17:49.612667,496.0,481.0,423.0,2587.0,1250.0,463.0,57.436337828792844,69.08136171999466,57.72885981846738,41.88371120314637,16.172563691693686,44.45637079643449,36.796089180012125,62.35998215957916,51.53002441803669,95.14672978995907
2025-03-09 20:17:49.612667,496.0,486.0,416.0,2590.0,1249.0,453.0,57.436337828792844,69.08136171999466,57.72885981846738,41.88371120314637,16.172563691693686,44.45637079643449,36.796089180012125,62.35998215957916,51.53002441803669,95.14672978995907
2025-03-09 20:17:49.621000,496.0,477.0,414.0,2589.0,1251.0,462.0,57.45955865622073,69.11444493844434,57.55780279937992,41.82393950315684,16.203671895606863,44.41638166892516,36.98574674411834,62.3709481191463,51.45965358772055,95.0232284505341
2025-03-09 20:17:49.621000,511.0,483.0,418.0,2589.0,1253.0,463.0,57.45955865622073,69.11444493844434,57.55780279937992,41.82393950315684,16.203671895606863,44.41638166892516,36.98574674411834,62.3709481191463,51.45965358772055,95.0232284505341
2025-03-09 20:17:49.621000,497.0,485.0,418.0,2589.0,1251.0,459.0,57.45955865622073,69.11444493844434,57.55780279937992,41.82393950315684,16.203671895606863,44.41638166892516,36.98574674411834,62.3709481191463,51.45965358772055,95.0232284505341
2025-03-09 20:17:49.629333,501.0,485.0,417.0,2590.0,1246.0,461.0,57.48686550356036,69.15547779719869,57.38973094970951,41.758949757257064,16.236679969816144,44.37143890854154,37.182627192052465,62.39197878932698,51.39400655947854,94.89436005970825
2025-03-09 20:17:49.629333,507.0,484.0,418.0,2584.0,1246.0,455.0,57.48686550356036,69.15547779719869,57.38973094970951,41.758949757257064,16.236679969816144,44.37143890854154,37.182627192052465,62.39197878932698,51.39400655947854,94.89436005970825
2025-03-09 20:17:49.629333,511.0,478.0,415.0,2583.0,1246.0,454.0,57.48686550356036,69.15547779719869,57.38973094970951,41.758949757257064,16.236679969816144,44.37143890854154,37.182627192052465,62.39197878932698,51.39400655947854,94.89436005970825
2025-03-09 20:17:49.629333,511.0,481.0,423.0,2585.0,1246.0,453.0,57.48686550356036,69.15547779719869,57.38973094970951,41.758949757257064,16.236679969816144,44.37143890854154,37.182627192052465,62.39197878932698,51.39400655947854,94.89436005970825
2025-03-09 20:17:49.637667,511.0,475.0,417.0,2587.0,1244.0,448.0,57.52235476008871,69.20639385447117,57.22702446132129,41.6923456422097,16.268112410714963,44.32355783247906,37.38553288319,62.42789084804123,51.338172779453885,94.7639563264039
2025-03-09 20:17:49.637667,527.0,483.0,421.0,2583.0,1245.0,451.0,57.52235476008871,69.20639385447117,57.22702446132129,41.6923456422097,16.268112410714963,44.32355783247906,37.38553288319,62.42789084804123,51.338172779453885,94.7639563264039
2025-03-09 20:17:49.637667,511.0,483.0,417.0,2585.0,1239.0,449.0,57.52235476008871,69.20639385447117,57.22702446132129,41.6923456422097,16.268112410714963,44.32355783247906,37.38553288319,62.42789084804123,51.338172779453885,94.7639563264039
2025-03-09 20:17:49.646000,511.0,485.0,415.0,2586.0,1242.0,450.0,57.568567817054294,69.26825375629406,57.06956206697156,41.62651498054626,16.296121935231348,44.27434248271205,37.59482505142526,62.48099307578706,51.294433364021764,94.63475814326952
2025-03-09 20:17:49.646000,538.0,483.0,423.0,2559.0,1239.0,442.0,57.568567817054294,69.26825375629406,57.06956206697156,41.62651498054626,16.296121935231348,44.27434248271205,37.59482505142526,62.48099307578706,51.294433364021764,94.63475814326952
2025-03-09 20:17:49.646000,531.0,489.0,432.0,2583.0,1235.0,445.0,57.568567817054294,69.26825375629406,57.06956206697156,41.62651498054626,16.296121935231348,44.27434248271205,37.59482505142526,62.48099307578706,51.294433364021764,94.63475814326952
2025-03-09 20:17:49.646000,531.0,485.0,432.0,2559.0,1238.0,446.0,57.568567817054294,69.26825375629406,57.06956206697156,41.62651498054626,16.296121935231348,44.27434248271205,37.59482505142526,62.48099307578706,51.294433364021764,94.63475814326952
2025-03-09 20:17:49.654333,534.0,482.0,438.0,2559.0,1233.0,444.0,57.62610023280706,69.34064749758183,56.91597248121657,41.56184005488303,16.320711806443505,44.22442182307399,37.8108460523456,62.550060254139176,51.26134327405001,94.5079059443343
2025-03-09 20:17:49.654333,539.0,478.0,436.0,2559.0,1232.0,443.0,57.62610023280706,69.34064749758183,56.91597248121657,41.56184005488303,16.320711806443505,44.22442182307399,37.8108460523456,62.550060254139176,51.26134327405001,94.5079059443343
2025-03-09 20:17:49.654333,535.0,481.0,438.0,2559.0,1232.0,443.0,57.62610023280706,69.34064749758183,56.91597248121657,41.56184005488303,16.320711806443505,44.22442182307399,37.8108460523456,62.550060254139176,51.26134327405001,94.5079059443343
2025-03-09 20:17:49.662667,524.0,484.0,442.0,2559.0,1237.0,445.0,57.692746096386635,69.42238550869666,56.76336433604086,41.49826904066811,16.34285931062966,44.17435182718244,38.03414104126241,62.63199654603188,51.236850071337834,94.38166342324226
2025-03-09 20:17:49.662667,535.0,480.0,438.0,2559.0,1233.0,442.0,57.692746096386635,69.42238550869666,56.76336433604086,41.49826904066811,16.34285931062966,44.17435182718244,38.03414104126241,62.63199654603188,51.236850071337834,94.38166342324226
2025-03-09 20:17:49.662667,556.0,482.0,475.0,2559.0,1236.0,433.0,57.692746096386635,69.42238550869666,56.76336433604086,41.49826904066811,16.34285931062966,44.17435182718244,38.03414104126241,62.63199654603188,51.236850071337834,94.38166342324226
2025-03-09 20:17:49.662667,558.0,482.0,493.0,2559.0,1226.0,435.0,57.692746096386635,69.42238550869666,56.76336433604086,41.49826904066811,16.34285931062966,44.17435182718244,38.03414104126241,62.63199654603188,51.236850071337834,94.38166342324226
2025-03-09 20:17:49.671000,556.0,486.0,483.0,2559.0,1230.0,434.0,57.76318395782333,69.51084404565978,56.60643795070191,41.435918094919465,16.362668242563153,44.12439390052244,38.26511889617349,62.72258534617228,51.219599209102775,94.2516415395411
2025-03-09 20:17:49.671000,559.0,486.0,479.0,2559.0,1230.0,435.0,57.76318395782333,69.51084404565978,56.60643795070191,41.435918094919465,16.362668242563153,44.12439390052244,38.26511889617349,62.72258534617228,51.219599209102775,94.2516415395411
2025-03-09 20:17:49.671000,560.0,483.0,487.0,2559.0,1231.0,436.0,57.76318395782333,69.51084404565978,56.60643795070191,41.435918094919465,16.362668242563153,44.12439390052244,38.26511889617349,62.72258534617228,51.219599209102775,94.2516415395411
2025-03-09 20:17:49.671000,571.0,484.0,494.0,2559.0,1230.0,432.0,57.76318395782333,69.51084404565978,56.60643795070191,41.435918094919465,16.362668242563153,44.12439390052244,38.26511889617349,62.72258534617228,51.219599209102775,94.2516415395411
2025-03-09 20:17:49.679333,561.0,483.0,493.0,2559.0,1226.0,432.0,57.835535369154265,69.6056038943851,56.444873843086604,41.37455140685772,16.380045054377383,44.074242677261964,38.50306790377766,62.82108151652261,51.21008290835014,94.11593669181286
2025-03-09 20:17:49.679333,578.0,494.0,509.0,2559.0,1221.0,427.0,57.835535369154265,69.6056038943851,56.444873843086604,41.37455140685772,16.380045054377383,44.074242677261964,38.50306790377766,62.82108151652261,51.21008290835014,94.11593669181286
2025-03-09 20:17:49.679333,585.0,502.0,503.0,2559.0,1207.0,428.0,57.835535369154265,69.6056038943851,56.444873843086604,41.37455140685772,16.380045054377383,44.074242677261964,38.50306790377766,62.82108151652261,51.21008290835014,94.11593669181286
2025-03-09 20:17:49.687667,583.0,495.0,511.0,2559.0,1217.0,427.0,57.91257798216368,69.70898145697322,56.28585560642088,41.313092639021704,16.3970756914183,44.023639081969606,38.74543760525187,62.929004496704145,51.20848795718522,93.97654153940377
2025-03-09 20:17:49.687667,579.0,495.0,511.0,2559.0,1218.0,426.0,57.91257798216368,69.70898145697322,56.28585560642088,41.313092639021704,16.3970756914183,44.023639081969606,38.74543760525187,62.929004496704145,51.20848795718522,93.97654153940377
2025-03-09 20:17:49.687667,592.0,491.0,511.0,2559.0,1217.0,423.0,57.91257798216368,69.70898145697322,56.28585560642088,41.313092639021704,16.3970756914183,44.023639081969606,38.74543760525187,62.929004496704145,51.20848795718522,93.97654153940377
2025-03-09 20:17:49.687667,588.0,490.0,533.0,2559.0,1220.0,421.0,57.91257798216368,69.70898145697322,56.28585560642088,41.313092639021704,16.3970756914183,44.023639081969606,38.74543760525187,62.929004496704145,51.20848795718522,93.97654153940377
2025-03-09 20:17:49.696000,582.0,499.0,549.0,2559.0,1218.0,423.0,57.99627739056265,69.82240392147374,56.13343320314953,41.24937885756343,16.414799277926754,43.97101074097712,38.99102189332541,63.04735604819371,51.213913626152824,93.8357493211184
2025-03-09 20:17:49.696000,586.0,486.0,537.0,2559.0,1203.0,422.0,57.99627739056265,69.82240392147374,56.13343320314953,41.24937885756343,16.414799277926754,43.97101074097712,38.99102189332541,63.04735604819371,51.213913626152824,93.8357493211184
2025-03-09 20:17:49.696000,608.0,496.0,550.0,2559.0,1207.0,415.0,57.99627739056265,69.82240392147374,56.13343320314953,41.24937885756343,16.414799277926754,43.97101074097712,38.99102189332541,63.04735604819371,51.213913626152824,93.8357493211184
2025-03-09 20:17:49.704333,598.0,496.0,544.0,2558.0,1207.0,414.0,58.08742950149243,69.94593522221267,55.98777810537795,41.18136956425239,16.433192840500627,43.91467523543785,39.239722728108255,63.17573222527422,51.224440400119335,93.6956656468259
2025-03-09 20:17:49.704333,606.0,503.0,535.0,2559.0,1209.0,410.0,58.08742950149243,69.94593522221267,55.98777810537795,41.18136956425239,16.433192840500627,43.91467523543785,39.239722728108255,63.17573222527422,51.224440400119335,93.6956656468259
2025-03-09 20:17:49.704333,607.0,496.0,528.0,2559.0,1203.0,418.0,58.08742950149243,69.94593522221267,55.98777810537795,41.18136956425239,16.433192840500627,43.91467523543785,39.239722728108255,63.17573222527422,51.224440400119335,93.6956656468259
2025-03-09 20:17:49.704333,605.0,492.0,539.0,2554.0,1205.0,409.0,58.08742950149243,69.94593522221267,55.98777810537795,41.18136956425239,16.433192840500627,43.91467523543785,39.239722728108255,63.17573222527422,51.224440400119335,93.6956656468259
2025-03-09 20:17:49.712667,603.0,497.0,528.0,2559.0,1204.0,413.0,58.187581711658595,70.08039532599652,55.85088503730951,41.10842165606356,16.452548635268034,43.85462019652951,39.48972403918166,63.313352402511434,51.23882503331535,93.55888269035785
2025-03-09 20:17:49.712667,601.0,496.0,511.0,2549.0,1202.0,407.0,58.187581711658595,70.08039532599652,55.85088503730951,41.10842165606356,16.452548635268034,43.85462019652951,39.48972403918166,63.313352402511434,51.23882503331535,93.55888269035785
2025-03-09 20:17:49.712667,605.0,496.0,510.0,2559.0,1201.0,407.0,58.187581711658595,70.08039532599652,55.85088503730951,41.10842165606356,16.452548635268034,43.85462019652951,39.48972403918166,63.313352402511434,51.23882503331535,93.55888269035785
2025-03-09 20:17:49.721000,622.0,496.0,511.0,2559.0,1199.0,400.0,58.29887350888453,70.22798025639946,55.72550255248033,41.030102179140854,16.47446937966293,43.79165481523609,39.73968034437871,63.45952247184544,51.25595921200138,93.42822054368648
2025-03-09 20:17:49.721000,621.0,497.0,528.0,2551.0,1196.0,403.0,58.29887350888453,70.22798025639946,55.72550255248033,41.030102179140854,16.47446937966293,43.79165481523609,39.73968034437871,63.45952247184544,51.25595921200138,93.42822054368648
2025-03-09 20:17:49.721000,620.0,498.0,511.0,2551.0,1194.0,399.0,58.29887350888453,70.22798025639946,55.72550255248033,41.030102179140854,16.47446937966293,43.79165481523609,39.73968034437871,63.45952247184544,51.25595921200138,93.42822054368648
2025-03-09 20:17:49.721000,617.0,498.0,511.0,2551.0,1195.0,399.0,58.29887350888453,70.22798025639946,55.72550255248033,41.030102179140854,16.47446937966293,43.79165481523609,39.73968034437871,63.45952247184544,51.25595921200138,93.42822054368648
2025-03-09 20:17:49.729333,602.0,501.0,526.0,2550.0,1179.0,399.0,58.42245357326559,70.390044218183,55.61162412336705,40.9499372563044,16.49765670355384,43.72846766860001,39.989894560045805,63.61661677207114,51.279725685040134,93.3060352478241
2025-03-09 20:17:49.729333,620.0,495.0,511.0,2548.0,1194.0,398.0,58.42245357326559,70.390044218183,55.61162412336705,40.9499372563044,16.49765670355384,43.72846766860001,39.989894560045805,63.61661677207114,51.279725685040134,93.3060352478241
2025-03-09 20:17:49.729333,618.0,496.0,525.0,2546.0,1188.0,400.0,58.42245357326559,70.390044218183,55.61162412336705,40.9499372563044,16.49765670355384,43.72846766860001,39.989894560045805,63.61661677207114,51.279725685040134,93.3060352478241
2025-03-09 20:17:49.737667,624.0,496.0,511.0,2547.0,1189.0,390.0,58.557810653161866,70.565999954208,55.50849731127567,40.87572991994775,16.51877999323068,43.67050049008192,40.23926916363392,63.78737799330991,51.317498309082204,93.19106476049224
2025-03-09 20:17:49.737667,623.0,510.0,511.0,2544.0,1197.0,390.0,58.557810653161866,70.565999954208,55.50849731127567,40.87572991994775,16.51877999323068,43.67050049008192,40.23926916363392,63.78737799330991,51.317498309082204,93.19106476049224
2025-03-09 20:17:49.737667,623.0,496.0,511.0,2545.0,1195.0,387.0,58.557810653161866,70.565999954208,55.50849731127567,40.87572991994775,16.51877999323068,43.67050049008192,40.23926916363392,63.78737799330991,51.317498309082204,93.19106476049224
2025-03-09 20:17:49.737667,624.0,503.0,511.0,2546.0,1184.0,387.0,58.557810653161866,70.565999954208,55.50849731127567,40.87572991994775,16.51877999323068,43.67050049008192,40.23926916363392,63.78737799330991,51.317498309082204,93.19106476049224
2025-03-09 20:17:49.746000,625.0,499.0,506.0,2551.0,1187.0,388.0,58.70273076778239,70.75527096146814,55.419041997606676,40.80914736956294,16.540033469933004,43.62026763802869,40.48427342066764,63.96869029374886,51.36928424685966,93.0798255061195
2025-03-09 20:17:49.746000,625.0,498.0,528.0,2546.0,1189.0,387.0,58.70273076778239,70.75527096146814,55.419041997606676,40.80914736956294,16.540033469933004,43.62026763802869,40.48427342066764,63.96869029374886,51.36928424685966,93.0798255061195
2025-03-09 20:17:49.746000,634.0,496.0,511.0,2547.0,1187.0,386.0,58.70273076778239,70.75527096146814,55.419041997606676,40.80914736956294,16.540033469933004,43.62026763802869,40.48427342066764,63.96869029374886,51.36928424685966,93.0798255061195
2025-03-09 20:17:49.746000,625.0,496.0,509.0,2549.0,1189.0,385.0,58.70273076778239,70.75527096146814,55.419041997606676,40.80914736956294,16.540033469933004,43.62026763802869,40.48427342066764,63.96869029374886,51.36928424685966,93.0798255061195
2025-03-09 20:17:49.754333,630.0,496.0,511.0,2544.0,1179.0,378.0,58.855133040730536,70.9586579497994,55.34461498927163,40.74761154671351,16.56394516367462,43.57652409983519,40.72419658822309,64.15856442883776,51.43357834619217,92.97336980648268
2025-03-09 20:17:49.754333,632.0,503.0,511.0,2544.0,1174.0,380.0,58.855133040730536,70.9586579497994,55.34461498927163,40.74761154671351,16.56394516367462,43.57652409983519,40.72419658822309,64.15856442883776,51.43357834619217,92.97336980648268
2025-03-09 20:17:49.754333,634.0,503.0,503.0,2542.0,1184.0,379.0,58.855133040730536,70.9586579497994,55.34461498927163,40.74761154671351,16.56394516367462,43.57652409983519,40.72419658822309,64.15856442883776,51.43357834619217,92.97336980648268
2025-03-09 20:17:49.762667,633.0,503.0,526.0,2543.0,1181.0,375.0,59.018407607763315,71.17840430261995,55.286238553640445,40.693263792488544,16.591057387510997,43.54122546803493,40.9613992056395,64.36033889375769,51.51247948895442,92.87721022521794
2025-03-09 20:17:49.762667,637.0,501.0,523.0,2544.0,1179.0,375.0,59.018407607763315,71.17840430261995,55.286238553640445,40.693263792488544,16.591057387510997,43.54122546803493,40.9613992056395,64.36033889375769,51.51247948895442,92.87721022521794
2025-03-09 20:17:49.762667,638.0,506.0,523.0,2542.0,1184.0,374.0,59.018407607763315,71.17840430261995,55.286238553640445,40.693263792488544,16.591057387510997,43.54122546803493,40.9613992056395,64.36033889375769,51.51247948895442,92.87721022521794
2025-03-09 20:17:49.762667,640.0,505.0,511.0,2542.0,1174.0,379.0,59.018407607763315,71.17840430261995,55.286238553640445,40.693263792488544,16.591057387510997,43.54122546803493,40.9613992056395,64.36033889375769,51.51247948895442,92.87721022521794
2025-03-09 20:17:49.771000,649.0,503.0,511.0,2542.0,1179.0,368.0,59.19597052480811,71.41580443537306,55.24454180861929,40.64792351663,16.621989874197464,43.516023870468075,41.198295892354444,64.57671576918267,51.606816393169616,92.79347105305976
2025-03-09 20:17:49.771000,651.0,510.0,523.0,2535.0,1168.0,368.0,59.19597052480811,71.41580443537306,55.24454180861929,40.64792351663,16.621989874197464,43.516023870468075,41.198295892354444,64.57671576918267,51.606816393169616,92.79347105305976
2025-03-09 20:17:49.771000,653.0,531.0,524.0,2549.0,1172.0,368.0,59.19597052480811,71.41580443537306,55.24454180861929,40.64792351663,16.621989874197464,43.516023870468075,41.198295892354444,64.57671576918267,51.606816393169616,92.79347105305976
2025-03-09 20:17:49.779333,656.0,506.0,526.0,2511.0,1172.0,368.0,59.38397200384882,71.66770356086573,55.21760214531065,40.60860774947166,16.655448670092863,43.497614530344855,41.43327456284352,64.80502956083184,51.714327222850585,92.71734647920842
2025-03-09 20:17:49.779333,656.0,501.0,511.0,2530.0,1169.0,368.0,59.38397200384882,71.66770356086573,55.21760214531065,40.60860774947166,16.655448670092863,43.497614530344855,41.43327456284352,64.80502956083184,51.714327222850585,92.71734647920842
2025-03-09 20:17:49.779333,651.0,508.0,511.0,2543.0,1168.0,367.0,59.38397200384882,71.66770356086573,55.21760214531065,40.60860774947166,16.655448670092863,43.497614530344855,41.43327456284352,64.80502956083184,51.714327222850585,92.71734647920842
2025-03-09 20:17:49.779333,663.0,501.0,523.0,2518.0,1168.0,368.0,59.38397200384882,71.66770356086573,55.21760214531065,40.60860774947166,16.655448670092863,43.497614530344855,41.43327456284352,64.80502956083184,51.714327222850585,92.71734647920842
2025-03-09 20:17:49.787667,656.0,511.0,511.0,2529.0,1163.0,365.0,59.57727522524049,71.92857292727481,55.201846199433135,40.57220025622086,16.69030423277334,43.48283172955311,41.66391454216495,65.03948125077285,51.8300624900076,92.6424537972155
2025-03-09 20:17:49.787667,665.0,510.0,511.0,2535.0,1168.0,363.0,59.57727522524049,71.92857292727481,55.201846199433135,40.57220025622086,16.69030423277334,43.48283172955311,41.66391454216495,65.03948125077285,51.8300624900076,92.6424537972155
2025-03-09 20:17:49.787667,656.0,511.0,523.0,2540.0,1162.0,358.0,59.57727522524049,71.92857292727481,55.201846199433135,40.57220025622086,16.69030423277334,43.48283172955311,41.66391454216495,65.03948125077285,51.8300624900076,92.6424537972155
2025-03-09 20:17:49.796000,659.0,509.0,511.0,2538.0,1169.0,357.0,59.77296304130928,72.19515843756501,55.19496842715997,40.5375731818344,16.726193086865983,43.470664727961584,41.8887804592031,65.27617722660256,51.95105368338075,92.56467199271825
2025-03-09 20:17:49.796000,663.0,511.0,525.0,2541.0,1170.0,358.0,59.77296304130928,72.19515843756501,55.19496842715997,40.5375731818344,16.726193086865983,43.470664727961584,41.8887804592031,65.27617722660256,51.95105368338075,92.56467199271825
2025-03-09 20:17:49.796000,667.0,502.0,511.0,2539.0,1171.0,357.0,59.77296304130928,72.19515843756501,55.19496842715997,40.5375731818344,16.726193086865983,43.470664727961584,41.8887804592031,65.27617722660256,51.95105368338075,92.56467199271825
2025-03-09 20:17:49.796000,673.0,511.0,527.0,2533.0,1169.0,357.0,59.77296304130928,72.19515843756501,55.19496842715997,40.5375731818344,16.726193086865983,43.470664727961584,41.8887804592031,65.27617722660256,51.95105368338075,92.56467199271825
2025-03-09 20:17:49.804333,675.0,511.0,547.0,2545.0,1174.0,360.0,59.969746227227745,72.46614333794166,55.19623643562463,40.50473543895415,16.76255932353981,43.46099540797681,42.106743133063596,65.51362906974983,52.07671959050979,92.48352314237418
2025-03-09 20:17:49.804333,682.0,511.0,524.0,2533.0,1232.0,352.0,59.969746227227745,72.46614333794166,55.19623643562463,40.50473543895415,16.76255932353981,43.46099540797681,42.106743133063596,65.51362906974983,52.07671959050979,92.48352314237418
2025-03-09 20:17:49.804333,684.0,511.0,528.0,2526.0,1175.0,351.0,59.969746227227745,72.46614333794166,55.19623643562463,40.50473543895415,16.76255932353981,43.46099540797681,42.106743133063596,65.51362906974983,52.07671959050979,92.48352314237418
2025-03-09 20:17:49.812667,683.0,510.0,511.0,2532.0,1168.0,352.0,60.16671218294505,72.7395900866201,55.20437680756894,40.47346592493416,16.79902728174457,43.45336650417824,42.31774211332762,65.75063029896741,52.20565919551891,92.40133989788136
2025-03-09 20:17:49.812667,683.0,511.0,506.0,2519.0,1178.0,350.0,60.16671218294505,72.7395900866201,55.20437680756894,40.47346592493416,16.79902728174457,43.45336650417824,42.31774211332762,65.75063029896741,52.20565919551891,92.40133989788136
2025-03-09 20:17:49.812667,683.0,511.0,528.0,2539.0,1183.0,347.0,60.16671218294505,72.7395900866201,55.20437680756894,40.47346592493416,16.79902728174457,43.45336650417824,42.31774211332762,65.75063029896741,52.20565919551891,92.40133989788136
2025-03-09 20:17:49.812667,676.0,511.0,511.0,2523.0,1181.0,350.0,60.16671218294505,72.7395900866201,55.20437680756894,40.47346592493416,16.79902728174457,43.45336650417824,42.31774211332762,65.75063029896741,52.20565919551891,92.40133989788136
2025-03-09 20:17:49.821000,686.0,511.0,529.0,2536.0,1166.0,350.0,60.36217688068095,73.01324815409312,55.21725526809261,40.44234176672747,16.835426061041794,43.446089396574635,42.52291376015963,65.98621152158687,52.33598833006522,92.3190426259514
2025-03-09 20:17:49.821000,689.0,511.0,526.0,2531.0,1172.0,349.0,60.36217688068095,73.01324815409312,55.21725526809261,40.44234176672747,16.835426061041794,43.446089396574635,42.52291376015963,65.98621152158687,52.33598833006522,92.3190426259514
2025-03-09 20:17:49.821000,694.0,525.0,523.0,2531.0,1178.0,345.0,60.36217688068095,73.01324815409312,55.21725526809261,40.44234176672747,16.835426061041794,43.446089396574635,42.52291376015963,65.98621152158687,52.33598833006522,92.3190426259514
2025-03-09 20:17:49.821000,690.0,503.0,498.0,2527.0,1178.0,342.0,60.36217688068095,73.01324815409312,55.21725526809261,40.44234176672747,16.835426061041794,43.446089396574635,42.52291376015963,65.98621152158687,52.33598833006522,92.3190426259514
2025-03-09 20:17:49.821000,701.0,511.0,525.0,2523.0,1181.0,343.0,60.36217688068095,73.01324815409312,55.21725526809261,40.44234176672747,16.835426061041794,43.446089396574635,42.52291376015963,65.98621152158687,52.33598833006522,92.3190426259514
2025-03-09 20:17:49.829333,704.0,509.0,527.0,2547.0,1181.0,342.0,60.55485034605724,73.28604227899156,55.233066464755744,40.40977713736767,16.87179528394121,43.43754505940116,42.7235721054696,66.21984738907614,52.466396037463426,92.23667429934551
2025-03-09 20:17:49.829333,699.0,507.0,527.0,2530.0,1183.0,343.0,60.55485034605724,73.28604227899156,55.233066464755744,40.40977713736767,16.87179528394121,43.43754505940116,42.7235721054696,66.21984738907614,52.466396037463426,92.23667429934551
2025-03-09 20:17:49.837667,705.0,511.0,527.0,2522.0,1185.0,339.0,60.74394693290847,73.55732455160964,55.25288879823025,40.37510888041546,16.909160275473063,43.42745004536183,42.919036871725524,66.45055090306353,52.5958086883117,92.15393937834365
2025-03-09 20:17:49.837667,702.0,560.0,511.0,2526.0,1182.0,341.0,60.74394693290847,73.55732455160964,55.25288879823025,40.37510888041546,16.909160275473063,43.42745004536183,42.919036871725524,66.45055090306353,52.5958086883117,92.15393937834365
2025-03-09 20:17:49.837667,718.0,529.0,527.0,2526.0,1193.0,338.0,60.74394693290847,73.55732455160964,55.25288879823025,40.37510888041546,16.909160275473063,43.42745004536183,42.919036871725524,66.45055090306353,52.5958086883117,92.15393937834365
2025-03-09 20:17:49.837667,718.0,511.0,528.0,2535.0,1195.0,338.0,60.74394693290847,73.55732455160964,55.25288879823025,40.37510888041546,16.909160275473063,43.42745004536183,42.919036871725524,66.45055090306353,52.5958086883117,92.15393937834365
2025-03-09 20:17:49.846000,720.0,529.0,524.0,2512.0,1199.0,336.0,60.927720172708575,73.82611744659613,55.278650943800606,40.33825118971782,16.948114906978464,43.415780726123025,43.10740925571179,66.67739118907507,52.72431580371171,92.06991802356455
2025-03-09 20:17:49.846000,718.0,527.0,529.0,2528.0,1191.0,338.0,60.927720172708575,73.82611744659613,55.278650943800606,40.33825118971782,16.948114906978464,43.415780726123025,43.10740925571179,66.67739118907507,52.72431580371171,92.06991802356455
2025-03-09 20:17:49.846000,717.0,511.0,528.0,2526.0,1187.0,336.0,60.927720172708575,73.82611744659613,55.278650943800606,40.33825118971782,16.948114906978464,43.415780726123025,43.10740925571179,66.67739118907507,52.72431580371171,92.06991802356455
2025-03-09 20:17:49.846000,725.0,524.0,529.0,2525.0,1211.0,336.0,60.927720172708575,73.82611744659613,55.278650943800606,40.33825118971782,16.948114906978464,43.415780726123025,43.10740925571179,66.67739118907507,52.72431580371171,92.06991802356455
2025-03-09 20:17:49.854333,720.0,527.0,529.0,2523.0,1197.0,336.0,61.10476757669938,74.09112054533966,55.30955150369225,40.30054764252913,16.987444240168372,43.40306170761045,43.2881934246257,66.90043765001704,52.853333880720974,91.98407384710013
2025-03-09 20:17:49.854333,726.0,528.0,527.0,2478.0,1200.0,336.0,61.10476757669938,74.09112054533966,55.30955150369225,40.30054764252913,16.987444240168372,43.40306170761045,43.2881934246257,66.90043765001704,52.853333880720974,91.98407384710013
2025-03-09 20:17:49.854333,737.0,538.0,527.0,2526.0,1189.0,336.0,61.10476757669938,74.09112054533966,55.30955150369225,40.30054764252913,16.987444240168372,43.40306170761045,43.2881934246257,66.90043765001704,52.853333880720974,91.98407384710013
2025-03-09 20:17:49.862667,774.0,527.0,496.0,2522.0,1215.0,334.0,61.27585824438806,74.35159230255739,55.34328711333944,40.26496317386483,17.025989164595945,43.39147105621901,43.46259997486663,67.12022117090221,52.98410104237644,91.89622003669837
2025-03-09 20:17:49.862667,743.0,534.0,524.0,2516.0,1201.0,336.0,61.27585824438806,74.35159230255739,55.34328711333944,40.26496317386483,17.025989164595945,43.39147105621901,43.46259997486663,67.12022117090221,52.98410104237644,91.89622003669837
2025-03-09 20:17:49.862667,768.0,527.0,511.0,2523.0,1225.0,335.0,61.27585824438806,74.35159230255739,55.34328711333944,40.26496317386483,17.025989164595945,43.39147105621901,43.46259997486663,67.12022117090221,52.98410104237644,91.89622003669837
2025-03-09 20:17:49.862667,774.0,538.0,527.0,2521.0,1198.0,336.0,61.27585824438806,74.35159230255739,55.34328711333944,40.26496317386483,17.025989164595945,43.39147105621901,43.46259997486663,67.12022117090221,52.98410104237644,91.89622003669837
2025-03-09 20:17:49.871000,752.0,539.0,511.0,2523.0,1204.0,331.0,61.441271921677505,74.60638830408674,55.37880567027351,40.233354319693156,17.06319301459373,43.38254870028173,43.630343527037894,67.33593278709854,53.116475001187524,91.8049400209191
2025-03-09 20:17:49.871000,746.0,542.0,523.0,2522.0,1222.0,336.0,61.441271921677505,74.60638830408674,55.37880567027351,40.233354319693156,17.06319301459373,43.38254870028173,43.630343527037894,67.33593278709854,53.116475001187524,91.8049400209191
2025-03-09 20:17:49.871000,782.0,539.0,523.0,2522.0,1211.0,333.0,61.441271921677505,74.60638830408674,55.37880567027351,40.233354319693156,17.06319301459373,43.38254870028173,43.630343527037894,67.33593278709854,53.116475001187524,91.8049400209191
2025-03-09 20:17:49.871000,780.0,546.0,525.0,2515.0,1214.0,329.0,61.441271921677505,74.60638830408674,55.37880567027351,40.233354319693156,17.06319301459373,43.38254870028173,43.630343527037894,67.33593278709854,53.116475001187524,91.8049400209191
2025-03-09 20:17:49.879333,783.0,543.0,562.0,2513.0,1214.0,326.0,61.59954377964149,74.85336089900846,55.41601788109917,40.20538820827415,17.099183947276327,43.376145170318274,43.78963176882642,67.54493540811896,53.248435102923985,91.70847736969417
2025-03-09 20:17:49.879333,787.0,547.0,511.0,2516.0,1209.0,335.0,61.59954377964149,74.85336089900846,55.41601788109917,40.20538820827415,17.099183947276327,43.376145170318274,43.78963176882642,67.54493540811896,53.248435102923985,91.70847736969417
2025-03-09 20:17:49.879333,787.0,541.0,511.0,2518.0,1215.0,331.0,61.59954377964149,74.85336089900846,55.41601788109917,40.20538820827415,17.099183947276327,43.376145170318274,43.78963176882642,67.54493540811896,53.248435102923985,91.70847736969417
2025-03-09 20:17:49.887667,791.0,529.0,511.0,2529.0,1221.0,334.0,61.74973654195311,75.09028098153478,55.45338808138655,40.179550983194304,17.134156357789504,43.37087004874721,43.9409390433934,67.74544603413214,53.37699125850907,91.60606968301016
2025-03-09 20:17:49.887667,791.0,537.0,525.0,2509.0,1216.0,332.0,61.74973654195311,75.09028098153478,55.45338808138655,40.179550983194304,17.134156357789504,43.37087004874721,43.9409390433934,67.74544603413214,53.37699125850907,91.60606968301016
2025-03-09 20:17:49.887667,803.0,546.0,491.0,2525.0,1217.0,332.0,61.74973654195311,75.09028098153478,55.45338808138655,40.179550983194304,17.134156357789504,43.37087004874721,43.9409390433934,67.74544603413214,53.37699125850907,91.60606968301016
2025-03-09 20:17:49.896000,797.0,559.0,528.0,2523.0,1226.0,330.0,61.89258459956548,75.31607276927727,55.48802663497916,40.15477659795009,17.16835821491228,43.3657131550575,44.08726206814316,67.93729322940084,53.499619515330835,91.49779989572959
2025-03-09 20:17:49.896000,822.0,539.0,524.0,2496.0,1231.0,328.0,61.89258459956548,75.31607276927727,55.48802663497916,40.15477659795009,17.16835821491228,43.3657131550575,44.08726206814316,67.93729322940084,53.499619515330835,91.49779989572959
2025-03-09 20:17:49.896000,818.0,542.0,528.0,2518.0,1229.0,329.0,61.89258459956548,75.31607276927727,55.48802663497916,40.15477659795009,17.16835821491228,43.3657131550575,44.08726206814316,67.93729322940084,53.499619515330835,91.49779989572959
2025-03-09 20:17:49.896000,816.0,615.0,526.0,2525.0,1229.0,330.0,61.89258459956548,75.31607276927727,55.48802663497916,40.15477659795009,17.16835821491228,43.3657131550575,44.08726206814316,67.93729322940084,53.499619515330835,91.49779989572959
2025-03-09 20:17:49.896000,815.0,550.0,527.0,2513.0,1232.0,327.0,61.89258459956548,75.31607276927727,55.48802663497916,40.15477659795009,17.16835821491228,43.3657131550575,44.08726206814316,67.93729322940084,53.499619515330835,91.49779989572959
2025-03-09 20:17:49.904333,816.0,554.0,525.0,2498.0,1232.0,329.0,62.02926681123577,75.5306217071076,55.518316367322505,40.13062813576978,17.20210276020637,43.36031676003728,44.230934242884864,68.12095581693438,53.61499383315917,91.38280100538687
2025-03-09 20:17:49.904333,816.0,563.0,528.0,2523.0,1230.0,325.0,62.02926681123577,75.5306217071076,55.518316367322505,40.13062813576978,17.20210276020637,43.36031676003728,44.230934242884864,68.12095581693438,53.61499383315917,91.38280100538687
2025-03-09 20:17:49.904333,831.0,544.0,526.0,2512.0,1237.0,330.0,62.02926681123577,75.5306217071076,55.518316367322505,40.13062813576978,17.20210276020637,43.36031676003728,44.230934242884864,68.12095581693438,53.61499383315917,91.38280100538687
2025-03-09 20:17:49.912667,837.0,543.0,511.0,2522.0,1245.0,329.0,62.1608093621363,75.73338181829347,55.54267758244001,40.10698901369198,17.235240333776943,43.35446865020187,44.37358686066361,68.29661321642769,53.72184514814992,91.26007925450425
2025-03-09 20:17:49.912667,832.0,541.0,505.0,2516.0,1238.0,327.0,62.1608093621363,75.73338181829347,55.54267758244001,40.10698901369198,17.235240333776943,43.35446865020187,44.37358686066361,68.29661321642769,53.72184514814992,91.26007925450425
2025-03-09 20:17:49.912667,844.0,554.0,485.0,2517.0,1239.0,323.0,62.1608093621363,75.73338181829347,55.54267758244001,40.10698901369198,17.235240333776943,43.35446865020187,44.37358686066361,68.29661321642769,53.72184514814992,91.26007925450425
2025-03-09 20:17:49.912667,843.0,541.0,511.0,2518.0,1242.0,322.0,62.1608093621363,75.73338181829347,55.54267758244001,40.10698901369198,17.235240333776943,43.35446865020187,44.37358686066361,68.29661321642769,53.72184514814992,91.26007925450425
2025-03-09 20:17:49.921000,835.0,529.0,511.0,2518.0,1242.0,322.0,62.2887301615903,75.9240192226383,55.55957927287857,40.085561733939045,17.26620114686078,43.34886276853256,44.51674815846551,68.46618541257538,53.82131930626284,91.13096482293572
2025-03-09 20:17:49.921000,848.0,547.0,511.0,2516.0,1241.0,323.0,62.2887301615903,75.9240192226383,55.55957927287857,40.085561733939045,17.26620114686078,43.34886276853256,44.51674815846551,68.46618541257538,53.82131930626284,91.13096482293572
2025-03-09 20:17:49.921000,833.0,547.0,525.0,2517.0,1241.0,325.0,62.2887301615903,75.9240192226383,55.55957927287857,40.085561733939045,17.26620114686078,43.34886276853256,44.51674815846551,68.46618541257538,53.82131930626284,91.13096482293572
2025-03-09 20:17:49.929333,853.0,542.0,495.0,2518.0,1249.0,320.0,62.41311491832716,76.10126617981689,55.56724218391299,40.06754842340465,17.294168495154953,43.344164466338626,44.66107108679836,68.62947331479425,53.91323591620687,90.99458066717848
2025-03-09 20:17:49.929333,847.0,543.0,525.0,2521.0,1247.0,322.0,62.41311491832716,76.10126617981689,55.56724218391299,40.06754842340465,17.294168495154953,43.344164466338626,44.66107108679836,68.62947331479425,53.91323591620687,90.99458066717848
2025-03-09 20:17:49.929333,844.0,539.0,525.0,2518.0,1251.0,323.0,62.41311491832716,76.10126617981689,55.56724218391299,40.06754842340465,17.294168495154953,43.344164466338626,44.66107108679836,68.62947331479425,53.91323591620687,90.99458066717848
2025-03-09 20:17:49.929333,843.0,535.0,511.0,2517.0,1253.0,322.0,62.41311491832716,76.10126617981689,55.56724218391299,40.06754842340465,17.294168495154953,43.344164466338626,44.66107108679836,68.62947331479425,53.91323591620687,90.99458066717848
2025-03-09 20:17:49.937667,834.0,544.0,511.0,2522.0,1261.0,320.0,62.532725415225805,76.26445179982638,55.56463698578373,40.05243497257806,17.3189009662131,43.34009276714682,44.805554167659075,68.78452683576766,53.99668773849254,90.84898871353313
2025-03-09 20:17:49.937667,842.0,544.0,523.0,2519.0,1253.0,320.0,62.532725415225805,76.26445179982638,55.56463698578373,40.05243497257806,17.3189009662131,43.34009276714682,44.805554167659075,68.78452683576766,53.99668773849254,90.84898871353313
2025-03-09 20:17:49.937667,843.0,548.0,528.0,2515.0,1260.0,322.0,62.532725415225805,76.26445179982638,55.56463698578373,40.05243497257806,17.3189009662131,43.34009276714682,44.805554167659075,68.78452683576766,53.99668773849254,90.84898871353313
2025-03-09 20:17:49.946000,848.0,532.0,525.0,2513.0,1266.0,320.0,62.64575565330646,76.41383679553837,55.551241098305184,40.0397029897454,17.339456233285215,43.3362733501661,44.948010551977575,68.92955463895187,54.0722845552591,90.69417519857943
2025-03-09 20:17:49.946000,835.0,544.0,531.0,2513.0,1273.0,320.0,62.64575565330646,76.41383679553837,55.551241098305184,40.0397029897454,17.339456233285215,43.3362733501661,44.948010551977575,68.92955463895187,54.0722845552591,90.69417519857943
2025-03-09 20:17:49.946000,848.0,553.0,528.0,2522.0,1272.0,320.0,62.64575565330646,76.41383679553837,55.551241098305184,40.0397029897454,17.339456233285215,43.3362733501661,44.948010551977575,68.92955463895187,54.0722845552591,90.69417519857943
2025-03-09 20:17:49.946000,834.0,540.0,526.0,2516.0,1277.0,320.0,62.64575565330646,76.41383679553837,55.551241098305184,40.0397029897454,17.339456233285215,43.3362733501661,44.948010551977575,68.92955463895187,54.0722845552591,90.69417519857943
2025-03-09 20:17:49.954333,865.0,565.0,509.0,2517.0,1275.0,320.0,62.75045362069082,76.54949005773562,55.52629877533217,40.02903911705829,17.354286228401563,43.33194329362703,45.08719263444073,69.0642428894873,54.141584399785415,90.53037354816313
2025-03-09 20:17:49.954333,848.0,531.0,508.0,2515.0,1272.0,318.0,62.75045362069082,76.54949005773562,55.52629877533217,40.02903911705829,17.354286228401563,43.33194329362703,45.08719263444073,69.0642428894873,54.141584399785415,90.53037354816313
2025-03-09 20:17:49.954333,848.0,542.0,503.0,2510.0,1275.0,320.0,62.75045362069082,76.54949005773562,55.52629877533217,40.02903911705829,17.354286228401563,43.33194329362703,45.08719263444073,69.0642428894873,54.141584399785415,90.53037354816313
2025-03-09 20:17:49.954333,847.0,533.0,511.0,2512.0,1277.0,320.0,62.75045362069082,76.54949005773562,55.52629877533217,40.02903911705829,17.354286228401563,43.33194329362703,45.08719263444073,69.0642428894873,54.141584399785415,90.53037354816313
2025-03-09 20:17:49.962667,837.0,549.0,481.0,2518.0,1280.0,315.0,62.845236612883575,76.67100698741838,55.48754250586611,40.018034946352515,17.362595506381833,43.32453227417729,45.22437286024726,69.18840638594186,54.20392959258832,90.3556937928062
2025-03-09 20:17:49.962667,845.0,543.0,464.0,2515.0,1283.0,317.0,62.845236612883575,76.67100698741838,55.48754250586611,40.018034946352515,17.362595506381833,43.32453227417729,45.22437286024726,69.18840638594186,54.20392959258832,90.3556937928062
2025-03-09 20:17:49.962667,852.0,533.0,461.0,2512.0,1281.0,319.0,62.845236612883575,76.67100698741838,55.48754250586611,40.018034946352515,17.362595506381833,43.32453227417729,45.22437286024726,69.18840638594186,54.20392959258832,90.3556937928062
2025-03-09 20:17:49.971000,835.0,543.0,478.0,2514.0,1283.0,317.0,62.92838999115415,76.77798200584995,55.431721475212015,40.001834244380845,17.364749457342253,43.309739348121994,45.36247827063107,69.30114852826064,54.25624472122231,90.1683881821962
2025-03-09 20:17:49.971000,849.0,551.0,479.0,2493.0,1283.0,306.0,62.92838999115415,76.77798200584995,55.431721475212015,40.001834244380845,17.364749457342253,43.309739348121994,45.36247827063107,69.30114852826064,54.25624472122231,90.1683881821962
2025-03-09 20:17:49.971000,851.0,542.0,423.0,2512.0,1284.0,315.0,62.92838999115415,76.77798200584995,55.431721475212015,40.001834244380845,17.364749457342253,43.309739348121994,45.36247827063107,69.30114852826064,54.25624472122231,90.1683881821962
2025-03-09 20:17:49.971000,878.0,547.0,411.0,2514.0,1287.0,313.0,62.92838999115415,76.77798200584995,55.431721475212015,40.001834244380845,17.364749457342253,43.309739348121994,45.36247827063107,69.30114852826064,54.25624472122231,90.1683881821962
2025-03-09 20:17:49.979333,837.0,545.0,497.0,2513.0,1296.0,317.0,62.99878818611361,76.86980793299897,55.35788600178403,39.976734384863285,17.362531252604715,43.28475372392423,45.503596867526525,69.40137688719396,54.295209277543215,89.96761505734386
2025-03-09 20:17:49.979333,850.0,543.0,491.0,2515.0,1300.0,317.0,62.99878818611361,76.86980793299897,55.35788600178403,39.976734384863285,17.362531252604715,43.28475372392423,45.503596867526525,69.40137688719396,54.295209277543215,89.96761505734386
2025-03-09 20:17:49.979333,839.0,547.0,480.0,2526.0,1295.0,316.0,62.99878818611361,76.86980793299897,55.35788600178403,39.976734384863285,17.362531252604715,43.28475372392423,45.503596867526525,69.40137688719396,54.295209277543215,89.96761505734386
2025-03-09 20:17:49.987667,846.0,537.0,477.0,2508.0,1307.0,307.0,63.055735850226924,76.94591660697583,55.26787097003001,39.940911437894876,17.3572717763615,43.2481234325554,45.64774369750179,69.48907075716345,54.31945309896139,89.7528974578174
2025-03-09 20:17:49.987667,842.0,551.0,471.0,2514.0,1296.0,317.0,63.055735850226924,76.94591660697583,55.26787097003001,39.940911437894876,17.3572717763615,43.2481234325554,45.64774369750179,69.48907075716345,54.31945309896139,89.7528974578174
2025-03-09 20:17:49.987667,838.0,543.0,486.0,2514.0,1296.0,315.0,63.055735850226924,76.94591660697583,55.26787097003001,39.940911437894876,17.3572717763615,43.2481234325554,45.64774369750179,69.48907075716345,54.31945309896139,89.7528974578174
2025-03-09 20:17:49.987667,847.0,534.0,464.0,2512.0,1295.0,310.0,63.055735850226924,76.94591660697583,55.26787097003001,39.940911437894876,17.3572717763615,43.2481234325554,45.64774369750179,69.48907075716345,54.31945309896139,89.7528974578174
2025-03-09 20:17:49.996000,829.0,545.0,454.0,2513.0,1296.0,314.0,63.09886292704397,77.00602501851509,55.16419004862436,39.89402856315491,17.34912655574162,43.19918325502301,45.79413505285476,69.5654980896936,54.329706556459705,89.52403158211638
2025-03-09 20:17:49.996000,832.0,551.0,429.0,2512.0,1302.0,314.0,63.09886292704397,77.00602501851509,55.16419004862436,39.89402856315491,17.34912655574162,43.19918325502301,45.79413505285476,69.5654980896936,54.329706556459705,89.52403158211638
2025-03-09 20:17:49.996000,843.0,535.0,425.0,2512.0,1301.0,311.0,63.09886292704397,77.00602501851509,55.16419004862436,39.89402856315491,17.34912655574162,43.19918325502301,45.79413505285476,69.5654980896936,54.329706556459705,89.52403158211638
2025-03-09 20:17:50.004333,843.0,555.0,424.0,2519.0,1298.0,311.0,63.12895008583997,77.05018332296541,55.04906501046721,39.837454637630366,17.337630590806324,43.13861931576661,45.94207680855456,69.63264542220922,54.32772023407823,89.28150961055306
2025-03-09 20:17:50.004333,839.0,542.0,431.0,2512.0,1296.0,314.0,63.12895008583997,77.05018332296541,55.04906501046721,39.837454637630366,17.337630590806324,43.13861931576661,45.94207680855456,69.63264542220922,54.32772023407823,89.28150961055306
2025-03-09 20:17:50.004333,835.0,548.0,409.0,2512.0,1297.0,305.0,63.12895008583997,77.05018332296541,55.04906501046721,39.837454637630366,17.337630590806324,43.13861931576661,45.94207680855456,69.63264542220922,54.32772023407823,89.28150961055306
2025-03-09 20:17:50.004333,838.0,544.0,403.0,2515.0,1298.0,310.0,63.12895008583997,77.05018332296541,55.04906501046721,39.837454637630366,17.337630590806324,43.13861931576661,45.94207680855456,69.63264542220922,54.32772023407823,89.28150961055306
2025-03-09 20:17:50.012667,833.0,541.0,412.0,2516.0,1296.0,310.0,63.14687903727906,77.07799794432567,54.92232532640431,39.773081418507566,17.32271767574887,43.06791301108012,46.092195062050024,69.69128003347286,54.314142819103196,89.0263148330953
2025-03-09 20:17:50.012667,832.0,538.0,400.0,2512.0,1300.0,304.0,63.14687903727906,77.07799794432567,54.92232532640431,39.773081418507566,17.32271767574887,43.06791301108012,46.092195062050024,69.69128003347286,54.314142819103196,89.0263148330953
2025-03-09 20:17:50.012667,834.0,541.0,400.0,2515.0,1296.0,307.0,63.14687903727906,77.07799794432567,54.92232532640431,39.773081418507566,17.32271767574887,43.06791301108012,46.092195062050024,69.69128003347286,54.314142819103196,89.0263148330953
2025-03-09 20:17:50.021000,829.0,547.0,400.0,2512.0,1298.0,305.0,63.15293152213429,77.08901852188026,54.78165806352724,39.702567972996064,17.304001719810035,42.988679045595134,46.244893562595124,69.74019876801698,54.28882610887722,88.75959929624842
2025-03-09 20:17:50.021000,835.0,541.0,394.0,2511.0,1295.0,305.0,63.15293152213429,77.08901852188026,54.78165806352724,39.702567972996064,17.304001719810035,42.988679045595134,46.244893562595124,69.74019876801698,54.28882610887722,88.75959929624842
2025-03-09 20:17:50.021000,834.0,541.0,402.0,2512.0,1297.0,307.0,63.15293152213429,77.08901852188026,54.78165806352724,39.702567972996064,17.304001719810035,42.988679045595134,46.244893562595124,69.74019876801698,54.28882610887722,88.75959929624842
2025-03-09 20:17:50.021000,838.0,544.0,400.0,2511.0,1297.0,305.0,63.15293152213429,77.08901852188026,54.78165806352724,39.702567972996064,17.304001719810035,42.988679045595134,46.244893562595124,69.74019876801698,54.28882610887722,88.75959929624842
2025-03-09 20:17:50.029333,835.0,544.0,412.0,2507.0,1297.0,305.0,63.14934389071228,77.0842899261764,54.62457696948791,39.62781413508439,17.281916785515826,42.90338111524709,46.40157194603374,69.77841326913048,54.2511447972429,88.4841245488456
2025-03-09 20:17:50.029333,835.0,538.0,404.0,2503.0,1296.0,304.0,63.14934389071228,77.0842899261764,54.62457696948791,39.62781413508439,17.281916785515826,42.90338111524709,46.40157194603374,69.77841326913048,54.2511447972429,88.4841245488456
2025-03-09 20:17:50.029333,834.0,546.0,407.0,2508.0,1296.0,302.0,63.14934389071228,77.0842899261764,54.62457696948791,39.62781413508439,17.281916785515826,42.90338111524709,46.40157194603374,69.77841326913048,54.2511447972429,88.4841245488456
2025-03-09 20:17:50.029333,831.0,539.0,405.0,2505.0,1294.0,302.0,63.14934389071228,77.0842899261764,54.62457696948791,39.62781413508439,17.281916785515826,42.90338111524709,46.40157194603374,69.77841326913048,54.2511447972429,88.4841245488456
2025-03-09 20:17:50.037667,830.0,545.0,410.0,2511.0,1296.0,303.0,63.13903788665461,77.06550907425768,54.4499181115361,39.550844399940715,17.25865540655773,42.815273403286405,46.564040658718376,69.80490866635941,54.199941577381345,88.20321339273728
2025-03-09 20:17:50.037667,834.0,546.0,415.0,2502.0,1296.0,303.0,63.13903788665461,77.06550907425768,54.4499181115361,39.550844399940715,17.25865540655773,42.815273403286405,46.564040658718376,69.80490866635941,54.199941577381345,88.20321339273728
2025-03-09 20:17:50.037667,831.0,550.0,414.0,2509.0,1296.0,299.0,63.13903788665461,77.06550907425768,54.4499181115361,39.550844399940715,17.25865540655773,42.815273403286405,46.564040658718376,69.80490866635941,54.199941577381345,88.20321339273728
2025-03-09 20:17:50.046000,833.0,546.0,401.0,2511.0,1296.0,302.0,63.122209813894806,77.03394145279695,54.259182882065325,39.47240405215605,17.235486759674465,42.72603155242852,46.730584230724425,69.81819813871464,54.13546364911571,87.91877950116366
2025-03-09 20:17:50.046000,833.0,546.0,416.0,2507.0,1296.0,301.0,63.122209813894806,77.03394145279695,54.259182882065325,39.47240405215605,17.235486759674465,42.72603155242852,46.730584230724425,69.81819813871464,54.13546364911571,87.91877950116366
2025-03-09 20:17:50.046000,829.0,545.0,406.0,2506.0,1295.0,301.0,63.122209813894806,77.03394145279695,54.259182882065325,39.47240405215605,17.235486759674465,42.72603155242852,46.730584230724425,69.81819813871464,54.13546364911571,87.91877950116366
2025-03-09 20:17:50.046000,829.0,541.0,432.0,2507.0,1286.0,292.0,63.122209813894806,77.03394145279695,54.259182882065325,39.47240405215605,17.235486759674465,42.72603155242852,46.730584230724425,69.81819813871464,54.13546364911571,87.91877950116366
2025-03-09 20:17:50.054333,831.0,543.0,438.0,2502.0,1290.0,291.0,63.09773629980295,76.99047722657738,54.05555160616298,39.39141378669779,17.212525201930458,42.63531851501239,46.89686442335886,69.8163818235682,54.05795034176322,87.63189977412796
2025-03-09 20:17:50.054333,827.0,544.0,441.0,2499.0,1285.0,239.0,63.09773629980295,76.99047722657738,54.05555160616298,39.39141378669779,17.212525201930458,42.63531851501239,46.89686442335886,69.8163818235682,54.05795034176322,87.63189977412796
2025-03-09 20:17:50.054333,833.0,539.0,442.0,2500.0,1290.0,293.0,63.09773629980295,76.99047722657738,54.05555160616298,39.39141378669779,17.212525201930458,42.63531851501239,46.89686442335886,69.8163818235682,54.05795034176322,87.63189977412796
2025-03-09 20:17:50.062667,829.0,545.0,446.0,2499.0,1286.0,290.0,63.06612774382817,76.93621991817655,53.842246024901286,39.30672326352855,17.18989763938501,42.54251527710411,47.06002480490641,69.7991628199111,53.96722898801391,87.34353525034737
2025-03-09 20:17:50.062667,816.0,547.0,451.0,2503.0,1285.0,291.0,63.06612774382817,76.93621991817655,53.842246024901286,39.30672326352855,17.18989763938501,42.54251527710411,47.06002480490641,69.7991628199111,53.96722898801391,87.34353525034737
2025-03-09 20:17:50.062667,830.0,544.0,462.0,2500.0,1285.0,291.0,63.06612774382817,76.93621991817655,53.842246024901286,39.30672326352855,17.18989763938501,42.54251527710411,47.06002480490641,69.7991628199111,53.96722898801391,87.34353525034737
2025-03-09 20:17:50.062667,828.0,541.0,447.0,2491.0,1279.0,282.0,63.06612774382817,76.93621991817655,53.842246024901286,39.30672326352855,17.18989763938501,42.54251527710411,47.06002480490641,69.7991628199111,53.96722898801391,87.34353525034737
2025-03-09 20:17:50.071000,823.0,557.0,451.0,2494.0,1278.0,286.0,63.03038506883053,76.87319962188052,53.62361134815936,39.21812754926678,17.1688456666828,42.447899427345256,47.219363641699864,69.76878846304314,53.86329850607499,87.05490121088687
2025-03-09 20:17:50.071000,832.0,566.0,459.0,2496.0,1275.0,284.0,63.03038506883053,76.87319962188052,53.62361134815936,39.21812754926678,17.1688456666828,42.447899427345256,47.219363641699864,69.76878846304314,53.86329850607499,87.05490121088687
2025-03-09 20:17:50.071000,830.0,556.0,451.0,2502.0,1278.0,278.0,63.03038506883053,76.87319962188052,53.62361134815936,39.21812754926678,17.1688456666828,42.447899427345256,47.219363641699864,69.76878846304314,53.86329850607499,87.05490121088687
2025-03-09 20:17:50.079333,825.0,555.0,451.0,2496.0,1278.0,282.0,62.99297356273535,76.80239101901968,53.403288473662116,39.126900602084504,17.14978006544617,42.352302770131665,47.374820630120425,69.72861206599819,53.747489798075605,86.76570470719572
2025-03-09 20:17:50.079333,817.0,549.0,452.0,2499.0,1274.0,279.0,62.99297356273535,76.80239101901968,53.403288473662116,39.126900602084504,17.14978006544617,42.352302770131665,47.374820630120425,69.72861206599819,53.747489798075605,86.76570470719572
2025-03-09 20:17:50.079333,827.0,552.0,447.0,2502.0,1271.0,277.0,62.99297356273535,76.80239101901968,53.403288473662116,39.126900602084504,17.14978006544617,42.352302770131665,47.374820630120425,69.72861206599819,53.747489798075605,86.76570470719572
2025-03-09 20:17:50.079333,827.0,551.0,448.0,2493.0,1270.0,281.0,62.99297356273535,76.80239101901968,53.403288473662116,39.126900602084504,17.14978006544617,42.352302770131665,47.374820630120425,69.72861206599819,53.747489798075605,86.76570470719572
2025-03-09 20:17:50.087667,825.0,555.0,440.0,2493.0,1274.0,272.0,62.95421036645721,76.72367465648995,53.18546519587976,39.036589139576385,17.130868600440326,42.257456494354386,47.52392199841947,69.6825038497027,53.6246867554189,86.47460399834753
2025-03-09 20:17:50.087667,821.0,556.0,447.0,2494.0,1261.0,269.0,62.95421036645721,76.72367465648995,53.18546519587976,39.036589139576385,17.130868600440326,42.257456494354386,47.52392199841947,69.6825038497027,53.6246867554189,86.47460399834753
2025-03-09 20:17:50.087667,818.0,549.0,439.0,2492.0,1258.0,269.0,62.95421036645721,76.72367465648995,53.18546519587976,39.036589139576385,17.130868600440326,42.257456494354386,47.52392199841947,69.6825038497027,53.6246867554189,86.47460399834753
2025-03-09 20:17:50.096000,819.0,555.0,444.0,2491.0,1271.0,271.0,62.91397721408473,76.63759345992382,52.97367668757009,38.949349416259544,17.11151776206822,42.16447845123434,47.66520289177482,69.63345219679383,53.498694525543556,86.18134264857589
2025-03-09 20:17:50.096000,821.0,558.0,439.0,2487.0,1255.0,270.0,62.91397721408473,76.63759345992382,52.97367668757009,38.949349416259544,17.11151776206822,42.16447845123434,47.66520289177482,69.63345219679383,53.498694525543556,86.18134264857589
2025-03-09 20:17:50.096000,829.0,546.0,440.0,2490.0,1252.0,269.0,62.91397721408473,76.63759345992382,52.97367668757009,38.949349416259544,17.11151776206822,42.16447845123434,47.66520289177482,69.63345219679383,53.498694525543556,86.18134264857589
2025-03-09 20:17:50.096000,820.0,559.0,453.0,2497.0,1253.0,268.0,62.91397721408473,76.63759345992382,52.97367668757009,38.949349416259544,17.11151776206822,42.16447845123434,47.66520289177482,69.63345219679383,53.498694525543556,86.18134264857589
2025-03-09 20:17:50.104333,816.0,559.0,446.0,2483.0,1233.0,261.0,62.87203241147247,76.54573566153513,52.76898100348635,38.865029125415134,17.092048549991404,42.073193910200374,47.799132413750264,69.58304815142289,53.371467578912,85.88768950668397
2025-03-09 20:17:50.104333,817.0,557.0,439.0,2480.0,1235.0,261.0,62.87203241147247,76.54573566153513,52.76898100348635,38.865029125415134,17.092048549991404,42.073193910200374,47.799132413750264,69.58304815142289,53.371467578912,85.88768950668397
2025-03-09 20:17:50.104333,827.0,558.0,437.0,2477.0,1232.0,259.0,62.87203241147247,76.54573566153513,52.76898100348635,38.865029125415134,17.092048549991404,42.073193910200374,47.799132413750264,69.58304815142289,53.371467578912,85.88768950668397
2025-03-09 20:17:50.104333,825.0,563.0,444.0,2482.0,1232.0,261.0,62.87203241147247,76.54573566153513,52.76898100348635,38.865029125415134,17.092048549991404,42.073193910200374,47.799132413750264,69.58304815142289,53.371467578912,85.88768950668397
2025-03-09 20:17:50.112667,818.0,547.0,432.0,2475.0,1232.0,259.0,62.82788397517404,76.44958040891179,52.57073156724798,38.78375202015376,17.072330366001058,41.98377171073118,47.92633695742915,69.53184587965194,53.24488628841823,85.59644558690766
2025-03-09 20:17:50.112667,816.0,557.0,431.0,2480.0,1231.0,258.0,62.82788397517404,76.44958040891179,52.57073156724798,38.78375202015376,17.072330366001058,41.98377171073118,47.92633695742915,69.53184587965194,53.24488628841823,85.59644558690766
2025-03-09 20:17:50.112667,819.0,556.0,442.0,2483.0,1231.0,258.0,62.82788397517404,76.44958040891179,52.57073156724798,38.78375202015376,17.072330366001058,41.98377171073118,47.92633695742915,69.53184587965194,53.24488628841823,85.59644558690766
2025-03-09 20:17:50.121000,815.0,555.0,434.0,2480.0,1225.0,259.0,62.78100903941436,76.34922952002458,52.377842203122476,38.70699443823075,17.05258636676329,41.89789670450103,48.04661411654311,69.47857517484773,53.11968389339983,85.30975105589948
2025-03-09 20:17:50.121000,806.0,556.0,445.0,2481.0,1213.0,254.0,62.78100903941436,76.34922952002458,52.377842203122476,38.70699443823075,17.05258636676329,41.89789670450103,48.04661411654311,69.47857517484773,53.11968389339983,85.30975105589948
2025-03-09 20:17:50.121000,797.0,562.0,446.0,2478.0,1211.0,254.0,62.78100903941436,76.34922952002458,52.377842203122476,38.70699443823075,17.05258636676329,41.89789670450103,48.04661411654311,69.47857517484773,53.11968389339983,85.30975105589948
2025-03-09 20:17:50.121000,810.0,558.0,445.0,2473.0,1207.0,256.0,62.78100903941436,76.34922952002458,52.377842203122476,38.70699443823075,17.05258636676329,41.89789670450103,48.04661411654311,69.47857517484773,53.11968389339983,85.30975105589948
2025-03-09 20:17:50.129333,814.0,560.0,439.0,2473.0,1206.0,253.0,62.73114179284186,76.243931420749,52.189340370233566,38.63654659604832,17.03337172150188,41.81780067387248,48.15905653573288,69.42078257735672,52.99524346882706,85.0287565011908
2025-03-09 20:17:50.129333,815.0,566.0,442.0,2478.0,1189.0,251.0,62.73114179284186,76.243931420749,52.189340370233566,38.63654659604832,17.03337172150188,41.81780067387248,48.15905653573288,69.42078257735672,52.99524346882706,85.0287565011908
2025-03-09 20:17:50.129333,815.0,552.0,457.0,2479.0,1205.0,252.0,62.73114179284186,76.243931420749,52.189340370233566,38.63654659604832,17.03337172150188,41.81780067387248,48.15905653573288,69.42078257735672,52.99524346882706,85.0287565011908
2025-03-09 20:17:50.137667,815.0,561.0,445.0,2478.0,1206.0,247.0,62.67877353362352,76.13400300720102,52.003765983238864,38.57261764727706,17.01407299744157,41.743914606870355,48.263397554633826,69.3573601604308,52.87118265356608,84.75611081615199
2025-03-09 20:17:50.137667,815.0,563.0,453.0,2480.0,1191.0,250.0,62.67877353362352,76.13400300720102,52.003765983238864,38.57261764727706,17.01407299744157,41.743914606870355,48.263397554633826,69.3573601604308,52.87118265356608,84.75611081615199
2025-03-09 20:17:50.137667,818.0,559.0,442.0,2437.0,1199.0,247.0,62.67877353362352,76.13400300720102,52.003765983238864,38.57261764727706,17.01407299744157,41.743914606870355,48.263397554633826,69.3573601604308,52.87118265356608,84.75611081615199
2025-03-09 20:17:50.137667,807.0,559.0,439.0,2469.0,1193.0,249.0,62.67877353362352,76.13400300720102,52.003765983238864,38.57261764727706,17.01407299744157,41.743914606870355,48.263397554633826,69.3573601604308,52.87118265356608,84.75611081615199
2025-03-09 20:17:50.146000,813.0,560.0,448.0,2480.0,1197.0,245.0,62.62491046355539,76.02196433513845,51.8224973099785,38.51364824657404,16.994054845668774,41.67489433758721,48.35912134621669,69.28977510964525,52.74868274076401,84.49756595537649
2025-03-09 20:17:50.146000,801.0,557.0,452.0,2471.0,1191.0,247.0,62.62491046355539,76.02196433513845,51.8224973099785,38.51364824657404,16.994054845668774,41.67489433758721,48.35912134621669,69.28977510964525,52.74868274076401,84.49756595537649
2025-03-09 20:17:50.146000,806.0,557.0,443.0,2473.0,1191.0,246.0,62.62491046355539,76.02196433513845,51.8224973099785,38.51364824657404,16.994054845668774,41.67489433758721,48.35912134621669,69.28977510964525,52.74868274076401,84.49756595537649
2025-03-09 20:17:50.154333,808.0,555.0,448.0,2474.0,1198.0,250.0,62.57001159315062,75.91060628571671,51.64947964341896,38.45800403015001,16.97323833675193,41.60914887907457,48.44504416949456,69.2207580881201,52.630090598076656,84.25776748673975
2025-03-09 20:17:50.154333,802.0,561.0,438.0,2476.0,1189.0,245.0,62.57001159315062,75.91060628571671,51.64947964341896,38.45800403015001,16.97323833675193,41.60914887907457,48.44504416949456,69.2207580881201,52.630090598076656,84.25776748673975
2025-03-09 20:17:50.154333,794.0,559.0,442.0,2480.0,1185.0,245.0,62.57001159315062,75.91060628571671,51.64947964341896,38.45800403015001,16.97323833675193,41.60914887907457,48.44504416949456,69.2207580881201,52.630090598076656,84.25776748673975
2025-03-09 20:17:50.154333,794.0,566.0,435.0,2476.0,1185.0,243.0,62.57001159315062,75.91060628571671,51.64947964341896,38.45800403015001,16.97323833675193,41.60914887907457,48.44504416949456,69.2207580881201,52.630090598076656,84.25776748673975
2025-03-09 20:17:50.162667,793.0,557.0,442.0,2479.0,1185.0,245.0,62.51465894975402,75.80174523200081,51.48584895702903,38.405558116212205,16.951567744708697,41.546334399170505,48.52204925662859,69.15268075466744,52.517541976728566,84.03831328812926
2025-03-09 20:17:50.162667,791.0,558.0,432.0,2477.0,1179.0,241.0,62.51465894975402,75.80174523200081,51.48584895702903,38.405558116212205,16.951567744708697,41.546334399170505,48.52204925662859,69.15268075466744,52.517541976728566,84.03831328812926
2025-03-09 20:17:50.162667,791.0,553.0,432.0,2470.0,1182.0,243.0,62.51465894975402,75.80174523200081,51.48584895702903,38.405558116212205,16.951567744708697,41.546334399170505,48.52204925662859,69.15268075466744,52.517541976728566,84.03831328812926
2025-03-09 20:17:50.171000,794.0,560.0,434.0,2471.0,1184.0,243.0,62.45987151859477,75.69731295326831,51.332521779430316,38.356554800528315,16.92943907593294,41.48671325519098,48.591302409142735,69.08757248984672,52.41279953222558,83.84010264780174
2025-03-09 20:17:50.171000,787.0,560.0,432.0,2468.0,1181.0,241.0,62.45987151859477,75.69731295326831,51.332521779430316,38.356554800528315,16.92943907593294,41.48671325519098,48.591302409142735,69.08757248984672,52.41279953222558,83.84010264780174
2025-03-09 20:17:50.171000,778.0,567.0,436.0,2471.0,1175.0,241.0,62.45987151859477,75.69731295326831,51.332521779430316,38.356554800528315,16.92943907593294,41.48671325519098,48.591302409142735,69.08757248984672,52.41279953222558,83.84010264780174
2025-03-09 20:17:50.171000,779.0,558.0,448.0,2465.0,1177.0,241.0,62.45987151859477,75.69731295326831,51.332521779430316,38.356554800528315,16.92943907593294,41.48671325519098,48.591302409142735,69.08757248984672,52.41279953222558,83.84010264780174
2025-03-09 20:17:50.179333,773.0,560.0,441.0,2469.0,1168.0,239.0,62.406203770891544,75.59890357150519,51.192214876991066,38.31048080088382,16.907852222997278,41.43006216325581,48.65263029274214,69.02695249929847,52.316825538233054,83.66349898448254
2025-03-09 20:17:50.179333,777.0,559.0,443.0,2475.0,1173.0,240.0,62.406203770891544,75.59890357150519,51.192214876991066,38.31048080088382,16.907852222997278,41.43006216325581,48.65263029274214,69.02695249929847,52.316825538233054,83.66349898448254
2025-03-09 20:17:50.179333,773.0,555.0,449.0,2478.0,1168.0,245.0,62.406203770891544,75.59890357150519,51.192214876991066,38.31048080088382,16.907852222997278,41.43006216325581,48.65263029274214,69.02695249929847,52.316825538233054,83.66349898448254
2025-03-09 20:17:50.179333,767.0,560.0,434.0,2483.0,1174.0,239.0,62.406203770891544,75.59890357150519,51.192214876991066,38.31048080088382,16.907852222997278,41.43006216325581,48.65263029274214,69.02695249929847,52.316825538233054,83.66349898448254
2025-03-09 20:17:50.187667,768.0,558.0,438.0,2461.0,1174.0,240.0,62.35468692706521,75.50741695235523,51.06630398797297,38.26745170626379,16.88732739861527,41.37680139505155,48.7056571415714,68.9712256912463,52.229606169899874,83.50863374287549
2025-03-09 20:17:50.187667,766.0,560.0,441.0,2469.0,1162.0,240.0,62.35468692706521,75.50741695235523,51.06630398797297,38.26745170626379,16.88732739861527,41.37680139505155,48.7056571415714,68.9712256912463,52.229606169899874,83.50863374287549
2025-03-09 20:17:50.187667,761.0,560.0,441.0,2465.0,1169.0,243.0,62.35468692706521,75.50741695235523,51.06630398797297,38.26745170626379,16.88732739861527,41.37680139505155,48.7056571415714,68.9712256912463,52.229606169899874,83.50863374287549
2025-03-09 20:17:50.196000,759.0,556.0,448.0,2464.0,1169.0,240.0,62.30710568728473,75.42319809372992,50.953530701799245,38.22866939298191,16.86812667044674,41.32842571914439,48.75133004848062,68.91999838142294,52.15034643249811,83.37615812907167
2025-03-09 20:17:50.196000,758.0,550.0,442.0,2466.0,1170.0,239.0,62.30710568728473,75.42319809372992,50.953530701799245,38.22866939298191,16.86812667044674,41.32842571914439,48.75133004848062,68.91999838142294,52.15034643249811,83.37615812907167
2025-03-09 20:17:50.196000,762.0,571.0,429.0,2463.0,1168.0,240.0,62.30710568728473,75.42319809372992,50.953530701799245,38.22866939298191,16.86812667044674,41.32842571914439,48.75133004848062,68.91999838142294,52.15034643249811,83.37615812907167
2025-03-09 20:17:50.196000,768.0,559.0,453.0,2469.0,1168.0,240.0,62.30710568728473,75.42319809372992,50.953530701799245,38.22866939298191,16.86812667044674,41.32842571914439,48.75133004848062,68.91999838142294,52.15034643249811,83.37615812907167
2025-03-09 20:17:50.204333,758.0,564.0,407.0,2471.0,1168.0,240.0,62.26455709278505,75.34644515755546,50.85329391386566,38.19511944156712,16.850298398173717,41.28604535804082,48.78997778458301,68.87303642496376,52.07877301035018,83.266367357986
2025-03-09 20:17:50.204333,759.0,542.0,429.0,2467.0,1174.0,240.0,62.26455709278505,75.34644515755546,50.85329391386566,38.19511944156712,16.850298398173717,41.28604535804082,48.78997778458301,68.87303642496376,52.07877301035018,83.266367357986
2025-03-09 20:17:50.204333,752.0,561.0,453.0,2475.0,1152.0,235.0,62.26455709278505,75.34644515755546,50.85329391386566,38.19511944156712,16.850298398173717,41.28604535804082,48.78997778458301,68.87303642496376,52.07877301035018,83.266367357986
2025-03-09 20:17:50.212667,752.0,565.0,436.0,2445.0,1163.0,238.0,62.227339416219344,75.27712102518407,50.76651185848424,38.16730282333235,16.833710876702735,41.250200556461685,48.8204162604068,68.83000962998484,52.01487636380762,83.17893476267831
2025-03-09 20:17:50.212667,752.0,561.0,430.0,2461.0,1161.0,238.0,62.227339416219344,75.27712102518407,50.76651185848424,38.16730282333235,16.833710876702735,41.250200556461685,48.8204162604068,68.83000962998484,52.01487636380762,83.17893476267831
2025-03-09 20:17:50.212667,755.0,561.0,444.0,2448.0,1147.0,238.0,62.227339416219344,75.27712102518407,50.76651185848424,38.16730282333235,16.833710876702735,41.250200556461685,48.8204162604068,68.83000962998484,52.01487636380762,83.17893476267831
2025-03-09 20:17:50.212667,751.0,565.0,424.0,2467.0,1161.0,240.0,62.227339416219344,75.27712102518407,50.76651185848424,38.16730282333235,16.833710876702735,41.250200556461685,48.8204162604068,68.83000962998484,52.01487636380762,83.17893476267831
2025-03-09 20:17:50.221000,751.0,560.0,452.0,2455.0,1155.0,240.0,62.195822580789,75.21534326793143,50.69343560951156,38.145321770665035,16.81875017598423,41.2211129926952,48.8429077209207,68.79104338772503,51.95840688576685,83.11419759748306
2025-03-09 20:17:50.221000,752.0,562.0,443.0,2461.0,1156.0,239.0,62.195822580789,75.21534326793143,50.69343560951156,38.145321770665035,16.81875017598423,41.2211129926952,48.8429077209207,68.79104338772503,51.95840688576685,83.11419759748306
2025-03-09 20:17:50.221000,750.0,559.0,445.0,2455.0,1138.0,238.0,62.195822580789,75.21534326793143,50.69343560951156,38.145321770665035,16.81875017598423,41.2211129926952,48.8429077209207,68.79104338772503,51.95840688576685,83.11419759748306
2025-03-09 20:17:50.229333,745.0,511.0,447.0,2478.0,1147.0,239.0,62.170952392872955,75.16145034486583,50.63400105906455,38.12876715618671,16.806126838390554,41.19849617991187,48.85902673496552,68.75709396707485,51.90866612814517,83.07212229809545
2025-03-09 20:17:50.229333,739.0,575.0,444.0,2463.0,1147.0,238.0,62.170952392872955,75.16145034486583,50.63400105906455,38.12876715618671,16.806126838390554,41.19849617991187,48.85902673496552,68.75709396707485,51.90866612814517,83.07212229809545
2025-03-09 20:17:50.229333,746.0,593.0,439.0,2449.0,1149.0,238.0,62.170952392872955,75.16145034486583,50.63400105906455,38.12876715618671,16.806126838390554,41.19849617991187,48.85902673496552,68.75709396707485,51.90866612814517,83.07212229809545
2025-03-09 20:17:50.229333,748.0,575.0,439.0,2458.0,1150.0,238.0,62.170952392872955,75.16145034486583,50.63400105906455,38.12876715618671,16.806126838390554,41.19849617991187,48.85902673496552,68.75709396707485,51.90866612814517,83.07212229809545
2025-03-09 20:17:50.237667,747.0,566.0,448.0,2455.0,1152.0,237.0,62.15429208990423,75.11603060769193,50.587319583564216,38.1167761927813,16.796386579609358,41.18162351549184,48.87124678488973,68.72946049049665,51.86448472315363,83.05199263908058
2025-03-09 20:17:50.237667,746.0,567.0,446.0,2465.0,1155.0,236.0,62.15429208990423,75.11603060769193,50.587319583564216,38.1167761927813,16.796386579609358,41.18162351549184,48.87124678488973,68.72946049049665,51.86448472315363,83.05199263908058
2025-03-09 20:17:50.237667,741.0,560.0,449.0,2465.0,1147.0,236.0,62.15429208990423,75.11603060769193,50.587319583564216,38.1167761927813,16.796386579609358,41.18162351549184,48.87124678488973,68.72946049049665,51.86448472315363,83.05199263908058
2025-03-09 20:17:50.237667,741.0,559.0,445.0,2451.0,1140.0,234.0,62.15429208990423,75.11603060769193,50.587319583564216,38.1167761927813,16.796386579609358,41.18162351549184,48.87124678488973,68.72946049049665,51.86448472315363,83.05199263908058
2025-03-09 20:17:50.246000,741.0,570.0,443.0,2473.0,1142.0,234.0,62.146841692997796,75.079413339664,50.55266676545578,38.108831983653204,16.789743809079404,41.170005346979735,48.881201541650384,68.70900989762619,51.825163793664444,83.05312779925333
2025-03-09 20:17:50.246000,745.0,557.0,442.0,2451.0,1137.0,235.0,62.146841692997796,75.079413339664,50.55266676545578,38.108831983653204,16.789743809079404,41.170005346979735,48.881201541650384,68.70900989762619,51.825163793664444,83.05312779925333
2025-03-09 20:17:50.246000,734.0,570.0,430.0,2463.0,1139.0,236.0,62.146841692997796,75.079413339664,50.55266676545578,38.108831983653204,16.789743809079404,41.170005346979735,48.881201541650384,68.70900989762619,51.825163793664444,83.05312779925333
2025-03-09 20:17:50.246000,741.0,560.0,442.0,2431.0,1134.0,247.0,62.146841692997796,75.079413339664,50.55266676545578,38.108831983653204,16.789743809079404,41.170005346979735,48.881201541650384,68.70900989762619,51.825163793664444,83.05312779925333
2025-03-09 20:17:50.254333,741.0,560.0,441.0,2450.0,1139.0,237.0,62.148652018974644,75.05162804514792,50.52930983597813,38.104848529470125,16.786247992939604,41.16349654805647,48.88985062310691,68.69604504653624,51.7907163778615,83.07515739087913
2025-03-09 20:17:50.254333,734.0,573.0,444.0,2471.0,1138.0,235.0,62.148652018974644,75.05162804514792,50.52930983597813,38.104848529470125,16.786247992939604,41.16349654805647,48.88985062310691,68.69604504653624,51.7907163778615,83.07515739087913
2025-03-09 20:17:50.254333,743.0,565.0,432.0,2451.0,1137.0,239.0,62.148652018974644,75.05162804514792,50.52930983597813,38.104848529470125,16.786247992939604,41.16349654805647,48.88985062310691,68.69604504653624,51.7907163778615,83.07515739087913
2025-03-09 20:17:50.262667,730.0,570.0,437.0,2451.0,1135.0,235.0,62.158583816776755,75.03208003105604,50.516528929209436,38.10530774504062,16.78534450923286,41.1621791997282,48.897181191661645,68.69043760882387,51.76213669096741,83.11710699221216
2025-03-09 20:17:50.262667,741.0,566.0,433.0,2453.0,1135.0,237.0,62.158583816776755,75.03208003105604,50.516528929209436,38.10530774504062,16.78534450923286,41.1621791997282,48.897181191661645,68.69043760882387,51.76213669096741,83.11710699221216
2025-03-09 20:17:50.262667,737.0,560.0,446.0,2443.0,1134.0,237.0,62.158583816776755,75.03208003105604,50.516528929209436,38.10530774504062,16.78534450923286,41.1621791997282,48.897181191661645,68.69043760882387,51.76213669096741,83.11710699221216
2025-03-09 20:17:50.271000,733.0,560.0,434.0,2457.0,1136.0,234.0,62.17471598723235,75.01986206981756,50.513711461343206,38.11052617690554,16.78602964037992,41.165974931020365,48.90195597773355,68.69117939065636,51.74051990946557,83.1771816285643
2025-03-09 20:17:50.271000,742.0,573.0,432.0,2453.0,1135.0,235.0,62.17471598723235,75.01986206981756,50.513711461343206,38.11052617690554,16.78602964037992,41.165974931020365,48.90195597773355,68.69117939065636,51.74051990946557,83.1771816285643
2025-03-09 20:17:50.271000,746.0,566.0,432.0,2450.0,1136.0,235.0,62.17471598723235,75.01986206981756,50.513711461343206,38.11052617690554,16.78602964037992,41.165974931020365,48.90195597773355,68.69117939065636,51.74051990946557,83.1771816285643
2025-03-09 20:17:50.271000,731.0,567.0,453.0,2458.0,1136.0,237.0,62.17471598723235,75.01986206981756,50.513711461343206,38.11052617690554,16.78602964037992,41.165974931020365,48.90195597773355,68.69117939065636,51.74051990946557,83.1771816285643
2025-03-09 20:17:50.279333,737.0,540.0,437.0,2453.0,1135.0,235.0,62.194943365689674,75.01370793432761,50.520388130271165,38.120619526241356,16.787909799201437,41.17504131548414,48.902342325026964,68.69601144306259,51.72585803097645,83.25266805087018
2025-03-09 20:17:50.279333,733.0,564.0,448.0,2453.0,1135.0,234.0,62.194943365689674,75.01370793432761,50.520388130271165,38.120619526241356,16.787909799201437,41.17504131548414,48.902342325026964,68.69601144306259,51.72585803097645,83.25266805087018
2025-03-09 20:17:50.279333,738.0,560.0,439.0,2448.0,1135.0,237.0,62.194943365689674,75.01370793432761,50.520388130271165,38.120619526241356,16.787909799201437,41.17504131548414,48.902342325026964,68.69601144306259,51.72585803097645,83.25266805087018
2025-03-09 20:17:50.287667,735.0,570.0,436.0,2455.0,1132.0,236.0,62.2174229209057,75.01259989427307,50.536627958197755,38.13398207339049,16.7908390751474,41.187909250844655,48.89710478299061,68.70347807183786,51.717197007237765,83.34064713885027
2025-03-09 20:17:50.287667,733.0,567.0,438.0,2453.0,1135.0,234.0,62.2174229209057,75.01259989427307,50.536627958197755,38.13398207339049,16.7908390751474,41.187909250844655,48.89710478299061,68.70347807183786,51.717197007237765,83.34064713885027
2025-03-09 20:17:50.287667,733.0,562.0,434.0,2437.0,1136.0,234.0,62.2174229209057,75.01259989427307,50.536627958197755,38.13398207339049,16.7908390751474,41.187909250844655,48.89710478299061,68.70347807183786,51.717197007237765,83.34064713885027
2025-03-09 20:17:50.287667,735.0,538.0,445.0,2455.0,1136.0,238.0,62.2174229209057,75.01259989427307,50.536627958197755,38.13398207339049,16.7908390751474,41.187909250844655,48.89710478299061,68.70347807183786,51.717197007237765,83.34064713885027
2025-03-09 20:17:50.296000,733.0,565.0,434.0,2448.0,1136.0,236.0,62.24021066476222,75.01545093003067,50.56276386504927,38.147414749523975,16.794263832983535,41.20119853931457,48.88563536615148,68.71337741284881,51.713238947687074,83.43812145732248
2025-03-09 20:17:50.296000,726.0,538.0,446.0,2453.0,1136.0,235.0,62.24021066476222,75.01545093003067,50.56276386504927,38.147414749523975,16.794263832983535,41.20119853931457,48.88563536615148,68.71337741284881,51.713238947687074,83.43812145732248
2025-03-09 20:17:50.296000,716.0,558.0,438.0,2397.0,1136.0,238.0,62.24021066476222,75.01545093003067,50.56276386504927,38.147414749523975,16.794263832983535,41.20119853931457,48.88563536615148,68.71337741284881,51.713238947687074,83.43812145732248
2025-03-09 20:17:50.296000,723.0,562.0,434.0,2482.0,1136.0,235.0,62.24021066476222,75.01545093003067,50.56276386504927,38.147414749523975,16.794263832983535,41.20119853931457,48.88563536615148,68.71337741284881,51.713238947687074,83.43812145732248
2025-03-09 20:17:50.304333,720.0,544.0,431.0,2459.0,1136.0,235.0,62.26104640109635,75.02146843623788,50.59937001666378,38.15954671114362,16.797976198042516,41.21351423196975,48.86652587709296,68.7247084799031,51.714031722421986,83.54306642177589
2025-03-09 20:17:50.304333,714.0,553.0,438.0,2480.0,1136.0,237.0,62.26104640109635,75.02146843623788,50.59937001666378,38.15954671114362,16.797976198042516,41.21351423196975,48.86652587709296,68.7247084799031,51.714031722421986,83.54306642177589
2025-03-09 20:17:50.304333,738.0,558.0,432.0,2447.0,1136.0,238.0,62.26104640109635,75.02146843623788,50.59937001666378,38.15954671114362,16.797976198042516,41.21351423196975,48.86652587709296,68.7247084799031,51.714031722421986,83.54306642177589
2025-03-09 20:17:50.304333,727.0,565.0,437.0,2455.0,1136.0,235.0,62.26104640109635,75.02146843623788,50.59937001666378,38.15954671114362,16.797976198042516,41.21351423196975,48.86652587709296,68.7247084799031,51.714031722421986,83.54306642177589
2025-03-09 20:17:50.312667,688.0,563.0,439.0,2458.0,1137.0,239.0,62.277012006374186,75.02983589848081,50.648151362099846,38.17041167929147,16.802123077318388,41.22516579880575,48.83629534872589,68.7349922070558,51.72041957652432,83.65421973399543
2025-03-09 20:17:50.312667,709.0,558.0,448.0,2448.0,1136.0,238.0,62.277012006374186,75.02983589848081,50.648151362099846,38.17041167929147,16.802123077318388,41.22516579880575,48.83629534872589,68.7349922070558,51.72041957652432,83.65421973399543
2025-03-09 20:17:50.312667,720.0,560.0,435.0,2455.0,1136.0,238.0,62.277012006374186,75.02983589848081,50.648151362099846,38.17041167929147,16.802123077318388,41.22516579880575,48.83629534872589,68.7349922070558,51.72041957652432,83.65421973399543
2025-03-09 20:17:50.321000,720.0,560.0,435.0,2450.0,1138.0,240.0,62.286077713939775,75.04050511623538,50.71172175433453,38.17930262258079,16.806466632692263,41.235565747188694,48.791556899321876,68.74313082456922,51.73342927415521,83.77073191001541
2025-03-09 20:17:50.321000,714.0,545.0,450.0,2454.0,1136.0,235.0,62.286077713939775,75.04050511623538,50.71172175433453,38.17930262258079,16.806466632692263,41.235565747188694,48.791556899321876,68.74313082456922,51.73342927415521,83.77073191001541
2025-03-09 20:17:50.321000,698.0,560.0,435.0,2453.0,1136.0,240.0,62.286077713939775,75.04050511623538,50.71172175433453,38.17930262258079,16.806466632692263,41.235565747188694,48.791556899321876,68.74313082456922,51.73342927415521,83.77073191001541
2025-03-09 20:17:50.321000,707.0,560.0,433.0,2466.0,1139.0,233.0,62.286077713939775,75.04050511623538,50.71172175433453,38.17930262258079,16.806466632692263,41.235565747188694,48.791556899321876,68.74313082456922,51.73342927415521,83.77073191001541
2025-03-09 20:17:50.329333,710.0,558.0,435.0,2457.0,1136.0,238.0,62.28840032945034,75.05462910956955,50.79125396628446,38.18514334947582,16.8113891768107,41.243876702219396,48.73234910813501,68.74994236864038,51.753459052348944,83.8931235670182
2025-03-09 20:17:50.329333,703.0,549.0,448.0,2455.0,1141.0,240.0,62.28840032945034,75.05462910956955,50.79125396628446,38.18514334947582,16.8113891768107,41.243876702219396,48.73234910813501,68.74994236864038,51.753459052348944,83.8931235670182
2025-03-09 20:17:50.329333,703.0,546.0,433.0,2456.0,1146.0,239.0,62.28840032945034,75.05462910956955,50.79125396628446,38.18514334947582,16.8113891768107,41.243876702219396,48.73234910813501,68.74994236864038,51.753459052348944,83.8931235670182
2025-03-09 20:17:50.329333,679.0,553.0,434.0,2460.0,1146.0,239.0,62.28840032945034,75.05462910956955,50.79125396628446,38.18514334947582,16.8113891768107,41.243876702219396,48.73234910813501,68.74994236864038,51.753459052348944,83.8931235670182
2025-03-09 20:17:50.337667,702.0,528.0,437.0,2461.0,1143.0,240.0,62.28464837111122,75.0727209591463,50.88550304212731,38.18771382203443,16.817502989448116,41.250140386200044,48.660519983431996,68.75572679801107,51.78001940345385,84.02193291803125
2025-03-09 20:17:50.337667,698.0,551.0,435.0,2464.0,1143.0,239.0,62.28464837111122,75.0727209591463,50.88550304212731,38.18771382203443,16.817502989448116,41.250140386200044,48.660519983431996,68.75572679801107,51.78001940345385,84.02193291803125
2025-03-09 20:17:50.346000,699.0,539.0,426.0,2467.0,1148.0,240.0,62.27498837940574,75.09488212538736,50.99405443813211,38.18774173654285,16.8256408601469,41.25538811026709,48.57667829542476,68.76003773012187,51.81297730412936,84.15701139961112
2025-03-09 20:17:50.346000,702.0,550.0,429.0,2461.0,1142.0,239.0,62.27498837940574,75.09488212538736,50.99405443813211,38.18774173654285,16.8256408601469,41.25538811026709,48.57667829542476,68.76003773012187,51.81297730412936,84.15701139961112
2025-03-09 20:17:50.346000,693.0,576.0,432.0,2463.0,1153.0,240.0,62.27498837940574,75.09488212538736,50.99405443813211,38.18774173654285,16.8256408601469,41.25538811026709,48.57667829542476,68.76003773012187,51.81297730412936,84.15701139961112
2025-03-09 20:17:50.346000,703.0,546.0,432.0,2461.0,1155.0,240.0,62.27498837940574,75.09488212538736,50.99405443813211,38.18774173654285,16.8256408601469,41.25538811026709,48.57667829542476,68.76003773012187,51.81297730412936,84.15701139961112
2025-03-09 20:17:50.346000,677.0,533.0,433.0,2459.0,1155.0,240.0,62.27498837940574,75.09488212538736,50.99405443813211,38.18774173654285,16.8256408601469,41.25538811026709,48.57667829542476,68.76003773012187,51.81297730412936,84.15701139961112
2025-03-09 20:17:50.354333,693.0,545.0,432.0,2462.0,1158.0,242.0,62.259643103940256,75.12205362830326,51.118259225989405,38.18641554407664,16.836459117552998,41.261123959467135,48.479905030618355,68.762740890794,51.85349798672412,84.29922792450098
2025-03-09 20:17:50.354333,698.0,568.0,437.0,2460.0,1159.0,243.0,62.259643103940256,75.12205362830326,51.118259225989405,38.18641554407664,16.836459117552998,41.261123959467135,48.479905030618355,68.762740890794,51.85349798672412,84.29922792450098
2025-03-09 20:17:50.354333,690.0,555.0,432.0,2458.0,1159.0,241.0,62.259643103940256,75.12205362830326,51.118259225989405,38.18641554407664,16.836459117552998,41.261123959467135,48.479905030618355,68.762740890794,51.85349798672412,84.29922792450098
2025-03-09 20:17:50.362667,689.0,546.0,436.0,2466.0,1163.0,241.0,62.239958499657554,75.15679040048677,51.261027173850145,38.18577299374763,16.8493723760309,41.26922624968223,48.368239881860745,68.76557943663481,51.90518459029327,84.45075003095013
2025-03-09 20:17:50.362667,690.0,548.0,438.0,2459.0,1166.0,242.0,62.239958499657554,75.15679040048677,51.261027173850145,38.18577299374763,16.8493723760309,41.26922624968223,48.368239881860745,68.76557943663481,51.90518459029327,84.45075003095013
2025-03-09 20:17:50.362667,705.0,557.0,428.0,2462.0,1169.0,243.0,62.239958499657554,75.15679040048677,51.261027173850145,38.18577299374763,16.8493723760309,41.26922624968223,48.368239881860745,68.76557943663481,51.90518459029327,84.45075003095013
2025-03-09 20:17:50.362667,689.0,543.0,430.0,2469.0,1169.0,238.0,62.239958499657554,75.15679040048677,51.261027173850145,38.18577299374763,16.8493723760309,41.26922624968223,48.368239881860745,68.76557943663481,51.90518459029327,84.45075003095013
2025-03-09 20:17:50.371000,690.0,511.0,423.0,2463.0,1171.0,243.0,62.218041597766565,75.20144810667595,51.42577550697605,38.18926886398295,16.862916138688714,41.2823279400076,48.239384349258046,68.77147747387508,51.97272426792767,84.61214327823794
2025-03-09 20:17:50.371000,685.0,544.0,420.0,2459.0,1171.0,244.0,62.218041597766565,75.20144810667595,51.42577550697605,38.18926886398295,16.862916138688714,41.2823279400076,48.239384349258046,68.77147747387508,51.97272426792767,84.61214327823794
2025-03-09 20:17:50.371000,699.0,542.0,422.0,2462.0,1173.0,241.0,62.218041597766565,75.20144810667595,51.42577550697605,38.18926886398295,16.862916138688714,41.2823279400076,48.239384349258046,68.77147747387508,51.97272426792767,84.61214327823794
2025-03-09 20:17:50.379333,688.0,541.0,421.0,2459.0,1173.0,243.0,62.19468097625047,75.25629512974359,51.61123879829779,38.19800151221797,16.876309202270402,41.301133100764716,48.09414741811236,68.78118814678959,52.05692747463987,84.78169102792437
2025-03-09 20:17:50.379333,683.0,541.0,420.0,2461.0,1169.0,246.0,62.19468097625047,75.25629512974359,51.61123879829779,38.19800151221797,16.876309202270402,41.301133100764716,48.09414741811236,68.78118814678959,52.05692747463987,84.78169102792437
2025-03-09 20:17:50.379333,688.0,547.0,420.0,2462.0,1177.0,243.0,62.19468097625047,75.25629512974359,51.61123879829779,38.19800151221797,16.876309202270402,41.301133100764716,48.09414741811236,68.78118814678959,52.05692747463987,84.78169102792437
2025-03-09 20:17:50.379333,688.0,545.0,443.0,2467.0,1172.0,247.0,62.19468097625047,75.25629512974359,51.61123879829779,38.19800151221797,16.876309202270402,41.301133100764716,48.09414741811236,68.78118814678959,52.05692747463987,84.78169102792437
2025-03-09 20:17:50.387667,704.0,543.0,427.0,2462.0,1170.0,243.0,62.168922837991495,75.31998581855476,51.81055313830505,38.209020005935635,16.890354090944406,41.32350624787092,47.9371733936852,68.79211882779794,52.15330551745135,84.95691425141611
2025-03-09 20:17:50.387667,697.0,540.0,432.0,2464.0,1173.0,245.0,62.168922837991495,75.31998581855476,51.81055313830505,38.209020005935635,16.890354090944406,41.32350624787092,47.9371733936852,68.79211882779794,52.15330551745135,84.95691425141611
2025-03-09 20:17:50.387667,698.0,547.0,432.0,2462.0,1173.0,245.0,62.168922837991495,75.31998581855476,51.81055313830505,38.209020005935635,16.890354090944406,41.32350624787092,47.9371733936852,68.79211882779794,52.15330551745135,84.95691425141611
2025-03-09 20:17:50.387667,665.0,544.0,433.0,2459.0,1168.0,243.0,62.168922837991495,75.31998581855476,51.81055313830505,38.209020005935635,16.890354090944406,41.32350624787092,47.9371733936852,68.79211882779794,52.15330551745135,84.95691425141611
2025-03-09 20:17:50.396000,701.0,544.0,432.0,2462.0,1169.0,249.0,62.1406901365895,75.3923414135956,52.02056425468259,38.22108142192515,16.90564275360933,41.348772726050676,47.77063713420276,68.80300311463293,52.25970372732258,85.1364336837748
2025-03-09 20:17:50.396000,704.0,543.0,433.0,2451.0,1168.0,243.0,62.1406901365895,75.3923414135956,52.02056425468259,38.22108142192515,16.90564275360933,41.348772726050676,47.77063713420276,68.80300311463293,52.25970372732258,85.1364336837748
2025-03-09 20:17:50.396000,687.0,542.0,423.0,2464.0,1165.0,244.0,62.1406901365895,75.3923414135956,52.02056425468259,38.22108142192515,16.90564275360933,41.348772726050676,47.77063713420276,68.80300311463293,52.25970372732258,85.1364336837748
2025-03-09 20:17:50.404333,688.0,545.0,423.0,2466.0,1164.0,243.0,62.11065894038979,75.47361803645808,52.242769713749865,38.23522586646458,16.923130710326376,41.37841840699244,47.59336322842928,68.813204788786,52.37573535424703,85.31998815461787
2025-03-09 20:17:50.404333,689.0,544.0,431.0,2463.0,1162.0,246.0,62.11065894038979,75.47361803645808,52.242769713749865,38.23522586646458,16.923130710326376,41.37841840699244,47.59336322842928,68.813204788786,52.37573535424703,85.31998815461787
2025-03-09 20:17:50.404333,710.0,544.0,429.0,2459.0,1163.0,243.0,62.11065894038979,75.47361803645808,52.242769713749865,38.23522586646458,16.923130710326376,41.37841840699244,47.59336322842928,68.813204788786,52.37573535424703,85.31998815461787
2025-03-09 20:17:50.404333,691.0,542.0,423.0,2465.0,1162.0,245.0,62.11065894038979,75.47361803645808,52.242769713749865,38.23522586646458,16.923130710326376,41.37841840699244,47.59336322842928,68.813204788786,52.37573535424703,85.31998815461787
2025-03-09 20:17:50.412667,688.0,544.0,416.0,2462.0,1158.0,246.0,62.07922385548148,75.56315485531012,52.47845359614089,38.2522643456533,16.944232584802357,41.41358522237,47.40498068414769,68.82221812049283,52.500207921771974,85.50767541975041
2025-03-09 20:17:50.412667,689.0,543.0,425.0,2426.0,1157.0,243.0,62.07922385548148,75.56315485531012,52.47845359614089,38.2522643456533,16.944232584802357,41.41358522237,47.40498068414769,68.82221812049283,52.500207921771974,85.50767541975041
2025-03-09 20:17:50.412667,695.0,539.0,418.0,2467.0,1162.0,246.0,62.07922385548148,75.56315485531012,52.47845359614089,38.2522643456533,16.944232584802357,41.41358522237,47.40498068414769,68.82221812049283,52.500207921771974,85.50767541975041
2025-03-09 20:17:50.421000,690.0,542.0,441.0,2469.0,1150.0,247.0,62.04659064780262,75.6595593501606,52.728760089906295,38.27329618225664,16.969750365937987,41.45524327451376,47.20504518469215,68.82990588589642,52.63212979513161,85.69890329704823
2025-03-09 20:17:50.421000,698.0,543.0,433.0,2475.0,1143.0,249.0,62.04659064780262,75.6595593501606,52.728760089906295,38.27329618225664,16.969750365937987,41.45524327451376,47.20504518469215,68.82990588589642,52.63212979513161,85.69890329704823
2025-03-09 20:17:50.421000,693.0,543.0,446.0,2462.0,1146.0,244.0,62.04659064780262,75.6595593501606,52.728760089906295,38.27329618225664,16.969750365937987,41.45524327451376,47.20504518469215,68.82990588589642,52.63212979513161,85.69890329704823
2025-03-09 20:17:50.421000,699.0,541.0,443.0,2473.0,1143.0,246.0,62.04659064780262,75.6595593501606,52.728760089906295,38.27329618225664,16.969750365937987,41.45524327451376,47.20504518469215,68.82990588589642,52.63212979513161,85.69890329704823
2025-03-09 20:17:50.429333,697.0,539.0,447.0,2439.0,1141.0,243.0,62.01422269708725,75.76164218630454,52.99218007134979,38.297994380511696,16.998047272503864,41.501751131703244,46.99608118184135,68.83921332163814,52.77096106918894,85.89255474828585
2025-03-09 20:17:50.429333,695.0,541.0,448.0,2459.0,1138.0,247.0,62.01422269708725,75.76164218630454,52.99218007134979,38.297994380511696,16.998047272503864,41.501751131703244,46.99608118184135,68.83921332163814,52.77096106918894,85.89255474828585
2025-03-09 20:17:50.429333,698.0,541.0,446.0,2473.0,1141.0,243.0,62.01422269708725,75.76164218630454,52.99218007134979,38.297994380511696,16.998047272503864,41.501751131703244,46.99608118184135,68.83921332163814,52.77096106918894,85.89255474828585
2025-03-09 20:17:50.437667,698.0,543.0,454.0,2459.0,1133.0,244.0,61.984789934828676,75.86982512476885,53.26811900667605,38.32389253860001,17.027368956962313,41.549280254849045,46.78215675384975,68.85565162895733,52.916446086195094,86.08883322603036
2025-03-09 20:17:50.437667,713.0,545.0,450.0,2469.0,1141.0,242.0,61.984789934828676,75.86982512476885,53.26811900667605,38.32389253860001,17.027368956962313,41.549280254849045,46.78215675384975,68.85565162895733,52.916446086195094,86.08883322603036
2025-03-09 20:17:50.437667,708.0,539.0,449.0,2466.0,1135.0,243.0,61.984789934828676,75.86982512476885,53.26811900667605,38.32389253860001,17.027368956962313,41.549280254849045,46.78215675384975,68.85565162895733,52.916446086195094,86.08883322603036
2025-03-09 20:17:50.437667,707.0,540.0,452.0,2469.0,1134.0,246.0,61.984789934828676,75.86982512476885,53.26811900667605,38.32389253860001,17.027368956962313,41.549280254849045,46.78215675384975,68.85565162895733,52.916446086195094,86.08883322603036
2025-03-09 20:17:50.446000,694.0,538.0,461.0,2465.0,1133.0,246.0,61.9600291758668,75.98521010173604,53.56037054164003,38.350661045814,17.057315585682893,41.59702826602372,46.56236417854574,68.88229325672472,53.06982422041497,86.28925640816533
2025-03-09 20:17:50.446000,710.0,539.0,460.0,2469.0,1133.0,244.0,61.9600291758668,75.98521010173604,53.56037054164003,38.350661045814,17.057315585682893,41.59702826602372,46.56236417854574,68.88229325672472,53.06982422041497,86.28925640816533
2025-03-09 20:17:50.446000,710.0,511.0,461.0,2470.0,1133.0,244.0,61.9600291758668,75.98521010173604,53.56037054164003,38.350661045814,17.057315585682893,41.59702826602372,46.56236417854574,68.88229325672472,53.06982422041497,86.28925640816533
2025-03-09 20:17:50.446000,714.0,541.0,464.0,2467.0,1132.0,246.0,61.9600291758668,75.98521010173604,53.56037054164003,38.350661045814,17.057315585682893,41.59702826602372,46.56236417854574,68.88229325672472,53.06982422041497,86.28925640816533
2025-03-09 20:17:50.454333,720.0,544.0,454.0,2471.0,1123.0,243.0,61.94129992327548,76.10796468992045,53.86992457811425,38.379985705718916,17.088632188432378,41.64715339061819,46.335568085981436,68.91814979133552,53.23066429804229,86.49490906025285
2025-03-09 20:17:50.454333,720.0,538.0,458.0,2477.0,1123.0,250.0,61.94129992327548,76.10796468992045,53.86992457811425,38.379985705718916,17.088632188432378,41.64715339061819,46.335568085981436,68.91814979133552,53.23066429804229,86.49490906025285
2025-03-09 20:17:50.454333,750.0,542.0,463.0,2476.0,1121.0,250.0,61.94129992327548,76.10796468992045,53.86992457811425,38.379985705718916,17.088632188432378,41.64715339061819,46.335568085981436,68.91814979133552,53.23066429804229,86.49490906025285
2025-03-09 20:17:50.462667,725.0,539.0,463.0,2469.0,1118.0,250.0,61.93016626382038,76.23816944990962,54.194094503871426,38.413376913295984,17.121656933939132,41.7015636832072,46.10328196379986,68.9620536395041,53.39796396141872,86.70743512138908
2025-03-09 20:17:50.462667,723.0,535.0,464.0,2483.0,1123.0,247.0,61.93016626382038,76.23816944990962,54.194094503871426,38.413376913295984,17.121656933939132,41.7015636832072,46.10328196379986,68.9620536395041,53.39796396141872,86.70743512138908
2025-03-09 20:17:50.462667,724.0,540.0,453.0,2474.0,1119.0,245.0,61.93016626382038,76.23816944990962,54.194094503871426,38.413376913295984,17.121656933939132,41.7015636832072,46.10328196379986,68.9620536395041,53.39796396141872,86.70743512138908
2025-03-09 20:17:50.462667,731.0,539.0,457.0,2475.0,1119.0,247.0,61.93016626382038,76.23816944990962,54.194094503871426,38.413376913295984,17.121656933939132,41.7015636832072,46.10328196379986,68.9620536395041,53.39796396141872,86.70743512138908
2025-03-09 20:17:50.471000,742.0,539.0,448.0,2481.0,1112.0,250.0,61.92769670244264,76.37552949068075,54.52994350204736,38.45349327950362,17.15478574117619,41.7621396395694,45.866624398091524,69.01437056508537,53.57310923871616,86.92832759339915
2025-03-09 20:17:50.471000,745.0,540.0,462.0,2480.0,1113.0,253.0,61.92769670244264,76.37552949068075,54.52994350204736,38.45349327950362,17.15478574117619,41.7621396395694,45.866624398091524,69.01437056508537,53.57310923871616,86.92832759339915
2025-03-09 20:17:50.471000,746.0,529.0,457.0,2477.0,1113.0,250.0,61.92769670244264,76.37552949068075,54.52994350204736,38.45349327950362,17.15478574117619,41.7621396395694,45.866624398091524,69.01437056508537,53.57310923871616,86.92832759339915
2025-03-09 20:17:50.479333,743.0,539.0,460.0,2480.0,1110.0,250.0,61.93474281645934,76.51863900120465,54.87307995983286,38.504529830436226,17.184821825003056,41.83127173510659,45.626995006083355,69.07616081037578,53.75867384395395,87.15732971791397
2025-03-09 20:17:50.479333,749.0,541.0,459.0,2480.0,1113.0,253.0,61.93474281645934,76.51863900120465,54.87307995983286,38.504529830436226,17.184821825003056,41.83127173510659,45.626995006083355,69.07616081037578,53.75867384395395,87.15732971791397
2025-03-09 20:17:50.479333,747.0,547.0,458.0,2480.0,1111.0,251.0,61.93474281645934,76.51863900120465,54.87307995983286,38.504529830436226,17.184821825003056,41.83127173510659,45.626995006083355,69.07616081037578,53.75867384395395,87.15732971791397
2025-03-09 20:17:50.479333,752.0,545.0,457.0,2493.0,1111.0,250.0,61.93474281645934,76.51863900120465,54.87307995983286,38.504529830436226,17.184821825003056,41.83127173510659,45.626995006083355,69.07616081037578,53.75867384395395,87.15732971791397
2025-03-09 20:17:50.487667,751.0,541.0,451.0,2485.0,1104.0,253.0,61.95100636577807,76.66548508738106,55.22085437425264,38.56577743249025,17.212495626017237,41.908805758086075,45.38523773199708,69.14460872866212,53.95109206437642,87.3936776686502
2025-03-09 20:17:50.487667,752.0,534.0,460.0,2481.0,1101.0,254.0,61.95100636577807,76.66548508738106,55.22085437425264,38.56577743249025,17.212495626017237,41.908805758086075,45.38523773199708,69.14460872866212,53.95109206437642,87.3936776686502
2025-03-09 20:17:50.487667,755.0,539.0,453.0,2484.0,1099.0,249.0,61.95100636577807,76.66548508738106,55.22085437425264,38.56577743249025,17.212495626017237,41.908805758086075,45.38523773199708,69.14460872866212,53.95109206437642,87.3936776686502
2025-03-09 20:17:50.496000,753.0,535.0,461.0,2489.0,1101.0,253.0,61.974630918658015,76.81399626171833,55.573226177367886,38.6301586865007,17.242278490222347,41.99050468051666,45.14174653121453,69.21396914410165,54.14111407551739,87.63635927309977
2025-03-09 20:17:50.496000,757.0,534.0,451.0,2493.0,1101.0,253.0,61.974630918658015,76.81399626171833,55.573226177367886,38.6301586865007,17.242278490222347,41.99050468051666,45.14174653121453,69.21396914410165,54.14111407551739,87.63635927309977
2025-03-09 20:17:50.496000,765.0,541.0,458.0,2482.0,1102.0,250.0,61.974630918658015,76.81399626171833,55.573226177367886,38.6301586865007,17.242278490222347,41.99050468051666,45.14174653121453,69.21396914410165,54.14111407551739,87.63635927309977
2025-03-09 20:17:50.496000,769.0,535.0,459.0,2486.0,1098.0,255.0,61.974630918658015,76.81399626171833,55.573226177367886,38.6301586865007,17.242278490222347,41.99050468051666,45.14174653121453,69.21396914410165,54.14111407551739,87.63635927309977
2025-03-09 20:17:50.504333,764.0,533.0,451.0,2502.0,1099.0,252.0,62.00362667171616,76.96266606614483,55.929536115787435,38.6938836238014,17.27663932579128,42.07404913466126,44.89701802460342,69.28072791797132,54.32404535474078,87.88432264245253
2025-03-09 20:17:50.504333,784.0,528.0,450.0,2495.0,1072.0,255.0,62.00362667171616,76.96266606614483,55.929536115787435,38.6938836238014,17.27663932579128,42.07404913466126,44.89701802460342,69.28072791797132,54.32404535474078,87.88432264245253
2025-03-09 20:17:50.504333,783.0,529.0,454.0,2496.0,1090.0,254.0,62.00362667171616,76.96266606614483,55.929536115787435,38.6938836238014,17.27663932579128,42.07404913466126,44.89701802460342,69.28072791797132,54.32404535474078,87.88432264245253
2025-03-09 20:17:50.512667,779.0,530.0,450.0,2489.0,1088.0,257.0,62.0372024529782,77.11094841805482,56.29009326630345,38.759842823265764,17.31395782119697,42.16105327220857,44.65013098431304,69.34623306095969,54.503482787354244,88.13879849536907
2025-03-09 20:17:50.512667,775.0,535.0,455.0,2495.0,1104.0,255.0,62.0372024529782,77.11094841805482,56.29009326630345,38.759842823265764,17.31395782119697,42.16105327220857,44.65013098431304,69.34623306095969,54.503482787354244,88.13879849536907
2025-03-09 20:17:50.512667,784.0,528.0,451.0,2494.0,1089.0,256.0,62.0372024529782,77.11094841805482,56.29009326630345,38.759842823265764,17.31395782119697,42.16105327220857,44.65013098431304,69.34623306095969,54.503482787354244,88.13879849536907
2025-03-09 20:17:50.512667,782.0,530.0,448.0,2480.0,1088.0,256.0,62.0372024529782,77.11094841805482,56.29009326630345,38.759842823265764,17.31395782119697,42.16105327220857,44.65013098431304,69.34623306095969,54.503482787354244,88.13879849536907
2025-03-09 20:17:50.521000,773.0,535.0,448.0,2494.0,1088.0,256.0,62.075753974243625,77.25812417460125,56.65564263258791,38.83279727824171,17.35217326435327,42.25446857965073,44.40024537239907,69.41299684696483,54.684007296049494,88.40116921235703
2025-03-09 20:17:50.521000,784.0,529.0,451.0,2497.0,1088.0,256.0,62.075753974243625,77.25812417460125,56.65564263258791,38.83279727824171,17.35217326435327,42.25446857965073,44.40024537239907,69.41299684696483,54.684007296049494,88.40116921235703
2025-03-09 20:17:50.521000,791.0,525.0,450.0,2511.0,1080.0,256.0,62.075753974243625,77.25812417460125,56.65564263258791,38.83279727824171,17.35217326435327,42.25446857965073,44.40024537239907,69.41299684696483,54.684007296049494,88.40116921235703
2025-03-09 20:17:50.521000,784.0,528.0,449.0,2503.0,1081.0,259.0,62.075753974243625,77.25812417460125,56.65564263258791,38.83279727824171,17.35217326435327,42.25446857965073,44.40024537239907,69.41299684696483,54.684007296049494,88.40116921235703
2025-03-09 20:17:50.529333,790.0,528.0,453.0,2499.0,1079.0,259.0,62.11940743634981,77.40300235205827,57.02408765284339,38.91262119238814,17.390511328571385,42.353560420924886,44.14933936587469,69.48167847346275,54.86518120728492,88.67081157931351
2025-03-09 20:17:50.529333,793.0,528.0,453.0,2497.0,1085.0,262.0,62.11940743634981,77.40300235205827,57.02408765284339,38.91262119238814,17.390511328571385,42.353560420924886,44.14933936587469,69.48167847346275,54.86518120728492,88.67081157931351
2025-03-09 20:17:50.529333,795.0,529.0,448.0,2481.0,1075.0,259.0,62.11940743634981,77.40300235205827,57.02408765284339,38.91262119238814,17.390511328571385,42.353560420924886,44.14933936587469,69.48167847346275,54.86518120728492,88.67081157931351
2025-03-09 20:17:50.537667,785.0,528.0,453.0,2499.0,1077.0,259.0,62.16688950767748,77.54323170180369,57.391301857477465,38.99547651800253,17.429174028116233,42.45484624532439,43.900403864121074,69.55029250339543,55.04248435329124,88.94506217814586
2025-03-09 20:17:50.537667,793.0,533.0,447.0,2510.0,1075.0,259.0,62.16688950767748,77.54323170180369,57.391301857477465,38.99547651800253,17.429174028116233,42.45484624532439,43.900403864121074,69.55029250339543,55.04248435329124,88.94506217814586
2025-03-09 20:17:50.537667,801.0,528.0,449.0,2511.0,1075.0,265.0,62.16688950767748,77.54323170180369,57.391301857477465,38.99547651800253,17.429174028116233,42.45484624532439,43.900403864121074,69.55029250339543,55.04248435329124,88.94506217814586
2025-03-09 20:17:50.537667,816.0,528.0,450.0,2510.0,1067.0,268.0,62.16688950767748,77.54323170180369,57.391301857477465,38.99547651800253,17.429174028116233,42.45484624532439,43.900403864121074,69.55029250339543,55.04248435329124,88.94506217814586
2025-03-09 20:17:50.546000,798.0,525.0,449.0,2512.0,1081.0,266.0,62.21733886170573,77.67612100905468,57.753864996406264,39.080585778553115,17.468045499725868,42.557718035658084,43.65432686458042,69.61587619995247,55.21251097272652,89.22048903555985
2025-03-09 20:17:50.546000,795.0,527.0,455.0,2514.0,1072.0,266.0,62.21733886170573,77.67612100905468,57.753864996406264,39.080585778553115,17.468045499725868,42.557718035658084,43.65432686458042,69.61587619995247,55.21251097272652,89.22048903555985
2025-03-09 20:17:50.546000,811.0,531.0,447.0,2508.0,1076.0,269.0,62.21733886170573,77.67612100905468,57.753864996406264,39.080585778553115,17.468045499725868,42.557718035658084,43.65432686458042,69.61587619995247,55.21251097272652,89.22048903555985
2025-03-09 20:17:50.554333,807.0,525.0,448.0,2512.0,1073.0,271.0,62.2705586846833,77.7996975109065,58.10932073616552,39.16935903972172,17.50696281256805,42.66373989086037,43.41060263466366,69.67535381480947,55.37327613904621,89.49671357779661
2025-03-09 20:17:50.554333,795.0,511.0,445.0,2522.0,1079.0,269.0,62.2705586846833,77.7996975109065,58.10932073616552,39.16935903972172,17.50696281256805,42.66373989086037,43.41060263466366,69.67535381480947,55.37327613904621,89.49671357779661
2025-03-09 20:17:50.554333,797.0,526.0,444.0,2515.0,1075.0,267.0,62.2705586846833,77.7996975109065,58.10932073616552,39.16935903972172,17.50696281256805,42.66373989086037,43.41060263466366,69.67535381480947,55.37327613904621,89.49671357779661
2025-03-09 20:17:50.554333,797.0,511.0,448.0,2525.0,1078.0,272.0,62.2705586846833,77.7996975109065,58.10932073616552,39.16935903972172,17.50696281256805,42.66373989086037,43.41060263466366,69.67535381480947,55.37327613904621,89.49671357779661
2025-03-09 20:17:50.562667,794.0,523.0,449.0,2526.0,1078.0,270.0,62.32609752799843,77.91294560986277,58.45804580647445,39.26374819935426,17.545310814710273,42.7747777074252,43.16638339822566,69.7265779436737,55.524941392034755,89.77770410518045
2025-03-09 20:17:50.562667,792.0,511.0,477.0,2524.0,1072.0,272.0,62.32609752799843,77.91294560986277,58.45804580647445,39.26374819935426,17.545310814710273,42.7747777074252,43.16638339822566,69.7265779436737,55.524941392034755,89.77770410518045
2025-03-09 20:17:50.562667,795.0,528.0,450.0,2526.0,1077.0,272.0,62.32609752799843,77.91294560986277,58.45804580647445,39.26374819935426,17.545310814710273,42.7747777074252,43.16638339822566,69.7265779436737,55.524941392034755,89.77770410518045
2025-03-09 20:17:50.571000,797.0,503.0,449.0,2522.0,1083.0,274.0,62.381506371802885,78.01549283507622,58.80505687965073,39.365708713219405,17.581491640391082,42.89207951251939,42.91469922620696,69.76872437836442,55.67118768849276,90.06615971848676
2025-03-09 20:17:50.571000,784.0,511.0,417.0,2517.0,1083.0,274.0,62.381506371802885,78.01549283507622,58.80505687965073,39.365708713219405,17.581491640391082,42.89207951251939,42.91469922620696,69.76872437836442,55.67118768849276,90.06615971848676
2025-03-09 20:17:50.571000,795.0,503.0,451.0,2528.0,1081.0,277.0,62.381506371802885,78.01549283507622,58.80505687965073,39.365708713219405,17.581491640391082,42.89207951251939,42.91469922620696,69.76872437836442,55.67118768849276,90.06615971848676
2025-03-09 20:17:50.571000,798.0,507.0,451.0,2481.0,1088.0,284.0,62.381506371802885,78.01549283507622,58.80505687965073,39.365708713219405,17.581491640391082,42.89207951251939,42.91469922620696,69.76872437836442,55.67118768849276,90.06615971848676
2025-03-09 20:17:50.579333,790.0,511.0,446.0,2547.0,1088.0,285.0,62.43199196218974,78.10508120213744,59.15362977800095,39.47679259871758,17.613567887502953,43.016501284112984,42.64750960580582,69.79840108494042,55.81436400924005,90.36165917717611
2025-03-09 20:17:50.579333,787.0,511.0,449.0,2544.0,1088.0,285.0,62.43199196218974,78.10508120213744,59.15362977800095,39.47679259871758,17.613567887502953,43.016501284112984,42.64750960580582,69.79840108494042,55.81436400924005,90.36165917717611
2025-03-09 20:17:50.579333,797.0,510.0,451.0,2534.0,1088.0,283.0,62.43199196218974,78.10508120213744,59.15362977800095,39.47679259871758,17.613567887502953,43.016501284112984,42.64750960580582,69.79840108494042,55.81436400924005,90.36165917717611
2025-03-09 20:17:50.587667,798.0,507.0,454.0,2531.0,1082.0,283.0,62.47545823823203,78.17900825363326,59.502702485439386,39.59747109841755,17.640779718794587,43.14843978192865,42.36192305882215,69.81188403209178,55.95268521787299,90.66671852142119
2025-03-09 20:17:50.587667,794.0,528.0,454.0,2530.0,1088.0,287.0,62.47545823823203,78.17900825363326,59.502702485439386,39.59747109841755,17.640779718794587,43.14843978192865,42.36192305882215,69.81188403209178,55.95268521787299,90.66671852142119
2025-03-09 20:17:50.587667,793.0,511.0,448.0,2527.0,1089.0,285.0,62.47545823823203,78.17900825363326,59.502702485439386,39.59747109841755,17.640779718794587,43.14843978192865,42.36192305882215,69.81188403209178,55.95268521787299,90.66671852142119
2025-03-09 20:17:50.587667,791.0,510.0,453.0,2540.0,1093.0,284.0,62.47545823823203,78.17900825363326,59.502702485439386,39.59747109841755,17.640779718794587,43.14843978192865,42.36192305882215,69.81188403209178,55.95268521787299,90.66671852142119
2025-03-09 20:17:50.596000,795.0,499.0,446.0,2544.0,1103.0,299.0,62.5120765831634,78.23436274742048,59.84802313354415,39.72492332011411,17.66419191115305,43.28572615965417,42.061415763291855,69.80640964680549,56.080010328166324,90.98211056787747
2025-03-09 20:17:50.596000,791.0,507.0,450.0,2542.0,1104.0,297.0,62.5120765831634,78.23436274742048,59.84802313354415,39.72492332011411,17.66419191115305,43.28572615965417,42.061415763291855,69.80640964680549,56.080010328166324,90.98211056787747
2025-03-09 20:17:50.596000,784.0,504.0,439.0,2559.0,1104.0,294.0,62.5120765831634,78.23436274742048,59.84802313354415,39.72492332011411,17.66419191115305,43.28572615965417,42.061415763291855,69.80640964680549,56.080010328166324,90.98211056787747
2025-03-09 20:17:50.596000,789.0,463.0,459.0,2549.0,1104.0,298.0,62.5120765831634,78.23436274742048,59.84802313354415,39.72492332011411,17.66419191115305,43.28572615965417,42.061415763291855,69.80640964680549,56.080010328166324,90.98211056787747
2025-03-09 20:17:50.604333,784.0,511.0,450.0,2539.0,1104.0,297.0,62.539329344563924,78.26495029199116,60.18254462292689,39.85340404587275,17.685434216655004,43.42330050895842,41.751761482258985,69.7773965610378,56.186683980269606,91.29918069767636
2025-03-09 20:17:50.604333,785.0,506.0,448.0,2544.0,1101.0,299.0,62.539329344563924,78.26495029199116,60.18254462292689,39.85340404587275,17.685434216655004,43.42330050895842,41.751761482258985,69.7773965610378,56.186683980269606,91.29918069767636
2025-03-09 20:17:50.604333,781.0,533.0,450.0,2549.0,1105.0,301.0,62.539329344563924,78.26495029199116,60.18254462292689,39.85340404587275,17.685434216655004,43.42330050895842,41.751761482258985,69.7773965610378,56.186683980269606,91.29918069767636
2025-03-09 20:17:50.612667,779.0,496.0,446.0,2547.0,1121.0,304.0,62.5548011577502,78.26467947885094,60.50320369276381,39.98090233996502,17.70682807765253,43.56010849080974,41.43389188002891,69.71852537009123,56.264735569021646,91.60712205341275
2025-03-09 20:17:50.612667,778.0,503.0,435.0,2559.0,1119.0,304.0,62.5548011577502,78.26467947885094,60.50320369276381,39.98090233996502,17.70682807765253,43.56010849080974,41.43389188002891,69.71852537009123,56.264735569021646,91.60712205341275
2025-03-09 20:17:50.612667,773.0,501.0,459.0,2559.0,1121.0,305.0,62.5548011577502,78.26467947885094,60.50320369276381,39.98090233996502,17.70682807765253,43.56010849080974,41.43389188002891,69.71852537009123,56.264735569021646,91.60712205341275
2025-03-09 20:17:50.612667,773.0,487.0,443.0,2553.0,1122.0,305.0,62.5548011577502,78.26467947885094,60.50320369276381,39.98090233996502,17.70682807765253,43.56010849080974,41.43389188002891,69.71852537009123,56.264735569021646,91.60712205341275
2025-03-09 20:17:50.621000,770.0,502.0,448.0,2559.0,1123.0,304.0,62.559588127015665,78.229962296011,60.810143758049,40.110531739529755,17.73045398415524,43.69983056443007,41.10694195964952,69.62580046480706,56.31030812766473,91.90007476800277
2025-03-09 20:17:50.621000,765.0,502.0,448.0,2553.0,1121.0,304.0,62.559588127015665,78.229962296011,60.810143758049,40.110531739529755,17.73045398415524,43.69983056443007,41.10694195964952,69.62580046480706,56.31030812766473,91.90007476800277
2025-03-09 20:17:50.621000,769.0,501.0,459.0,2559.0,1126.0,304.0,62.559588127015665,78.229962296011,60.810143758049,40.110531739529755,17.73045398415524,43.69983056443007,41.10694195964952,69.62580046480706,56.31030812766473,91.90007476800277
2025-03-09 20:17:50.629333,764.0,496.0,463.0,2559.0,1127.0,307.0,62.55418137964454,78.157483491837,61.09824886083767,40.24663447630218,17.75560883903076,43.84552097851209,40.77480121631715,69.49923052606336,56.32318918875632,92.17604194377789
2025-03-09 20:17:50.629333,740.0,496.0,439.0,2559.0,1143.0,318.0,62.55418137964454,78.157483491837,61.09824886083767,40.24663447630218,17.75560883903076,43.84552097851209,40.77480121631715,69.49923052606336,56.32318918875632,92.17604194377789
2025-03-09 20:17:50.629333,740.0,496.0,454.0,2559.0,1136.0,316.0,62.55418137964454,78.157483491837,61.09824886083767,40.24663447630218,17.75560883903076,43.84552097851209,40.77480121631715,69.49923052606336,56.32318918875632,92.17604194377789
2025-03-09 20:17:50.629333,742.0,496.0,448.0,2559.0,1139.0,310.0,62.55418137964454,78.157483491837,61.09824886083767,40.24663447630218,17.75560883903076,43.84552097851209,40.77480121631715,69.49923052606336,56.32318918875632,92.17604194377789
2025-03-09 20:17:50.637667,739.0,496.0,448.0,2559.0,1147.0,319.0,62.53603668441616,78.0462732675493,61.36233286226146,40.39121166212634,17.779688162968863,43.99722057789377,40.441073124110446,69.34150117795298,56.30717064613458,92.43511093035967
2025-03-09 20:17:50.637667,743.0,496.0,449.0,2583.0,1146.0,321.0,62.53603668441616,78.0462732675493,61.36233286226146,40.39121166212634,17.779688162968863,43.99722057789377,40.441073124110446,69.34150117795298,56.30717064613458,92.43511093035967
2025-03-09 20:17:50.637667,733.0,499.0,445.0,2554.0,1147.0,320.0,62.53603668441616,78.0462732675493,61.36233286226146,40.39121166212634,17.779688162968863,43.99722057789377,40.441073124110446,69.34150117795298,56.30717064613458,92.43511093035967
2025-03-09 20:17:50.646000,734.0,496.0,449.0,2559.0,1149.0,321.0,62.50232712702456,77.89850225472819,61.60023874764608,40.53957626603455,17.800171747636,44.14911447995701,40.10917550356695,69.15733798023993,56.26571596694625,92.67888691751249
2025-03-09 20:17:50.646000,719.0,469.0,447.0,2559.0,1162.0,335.0,62.50232712702456,77.89850225472819,61.60023874764608,40.53957626603455,17.800171747636,44.14911447995701,40.10917550356695,69.15733798023993,56.26571596694625,92.67888691751249
2025-03-09 20:17:50.646000,715.0,497.0,452.0,2559.0,1142.0,331.0,62.50232712702456,77.89850225472819,61.60023874764608,40.53957626603455,17.800171747636,44.14911447995701,40.10917550356695,69.15733798023993,56.26571596694625,92.67888691751249
2025-03-09 20:17:50.646000,711.0,470.0,445.0,2559.0,1164.0,336.0,62.50232712702456,77.89850225472819,61.60023874764608,40.53957626603455,17.800171747636,44.14911447995701,40.10917550356695,69.15733798023993,56.26571596694625,92.67888691751249
2025-03-09 20:17:50.654333,706.0,496.0,447.0,2559.0,1166.0,336.0,62.45274353181043,77.71773376935258,61.8096250019258,40.682281908775224,17.816871894961047,44.292046550967406,39.786726325415124,68.95223547729773,56.1982794689472,92.9091893950764
2025-03-09 20:17:50.654333,710.0,471.0,443.0,2589.0,1167.0,336.0,62.45274353181043,77.71773376935258,61.8096250019258,40.682281908775224,17.816871894961047,44.292046550967406,39.786726325415124,68.95223547729773,56.1982794689472,92.9091893950764
2025-03-09 20:17:50.654333,706.0,508.0,442.0,2559.0,1168.0,338.0,62.45274353181043,77.71773376935258,61.8096250019258,40.682281908775224,17.816871894961047,44.292046550967406,39.786726325415124,68.95223547729773,56.1982794689472,92.9091893950764
2025-03-09 20:17:50.662667,711.0,511.0,451.0,2559.0,1163.0,337.0,62.390484081825946,77.5152085598137,61.99705676456873,40.81217955681748,17.833094039747753,44.421038163868026,39.47759784403484,68.73425856158812,56.10933795344383,93.12711585908049
2025-03-09 20:17:50.662667,710.0,498.0,433.0,2559.0,1168.0,339.0,62.390484081825946,77.5152085598137,61.99705676456873,40.81217955681748,17.833094039747753,44.421038163868026,39.47759784403484,68.73425856158812,56.10933795344383,93.12711585908049
2025-03-09 20:17:50.662667,669.0,496.0,460.0,2559.0,1183.0,354.0,62.390484081825946,77.5152085598137,61.99705676456873,40.81217955681748,17.833094039747753,44.421038163868026,39.47759784403484,68.73425856158812,56.10933795344383,93.12711585908049
2025-03-09 20:17:50.662667,709.0,493.0,448.0,2559.0,1182.0,358.0,62.390484081825946,77.5152085598137,61.99705676456873,40.81217955681748,17.833094039747753,44.421038163868026,39.47759784403484,68.73425856158812,56.10933795344383,93.12711585908049
2025-03-09 20:17:50.671000,685.0,488.0,451.0,2559.0,1186.0,359.0,62.32588000526967,77.30384787497165,62.17237904687552,40.93103347696395,17.848576753625988,44.538076592128135,39.18221706988381,68.5152812119422,56.00924779086738,93.34236009362296
2025-03-09 20:17:50.671000,688.0,495.0,457.0,2559.0,1186.0,357.0,62.32588000526967,77.30384787497165,62.17237904687552,40.93103347696395,17.848576753625988,44.538076592128135,39.18221706988381,68.5152812119422,56.00924779086738,93.34236009362296
2025-03-09 20:17:50.671000,656.0,497.0,451.0,2559.0,1186.0,363.0,62.32588000526967,77.30384787497165,62.17237904687552,40.93103347696395,17.848576753625988,44.538076592128135,39.18221706988381,68.5152812119422,56.00924779086738,93.34236009362296
2025-03-09 20:17:50.671000,678.0,500.0,448.0,2550.0,1194.0,361.0,62.32588000526967,77.30384787497165,62.17237904687552,40.93103347696395,17.848576753625988,44.538076592128135,39.18221706988381,68.5152812119422,56.00924779086738,93.34236009362296
2025-03-09 20:17:50.679333,654.0,500.0,455.0,2559.0,1194.0,364.0,62.27000538215718,77.08347888889641,62.332555589782764,41.04636461328129,17.858203488169504,44.64818917224039,38.90354492621701,68.29996748791011,55.89977135128348,93.56907974577135
2025-03-09 20:17:50.679333,646.0,480.0,453.0,2587.0,1200.0,374.0,62.27000538215718,77.08347888889641,62.332555589782764,41.04636461328129,17.858203488169504,44.64818917224039,38.90354492621701,68.29996748791011,55.89977135128348,93.56907974577135
2025-03-09 20:17:50.679333,654.0,496.0,464.0,2590.0,1182.0,371.0,62.27000538215718,77.08347888889641,62.332555589782764,41.04636461328129,17.858203488169504,44.64818917224039,38.90354492621701,68.29996748791011,55.89977135128348,93.56907974577135
2025-03-09 20:17:50.687667,647.0,497.0,425.0,2599.0,1200.0,375.0,62.22244188901628,76.85124395689606,62.47198242020487,41.16112315140379,17.859948428284106,44.75358091749941,38.64179416767508,68.08539466998737,55.77946288127817,93.80572750603876
2025-03-09 20:17:50.687667,640.0,502.0,448.0,2586.0,1201.0,371.0,62.22244188901628,76.85124395689606,62.47198242020487,41.16112315140379,17.859948428284106,44.75358091749941,38.64179416767508,68.08539466998737,55.77946288127817,93.80572750603876
2025-03-09 20:17:50.687667,691.0,490.0,448.0,2593.0,1175.0,377.0,62.22244188901628,76.85124395689606,62.47198242020487,41.16112315140379,17.859948428284106,44.75358091749941,38.64179416767508,68.08539466998737,55.77946288127817,93.80572750603876
2025-03-09 20:17:50.687667,652.0,498.0,437.0,2559.0,1200.0,377.0,62.22244188901628,76.85124395689606,62.47198242020487,41.16112315140379,17.859948428284106,44.75358091749941,38.64179416767508,68.08539466998737,55.77946288127817,93.80572750603876
2025-03-09 20:17:50.696000,642.0,484.0,448.0,2593.0,1213.0,377.0,62.17700369952264,76.60900367496893,62.5923011003972,41.27381504244124,17.85481673676294,44.853578175039374,38.392961887867585,67.86959180623994,55.65088526055118,94.04160767445362
2025-03-09 20:17:50.696000,640.0,490.0,439.0,2583.0,1201.0,382.0,62.17700369952264,76.60900367496893,62.5923011003972,41.27381504244124,17.85481673676294,44.853578175039374,38.392961887867585,67.86959180623994,55.65088526055118,94.04160767445362
2025-03-09 20:17:50.696000,667.0,495.0,430.0,2590.0,1214.0,387.0,62.17700369952264,76.60900367496893,62.5923011003972,41.27381504244124,17.85481673676294,44.853578175039374,38.392961887867585,67.86959180623994,55.65088526055118,94.04160767445362
2025-03-09 20:17:50.696000,626.0,464.0,457.0,2559.0,1216.0,390.0,62.17700369952264,76.60900367496893,62.5923011003972,41.27381504244124,17.85481673676294,44.853578175039374,38.392961887867585,67.86959180623994,55.65088526055118,94.04160767445362
2025-03-09 20:17:50.704333,624.0,486.0,451.0,2583.0,1216.0,390.0,62.12817798251503,76.35657010961202,62.69308244259855,41.38279825007303,17.84310711540303,44.94678108960591,38.15499702148028,67.6508275729228,55.51497700310658,94.26874323824615
2025-03-09 20:17:50.704333,592.0,490.0,425.0,2591.0,1221.0,393.0,62.12817798251503,76.35657010961202,62.69308244259855,41.38279825007303,17.84310711540303,44.94678108960591,38.15499702148028,67.6508275729228,55.51497700310658,94.26874323824615
2025-03-09 20:17:50.704333,618.0,486.0,448.0,2595.0,1221.0,390.0,62.12817798251503,76.35657010961202,62.69308244259855,41.38279825007303,17.84310711540303,44.94678108960591,38.15499702148028,67.6508275729228,55.51497700310658,94.26874323824615
2025-03-09 20:17:50.712667,623.0,496.0,448.0,2602.0,1217.0,394.0,62.07043715860956,76.09108348739419,62.7689964152851,41.48706378357616,17.82453957322098,45.03195561800635,37.92880642851775,67.42625340312235,55.37012131405024,94.48113304288334
2025-03-09 20:17:50.712667,610.0,465.0,453.0,2595.0,1219.0,396.0,62.07043715860956,76.09108348739419,62.7689964152851,41.48706378357616,17.82453957322098,45.03195561800635,37.92880642851775,67.42625340312235,55.37012131405024,94.48113304288334
2025-03-09 20:17:50.712667,624.0,498.0,454.0,2559.0,1218.0,394.0,62.07043715860956,76.09108348739419,62.7689964152851,41.48706378357616,17.82453957322098,45.03195561800635,37.92880642851775,67.42625340312235,55.37012131405024,94.48113304288334
2025-03-09 20:17:50.712667,610.0,488.0,450.0,2559.0,1234.0,409.0,62.07043715860956,76.09108348739419,62.7689964152851,41.48706378357616,17.82453957322098,45.03195561800635,37.92880642851775,67.42625340312235,55.37012131405024,94.48113304288334
2025-03-09 20:17:50.721000,598.0,487.0,449.0,2592.0,1232.0,409.0,62.001532482836254,75.81170245677878,62.8177974591639,41.58375662675662,17.79859894253538,45.10615978071028,37.715548733535265,67.19558290283891,55.21507969090807,94.67703186907248
2025-03-09 20:17:50.721000,589.0,492.0,451.0,2608.0,1247.0,415.0,62.001532482836254,75.81170245677878,62.8177974591639,41.58375662675662,17.79859894253538,45.10615978071028,37.715548733535265,67.19558290283891,55.21507969090807,94.67703186907248
2025-03-09 20:17:50.721000,597.0,490.0,459.0,2591.0,1246.0,414.0,62.001532482836254,75.81170245677878,62.8177974591639,41.58375662675662,17.79859894253538,45.10615978071028,37.715548733535265,67.19558290283891,55.21507969090807,94.67703186907248
2025-03-09 20:17:50.721000,582.0,477.0,453.0,2594.0,1247.0,415.0,62.001532482836254,75.81170245677878,62.8177974591639,41.58375662675662,17.79859894253538,45.10615978071028,37.715548733535265,67.19558290283891,55.21507969090807,94.67703186907248
2025-03-09 20:17:50.729333,589.0,487.0,448.0,2593.0,1247.0,418.0,61.922279343122966,75.52046222680175,62.84094291428077,41.67015560438038,17.766094022877756,45.16721400314905,37.51644284752235,66.96063256176694,55.049862946033684,94.85780452445658
2025-03-09 20:17:50.729333,592.0,498.0,452.0,2602.0,1248.0,416.0,61.922279343122966,75.52046222680175,62.84094291428077,41.67015560438038,17.766094022877756,45.16721400314905,37.51644284752235,66.96063256176694,55.049862946033684,94.85780452445658
2025-03-09 20:17:50.729333,580.0,493.0,437.0,2605.0,1265.0,429.0,61.922279343122966,75.52046222680175,62.84094291428077,41.67015560438038,17.766094022877756,45.16721400314905,37.51644284752235,66.96063256176694,55.049862946033684,94.85780452445658
2025-03-09 20:17:50.729333,567.0,489.0,445.0,2603.0,1264.0,435.0,61.922279343122966,75.52046222680175,62.84094291428077,41.67015560438038,17.766094022877756,45.16721400314905,37.51644284752235,66.96063256176694,55.049862946033684,94.85780452445658
2025-03-09 20:17:50.737667,561.0,490.0,427.0,2595.0,1267.0,432.0,61.83358970996455,75.21968753253672,62.84008600162064,41.747887598459165,17.728669479398803,45.217165628176446,37.33216669206535,66.72319382667254,54.87648076482835,95.02454389588482
2025-03-09 20:17:50.737667,566.0,496.0,446.0,2602.0,1265.0,432.0,61.83358970996455,75.21968753253672,62.84008600162064,41.747887598459165,17.728669479398803,45.217165628176446,37.33216669206535,66.72319382667254,54.87648076482835,95.02454389588482
2025-03-09 20:17:50.746000,559.0,490.0,443.0,2597.0,1275.0,432.0,61.73500929426759,74.91017490220938,62.81624486395855,41.817545556978324,17.68776205917322,45.25728159837191,37.161753764080956,66.48239859632561,54.69485409465834,95.1770295403338
2025-03-09 20:17:50.746000,566.0,473.0,454.0,2607.0,1270.0,433.0,61.73500929426759,74.91017490220938,62.81624486395855,41.817545556978324,17.68776205917322,45.25728159837191,37.161753764080956,66.48239859632561,54.69485409465834,95.1770295403338
2025-03-09 20:17:50.746000,560.0,490.0,385.0,2603.0,1245.0,435.0,61.73500929426759,74.91017490220938,62.81624486395855,41.817545556978324,17.68776205917322,45.25728159837191,37.161753764080956,66.48239859632561,54.69485409465834,95.1770295403338
2025-03-09 20:17:50.746000,534.0,493.0,462.0,2607.0,1265.0,435.0,61.73500929426759,74.91017490220938,62.81624486395855,41.817545556978324,17.68776205917322,45.25728159837191,37.161753764080956,66.48239859632561,54.69485409465834,95.1770295403338
2025-03-09 20:17:50.746000,557.0,465.0,439.0,2603.0,1283.0,450.0,61.73500929426759,74.91017490220938,62.81624486395855,41.817545556978324,17.68776205917322,45.25728159837191,37.161753764080956,66.48239859632561,54.69485409465834,95.1770295403338
2025-03-09 20:17:50.754333,537.0,497.0,443.0,2606.0,1287.0,448.0,61.624780216383215,74.59212263179815,62.77073180560573,41.87955004590291,17.642967573426073,45.2883986760653,37.000498963760855,66.23546534970254,54.50502558536016,95.31326090492328
2025-03-09 20:17:50.754333,539.0,491.0,439.0,2606.0,1283.0,450.0,61.624780216383215,74.59212263179815,62.77073180560573,41.87955004590291,17.642967573426073,45.2883986760653,37.000498963760855,66.23546534970254,54.50502558536016,95.31326090492328
2025-03-09 20:17:50.754333,539.0,495.0,448.0,2606.0,1291.0,448.0,61.624780216383215,74.59212263179815,62.77073180560573,41.87955004590291,17.642967573426073,45.2883986760653,37.000498963760855,66.23546534970254,54.50502558536016,95.31326090492328
2025-03-09 20:17:50.762667,534.0,448.0,442.0,2607.0,1292.0,450.0,61.500741628058925,74.26639791952074,62.70611400806125,41.936387338924185,17.593182411130623,45.31303731697018,36.841638990783814,65.98009015560345,54.30949585539866,95.43014362988016
2025-03-09 20:17:50.762667,537.0,490.0,423.0,2603.0,1295.0,448.0,61.500741628058925,74.26639791952074,62.70611400806125,41.936387338924185,17.593182411130623,45.31303731697018,36.841638990783814,65.98009015560345,54.30949585539866,95.43014362988016
2025-03-09 20:17:50.762667,535.0,559.0,416.0,2603.0,1296.0,451.0,61.500741628058925,74.26639791952074,62.70611400806125,41.936387338924185,17.593182411130623,45.31303731697018,36.841638990783814,65.98009015560345,54.30949585539866,95.43014362988016
2025-03-09 20:17:50.771000,523.0,477.0,433.0,2606.0,1303.0,458.0,61.36166384793534,73.93506275103641,62.62394842499548,41.990900126095454,17.53628366268193,45.333358678215724,36.68081863291823,65.71713989340292,54.1130211904958,95.5255817689956
2025-03-09 20:17:50.771000,507.0,511.0,432.0,2605.0,1303.0,462.0,61.36166384793534,73.93506275103641,62.62394842499548,41.990900126095454,17.53628366268193,45.333358678215724,36.68081863291823,65.71713989340292,54.1130211904958,95.5255817689956
2025-03-09 20:17:50.771000,528.0,483.0,442.0,2603.0,1298.0,461.0,61.36166384793534,73.93506275103641,62.62394842499548,41.990900126095454,17.53628366268193,45.333358678215724,36.68081863291823,65.71713989340292,54.1130211904958,95.5255817689956
2025-03-09 20:17:50.771000,511.0,490.0,432.0,2608.0,1306.0,460.0,61.36166384793534,73.93506275103641,62.62394842499548,41.990900126095454,17.53628366268193,45.333358678215724,36.68081863291823,65.71713989340292,54.1130211904958,95.5255817689956
2025-03-09 20:17:50.779333,509.0,460.0,442.0,2608.0,1306.0,461.0,61.20793360716849,73.60071780599624,62.52555057146674,42.04621521628938,17.469049335745243,45.35094801228755,36.51606433213417,65.45086523635085,53.922267896168144,95.59972760197195
2025-03-09 20:17:50.779333,511.0,496.0,437.0,2608.0,1307.0,462.0,61.20793360716849,73.60071780599624,62.52555057146674,42.04621521628938,17.469049335745243,45.35094801228755,36.51606433213417,65.45086523635085,53.922267896168144,95.59972760197195
2025-03-09 20:17:50.779333,523.0,486.0,430.0,2608.0,1305.0,463.0,61.20793360716849,73.60071780599624,62.52555057146674,42.04621521628938,17.469049335745243,45.35094801228755,36.51606433213417,65.45086523635085,53.922267896168144,95.59972760197195
2025-03-09 20:17:50.779333,511.0,483.0,405.0,2610.0,1306.0,463.0,61.20793360716849,73.60071780599624,62.52555057146674,42.04621521628938,17.469049335745243,45.35094801228755,36.51606433213417,65.45086523635085,53.922267896168144,95.59972760197195
2025-03-09 20:17:50.787667,496.0,496.0,353.0,2608.0,1314.0,466.0,61.04144206342267,73.26619421803547,62.41194194877089,42.09842606949942,17.394630527720636,45.36328884662234,36.35215371351234,65.18371835488269,53.73578399085442,95.65427699277367
2025-03-09 20:17:50.787667,497.0,480.0,350.0,2607.0,1310.0,465.0,61.04144206342267,73.26619421803547,62.41194194877089,42.09842606949942,17.394630527720636,45.36328884662234,36.35215371351234,65.18371835488269,53.73578399085442,95.65427699277367
2025-03-09 20:17:50.787667,503.0,487.0,351.0,2607.0,1312.0,465.0,61.04144206342267,73.26619421803547,62.41194194877089,42.09842606949942,17.394630527720636,45.36328884662234,36.35215371351234,65.18371835488269,53.73578399085442,95.65427699277367
2025-03-09 20:17:50.787667,503.0,485.0,346.0,2608.0,1313.0,465.0,61.04144206342267,73.26619421803547,62.41194194877089,42.09842606949942,17.394630527720636,45.36328884662234,36.35215371351234,65.18371835488269,53.73578399085442,95.65427699277367
2025-03-09 20:17:50.796000,502.0,485.0,347.0,2603.0,1313.0,475.0,60.8655158968763,72.93437940305225,62.28192140139666,42.139355259891836,17.318045457678156,45.36464702156528,36.198511540524805,64.91778706969767,53.547689075266256,95.69223771851105
2025-03-09 20:17:50.796000,496.0,486.0,338.0,2608.0,1313.0,465.0,60.8655158968763,72.93437940305225,62.28192140139666,42.139355259891836,17.318045457678156,45.36464702156528,36.198511540524805,64.91778706969767,53.547689075266256,95.69223771851105
2025-03-09 20:17:50.796000,500.0,485.0,341.0,2610.0,1312.0,469.0,60.8655158968763,72.93437940305225,62.28192140139666,42.139355259891836,17.318045457678156,45.36464702156528,36.198511540524805,64.91778706969767,53.547689075266256,95.69223771851105
2025-03-09 20:17:50.804333,493.0,487.0,352.0,2608.0,1313.0,469.0,60.68363198046861,72.60914579555042,62.13417414056313,42.16760682589489,17.240057867880136,45.35355140558067,36.06225758969475,64.65921570011083,53.360082047170984,95.71650406462099
2025-03-09 20:17:50.804333,481.0,487.0,355.0,2608.0,1314.0,466.0,60.68363198046861,72.60914579555042,62.13417414056313,42.16760682589489,17.240057867880136,45.35355140558067,36.06225758969475,64.65921570011083,53.360082047170984,95.71650406462099
2025-03-09 20:17:50.804333,480.0,489.0,374.0,2608.0,1313.0,467.0,60.68363198046861,72.60914579555042,62.13417414056313,42.16760682589489,17.240057867880136,45.35355140558067,36.06225758969475,64.65921570011083,53.360082047170984,95.71650406462099
2025-03-09 20:17:50.812667,495.0,489.0,405.0,2617.0,1312.0,468.0,60.498898839988215,72.29486073603738,61.970930829637496,42.18724370270813,17.160719696182415,45.333344025047786,35.94557211860026,64.41419639682935,53.17943282264551,95.72834866091422
2025-03-09 20:17:50.812667,490.0,482.0,432.0,2608.0,1315.0,467.0,60.498898839988215,72.29486073603738,61.970930829637496,42.18724370270813,17.160719696182415,45.333344025047786,35.94557211860026,64.41419639682935,53.17943282264551,95.72834866091422
2025-03-09 20:17:50.812667,487.0,481.0,374.0,2611.0,1312.0,469.0,60.498898839988215,72.29486073603738,61.970930829637496,42.18724370270813,17.160719696182415,45.333344025047786,35.94557211860026,64.41419639682935,53.17943282264551,95.72834866091422
2025-03-09 20:17:50.812667,486.0,484.0,382.0,2608.0,1312.0,466.0,60.498898839988215,72.29486073603738,61.970930829637496,42.18724370270813,17.160719696182415,45.333344025047786,35.94557211860026,64.41419639682935,53.17943282264551,95.72834866091422
2025-03-09 20:17:50.821000,490.0,482.0,406.0,2608.0,1314.0,466.0,60.31475931991691,71.99519188106625,61.79650049059345,42.201529475396114,17.082115520614906,45.30775398864606,35.84886859898081,64.18583739929403,53.009137658545185,95.7286363156091
2025-03-09 20:17:50.821000,481.0,483.0,431.0,2603.0,1307.0,465.0,60.31475931991691,71.99519188106625,61.79650049059345,42.201529475396114,17.082115520614906,45.30775398864606,35.84886859898081,64.18583739929403,53.009137658545185,95.7286363156091
2025-03-09 20:17:50.821000,483.0,481.0,426.0,2586.0,1307.0,467.0,60.31475931991691,71.99519188106625,61.79650049059345,42.201529475396114,17.082115520614906,45.30775398864606,35.84886859898081,64.18583739929403,53.009137658545185,95.7286363156091
2025-03-09 20:17:50.821000,480.0,480.0,407.0,2613.0,1305.0,465.0,60.31475931991691,71.99519188106625,61.79650049059345,42.201529475396114,17.082115520614906,45.30775398864606,35.84886859898081,64.18583739929403,53.009137658545185,95.7286363156091
2025-03-09 20:17:50.829333,478.0,484.0,400.0,2597.0,1309.0,464.0,60.134550973942346,71.71281792347744,61.61566992322912,42.215169815611404,17.005092550175476,45.2815471367594,35.770131919275144,63.97615074303481,52.85293966916467,95.71824774553012
2025-03-09 20:17:50.829333,479.0,485.0,389.0,2607.0,1309.0,464.0,60.134550973942346,71.71281792347744,61.61566992322912,42.215169815611404,17.005092550175476,45.2815471367594,35.770131919275144,63.97615074303481,52.85293966916467,95.71824774553012
2025-03-09 20:17:50.829333,477.0,482.0,412.0,2610.0,1311.0,466.0,60.134550973942346,71.71281792347744,61.61566992322912,42.215169815611404,17.005092550175476,45.2815471367594,35.770131919275144,63.97615074303481,52.85293966916467,95.71824774553012
2025-03-09 20:17:50.837667,478.0,489.0,407.0,2607.0,1306.0,465.0,59.95994019707174,71.4494584918862,61.4315330587439,42.23223438155433,16.92864839620117,45.258178932757616,35.706801995884845,63.78700563654679,52.7150753505661,95.69768061183161
2025-03-09 20:17:50.837667,470.0,485.0,435.0,2608.0,1298.0,464.0,59.95994019707174,71.4494584918862,61.4315330587439,42.23223438155433,16.92864839620117,45.258178932757616,35.706801995884845,63.78700563654679,52.7150753505661,95.69768061183161
2025-03-09 20:17:50.837667,475.0,485.0,424.0,2606.0,1296.0,464.0,59.95994019707174,71.4494584918862,61.4315330587439,42.23223438155433,16.92864839620117,45.258178932757616,35.706801995884845,63.78700563654679,52.7150753505661,95.69768061183161
2025-03-09 20:17:50.837667,469.0,478.0,395.0,2613.0,1296.0,464.0,59.95994019707174,71.4494584918862,61.4315330587439,42.23223438155433,16.92864839620117,45.258178932757616,35.706801995884845,63.78700563654679,52.7150753505661,95.69768061183161
2025-03-09 20:17:50.846000,474.0,485.0,358.0,2597.0,1296.0,462.0,59.792101721324954,71.20675539639896,61.245520984659684,42.248223754444325,16.85541568051358,45.234968311523794,35.65993320411863,63.616878464167996,52.59177450409504,95.66742897496579
2025-03-09 20:17:50.846000,471.0,482.0,354.0,2605.0,1297.0,464.0,59.792101721324954,71.20675539639896,61.245520984659684,42.248223754444325,16.85541568051358,45.234968311523794,35.65993320411863,63.616878464167996,52.59177450409504,95.66742897496579
2025-03-09 20:17:50.846000,469.0,480.0,352.0,2610.0,1296.0,464.0,59.792101721324954,71.20675539639896,61.245520984659684,42.248223754444325,16.85541568051358,45.234968311523794,35.65993320411863,63.616878464167996,52.59177450409504,95.66742897496579
2025-03-09 20:17:50.854333,477.0,479.0,333.0,2611.0,1296.0,463.0,59.633332898544595,70.98680860018449,61.058885135392536,42.258747263215234,16.786888262043885,45.20911816054168,35.63016120877053,63.46463289247382,52.479572131472956,95.62861744447702
2025-03-09 20:17:50.854333,470.0,479.0,336.0,2604.0,1280.0,463.0,59.633332898544595,70.98680860018449,61.058885135392536,42.258747263215234,16.786888262043885,45.20911816054168,35.63016120877053,63.46463289247382,52.479572131472956,95.62861744447702
2025-03-09 20:17:50.854333,464.0,484.0,385.0,2606.0,1281.0,459.0,59.633332898544595,70.98680860018449,61.058885135392536,42.258747263215234,16.786888262043885,45.20911816054168,35.63016120877053,63.46463289247382,52.479572131472956,95.62861744447702
2025-03-09 20:17:50.854333,471.0,473.0,407.0,2606.0,1283.0,458.0,59.633332898544595,70.98680860018449,61.058885135392536,42.258747263215234,16.786888262043885,45.20911816054168,35.63016120877053,63.46463289247382,52.479572131472956,95.62861744447702
2025-03-09 20:17:50.862667,464.0,476.0,415.0,2607.0,1282.0,457.0,59.486707040470556,70.79089814278008,60.871571209027515,42.263968206103335,16.72305803609346,45.181318546473754,35.61797852719642,63.3299772187017,52.37725760723061,95.58310161228839
2025-03-09 20:17:50.862667,464.0,486.0,414.0,2608.0,1280.0,457.0,59.486707040470556,70.79089814278008,60.871571209027515,42.263968206103335,16.72305803609346,45.181318546473754,35.61797852719642,63.3299772187017,52.37725760723061,95.58310161228839
2025-03-09 20:17:50.862667,464.0,474.0,397.0,2607.0,1278.0,458.0,59.486707040470556,70.79089814278008,60.871571209027515,42.263968206103335,16.72305803609346,45.181318546473754,35.61797852719642,63.3299772187017,52.37725760723061,95.58310161228839
2025-03-09 20:17:50.862667,466.0,488.0,410.0,2595.0,1282.0,455.0,59.486707040470556,70.79089814278008,60.871571209027515,42.263968206103335,16.72305803609346,45.181318546473754,35.61797852719642,63.3299772187017,52.37725760723061,95.58310161228839
2025-03-09 20:17:50.871000,464.0,480.0,429.0,2599.0,1279.0,454.0,59.355362577485266,70.61898198536332,60.6832114528868,42.26220671686474,16.66671171588638,45.15155772922921,35.62552866380957,63.210256186145585,52.27933950713497,95.53307677161368
2025-03-09 20:17:50.871000,464.0,478.0,372.0,2597.0,1264.0,448.0,59.355362577485266,70.61898198536332,60.6832114528868,42.26220671686474,16.66671171588638,45.15155772922921,35.62552866380957,63.210256186145585,52.27933950713497,95.53307677161368
2025-03-09 20:17:50.871000,464.0,481.0,386.0,2595.0,1266.0,447.0,59.355362577485266,70.61898198536332,60.6832114528868,42.26220671686474,16.66671171588638,45.15155772922921,35.62552866380957,63.210256186145585,52.27933950713497,95.53307677161368
2025-03-09 20:17:50.879333,462.0,482.0,396.0,2594.0,1265.0,447.0,59.2412684714892,70.47017384702765,60.49341642063955,42.25355066689854,16.619068195441443,45.12046624782544,35.65407071605517,63.104136700259886,52.18293065978381,95.48074504489104
2025-03-09 20:17:50.879333,464.0,481.0,388.0,2599.0,1264.0,446.0,59.2412684714892,70.47017384702765,60.49341642063955,42.25355066689854,16.619068195441443,45.12046624782544,35.65407071605517,63.104136700259886,52.18293065978381,95.48074504489104
2025-03-09 20:17:50.879333,464.0,485.0,387.0,2583.0,1261.0,443.0,59.2412684714892,70.47017384702765,60.49341642063955,42.25355066689854,16.619068195441443,45.12046624782544,35.65407071605517,63.104136700259886,52.18293065978381,95.48074504489104
2025-03-09 20:17:50.879333,461.0,480.0,402.0,2599.0,1264.0,446.0,59.2412684714892,70.47017384702765,60.49341642063955,42.25355066689854,16.619068195441443,45.12046624782544,35.65407071605517,63.104136700259886,52.18293065978381,95.48074504489104
2025-03-09 20:17:50.887667,464.0,479.0,391.0,2601.0,1259.0,445.0,59.14549132240586,70.34348543899745,60.30275745270748,42.240929603023766,16.579234728043033,45.09035165316577,35.70235723147241,63.011605376964056,52.08896461023633,95.42804761058176
2025-03-09 20:17:50.887667,470.0,468.0,396.0,2605.0,1262.0,441.0,59.14549132240586,70.34348543899745,60.30275745270748,42.240929603023766,16.579234728043033,45.09035165316577,35.70235723147241,63.011605376964056,52.08896461023633,95.42804761058176
2025-03-09 20:17:50.887667,458.0,483.0,414.0,2598.0,1251.0,434.0,59.14549132240586,70.34348543899745,60.30275745270748,42.240929603023766,16.579234728043033,45.09035165316577,35.70235723147241,63.011605376964056,52.08896461023633,95.42804761058176
2025-03-09 20:17:50.896000,459.0,484.0,407.0,2602.0,1251.0,436.0,59.0683512170034,70.23854094979795,60.11247527270527,42.2257407536087,16.547071697081044,45.062378503262,35.76913986187508,62.93261476835088,51.998127610303925,95.37592089688903
2025-03-09 20:17:50.896000,459.0,470.0,426.0,2595.0,1245.0,436.0,59.0683512170034,70.23854094979795,60.11247527270527,42.2257407536087,16.547071697081044,45.062378503262,35.76913986187508,62.93261476835088,51.998127610303925,95.37592089688903
2025-03-09 20:17:50.896000,464.0,474.0,410.0,2605.0,1245.0,432.0,59.0683512170034,70.23854094979795,60.11247527270527,42.2257407536087,16.547071697081044,45.062378503262,35.76913986187508,62.93261476835088,51.998127610303925,95.37592089688903
2025-03-09 20:17:50.896000,458.0,482.0,393.0,2599.0,1245.0,432.0,59.0683512170034,70.23854094979795,60.11247527270527,42.2257407536087,16.547071697081044,45.062378503262,35.76913986187508,62.93261476835088,51.998127610303925,95.37592089688903
2025-03-09 20:17:50.904333,459.0,466.0,397.0,2601.0,1245.0,432.0,59.008364131666845,70.15453630292821,59.92478178549053,42.20982615589152,16.5217575767254,45.037720677212015,35.85121837236948,62.867140110660806,51.91271790252931,95.32401111840406
2025-03-09 20:17:50.904333,455.0,483.0,400.0,2605.0,1243.0,432.0,59.008364131666845,70.15453630292821,59.92478178549053,42.20982615589152,16.5217575767254,45.037720677212015,35.85121837236948,62.867140110660806,51.91271790252931,95.32401111840406
2025-03-09 20:17:50.904333,458.0,479.0,399.0,2604.0,1251.0,425.0,59.008364131666845,70.15453630292821,59.92478178549053,42.20982615589152,16.5217575767254,45.037720677212015,35.85121837236948,62.867140110660806,51.91271790252931,95.32401111840406
2025-03-09 20:17:50.912667,450.0,473.0,401.0,2592.0,1232.0,427.0,58.963000137360865,70.0896217858941,59.74274855119655,42.197066010528864,16.501807777889873,45.019163079892124,35.94299623985855,62.814337136088184,51.83620584553827,95.27152569506049
2025-03-09 20:17:50.912667,459.0,476.0,374.0,2596.0,1232.0,425.0,58.963000137360865,70.0896217858941,59.74274855119655,42.197066010528864,16.501807777889873,45.019163079892124,35.94299623985855,62.814337136088184,51.83620584553827,95.27152569506049
2025-03-09 20:17:50.912667,462.0,481.0,363.0,2594.0,1232.0,423.0,58.963000137360865,70.0896217858941,59.74274855119655,42.197066010528864,16.501807777889873,45.019163079892124,35.94299623985855,62.814337136088184,51.83620584553827,95.27152569506049
2025-03-09 20:17:50.912667,455.0,473.0,373.0,2597.0,1232.0,423.0,58.963000137360865,70.0896217858941,59.74274855119655,42.197066010528864,16.501807777889873,45.019163079892124,35.94299623985855,62.814337136088184,51.83620584553827,95.27152569506049
2025-03-09 20:17:50.921000,453.0,485.0,373.0,2597.0,1222.0,422.0,58.929862964356765,70.04148531579479,59.56848796160453,42.189237446005585,16.488413025919055,45.00860181423133,36.04111198586061,62.77140856134593,51.76816591644444,95.2179400017648
2025-03-09 20:17:50.921000,448.0,478.0,369.0,2592.0,1231.0,422.0,58.929862964356765,70.04148531579479,59.56848796160453,42.189237446005585,16.488413025919055,45.00860181423133,36.04111198586061,62.77140856134593,51.76816591644444,95.2179400017648
2025-03-09 20:17:50.921000,458.0,476.0,377.0,2590.0,1230.0,421.0,58.929862964356765,70.04148531579479,59.56848796160453,42.189237446005585,16.488413025919055,45.00860181423133,36.04111198586061,62.77140856134593,51.76816591644444,95.2179400017648
2025-03-09 20:17:50.929333,455.0,474.0,496.0,2598.0,1217.0,411.0,58.90693744698245,70.00810950265279,59.40143441990977,42.18495019359155,16.48261943024462,45.00507999479359,36.14498809377326,62.735702769168164,51.7060048063033,95.16248170415547
2025-03-09 20:17:50.929333,450.0,474.0,475.0,2595.0,1211.0,412.0,58.90693744698245,70.00810950265279,59.40143441990977,42.18495019359155,16.48261943024462,45.00507999479359,36.14498809377326,62.735702769168164,51.7060048063033,95.16248170415547
2025-03-09 20:17:50.929333,452.0,475.0,467.0,2602.0,1216.0,409.0,58.90693744698245,70.00810950265279,59.40143441990977,42.18495019359155,16.48261943024462,45.00507999479359,36.14498809377326,62.735702769168164,51.7060048063033,95.16248170415547
2025-03-09 20:17:50.929333,459.0,475.0,540.0,2594.0,1216.0,407.0,58.90693744698245,70.00810950265279,59.40143441990977,42.18495019359155,16.48261943024462,45.00507999479359,36.14498809377326,62.735702769168164,51.7060048063033,95.16248170415547
2025-03-09 20:17:50.937667,458.0,473.0,548.0,2593.0,1216.0,406.0,58.892312174949666,69.98823944108317,59.23959202360145,42.18070860200497,16.483905542110683,45.0052059730512,36.255013918572715,62.705867204787644,51.64747214666845,95.10458948454313
2025-03-09 20:17:50.937667,464.0,480.0,555.0,2595.0,1211.0,407.0,58.892312174949666,69.98823944108317,59.23959202360145,42.18070860200497,16.483905542110683,45.0052059730512,36.255013918572715,62.705867204787644,51.64747214666845,95.10458948454313
2025-03-09 20:17:50.937667,457.0,474.0,582.0,2593.0,1212.0,407.0,58.892312174949666,69.98823944108317,59.23959202360145,42.18070860200497,16.483905542110683,45.0052059730512,36.255013918572715,62.705867204787644,51.64747214666845,95.10458948454313
2025-03-09 20:17:50.937667,451.0,482.0,480.0,2594.0,1206.0,401.0,58.892312174949666,69.98823944108317,59.23959202360145,42.18070860200497,16.483905542110683,45.0052059730512,36.255013918572715,62.705867204787644,51.64747214666845,95.10458948454313
2025-03-09 20:17:50.946000,455.0,468.0,464.0,2591.0,1202.0,400.0,58.884258177474536,69.98106170362371,59.0816433719285,42.172887136871736,16.492037302259888,45.005392718615596,36.37205122243854,62.6815482855027,51.590967793719976,95.04399636202363
2025-03-09 20:17:50.946000,455.0,480.0,451.0,2586.0,1203.0,400.0,58.884258177474536,69.98106170362371,59.0816433719285,42.172887136871736,16.492037302259888,45.005392718615596,36.37205122243854,62.6815482855027,51.590967793719976,95.04399636202363
2025-03-09 20:17:50.946000,459.0,474.0,461.0,2587.0,1200.0,400.0,58.884258177474536,69.98106170362371,59.0816433719285,42.172887136871736,16.492037302259888,45.005392718615596,36.37205122243854,62.6815482855027,51.590967793719976,95.04399636202363
2025-03-09 20:17:50.954333,457.0,474.0,461.0,2582.0,1200.0,400.0,58.881564680855085,69.98578954653925,58.92758370126929,42.15957574848076,16.5070190934205,45.00352553654852,36.49660298334554,62.66318290180184,51.53612884033697,94.9810806042112
2025-03-09 20:17:50.954333,444.0,478.0,455.0,2591.0,1199.0,400.0,58.881564680855085,69.98578954653925,58.92758370126929,42.15957574848076,16.5070190934205,45.00352553654852,36.49660298334554,62.66318290180184,51.53612884033697,94.9810806042112
2025-03-09 20:17:50.954333,454.0,477.0,455.0,2559.0,1191.0,399.0,58.881564680855085,69.98578954653925,58.92758370126929,42.15957574848076,16.5070190934205,45.00352553654852,36.49660298334554,62.66318290180184,51.53612884033697,94.9810806042112
2025-03-09 20:17:50.954333,457.0,479.0,448.0,2590.0,1203.0,399.0,58.881564680855085,69.98578954653925,58.92758370126929,42.15957574848076,16.5070190934205,45.00352553654852,36.49660298334554,62.66318290180184,51.53612884033697,94.9810806042112
2025-03-09 20:17:50.962667,451.0,475.0,433.0,2587.0,1189.0,390.0,58.88329063522521,70.00217353427986,58.77659120507372,42.13932000621627,16.52899000432835,44.99810299236844,36.62976591798202,62.65114704378237,51.48264226037488,94.91655776924154
2025-03-09 20:17:50.962667,459.0,471.0,426.0,2585.0,1186.0,393.0,58.88329063522521,70.00217353427986,58.77659120507372,42.13932000621627,16.52899000432835,44.99810299236844,36.62976591798202,62.65114704378237,51.48264226037488,94.91655776924154
2025-03-09 20:17:50.962667,458.0,480.0,427.0,2583.0,1185.0,390.0,58.88329063522521,70.00217353427986,58.77659120507372,42.13932000621627,16.52899000432835,44.99810299236844,36.62976591798202,62.65114704378237,51.48264226037488,94.91655776924154
2025-03-09 20:17:50.971000,458.0,470.0,418.0,2586.0,1186.0,388.0,58.887960226273314,70.03056056625839,58.6269553052166,42.11010511486747,16.55798514809403,44.987185254075804,36.773051679642776,62.645818853505055,51.4303787236236,94.84976621095231
2025-03-09 20:17:50.971000,458.0,473.0,419.0,2586.0,1186.0,386.0,58.887960226273314,70.03056056625839,58.6269553052166,42.11010511486747,16.55798514809403,44.987185254075804,36.773051679642776,62.645818853505055,51.4303787236236,94.84976621095231
2025-03-09 20:17:50.971000,455.0,478.0,417.0,2594.0,1188.0,387.0,58.887960226273314,70.03056056625839,58.6269553052166,42.11010511486747,16.55798514809403,44.987185254075804,36.773051679642776,62.645818853505055,51.4303787236236,94.84976621095231
2025-03-09 20:17:50.971000,452.0,475.0,434.0,2583.0,1187.0,390.0,58.887960226273314,70.03056056625839,58.6269553052166,42.11010511486747,16.55798514809403,44.987185254075804,36.773051679642776,62.645818853505055,51.4303787236236,94.84976621095231
2025-03-09 20:17:50.979333,459.0,478.0,422.0,2582.0,1182.0,384.0,58.89382713930714,70.0717320531093,58.4774700270628,42.07070786052901,16.592954522696854,44.96905295687374,36.9273369183711,62.64887040061756,51.38136923266944,94.7789109657126
2025-03-09 20:17:50.979333,457.0,471.0,416.0,2589.0,1182.0,384.0,58.89382713930714,70.0717320531093,58.4774700270628,42.07070786052901,16.592954522696854,44.96905295687374,36.9273369183711,62.64887040061756,51.38136923266944,94.7789109657126
2025-03-09 20:17:50.979333,462.0,471.0,426.0,2559.0,1179.0,383.0,58.89382713930714,70.0717320531093,58.4774700270628,42.07070786052901,16.592954522696854,44.96905295687374,36.9273369183711,62.64887040061756,51.38136923266944,94.7789109657126
2025-03-09 20:17:50.987667,462.0,473.0,419.0,2581.0,1178.0,385.0,58.89913461467429,70.12620937763275,58.32707070242402,42.02206257312152,16.63147415043875,44.943495910232585,37.0921485442192,62.6622894364702,51.33951045766751,94.70178026604572
2025-03-09 20:17:50.987667,462.0,473.0,417.0,2559.0,1184.0,381.0,58.89913461467429,70.12620937763275,58.32707070242402,42.02206257312152,16.63147415043875,44.943495910232585,37.0921485442192,62.6622894364702,51.33951045766751,94.70178026604572
2025-03-09 20:17:50.987667,462.0,471.0,423.0,2590.0,1178.0,384.0,58.89913461467429,70.12620937763275,58.32707070242402,42.02206257312152,16.63147415043875,44.943495910232585,37.0921485442192,62.6622894364702,51.33951045766751,94.70178026604572
2025-03-09 20:17:50.987667,471.0,469.0,420.0,2544.0,1179.0,384.0,58.89913461467429,70.12620937763275,58.32707070242402,42.02206257312152,16.63147415043875,44.943495910232585,37.0921485442192,62.6622894364702,51.33951045766751,94.70178026604572
2025-03-09 20:17:50.996000,464.0,475.0,405.0,2559.0,1183.0,381.0,58.90269405444517,70.19427925240707,58.176207116975085,41.96562205625231,16.672374695249694,44.91150386607558,37.2655715535097,62.68619456087613,51.30725645827938,94.61608750496185
2025-03-09 20:17:50.996000,464.0,467.0,415.0,2559.0,1172.0,377.0,58.90269405444517,70.19427925240707,58.176207116975085,41.96562205625231,16.672374695249694,44.91150386607558,37.2655715535097,62.68619456087613,51.30725645827938,94.61608750496185
2025-03-09 20:17:50.996000,464.0,466.0,412.0,2621.0,1175.0,378.0,58.90269405444517,70.19427925240707,58.176207116975085,41.96562205625231,16.672374695249694,44.91150386607558,37.2655715535097,62.68619456087613,51.30725645827938,94.61608750496185
2025-03-09 20:17:51.004333,465.0,467.0,423.0,2559.0,1179.0,377.0,58.90445606739731,70.27580157122877,58.025521584674955,41.90232024061322,16.714352421395517,44.873504115856015,37.44609712560824,62.72087148810683,51.28607841072044,94.52080011462355
2025-03-09 20:17:51.004333,474.0,433.0,416.0,2559.0,1177.0,379.0,58.90445606739731,70.27580157122877,58.025521584674955,41.90232024061322,16.714352421395517,44.873504115856015,37.44609712560824,62.72087148810683,51.28607841072044,94.52080011462355
2025-03-09 20:17:51.004333,459.0,477.0,415.0,2559.0,1173.0,375.0,58.90445606739731,70.27580157122877,58.025521584674955,41.90232024061322,16.714352421395517,44.873504115856015,37.44609712560824,62.72087148810683,51.28607841072044,94.52080011462355
2025-03-09 20:17:51.004333,464.0,466.0,415.0,2559.0,1174.0,375.0,58.90445606739731,70.27580157122877,58.025521584674955,41.90232024061322,16.714352421395517,44.873504115856015,37.44609712560824,62.72087148810683,51.28607841072044,94.52080011462355
2025-03-09 20:17:51.012667,470.0,462.0,415.0,2559.0,1174.0,374.0,58.905285100992316,70.36991168924654,57.87538519665013,41.83299703555226,16.75560729274806,44.82939645999227,37.63327184214329,62.76757868777483,51.27714322272214,94.4162101224722
2025-03-09 20:17:51.012667,477.0,471.0,418.0,2559.0,1169.0,370.0,58.905285100992316,70.36991168924654,57.87538519665013,41.83299703555226,16.75560729274806,44.82939645999227,37.63327184214329,62.76757868777483,51.27714322272214,94.4162101224722
2025-03-09 20:17:51.012667,475.0,469.0,416.0,2559.0,1169.0,371.0,58.905285100992316,70.36991168924654,57.87538519665013,41.83299703555226,16.75560729274806,44.82939645999227,37.63327184214329,62.76757868777483,51.27714322272214,94.4162101224722
2025-03-09 20:17:51.012667,480.0,475.0,382.0,2559.0,1165.0,368.0,58.905285100992316,70.36991168924654,57.87538519665013,41.83299703555226,16.75560729274806,44.82939645999227,37.63327184214329,62.76757868777483,51.27714322272214,94.4162101224722
2025-03-09 20:17:51.021000,470.0,474.0,426.0,2559.0,1168.0,368.0,58.90774287713509,70.47684899952594,57.72999114605091,41.756851165216226,16.796270378503838,44.77812211792359,37.82656966286738,62.82863141838976,51.280700766795306,94.30423272081734
2025-03-09 20:17:51.021000,482.0,470.0,402.0,2559.0,1168.0,368.0,58.90774287713509,70.47684899952594,57.72999114605091,41.756851165216226,16.796270378503838,44.77812211792359,37.82656966286738,62.82863141838976,51.280700766795306,94.30423272081734
2025-03-09 20:17:51.021000,481.0,471.0,407.0,2582.0,1169.0,369.0,58.90774287713509,70.47684899952594,57.72999114605091,41.756851165216226,16.796270378503838,44.77812211792359,37.82656966286738,62.82863141838976,51.280700766795306,94.30423272081734
2025-03-09 20:17:51.029333,481.0,475.0,403.0,2559.0,1165.0,368.0,58.91606911099037,70.5984172534158,57.59707627560595,41.67222858631185,16.837926317512572,44.71860682961377,38.024041741723195,62.90644900846793,51.29627644228473,94.18819742741255
2025-03-09 20:17:51.029333,483.0,475.0,404.0,2559.0,1166.0,368.0,58.91606911099037,70.5984172534158,57.59707627560595,41.67222858631185,16.837926317512572,44.71860682961377,38.024041741723195,62.90644900846793,51.29627644228473,94.18819742741255
2025-03-09 20:17:51.029333,496.0,478.0,385.0,2559.0,1160.0,363.0,58.91606911099037,70.5984172534158,57.59707627560595,41.67222858631185,16.837926317512572,44.71860682961377,38.024041741723195,62.90644900846793,51.29627644228473,94.18819742741255
2025-03-09 20:17:51.029333,461.0,487.0,400.0,2559.0,1159.0,365.0,58.91606911099037,70.5984172534158,57.59707627560595,41.67222858631185,16.837926317512572,44.71860682961377,38.024041741723195,62.90644900846793,51.29627644228473,94.18819742741255
2025-03-09 20:17:51.037667,498.0,473.0,416.0,2559.0,1158.0,365.0,58.93268617655413,70.73502104823459,57.47928424564748,41.57840011594313,16.881527680199383,44.65065934896439,38.225066350505195,63.001136884200996,51.32212808396099,94.07062683972883
2025-03-09 20:17:51.037667,500.0,487.0,400.0,2556.0,1154.0,365.0,58.93268617655413,70.73502104823459,57.47928424564748,41.57840011594313,16.881527680199383,44.65065934896439,38.225066350505195,63.001136884200996,51.32212808396099,94.07062683972883
2025-03-09 20:17:51.037667,511.0,468.0,386.0,2559.0,1148.0,363.0,58.93268617655413,70.73502104823459,57.47928424564748,41.57840011594313,16.881527680199383,44.65065934896439,38.225066350505195,63.001136884200996,51.32212808396099,94.07062683972883
2025-03-09 20:17:51.046000,500.0,477.0,391.0,2559.0,1154.0,363.0,58.957503577902536,70.88572734839688,57.37553574001377,41.475182441152654,16.927696698789358,44.57444212755388,38.43015908539875,63.11131919953985,51.35625691194982,93.95269088014831
2025-03-09 20:17:51.046000,507.0,466.0,415.0,2559.0,1152.0,361.0,58.957503577902536,70.88572734839688,57.37553574001377,41.475182441152654,16.927696698789358,44.57444212755388,38.43015908539875,63.11131919953985,51.35625691194982,93.95269088014831
2025-03-09 20:17:51.046000,510.0,477.0,409.0,2559.0,1167.0,363.0,58.957503577902536,70.88572734839688,57.37553574001377,41.475182441152654,16.927696698789358,44.57444212755388,38.43015908539875,63.11131919953985,51.35625691194982,93.95269088014831
2025-03-09 20:17:51.046000,528.0,480.0,405.0,2559.0,1149.0,354.0,58.957503577902536,70.88572734839688,57.37553574001377,41.475182441152654,16.927696698789358,44.57444212755388,38.43015908539875,63.11131919953985,51.35625691194982,93.95269088014831
2025-03-09 20:17:51.054333,531.0,487.0,405.0,2540.0,1149.0,354.0,58.98898421846085,71.04900722822812,57.284809575747865,41.362731842750385,16.976695245643814,44.49029626402895,38.63858161407856,63.23486065590166,51.397214642236094,93.83443992184762
2025-03-09 20:17:51.054333,533.0,470.0,387.0,2559.0,1147.0,353.0,58.98898421846085,71.04900722822812,57.284809575747865,41.362731842750385,16.976695245643814,44.49029626402895,38.63858161407856,63.23486065590166,51.397214642236094,93.83443992184762
2025-03-09 20:17:51.054333,534.0,467.0,414.0,2544.0,1147.0,354.0,58.98898421846085,71.04900722822812,57.284809575747865,41.362731842750385,16.976695245643814,44.49029626402895,38.63858161407856,63.23486065590166,51.397214642236094,93.83443992184762
2025-03-09 20:17:51.062667,539.0,511.0,409.0,2544.0,1146.0,355.0,59.02478574300365,71.22301884098381,57.20507413980341,41.24150716265834,17.027847986378667,44.398599937676444,38.849015726629105,63.36913621888792,51.44405486003406,93.71485709992221
2025-03-09 20:17:51.062667,537.0,481.0,402.0,2544.0,1146.0,349.0,59.02478574300365,71.22301884098381,57.20507413980341,41.24150716265834,17.027847986378667,44.398599937676444,38.849015726629105,63.36913621888792,51.44405486003406,93.71485709992221
2025-03-09 20:17:51.062667,544.0,464.0,397.0,2559.0,1146.0,355.0,59.02478574300365,71.22301884098381,57.20507413980341,41.24150716265834,17.027847986378667,44.398599937676444,38.849015726629105,63.36913621888792,51.44405486003406,93.71485709992221
2025-03-09 20:17:51.062667,559.0,489.0,400.0,2549.0,1136.0,351.0,59.02478574300365,71.22301884098381,57.20507413980341,41.24150716265834,17.027847986378667,44.398599937676444,38.849015726629105,63.36913621888792,51.44405486003406,93.71485709992221
2025-03-09 20:17:51.071000,590.0,480.0,401.0,2550.0,1136.0,349.0,59.062666145881174,71.40506540080541,57.1333461946582,41.11581034312836,17.078768241862555,44.30247705209512,39.059589110545645,63.512100454954876,51.49840548627484,93.59207046526379
2025-03-09 20:17:51.071000,575.0,494.0,401.0,2554.0,1135.0,350.0,59.062666145881174,71.40506540080541,57.1333461946582,41.11581034312836,17.078768241862555,44.30247705209512,39.059589110545645,63.512100454954876,51.49840548627484,93.59207046526379
2025-03-09 20:17:51.071000,582.0,484.0,413.0,2556.0,1136.0,347.0,59.062666145881174,71.40506540080541,57.1333461946582,41.11581034312836,17.078768241862555,44.30247705209512,39.059589110545645,63.512100454954876,51.49840548627484,93.59207046526379
2025-03-09 20:17:51.079333,570.0,485.0,400.0,2559.0,1136.0,337.0,59.100950031862496,71.59228969725982,57.06693343792711,40.99411467165318,17.125255301295546,44.207919465038714,39.26764721627521,63.66345601279159,51.565685372495025,93.46310493269362
2025-03-09 20:17:51.079333,576.0,482.0,400.0,2549.0,1136.0,349.0,59.100950031862496,71.59228969725982,57.06693343792711,40.99411467165318,17.125255301295546,44.207919465038714,39.26764721627521,63.66345601279159,51.565685372495025,93.46310493269362
2025-03-09 20:17:51.079333,602.0,484.0,419.0,2549.0,1136.0,347.0,59.100950031862496,71.59228969725982,57.06693343792711,40.99411467165318,17.125255301295546,44.207919465038714,39.26764721627521,63.66345601279159,51.565685372495025,93.46310493269362
2025-03-09 20:17:51.079333,582.0,481.0,400.0,2559.0,1133.0,346.0,59.100950031862496,71.59228969725982,57.06693343792711,40.99411467165318,17.125255301295546,44.207919465038714,39.26764721627521,63.66345601279159,51.565685372495025,93.46310493269362
2025-03-09 20:17:51.087667,611.0,499.0,400.0,2550.0,1127.0,337.0,59.13784102443125,71.78121456381155,57.00332558487612,40.87974594026282,17.1657288531811,44.11726791150022,39.47180100276968,63.820758808433,51.645885943648274,93.32386306907019
2025-03-09 20:17:51.087667,604.0,493.0,400.0,2544.0,1127.0,341.0,59.13784102443125,71.78121456381155,57.00332558487612,40.87974594026282,17.1657288531811,44.11726791150022,39.47180100276968,63.820758808433,51.645885943648274,93.32386306907019
2025-03-09 20:17:51.087667,606.0,487.0,400.0,2544.0,1127.0,342.0,59.13784102443125,71.78121456381155,57.00332558487612,40.87974594026282,17.1657288531811,44.11726791150022,39.47180100276968,63.820758808433,51.645885943648274,93.32386306907019
2025-03-09 20:17:51.087667,603.0,494.0,406.0,2544.0,1123.0,336.0,59.13784102443125,71.78121456381155,57.00332558487612,40.87974594026282,17.1657288531811,44.11726791150022,39.47180100276968,63.820758808433,51.645885943648274,93.32386306907019
2025-03-09 20:17:51.096000,603.0,496.0,403.0,2544.0,1122.0,338.0,59.17320857310114,71.96949442966117,56.94102091036284,40.77040475070391,17.200731372866155,44.028605262266254,39.67278732317929,63.98177951316395,51.73470842287074,93.17348095988788
2025-03-09 20:17:51.096000,617.0,496.0,400.0,2543.0,1121.0,336.0,59.17320857310114,71.96949442966117,56.94102091036284,40.77040475070391,17.200731372866155,44.028605262266254,39.67278732317929,63.98177951316395,51.73470842287074,93.17348095988788
2025-03-09 20:17:51.096000,611.0,496.0,382.0,2544.0,1115.0,337.0,59.17320857310114,71.96949442966117,56.94102091036284,40.77040475070391,17.200731372866155,44.028605262266254,39.67278732317929,63.98177951316395,51.73470842287074,93.17348095988788
2025-03-09 20:17:51.104333,637.0,490.0,400.0,2544.0,1115.0,332.0,59.20943509363305,72.15727778781338,56.880802206691946,40.66435932766361,17.231050620607462,43.94068012083117,39.87162768434233,64.14678932416174,51.82957901673197,93.01458028130402
2025-03-09 20:17:51.104333,637.0,493.0,400.0,2541.0,1118.0,336.0,59.20943509363305,72.15727778781338,56.880802206691946,40.66435932766361,17.231050620607462,43.94068012083117,39.87162768434233,64.14678932416174,51.82957901673197,93.01458028130402
2025-03-09 20:17:51.104333,624.0,493.0,400.0,2527.0,1110.0,335.0,59.20943509363305,72.15727778781338,56.880802206691946,40.66435932766361,17.231050620607462,43.94068012083117,39.87162768434233,64.14678932416174,51.82957901673197,93.01458028130402
2025-03-09 20:17:51.104333,624.0,491.0,390.0,2542.0,1110.0,335.0,59.20943509363305,72.15727778781338,56.880802206691946,40.66435932766361,17.231050620607462,43.94068012083117,39.87162768434233,64.14678932416174,51.82957901673197,93.01458028130402
2025-03-09 20:17:51.112667,638.0,487.0,395.0,2512.0,1107.0,332.0,59.24993306857797,72.34582412507362,56.823076328636645,40.56172201457028,17.25760911307531,43.85407723796558,40.07007869575182,64.3168155522034,51.92922617026606,92.84955921439749
2025-03-09 20:17:51.112667,644.0,479.0,397.0,2534.0,1106.0,332.0,59.24993306857797,72.34582412507362,56.823076328636645,40.56172201457028,17.25760911307531,43.85407723796558,40.07007869575182,64.3168155522034,51.92922617026606,92.84955921439749
2025-03-09 20:17:51.112667,640.0,474.0,387.0,2542.0,1107.0,330.0,59.24993306857797,72.34582412507362,56.823076328636645,40.56172201457028,17.25760911307531,43.85407723796558,40.07007869575182,64.3168155522034,51.92922617026606,92.84955921439749
2025-03-09 20:17:51.112667,642.0,503.0,408.0,2516.0,1107.0,335.0,59.24993306857797,72.34582412507362,56.823076328636645,40.56172201457028,17.25760911307531,43.85407723796558,40.07007869575182,64.3168155522034,51.92922617026606,92.84955921439749
2025-03-09 20:17:51.121000,661.0,490.0,397.0,2559.0,1103.0,323.0,59.30362154760976,72.53834150296022,56.767455455721226,40.46524777840789,17.281483496768047,43.77187963295207,40.273583626334194,64.49599677447743,52.03286284894043,92.68720607085038
2025-03-09 20:17:51.121000,661.0,503.0,394.0,2538.0,1100.0,326.0,59.30362154760976,72.53834150296022,56.767455455721226,40.46524777840789,17.281483496768047,43.77187963295207,40.273583626334194,64.49599677447743,52.03286284894043,92.68720607085038
2025-03-09 20:17:51.121000,674.0,491.0,400.0,2532.0,1100.0,325.0,59.30362154760976,72.53834150296022,56.767455455721226,40.46524777840789,17.281483496768047,43.77187963295207,40.273583626334194,64.49599677447743,52.03286284894043,92.68720607085038
2025-03-09 20:17:51.121000,670.0,493.0,387.0,2547.0,1103.0,324.0,59.30362154760976,72.53834150296022,56.767455455721226,40.46524777840789,17.281483496768047,43.77187963295207,40.273583626334194,64.49599677447743,52.03286284894043,92.68720607085038
2025-03-09 20:17:51.129333,665.0,480.0,400.0,2533.0,1100.0,323.0,59.382762664101946,72.73926117180969,56.714858200384114,40.37935505391142,17.30464093210402,43.699175086078725,40.48816485538139,64.6894539882718,52.139458314870794,92.54036692996203
2025-03-09 20:17:51.129333,677.0,482.0,399.0,2517.0,1101.0,323.0,59.382762664101946,72.73926117180969,56.714858200384114,40.37935505391142,17.30464093210402,43.699175086078725,40.48816485538139,64.6894539882718,52.139458314870794,92.54036692996203
2025-03-09 20:17:51.137667,656.0,489.0,399.0,2538.0,1099.0,323.0,59.491295980354806,72.95015584429758,56.66650863051954,40.306140681221684,17.328298762045204,43.638663179249384,40.71420930847542,64.89771945009056,52.248339302240346,92.41182199937946
2025-03-09 20:17:51.137667,692.0,496.0,404.0,2532.0,1097.0,319.0,59.491295980354806,72.95015584429758,56.66650863051954,40.306140681221684,17.328298762045204,43.638663179249384,40.71420930847542,64.89771945009056,52.248339302240346,92.41182199937946
2025-03-09 20:17:51.137667,687.0,499.0,399.0,2531.0,1100.0,319.0,59.491295980354806,72.95015584429758,56.66650863051954,40.306140681221684,17.328298762045204,43.638663179249384,40.71420930847542,64.89771945009056,52.248339302240346,92.41182199937946
2025-03-09 20:17:51.137667,689.0,496.0,366.0,2527.0,1090.0,315.0,59.491295980354806,72.95015584429758,56.66650863051954,40.306140681221684,17.328298762045204,43.638663179249384,40.71420930847542,64.89771945009056,52.248339302240346,92.41182199937946
2025-03-09 20:17:51.146000,690.0,498.0,400.0,2528.0,1093.0,317.0,59.623503758670864,73.16837541789408,56.62186098165067,40.2426874831253,17.351621390602613,43.587350301277404,40.94810591342665,65.11735859034671,52.35829611270282,92.29376005033085
2025-03-09 20:17:51.146000,698.0,496.0,399.0,2529.0,1093.0,319.0,59.623503758670864,73.16837541789408,56.62186098165067,40.2426874831253,17.351621390602613,43.587350301277404,40.94810591342665,65.11735859034671,52.35829611270282,92.29376005033085
2025-03-09 20:17:51.146000,674.0,499.0,418.0,2533.0,1091.0,317.0,59.623503758670864,73.16837541789408,56.62186098165067,40.2426874831253,17.351621390602613,43.587350301277404,40.94810591342665,65.11735859034671,52.35829611270282,92.29376005033085
2025-03-09 20:17:51.146000,691.0,497.0,401.0,2530.0,1092.0,317.0,59.623503758670864,73.16837541789408,56.62186098165067,40.2426874831253,17.351621390602613,43.587350301277404,40.94810591342665,65.11735859034671,52.35829611270282,92.29376005033085
2025-03-09 20:17:51.154333,701.0,497.0,413.0,2530.0,1089.0,315.0,59.77080832500282,73.39010716430691,56.580620727177354,40.18314839293804,17.3738162987528,43.539395619742216,41.18546355616909,65.34395636502035,52.46711800821723,92.17476172458264
2025-03-09 20:17:51.154333,692.0,497.0,402.0,2521.0,1088.0,310.0,59.77080832500282,73.39010716430691,56.580620727177354,40.18314839293804,17.3738162987528,43.539395619742216,41.18546355616909,65.34395636502035,52.46711800821723,92.17476172458264
2025-03-09 20:17:51.154333,705.0,511.0,400.0,2523.0,1088.0,313.0,59.77080832500282,73.39010716430691,56.580620727177354,40.18314839293804,17.3738162987528,43.539395619742216,41.18546355616909,65.34395636502035,52.46711800821723,92.17476172458264
2025-03-09 20:17:51.154333,714.0,500.0,400.0,2518.0,1085.0,311.0,59.77080832500282,73.39010716430691,56.580620727177354,40.18314839293804,17.3738162987528,43.539395619742216,41.18546355616909,65.34395636502035,52.46711800821723,92.17476172458264
2025-03-09 20:17:51.162667,709.0,484.0,401.0,2526.0,1086.0,308.0,59.92741308448735,73.61347076679368,56.54410785924116,40.12239164543562,17.395807366551296,43.49035020779716,41.42334758342484,65.57441037136546,52.57255179142313,92.04301920062565
2025-03-09 20:17:51.162667,715.0,507.0,405.0,2521.0,1094.0,308.0,59.92741308448735,73.61347076679368,56.54410785924116,40.12239164543562,17.395807366551296,43.49035020779716,41.42334758342484,65.57441037136546,52.57255179142313,92.04301920062565
2025-03-09 20:17:51.162667,720.0,498.0,400.0,2523.0,1083.0,310.0,59.92741308448735,73.61347076679368,56.54410785924116,40.12239164543562,17.395807366551296,43.49035020779716,41.42334758342484,65.57441037136546,52.57255179142313,92.04301920062565
2025-03-09 20:17:51.171000,719.0,497.0,400.0,2515.0,1085.0,310.0,60.09010451695917,73.83813398644425,56.512862437548286,40.0574193999609,17.419349448920048,43.43816518426075,41.66110793644122,65.8067272849139,52.672983767073795,91.89154328525021
2025-03-09 20:17:51.171000,726.0,505.0,401.0,2514.0,1083.0,304.0,60.09010451695917,73.83813398644425,56.512862437548286,40.0574193999609,17.419349448920048,43.43816518426075,41.66110793644122,65.8067272849139,52.672983767073795,91.89154328525021
2025-03-09 20:17:51.171000,731.0,551.0,403.0,2517.0,1082.0,304.0,60.09010451695917,73.83813398644425,56.512862437548286,40.0574193999609,17.419349448920048,43.43816518426075,41.66110793644122,65.8067272849139,52.672983767073795,91.89154328525021
2025-03-09 20:17:51.171000,733.0,511.0,400.0,2518.0,1079.0,304.0,60.09010451695917,73.83813398644425,56.512862437548286,40.0574193999609,17.419349448920048,43.43816518426075,41.66110793644122,65.8067272849139,52.672983767073795,91.89154328525021
2025-03-09 20:17:51.179333,735.0,501.0,400.0,2515.0,1074.0,304.0,60.25505957961329,74.06277381013577,56.48431251900388,39.98690571356508,17.445163549920636,43.382016752674545,41.89886086338167,66.03797832165277,52.76715771637295,91.72184683126441
2025-03-09 20:17:51.179333,732.0,511.0,404.0,2518.0,1082.0,304.0,60.25505957961329,74.06277381013577,56.48431251900388,39.98690571356508,17.445163549920636,43.382016752674545,41.89886086338167,66.03797832165277,52.76715771637295,91.72184683126441
2025-03-09 20:17:51.179333,734.0,507.0,401.0,2515.0,1083.0,304.0,60.25505957961329,74.06277381013577,56.48431251900388,39.98690571356508,17.445163549920636,43.382016752674545,41.89886086338167,66.03797832165277,52.76715771637295,91.72184683126441
2025-03-09 20:17:51.179333,710.0,510.0,396.0,2515.0,1079.0,304.0,60.25505957961329,74.06277381013577,56.48431251900388,39.98690571356508,17.445163549920636,43.382016752674545,41.89886086338167,66.03797832165277,52.76715771637295,91.72184683126441
2025-03-09 20:17:51.187667,732.0,503.0,401.0,2512.0,1083.0,304.0,60.41888937994272,74.28522445940636,56.45717212732225,39.908118044297304,17.47493585770463,43.32021693846457,42.136078981308195,66.2641575958638,52.85135021689179,91.53844288936733
2025-03-09 20:17:51.187667,738.0,511.0,416.0,2512.0,1077.0,301.0,60.41888937994272,74.28522445940636,56.45717212732225,39.908118044297304,17.47493585770463,43.32021693846457,42.136078981308195,66.2641575958638,52.85135021689179,91.53844288936733
2025-03-09 20:17:51.196000,745.0,511.0,398.0,2511.0,1069.0,302.0,60.579310981197345,74.50319601160334,56.432253309107075,39.81628930108193,17.51168546424928,43.249806865108354,42.371844912789705,66.48081799101237,52.919226624432035,91.3443436898783
2025-03-09 20:17:51.196000,743.0,511.0,401.0,2512.0,1079.0,300.0,60.579310981197345,74.50319601160334,56.432253309107075,39.81628930108193,17.51168546424928,43.249806865108354,42.371844912789705,66.48081799101237,52.919226624432035,91.3443436898783
2025-03-09 20:17:51.196000,745.0,511.0,398.0,2506.0,1079.0,302.0,60.579310981197345,74.50319601160334,56.432253309107075,39.81628930108193,17.51168546424928,43.249806865108354,42.371844912789705,66.48081799101237,52.919226624432035,91.3443436898783
2025-03-09 20:17:51.196000,720.0,505.0,397.0,2514.0,1078.0,299.0,60.579310981197345,74.50319601160334,56.432253309107075,39.81628930108193,17.51168546424928,43.249806865108354,42.371844912789705,66.48081799101237,52.919226624432035,91.3443436898783
2025-03-09 20:17:51.204333,739.0,511.0,400.0,2514.0,1082.0,302.0,60.73596967696777,74.71382513299213,56.40771999939059,39.73604717657984,17.54483254897976,43.18847410926069,42.59855088770703,66.69204053160183,52.99056486310825,91.14236792011823
2025-03-09 20:17:51.204333,749.0,511.0,400.0,2512.0,1079.0,299.0,60.73596967696777,74.71382513299213,56.40771999939059,39.73604717657984,17.54483254897976,43.18847410926069,42.59855088770703,66.69204053160183,52.99056486310825,91.14236792011823
2025-03-09 20:17:51.204333,754.0,509.0,403.0,2510.0,1076.0,299.0,60.73596967696777,74.71382513299213,56.40771999939059,39.73604717657984,17.54483254897976,43.18847410926069,42.59855088770703,66.69204053160183,52.99056486310825,91.14236792011823
2025-03-09 20:17:51.204333,768.0,509.0,401.0,2510.0,1081.0,297.0,60.73596967696777,74.71382513299213,56.40771999939059,39.73604717657984,17.54483254897976,43.18847410926069,42.59855088770703,66.69204053160183,52.99056486310825,91.14236792011823
2025-03-09 20:17:51.212667,767.0,511.0,400.0,2512.0,1080.0,294.0,60.890531007365574,74.91434484102747,56.37617087994254,39.69599093199593,17.561157720562054,43.156073963448634,42.8129571115311,66.9048575076455,53.08828098767381,90.93529102790013
2025-03-09 20:17:51.212667,758.0,511.0,401.0,2509.0,1079.0,297.0,60.890531007365574,74.91434484102747,56.37617087994254,39.69599093199593,17.561157720562054,43.156073963448634,42.8129571115311,66.9048575076455,53.08828098767381,90.93529102790013
2025-03-09 20:17:51.212667,769.0,511.0,405.0,2512.0,1082.0,297.0,60.890531007365574,74.91434484102747,56.37617087994254,39.69599093199593,17.561157720562054,43.156073963448634,42.8129571115311,66.9048575076455,53.08828098767381,90.93529102790013
2025-03-09 20:17:51.212667,753.0,511.0,384.0,2512.0,1079.0,296.0,60.890531007365574,74.91434484102747,56.37617087994254,39.69599093199593,17.561157720562054,43.156073963448634,42.8129571115311,66.9048575076455,53.08828098767381,90.93529102790013
2025-03-09 20:17:51.221000,767.0,524.0,400.0,2512.0,1081.0,292.0,61.043728285455074,75.10279204309184,56.333497244096975,39.673444183598846,17.570075871715016,43.135814241477085,43.02600687813863,67.11367097480313,53.18928714034125,90.72412321899395
2025-03-09 20:17:51.221000,765.0,511.0,397.0,2510.0,1085.0,296.0,61.043728285455074,75.10279204309184,56.333497244096975,39.673444183598846,17.570075871715016,43.135814241477085,43.02600687813863,67.11367097480313,53.18928714034125,90.72412321899395
2025-03-09 20:17:51.221000,783.0,523.0,397.0,2503.0,1083.0,290.0,61.043728285455074,75.10279204309184,56.333497244096975,39.673444183598846,17.570075871715016,43.135814241477085,43.02600687813863,67.11367097480313,53.18928714034125,90.72412321899395
2025-03-09 20:17:51.229333,784.0,526.0,400.0,2506.0,1084.0,291.0,61.19412708784185,75.27682825365567,56.28174730735387,39.643829769143885,17.582770984520295,43.11010283141904,43.243162752820524,67.31049200969476,53.269255826373985,90.50883339336062
2025-03-09 20:17:51.229333,785.0,528.0,404.0,2511.0,1086.0,290.0,61.19412708784185,75.27682825365567,56.28174730735387,39.643829769143885,17.582770984520295,43.11010283141904,43.243162752820524,67.31049200969476,53.269255826373985,90.50883339336062
2025-03-09 20:17:51.229333,786.0,525.0,400.0,2506.0,1087.0,291.0,61.19412708784185,75.27682825365567,56.28174730735387,39.643829769143885,17.582770984520295,43.11010283141904,43.243162752820524,67.31049200969476,53.269255826373985,90.50883339336062
2025-03-09 20:17:51.229333,786.0,534.0,398.0,2502.0,1087.0,289.0,61.19412708784185,75.27682825365567,56.28174730735387,39.643829769143885,17.582770984520295,43.11010283141904,43.243162752820524,67.31049200969476,53.269255826373985,90.50883339336062
2025-03-09 20:17:51.237667,791.0,526.0,401.0,2511.0,1088.0,288.0,61.342609517164206,75.43456728987759,56.22088911407901,39.60654513478962,17.600094682034978,43.078856837991474,43.4640840818311,67.49331604505885,53.32440027752102,90.28978596749874
2025-03-09 20:17:51.237667,790.0,528.0,401.0,2509.0,1081.0,286.0,61.342609517164206,75.43456728987759,56.22088911407901,39.60654513478962,17.600094682034978,43.078856837991474,43.4640840818311,67.49331604505885,53.32440027752102,90.28978596749874
2025-03-09 20:17:51.237667,801.0,529.0,401.0,2511.0,1088.0,284.0,61.342609517164206,75.43456728987759,56.22088911407901,39.60654513478962,17.600094682034978,43.078856837991474,43.4640840818311,67.49331604505885,53.32440027752102,90.28978596749874
2025-03-09 20:17:51.237667,800.0,526.0,400.0,2499.0,1085.0,288.0,61.342609517164206,75.43456728987759,56.22088911407901,39.60654513478962,17.600094682034978,43.078856837991474,43.4640840818311,67.49331604505885,53.32440027752102,90.28978596749874
2025-03-09 20:17:51.246000,806.0,525.0,401.0,2499.0,1088.0,285.0,61.49281214846299,75.57507619176296,56.14838677349313,39.562760358839896,17.62122687873094,43.042914317150995,43.691100130349895,67.66266533137694,53.35232220107787,90.0671635903941
2025-03-09 20:17:51.246000,805.0,528.0,402.0,2506.0,1090.0,283.0,61.49281214846299,75.57507619176296,56.14838677349313,39.562760358839896,17.62122687873094,43.042914317150995,43.691100130349895,67.66266533137694,53.35232220107787,90.0671635903941
2025-03-09 20:17:51.246000,802.0,528.0,400.0,2503.0,1088.0,283.0,61.49281214846299,75.57507619176296,56.14838677349313,39.562760358839896,17.62122687873094,43.042914317150995,43.691100130349895,67.66266533137694,53.35232220107787,90.0671635903941
2025-03-09 20:17:51.254333,806.0,529.0,399.0,2503.0,1085.0,283.0,61.64722879949282,75.69624530333796,56.06192547381561,39.51498058295341,17.645000773597225,43.00388758148301,43.92589421762399,67.81907538928131,53.351614692364315,89.84096687816286
2025-03-09 20:17:51.254333,804.0,523.0,400.0,2502.0,1088.0,286.0,61.64722879949282,75.69624530333796,56.06192547381561,39.51498058295341,17.645000773597225,43.00388758148301,43.92589421762399,67.81907538928131,53.351614692364315,89.84096687816286
2025-03-09 20:17:51.254333,807.0,528.0,401.0,2511.0,1088.0,286.0,61.64722879949282,75.69624530333796,56.06192547381561,39.51498058295341,17.645000773597225,43.00388758148301,43.92589421762399,67.81907538928131,53.351614692364315,89.84096687816286
2025-03-09 20:17:51.254333,816.0,541.0,402.0,2496.0,1090.0,282.0,61.64722879949282,75.69624530333796,56.06192547381561,39.51498058295341,17.645000773597225,43.00388758148301,43.92589421762399,67.81907538928131,53.351614692364315,89.84096687816286
2025-03-09 20:17:51.262667,814.0,528.0,416.0,2502.0,1094.0,281.0,61.80686320858206,75.79484055749718,55.95773974377964,39.46482451560205,17.670546539425448,42.962846861564344,44.16994613326782,67.96101301728761,53.319213461724985,89.61018339737821
2025-03-09 20:17:51.262667,816.0,528.0,408.0,2496.0,1091.0,282.0,61.80686320858206,75.79484055749718,55.95773974377964,39.46482451560205,17.670546539425448,42.962846861564344,44.16994613326782,67.96101301728761,53.319213461724985,89.61018339737821
2025-03-09 20:17:51.262667,817.0,530.0,403.0,2501.0,1091.0,278.0,61.80686320858206,75.79484055749718,55.95773974377964,39.46482451560205,17.670546539425448,42.962846861564344,44.16994613326782,67.96101301728761,53.319213461724985,89.61018339737821
2025-03-09 20:17:51.271000,817.0,531.0,400.0,2503.0,1092.0,281.0,61.971110142409984,75.86937212073148,55.832261039087115,39.4141656482716,17.696023961361107,42.920916465483025,44.423407975232585,68.08738530581257,53.25520489375398,89.37246127618701
2025-03-09 20:17:51.271000,816.0,528.0,402.0,2498.0,1093.0,282.0,61.971110142409984,75.86937212073148,55.832261039087115,39.4141656482716,17.696023961361107,42.920916465483025,44.423407975232585,68.08738530581257,53.25520489375398,89.37246127618701
2025-03-09 20:17:51.271000,821.0,533.0,401.0,2503.0,1092.0,275.0,61.971110142409984,75.86937212073148,55.832261039087115,39.4141656482716,17.696023961361107,42.920916465483025,44.423407975232585,68.08738530581257,53.25520489375398,89.37246127618701
2025-03-09 20:17:51.271000,826.0,539.0,406.0,2499.0,1102.0,277.0,61.971110142409984,75.86937212073148,55.832261039087115,39.4141656482716,17.696023961361107,42.920916465483025,44.423407975232585,68.08738530581257,53.25520489375398,89.37246127618701
2025-03-09 20:17:51.279333,829.0,542.0,405.0,2503.0,1102.0,277.0,62.13596958229456,75.92073517732248,55.68389547684955,39.36456039013021,17.71935226516572,42.878786740710936,44.684500030143944,68.19810122626343,53.164500968411474,89.12501730971319
2025-03-09 20:17:51.279333,827.0,538.0,407.0,2499.0,1104.0,280.0,62.13596958229456,75.92073517732248,55.68389547684955,39.36456039013021,17.71935226516572,42.878786740710936,44.684500030143944,68.19810122626343,53.164500968411474,89.12501730971319
2025-03-09 20:17:51.279333,831.0,540.0,411.0,2512.0,1104.0,279.0,62.13596958229456,75.92073517732248,55.68389547684955,39.36456039013021,17.71935226516572,42.878786740710936,44.684500030143944,68.19810122626343,53.164500968411474,89.12501730971319
2025-03-09 20:17:51.287667,831.0,538.0,400.0,2497.0,1109.0,275.0,62.29516380772175,75.95198748821466,55.51427542618322,39.31650864216227,17.74028201925625,42.83694579860715,44.94979358858517,68.2930253660185,53.05425929042026,88.86584117263453
2025-03-09 20:17:51.287667,827.0,543.0,406.0,2501.0,1107.0,278.0,62.29516380772175,75.95198748821466,55.51427542618322,39.31650864216227,17.74028201925625,42.83694579860715,44.94979358858517,68.2930253660185,53.05425929042026,88.86584117263453
2025-03-09 20:17:51.287667,832.0,543.0,398.0,2499.0,1105.0,274.0,62.29516380772175,75.95198748821466,55.51427542618322,39.31650864216227,17.74028201925625,42.83694579860715,44.94979358858517,68.2930253660185,53.05425929042026,88.86584117263453
2025-03-09 20:17:51.287667,825.0,537.0,404.0,2502.0,1106.0,281.0,62.29516380772175,75.95198748821466,55.51427542618322,39.31650864216227,17.74028201925625,42.83694579860715,44.94979358858517,68.2930253660185,53.05425929042026,88.86584117263453
2025-03-09 20:17:51.296000,831.0,542.0,464.0,2498.0,1118.0,277.0,62.44161433746844,75.96681181590722,55.3267447756448,39.27021899892465,17.759495939084967,42.79610519519306,45.214510485826196,68.37132755555675,52.93214588495424,88.59426389492853
2025-03-09 20:17:51.296000,832.0,542.0,455.0,2500.0,1117.0,275.0,62.44161433746844,75.96681181590722,55.3267447756448,39.27021899892465,17.759495939084967,42.79610519519306,45.214510485826196,68.37132755555675,52.93214588495424,88.59426389492853
2025-03-09 20:17:51.296000,834.0,535.0,464.0,2503.0,1120.0,278.0,62.44161433746844,75.96681181590722,55.3267447756448,39.27021899892465,17.759495939084967,42.79610519519306,45.214510485826196,68.37132755555675,52.93214588495424,88.59426389492853
2025-03-09 20:17:51.296000,841.0,544.0,432.0,2500.0,1119.0,275.0,62.44161433746844,75.96681181590722,55.3267447756448,39.27021899892465,17.759495939084967,42.79610519519306,45.214510485826196,68.37132755555675,52.93214588495424,88.59426389492853
2025-03-09 20:17:51.304333,831.0,545.0,421.0,2499.0,1120.0,276.0,62.569552112717496,75.96906913418768,55.1239034281191,39.224902399796946,17.777199026393976,42.755897898536425,45.47503887681564,68.43291110134896,52.80501895938039,88.3130388421
2025-03-09 20:17:51.304333,832.0,547.0,404.0,2501.0,1119.0,277.0,62.569552112717496,75.96906913418768,55.1239034281191,39.224902399796946,17.777199026393976,42.755897898536425,45.47503887681564,68.43291110134896,52.80501895938039,88.3130388421
2025-03-09 20:17:51.304333,827.0,547.0,411.0,2501.0,1115.0,279.0,62.569552112717496,75.96906913418768,55.1239034281191,39.224902399796946,17.777199026393976,42.755897898536425,45.47503887681564,68.43291110134896,52.80501895938039,88.3130388421
2025-03-09 20:17:51.312667,831.0,546.0,378.0,2511.0,1093.0,278.0,62.67766039445003,75.96299614322454,54.90605285908311,39.17944286710135,17.792806702954728,42.71508080477894,45.73234564669355,68.48082850519606,52.678218237936285,88.0273333954906
2025-03-09 20:17:51.312667,830.0,543.0,390.0,2511.0,1121.0,275.0,62.67766039445003,75.96299614322454,54.90605285908311,39.17944286710135,17.792806702954728,42.71508080477894,45.73234564669355,68.48082850519606,52.678218237936285,88.0273333954906
2025-03-09 20:17:51.312667,832.0,548.0,382.0,2512.0,1122.0,277.0,62.67766039445003,75.96299614322454,54.90605285908311,39.17944286710135,17.792806702954728,42.71508080477894,45.73234564669355,68.48082850519606,52.678218237936285,88.0273333954906
2025-03-09 20:17:51.312667,832.0,551.0,386.0,2513.0,1131.0,275.0,62.67766039445003,75.96299614322454,54.90605285908311,39.17944286710135,17.792806702954728,42.71508080477894,45.73234564669355,68.48082850519606,52.678218237936285,88.0273333954906
2025-03-09 20:17:51.321000,823.0,543.0,390.0,2509.0,1123.0,278.0,62.76748590846521,75.95097722171084,54.671397658349306,39.133555131942906,17.804152758408517,42.67228180381951,45.98939494055347,68.51926890476065,52.555173187860966,87.74276082345156
2025-03-09 20:17:51.321000,829.0,549.0,393.0,2507.0,1125.0,282.0,62.76748590846521,75.95097722171084,54.671397658349306,39.133555131942906,17.804152758408517,42.67228180381951,45.98939494055347,68.51926890476065,52.555173187860966,87.74276082345156
2025-03-09 20:17:51.321000,814.0,544.0,400.0,2508.0,1123.0,279.0,62.76748590846521,75.95097722171084,54.671397658349306,39.133555131942906,17.804152758408517,42.67228180381951,45.98939494055347,68.51926890476065,52.555173187860966,87.74276082345156
2025-03-09 20:17:51.329333,825.0,549.0,388.0,2512.0,1124.0,277.0,62.839856331013586,75.93197611409165,54.41804161819062,39.08555251559927,17.809386037063852,42.62488085467109,46.2481381129726,68.54984491949334,52.4350793593503,87.4640972860858
2025-03-09 20:17:51.329333,825.0,540.0,403.0,2512.0,1136.0,277.0,62.839856331013586,75.93197611409165,54.41804161819062,39.08555251559927,17.809386037063852,42.62488085467109,46.2481381129726,68.54984491949334,52.4350793593503,87.4640972860858
2025-03-09 20:17:51.329333,821.0,540.0,400.0,2511.0,1127.0,277.0,62.839856331013586,75.93197611409165,54.41804161819062,39.08555251559927,17.809386037063852,42.62488085467109,46.2481381129726,68.54984491949334,52.4350793593503,87.4640972860858
2025-03-09 20:17:51.329333,826.0,545.0,381.0,2511.0,1136.0,279.0,62.839856331013586,75.93197611409165,54.41804161819062,39.08555251559927,17.809386037063852,42.62488085467109,46.2481381129726,68.54984491949334,52.4350793593503,87.4640972860858
2025-03-09 20:17:51.337667,821.0,557.0,387.0,2507.0,1136.0,278.0,62.895390261140776,75.90439668864205,54.14894916655489,39.033074469558365,17.808383114479295,42.570201825981655,46.50773843291786,68.57352017751396,52.315951672060585,87.19504091457857
2025-03-09 20:17:51.337667,819.0,550.0,390.0,2499.0,1136.0,278.0,62.895390261140776,75.90439668864205,54.14894916655489,39.033074469558365,17.808383114479295,42.570201825981655,46.50773843291786,68.57352017751396,52.315951672060585,87.19504091457857
2025-03-09 20:17:51.337667,818.0,548.0,394.0,2509.0,1136.0,282.0,62.895390261140776,75.90439668864205,54.14894916655489,39.033074469558365,17.808383114479295,42.570201825981655,46.50773843291786,68.57352017751396,52.315951672060585,87.19504091457857
2025-03-09 20:17:51.346000,826.0,541.0,397.0,2506.0,1136.0,280.0,62.934724913742365,75.86756864487938,53.87065113404409,38.974807992525626,17.80183443502307,42.507157460888315,46.764109384367,68.59043069915106,52.1967400718839,86.93909777491537
2025-03-09 20:17:51.346000,803.0,543.0,390.0,2499.0,1139.0,279.0,62.934724913742365,75.86756864487938,53.87065113404409,38.974807992525626,17.80183443502307,42.507157460888315,46.764109384367,68.59043069915106,52.1967400718839,86.93909777491537
2025-03-09 20:17:51.346000,810.0,538.0,386.0,2464.0,1145.0,279.0,62.934724913742365,75.86756864487938,53.87065113404409,38.974807992525626,17.80183443502307,42.507157460888315,46.764109384367,68.59043069915106,52.1967400718839,86.93909777491537
2025-03-09 20:17:51.346000,805.0,540.0,385.0,2498.0,1146.0,281.0,62.934724913742365,75.86756864487938,53.87065113404409,38.974807992525626,17.80183443502307,42.507157460888315,46.764109384367,68.59043069915106,52.1967400718839,86.93909777491537
2025-03-09 20:17:51.354333,807.0,543.0,380.0,2496.0,1130.0,279.0,62.95758640679605,75.82062557326587,53.58805312148912,38.910199507920034,17.790408531427747,42.43559176999604,47.01300313426893,68.59926328547553,52.076475229332914,86.69810704293184
2025-03-09 20:17:51.354333,805.0,548.0,375.0,2495.0,1143.0,285.0,62.95758640679605,75.82062557326587,53.58805312148912,38.910199507920034,17.790408531427747,42.43559176999604,47.01300313426893,68.59926328547553,52.076475229332914,86.69810704293184
2025-03-09 20:17:51.354333,803.0,545.0,368.0,2496.0,1142.0,279.0,62.95758640679605,75.82062557326587,53.58805312148912,38.910199507920034,17.790408531427747,42.43559176999604,47.01300313426893,68.59926328547553,52.076475229332914,86.69810704293184
2025-03-09 20:17:51.362667,805.0,551.0,372.0,2519.0,1151.0,278.0,62.96323245821602,75.76253537536634,53.30275407032879,38.838042008750506,17.776240594796988,42.355361501849224,47.25336234501897,68.5977135948245,51.95247545019006,86.47146203279587
2025-03-09 20:17:51.362667,807.0,546.0,379.0,2495.0,1142.0,279.0,62.96323245821602,75.76253537536634,53.30275407032879,38.838042008750506,17.776240594796988,42.355361501849224,47.25336234501897,68.5977135948245,51.95247545019006,86.47146203279587
2025-03-09 20:17:51.362667,810.0,558.0,384.0,2491.0,1146.0,279.0,62.96323245821602,75.76253537536634,53.30275407032879,38.838042008750506,17.776240594796988,42.355361501849224,47.25336234501897,68.5977135948245,51.95247545019006,86.47146203279587
2025-03-09 20:17:51.362667,801.0,554.0,367.0,2496.0,1143.0,281.0,62.96323245821602,75.76253537536634,53.30275407032879,38.838042008750506,17.776240594796988,42.355361501849224,47.25336234501897,68.5977135948245,51.95247545019006,86.47146203279587
2025-03-09 20:17:51.371000,801.0,558.0,385.0,2495.0,1131.0,277.0,62.951035567445736,75.69223716270591,53.01481032174067,38.75756808778291,17.760502294488546,42.26653802035083,47.48418035381824,68.58314602962736,51.82229875655216,86.25786716597692
2025-03-09 20:17:51.371000,803.0,553.0,368.0,2495.0,1144.0,277.0,62.951035567445736,75.69223716270591,53.01481032174067,38.75756808778291,17.760502294488546,42.26653802035083,47.48418035381824,68.58314602962736,51.82229875655216,86.25786716597692
2025-03-09 20:17:51.371000,803.0,556.0,382.0,2495.0,1147.0,278.0,62.951035567445736,75.69223716270591,53.01481032174067,38.75756808778291,17.760502294488546,42.26653802035083,47.48418035381824,68.58314602962736,51.82229875655216,86.25786716597692
2025-03-09 20:17:51.371000,800.0,555.0,387.0,2493.0,1155.0,277.0,62.951035567445736,75.69223716270591,53.01481032174067,38.75756808778291,17.760502294488546,42.26653802035083,47.48418035381824,68.58314602962736,51.82229875655216,86.25786716597692
2025-03-09 20:17:51.379333,795.0,554.0,368.0,2493.0,1143.0,277.0,62.920185753478236,75.60884065123771,52.72578731516428,38.67021503514149,17.743081918390367,42.170735167227,47.70201419322118,68.55327187298457,51.68614457955526,86.05689585482536
2025-03-09 20:17:51.379333,800.0,550.0,368.0,2493.0,1149.0,279.0,62.920185753478236,75.60884065123771,52.72578731516428,38.67021503514149,17.743081918390367,42.170735167227,47.70201419322118,68.55327187298457,51.68614457955526,86.05689585482536
2025-03-09 20:17:51.379333,800.0,556.0,339.0,2487.0,1149.0,277.0,62.920185753478236,75.60884065123771,52.72578731516428,38.67021503514149,17.743081918390367,42.170735167227,47.70201419322118,68.55327187298457,51.68614457955526,86.05689585482536
2025-03-09 20:17:51.387667,803.0,560.0,335.0,2486.0,1151.0,278.0,62.869353440839404,75.51116770856116,52.437694777693814,38.57892779974916,17.724175453194295,42.07078186070771,47.9035034908971,68.5062345080203,51.545584551054674,85.86768400127663
2025-03-09 20:17:51.387667,802.0,550.0,336.0,2489.0,1151.0,275.0,62.869353440839404,75.51116770856116,52.437694777693814,38.57892779974916,17.724175453194295,42.07078186070771,47.9035034908971,68.5062345080203,51.545584551054674,85.86768400127663
2025-03-09 20:17:51.387667,799.0,559.0,331.0,2480.0,1152.0,274.0,62.869353440839404,75.51116770856116,52.437694777693814,38.57892779974916,17.724175453194295,42.07078186070771,47.9035034908971,68.5062345080203,51.545584551054674,85.86768400127663
2025-03-09 20:17:51.387667,802.0,556.0,333.0,2481.0,1148.0,275.0,62.869353440839404,75.51116770856116,52.437694777693814,38.57892779974916,17.724175453194295,42.07078186070771,47.9035034908971,68.5062345080203,51.545584551054674,85.86768400127663
2025-03-09 20:17:51.396000,800.0,563.0,336.0,2480.0,1152.0,275.0,62.79649435913136,75.39724377278245,52.15269233048393,38.48649654522522,17.704178277182663,41.96933093389832,48.08501477633649,68.43968670030023,51.401763619702436,85.6874567926968
2025-03-09 20:17:51.396000,798.0,565.0,311.0,2491.0,1153.0,275.0,62.79649435913136,75.39724377278245,52.15269233048393,38.48649654522522,17.704178277182663,41.96933093389832,48.08501477633649,68.43968670030023,51.401763619702436,85.6874567926968
2025-03-09 20:17:51.396000,813.0,535.0,382.0,2491.0,1153.0,272.0,62.79649435913136,75.39724377278245,52.15269233048393,38.48649654522522,17.704178277182663,41.96933093389832,48.08501477633649,68.43968670030023,51.401763619702436,85.6874567926968
2025-03-09 20:17:51.404333,801.0,560.0,390.0,2477.0,1154.0,273.0,62.70006607264078,75.26538527801023,51.87482256023581,38.395544012992815,17.683478014577233,41.86879831969458,48.242036527582144,68.35203474741205,51.256039968575685,85.51359487967488
2025-03-09 20:17:51.404333,805.0,565.0,399.0,2485.0,1151.0,270.0,62.70006607264078,75.26538527801023,51.87482256023581,38.395544012992815,17.683478014577233,41.86879831969458,48.242036527582144,68.35203474741205,51.256039968575685,85.51359487967488
2025-03-09 20:17:51.404333,801.0,572.0,400.0,2489.0,1151.0,272.0,62.70006607264078,75.26538527801023,51.87482256023581,38.395544012992815,17.683478014577233,41.86879831969458,48.242036527582144,68.35203474741205,51.256039968575685,85.51359487967488
2025-03-09 20:17:51.404333,806.0,564.0,400.0,2462.0,1152.0,272.0,62.70006607264078,75.26538527801023,51.87482256023581,38.395544012992815,17.683478014577233,41.86879831969458,48.242036527582144,68.35203474741205,51.256039968575685,85.51359487967488
2025-03-09 20:17:51.412667,809.0,567.0,400.0,2471.0,1151.0,272.0,62.57947326791721,75.1154945347839,51.60882624624184,38.306924466233,17.662338805252418,41.76992218207702,48.37094716452127,68.24345688950868,51.109913073685874,85.34582408259323
2025-03-09 20:17:51.412667,810.0,569.0,400.0,2480.0,1154.0,273.0,62.57947326791721,75.1154945347839,51.60882624624184,38.306924466233,17.662338805252418,41.76992218207702,48.37094716452127,68.24345688950868,51.109913073685874,85.34582408259323
2025-03-09 20:17:51.412667,811.0,575.0,400.0,2481.0,1151.0,272.0,62.57947326791721,75.1154945347839,51.60882624624184,38.306924466233,17.662338805252418,41.76992218207702,48.37094716452127,68.24345688950868,51.109913073685874,85.34582408259323
2025-03-09 20:17:51.421000,818.0,576.0,405.0,2477.0,1152.0,270.0,62.43546875704723,74.94841515605096,51.356017983245636,38.21980862891684,17.64083904249232,41.672023105115386,48.471487064342625,68.11475458425522,50.96334363184167,85.18400676024376
2025-03-09 20:17:51.421000,823.0,576.0,405.0,2490.0,1138.0,270.0,62.43546875704723,74.94841515605096,51.356017983245636,38.21980862891684,17.64083904249232,41.672023105115386,48.471487064342625,68.11475458425522,50.96334363184167,85.18400676024376
2025-03-09 20:17:51.421000,819.0,577.0,391.0,2473.0,1151.0,271.0,62.43546875704723,74.94841515605096,51.356017983245636,38.21980862891684,17.64083904249232,41.672023105115386,48.471487064342625,68.11475458425522,50.96334363184167,85.18400676024376
2025-03-09 20:17:51.421000,821.0,576.0,431.0,2480.0,1149.0,267.0,62.43546875704723,74.94841515605096,51.356017983245636,38.21980862891684,17.64083904249232,41.672023105115386,48.471487064342625,68.11475458425522,50.96334363184167,85.18400676024376
2025-03-09 20:17:51.429333,819.0,572.0,401.0,2480.0,1149.0,270.0,62.27002414245148,74.76453965973162,51.114049469128524,38.13309351512184,17.61818023236975,41.573975179929214,48.54572408663717,67.96662603699711,50.81465167324023,85.02659919404194
2025-03-09 20:17:51.429333,821.0,579.0,403.0,2480.0,1147.0,269.0,62.27002414245148,74.76453965973162,51.114049469128524,38.13309351512184,17.61818023236975,41.573975179929214,48.54572408663717,67.96662603699711,50.81465167324023,85.02659919404194
2025-03-09 20:17:51.429333,825.0,580.0,390.0,2480.0,1147.0,270.0,62.27002414245148,74.76453965973162,51.114049469128524,38.13309351512184,17.61818023236975,41.573975179929214,48.54572408663717,67.96662603699711,50.81465167324023,85.02659919404194
2025-03-09 20:17:51.437667,832.0,583.0,395.0,2474.0,1140.0,265.0,62.08560761302162,74.56430235947687,50.879579719834794,38.04546167866455,17.593884127321456,41.474571783390886,48.59695912985602,67.79990805658004,50.66144368515175,84.87242571837123
2025-03-09 20:17:51.437667,823.0,592.0,406.0,2478.0,1136.0,267.0,62.08560761302162,74.56430235947687,50.879579719834794,38.04546167866455,17.593884127321456,41.474571783390886,48.59695912985602,67.79990805658004,50.66144368515175,84.87242571837123
2025-03-09 20:17:51.437667,834.0,591.0,370.0,2476.0,1137.0,265.0,62.08560761302162,74.56430235947687,50.879579719834794,38.04546167866455,17.593884127321456,41.474571783390886,48.59695912985602,67.79990805658004,50.66144368515175,84.87242571837123
2025-03-09 20:17:51.437667,833.0,579.0,399.0,2473.0,1136.0,267.0,62.08560761302162,74.56430235947687,50.879579719834794,38.04546167866455,17.593884127321456,41.474571783390886,48.59695912985602,67.79990805658004,50.66144368515175,84.87242571837123
2025-03-09 20:17:51.446000,832.0,592.0,405.0,2472.0,1131.0,269.0,61.88496994665832,74.34915456394353,50.65056105989652,37.95593320040148,17.568073867441818,41.373147247942335,48.628303904639495,67.61606281653664,50.502299388092176,84.72121158284962
2025-03-09 20:17:51.446000,832.0,586.0,402.0,2469.0,1136.0,265.0,61.88496994665832,74.34915456394353,50.65056105989652,37.95593320040148,17.568073867441818,41.373147247942335,48.628303904639495,67.61606281653664,50.502299388092176,84.72121158284962
2025-03-09 20:17:51.446000,833.0,591.0,397.0,2480.0,1136.0,265.0,61.88496994665832,74.34915456394353,50.65056105989652,37.95593320040148,17.568073867441818,41.373147247942335,48.628303904639495,67.61606281653664,50.502299388092176,84.72121158284962
2025-03-09 20:17:51.446000,845.0,583.0,407.0,2471.0,1136.0,263.0,61.88496994665832,74.34915456394353,50.65056105989652,37.95593320040148,17.568073867441818,41.373147247942335,48.628303904639495,67.61606281653664,50.502299388092176,84.72121158284962
2025-03-09 20:17:51.454333,843.0,581.0,404.0,2465.0,1150.0,258.0,61.67121868516861,74.12115473009052,50.42485528613926,37.86463944500851,17.540241929523145,41.26992973390814,48.64247802011703,67.41684708532259,50.33718266038861,84.57314844906855
2025-03-09 20:17:51.454333,838.0,592.0,403.0,2469.0,1130.0,263.0,61.67121868516861,74.12115473009052,50.42485528613926,37.86463944500851,17.540241929523145,41.26992973390814,48.64247802011703,67.41684708532259,50.33718266038861,84.57314844906855
2025-03-09 20:17:51.454333,838.0,591.0,401.0,2470.0,1127.0,258.0,61.67121868516861,74.12115473009052,50.42485528613926,37.86463944500851,17.540241929523145,41.26992973390814,48.64247802011703,67.41684708532259,50.33718266038861,84.57314844906855
2025-03-09 20:17:51.462667,841.0,614.0,400.0,2455.0,1129.0,258.0,61.446850894578006,73.88131834165382,50.199733705553506,37.77193423790029,17.50983221626017,41.165110836723464,48.6425327747037,67.20382028430373,50.16576053755346,84.42782874930253
2025-03-09 20:17:51.462667,842.0,587.0,405.0,2470.0,1130.0,259.0,61.446850894578006,73.88131834165382,50.199733705553506,37.77193423790029,17.50983221626017,41.165110836723464,48.6425327747037,67.20382028430373,50.16576053755346,84.42782874930253
2025-03-09 20:17:51.462667,843.0,587.0,400.0,2466.0,1125.0,256.0,61.446850894578006,73.88131834165382,50.199733705553506,37.77193423790029,17.50983221626017,41.165110836723464,48.6425327747037,67.20382028430373,50.16576053755346,84.42782874930253
2025-03-09 20:17:51.462667,845.0,601.0,395.0,2453.0,1127.0,258.0,61.446850894578006,73.88131834165382,50.199733705553506,37.77193423790029,17.50983221626017,41.165110836723464,48.6425327747037,67.20382028430373,50.16576053755346,84.42782874930253
2025-03-09 20:17:51.471000,857.0,611.0,400.0,2469.0,1120.0,256.0,61.21443742172216,73.63070758498824,49.97371026617891,37.67762463496548,17.47693379376683,41.05822613335915,48.63219461230797,66.97986099248689,49.98768306930308,84.28509526165585
2025-03-09 20:17:51.471000,853.0,602.0,409.0,2461.0,1119.0,259.0,61.21443742172216,73.63070758498824,49.97371026617891,37.67762463496548,17.47693379376683,41.05822613335915,48.63219461230797,66.97986099248689,49.98768306930308,84.28509526165585
2025-03-09 20:17:51.471000,853.0,609.0,413.0,2480.0,1118.0,256.0,61.21443742172216,73.63070758498824,49.97371026617891,37.67762463496548,17.47693379376683,41.05822613335915,48.63219461230797,66.97986099248689,49.98768306930308,84.28509526165585
2025-03-09 20:17:51.479333,855.0,593.0,406.0,2475.0,1117.0,256.0,60.976813744459015,73.37093100902365,49.746907456058715,37.58137762300255,17.441703234478528,40.94876310583813,48.61410621204706,66.74815339924757,49.80290272867003,84.1452928629946
2025-03-09 20:17:51.479333,858.0,605.0,417.0,2458.0,1116.0,257.0,60.976813744459015,73.37093100902365,49.746907456058715,37.58137762300255,17.441703234478528,40.94876310583813,48.61410621204706,66.74815339924757,49.80290272867003,84.1452928629946
2025-03-09 20:17:51.479333,867.0,605.0,405.0,2438.0,1118.0,257.0,60.976813744459015,73.37093100902365,49.746907456058715,37.58137762300255,17.441703234478528,40.94876310583813,48.61410621204706,66.74815339924757,49.80290272867003,84.1452928629946
2025-03-09 20:17:51.479333,862.0,608.0,394.0,2462.0,1120.0,256.0,60.976813744459015,73.37093100902365,49.746907456058715,37.58137762300255,17.441703234478528,40.94876310583813,48.61410621204706,66.74815339924757,49.80290272867003,84.1452928629946
2025-03-09 20:17:51.487667,870.0,620.0,405.0,2528.0,1117.0,257.0,60.7368112772532,73.10459690753846,49.52140735450703,37.4820612243224,17.40726688868153,40.837158829597314,48.589951750103246,66.50967782066306,49.60953900671226,84.00883414402146
2025-03-09 20:17:51.487667,843.0,618.0,416.0,2463.0,1103.0,253.0,60.7368112772532,73.10459690753846,49.52140735450703,37.4820612243224,17.40726688868153,40.837158829597314,48.589951750103246,66.50967782066306,49.60953900671226,84.00883414402146
2025-03-09 20:17:51.487667,859.0,613.0,413.0,2454.0,1103.0,253.0,60.7368112772532,73.10459690753846,49.52140735450703,37.4820612243224,17.40726688868153,40.837158829597314,48.589951750103246,66.50967782066306,49.60953900671226,84.00883414402146
2025-03-09 20:17:51.496000,849.0,618.0,402.0,2454.0,1103.0,254.0,60.49722656701654,72.83546650363995,49.3012351447739,37.380353195540664,17.377208504121164,40.7258704226156,48.559823411753776,66.2652722052546,49.40787158966211,83.8753298603816
2025-03-09 20:17:51.496000,871.0,621.0,417.0,2449.0,1103.0,254.0,60.49722656701654,72.83546650363995,49.3012351447739,37.380353195540664,17.377208504121164,40.7258704226156,48.559823411753776,66.2652722052546,49.40787158966211,83.8753298603816
2025-03-09 20:17:51.496000,880.0,624.0,417.0,2454.0,1100.0,255.0,60.49722656701654,72.83546650363995,49.3012351447739,37.380353195540664,17.377208504121164,40.7258704226156,48.559823411753776,66.2652722052546,49.40787158966211,83.8753298603816
2025-03-09 20:17:51.496000,848.0,624.0,407.0,2449.0,1101.0,254.0,60.49722656701654,72.83546650363995,49.3012351447739,37.380353195540664,17.377208504121164,40.7258704226156,48.559823411753776,66.2652722052546,49.40787158966211,83.8753298603816
2025-03-09 20:17:51.504333,880.0,619.0,379.0,2459.0,1104.0,251.0,60.26024218626638,72.56773507570522,49.09089129702273,37.2804782652034,17.350950271519604,40.61824684471912,48.52289220911287,66.01974901587427,49.205159376562925,83.7444289720588
2025-03-09 20:17:51.504333,880.0,624.0,450.0,2448.0,1088.0,252.0,60.26024218626638,72.56773507570522,49.09089129702273,37.2804782652034,17.350950271519604,40.61824684471912,48.52289220911287,66.01974901587427,49.205159376562925,83.7444289720588
2025-03-09 20:17:51.504333,880.0,620.0,417.0,2449.0,1088.0,253.0,60.26024218626638,72.56773507570522,49.09089129702273,37.2804782652034,17.350950271519604,40.61824684471912,48.52289220911287,66.01974901587427,49.205159376562925,83.7444289720588
2025-03-09 20:17:51.512667,880.0,630.0,400.0,2462.0,1088.0,252.0,60.02750100168279,72.30626482099075,48.89569365866343,37.185132394672145,17.325603354696987,40.51496391189789,48.47798313440503,65.78052401922046,49.0107903788901,83.61759853833345
2025-03-09 20:17:51.512667,879.0,610.0,432.0,2448.0,1085.0,251.0,60.02750100168279,72.30626482099075,48.89569365866343,37.185132394672145,17.325603354696987,40.51496391189789,48.47798313440503,65.78052401922046,49.0107903788901,83.61759853833345
2025-03-09 20:17:51.512667,881.0,627.0,427.0,2448.0,1086.0,249.0,60.02750100168279,72.30626482099075,48.89569365866343,37.185132394672145,17.325603354696987,40.51496391189789,48.47798313440503,65.78052401922046,49.0107903788901,83.61759853833345
2025-03-09 20:17:51.512667,882.0,635.0,406.0,2429.0,1085.0,253.0,60.02750100168279,72.30626482099075,48.89569365866343,37.185132394672145,17.325603354696987,40.51496391189789,48.47798313440503,65.78052401922046,49.0107903788901,83.61759853833345
2025-03-09 20:17:51.521000,880.0,628.0,426.0,2445.0,1078.0,245.0,59.800442641648445,72.05592879621844,48.72028569443203,37.092970993643874,17.30083604127165,40.41443586637527,48.425111929366054,65.55270754838787,48.82934986580891,83.49802422443588
2025-03-09 20:17:51.521000,880.0,624.0,410.0,2435.0,1082.0,250.0,59.800442641648445,72.05592879621844,48.72028569443203,37.092970993643874,17.30083604127165,40.41443586637527,48.425111929366054,65.55270754838787,48.82934986580891,83.49802422443588
2025-03-09 20:17:51.521000,889.0,635.0,433.0,2424.0,1062.0,248.0,59.800442641648445,72.05592879621844,48.72028569443203,37.092970993643874,17.30083604127165,40.41443586637527,48.425111929366054,65.55270754838787,48.82934986580891,83.49802422443588
2025-03-09 20:17:51.521000,885.0,629.0,432.0,2442.0,1061.0,247.0,59.800442641648445,72.05592879621844,48.72028569443203,37.092970993643874,17.30083604127165,40.41443586637527,48.425111929366054,65.55270754838787,48.82934986580891,83.49802422443588
2025-03-09 20:17:51.529333,879.0,636.0,433.0,2453.0,1061.0,245.0,59.58090678688096,71.82167472671519,48.568568541636786,37.00445481059233,17.2781367605844,40.3180472490795,48.36408006792667,65.33859182765902,48.66442744083784,83.38966511747581
2025-03-09 20:17:51.529333,882.0,642.0,443.0,2427.0,1056.0,245.0,59.58090678688096,71.82167472671519,48.568568541636786,37.00445481059233,17.2781367605844,40.3180472490795,48.36408006792667,65.33859182765902,48.66442744083784,83.38966511747581
2025-03-09 20:17:51.529333,880.0,636.0,435.0,2447.0,1055.0,244.0,59.58090678688096,71.82167472671519,48.568568541636786,37.00445481059233,17.2781367605844,40.3180472490795,48.36408006792667,65.33859182765902,48.66442744083784,83.38966511747581
2025-03-09 20:17:51.537667,872.0,647.0,419.0,2457.0,1053.0,246.0,59.37189530028648,71.6084986417678,48.44471392607033,36.923545503981494,17.259788880968177,40.23097491840623,48.294104167055664,65.13936952975013,48.520309437702444,83.29618512393495
2025-03-09 20:17:51.537667,880.0,640.0,432.0,2482.0,1051.0,247.0,59.37189530028648,71.6084986417678,48.44471392607033,36.923545503981494,17.259788880968177,40.23097491840623,48.294104167055664,65.13936952975013,48.520309437702444,83.29618512393495
2025-03-09 20:17:51.537667,889.0,651.0,444.0,2442.0,1023.0,243.0,59.37189530028648,71.6084986417678,48.44471392607033,36.923545503981494,17.259788880968177,40.23097491840623,48.294104167055664,65.13936952975013,48.520309437702444,83.29618512393495
2025-03-09 20:17:51.537667,880.0,639.0,442.0,2442.0,1023.0,242.0,59.37189530028648,71.6084986417678,48.44471392607033,36.923545503981494,17.259788880968177,40.23097491840623,48.294104167055664,65.13936952975013,48.520309437702444,83.29618512393495
2025-03-09 20:17:51.546000,882.0,641.0,421.0,2442.0,1021.0,243.0,59.17575914129821,71.41938180177095,48.35095323948456,36.85179342536191,17.247298966571712,40.15574900908273,48.21502224900353,64.95554020127099,48.39824227952495,83.21981747790495
2025-03-09 20:17:51.546000,877.0,643.0,435.0,2441.0,1023.0,245.0,59.17575914129821,71.41938180177095,48.35095323948456,36.85179342536191,17.247298966571712,40.15574900908273,48.21502224900353,64.95554020127099,48.39824227952495,83.21981747790495
2025-03-09 20:17:51.546000,881.0,642.0,437.0,2438.0,1021.0,243.0,59.17575914129821,71.41938180177095,48.35095323948456,36.85179342536191,17.247298966571712,40.15574900908273,48.21502224900353,64.95554020127099,48.39824227952495,83.21981747790495
2025-03-09 20:17:51.546000,885.0,647.0,444.0,2444.0,1017.0,241.0,59.17575914129821,71.41938180177095,48.35095323948456,36.85179342536191,17.247298966571712,40.15574900908273,48.21502224900353,64.95554020127099,48.39824227952495,83.21981747790495
2025-03-09 20:17:51.554333,880.0,646.0,434.0,2438.0,1014.0,241.0,58.99398283336277,71.25526480872875,48.287586766155776,36.788660246975006,17.24050263305928,40.092226402886055,48.1265348165889,64.78704188240198,48.29726384754283,83.16063796823092
2025-03-09 20:17:51.554333,865.0,643.0,439.0,2443.0,1014.0,241.0,58.99398283336277,71.25526480872875,48.287586766155776,36.788660246975006,17.24050263305928,40.092226402886055,48.1265348165889,64.78704188240198,48.29726384754283,83.16063796823092
2025-03-09 20:17:51.554333,876.0,651.0,447.0,2440.0,997.0,240.0,58.99398283336277,71.25526480872875,48.287586766155776,36.788660246975006,17.24050263305928,40.092226402886055,48.1265348165889,64.78704188240198,48.29726384754283,83.16063796823092
2025-03-09 20:17:51.562667,871.0,652.0,441.0,2434.0,994.0,240.0,58.82852094504972,71.11565304621662,48.253075739533514,36.734340380819326,17.238910967462143,40.040716885581524,48.029191225730415,64.63332764505233,48.21504635466888,83.11696570861707
2025-03-09 20:17:51.562667,866.0,651.0,446.0,2436.0,997.0,241.0,58.82852094504972,71.11565304621662,48.253075739533514,36.734340380819326,17.238910967462143,40.040716885581524,48.029191225730415,64.63332764505233,48.21504635466888,83.11696570861707
2025-03-09 20:17:51.562667,879.0,655.0,464.0,2436.0,992.0,239.0,58.82852094504972,71.11565304621662,48.253075739533514,36.734340380819326,17.238910967462143,40.040716885581524,48.029191225730415,64.63332764505233,48.21504635466888,83.11696570861707
2025-03-09 20:17:51.562667,871.0,655.0,449.0,2431.0,990.0,240.0,58.82852094504972,71.11565304621662,48.253075739533514,36.734340380819326,17.238910967462143,40.040716885581524,48.029191225730415,64.63332764505233,48.21504635466888,83.11696570861707
2025-03-09 20:17:51.571000,869.0,649.0,446.0,2433.0,987.0,240.0,58.68142800047053,71.0000615389595,48.244170748698735,36.688136000057895,17.241819377422814,40.00030379924928,47.92592635973245,64.49514854715986,48.149191196259075,83.08784108961827
2025-03-09 20:17:51.571000,865.0,653.0,446.0,2433.0,986.0,240.0,58.68142800047053,71.0000615389595,48.244170748698735,36.688136000057895,17.241819377422814,40.00030379924928,47.92592635973245,64.49514854715986,48.149191196259075,83.08784108961827
2025-03-09 20:17:51.571000,863.0,629.0,446.0,2434.0,987.0,240.0,58.68142800047053,71.0000615389595,48.244170748698735,36.688136000057895,17.241819377422814,40.00030379924928,47.92592635973245,64.49514854715986,48.149191196259075,83.08784108961827
2025-03-09 20:17:51.571000,855.0,640.0,453.0,2423.0,973.0,240.0,58.68142800047053,71.0000615389595,48.244170748698735,36.688136000057895,17.241819377422814,40.00030379924928,47.92592635973245,64.49514854715986,48.149191196259075,83.08784108961827
2025-03-09 20:17:51.579333,857.0,655.0,449.0,2432.0,973.0,240.0,58.553964374713686,70.90854200197404,48.25788063172909,36.649246847342525,17.248576101693185,39.97003158931668,47.81942525456378,64.3732026160034,48.09847352742576,83.07270271730906
2025-03-09 20:17:51.579333,852.0,677.0,453.0,2433.0,970.0,240.0,58.553964374713686,70.90854200197404,48.25788063172909,36.649246847342525,17.248576101693185,39.97003158931668,47.81942525456378,64.3732026160034,48.09847352742576,83.07270271730906
2025-03-09 20:17:51.579333,858.0,665.0,457.0,2429.0,972.0,240.0,58.553964374713686,70.90854200197404,48.25788063172909,36.649246847342525,17.248576101693185,39.97003158931668,47.81942525456378,64.3732026160034,48.09847352742576,83.07270271730906
2025-03-09 20:17:51.587667,859.0,647.0,455.0,2429.0,970.0,240.0,58.44763290789186,70.84078633943233,48.29259517438556,36.61833849684934,17.258639244594264,39.95026892232706,47.711096162571025,64.26806050826626,48.062095803062334,83.0700972648674
2025-03-09 20:17:51.587667,852.0,595.0,461.0,2427.0,963.0,240.0,58.44763290789186,70.84078633943233,48.29259517438556,36.61833849684934,17.258639244594264,39.95026892232706,47.711096162571025,64.26806050826626,48.062095803062334,83.0700972648674
2025-03-09 20:17:51.587667,848.0,658.0,454.0,2429.0,955.0,240.0,58.44763290789186,70.84078633943233,48.29259517438556,36.61833849684934,17.258639244594264,39.95026892232706,47.711096162571025,64.26806050826626,48.062095803062334,83.0700972648674
2025-03-09 20:17:51.587667,853.0,656.0,455.0,2429.0,965.0,224.0,58.44763290789186,70.84078633943233,48.29259517438556,36.61833849684934,17.258639244594264,39.95026892232706,47.711096162571025,64.26806050826626,48.062095803062334,83.0700972648674
2025-03-09 20:17:51.596000,848.0,657.0,462.0,2426.0,951.0,240.0,58.36462925289157,70.79643006173963,48.34670638195686,36.596204595306205,17.27225453036108,39.941540979257596,47.60370028363594,64.18109603907637,48.03870343642172,83.07864243306257
2025-03-09 20:17:51.596000,859.0,656.0,462.0,2428.0,954.0,238.0,58.36462925289157,70.79643006173963,48.34670638195686,36.596204595306205,17.27225453036108,39.941540979257596,47.60370028363594,64.18109603907637,48.03870343642172,83.07864243306257
2025-03-09 20:17:51.596000,848.0,656.0,460.0,2437.0,954.0,240.0,58.36462925289157,70.79643006173963,48.34670638195686,36.596204595306205,17.27225453036108,39.941540979257596,47.60370028363594,64.18109603907637,48.03870343642172,83.07864243306257
2025-03-09 20:17:51.604333,847.0,654.0,455.0,2427.0,949.0,237.0,58.30630883288667,70.77455500290142,48.416869103430244,36.581840534109794,17.289668744481688,39.94274127933574,47.501061191808255,64.11305981293498,48.025669821373796,83.09666693116642
2025-03-09 20:17:51.604333,854.0,655.0,464.0,2423.0,949.0,240.0,58.30630883288667,70.77455500290142,48.416869103430244,36.581840534109794,17.289668744481688,39.94274127933574,47.501061191808255,64.11305981293498,48.025669821373796,83.09666693116642
2025-03-09 20:17:51.604333,852.0,650.0,455.0,2426.0,955.0,240.0,58.30630883288667,70.77455500290142,48.416869103430244,36.581840534109794,17.289668744481688,39.94274127933574,47.501061191808255,64.11305981293498,48.025669821373796,83.09666693116642
2025-03-09 20:17:51.604333,846.0,654.0,464.0,2431.0,949.0,239.0,58.30630883288667,70.77455500290142,48.416869103430244,36.581840534109794,17.289668744481688,39.94274127933574,47.501061191808255,64.11305981293498,48.025669821373796,83.09666693116642
2025-03-09 20:17:51.604333,830.0,655.0,454.0,2429.0,947.0,239.0,58.30630883288667,70.77455500290142,48.416869103430244,36.581840534109794,17.289668744481688,39.94274127933574,47.501061191808255,64.11305981293498,48.025669821373796,83.09666693116642
2025-03-09 20:17:51.612667,847.0,656.0,465.0,2425.0,939.0,240.0,58.2723096951268,70.7726778941974,48.499219361318424,36.57341743606477,17.310495291493165,39.95184835282738,47.40548089240638,64.06295542878203,48.0194427853479,83.1224364520974
2025-03-09 20:17:51.612667,846.0,656.0,458.0,2416.0,942.0,240.0,58.2723096951268,70.7726778941974,48.499219361318424,36.57341743606477,17.310495291493165,39.95184835282738,47.40548089240638,64.06295542878203,48.0194427853479,83.1224364520974
2025-03-09 20:17:51.612667,858.0,656.0,463.0,2423.0,939.0,238.0,58.2723096951268,70.7726778941974,48.499219361318424,36.57341743606477,17.310495291493165,39.95184835282738,47.40548089240638,64.06295542878203,48.0194427853479,83.1224364520974
2025-03-09 20:17:51.621000,847.0,656.0,462.0,2421.0,938.0,263.0,58.261280232998786,70.78865061821503,48.591747380440836,36.570293733684075,17.334095010549525,39.96778961595391,47.31740015876592,64.02979498571386,48.01870891952092,83.15607728952196
2025-03-09 20:17:51.621000,846.0,655.0,463.0,2427.0,935.0,239.0,58.261280232998786,70.78865061821503,48.591747380440836,36.570293733684075,17.334095010549525,39.96778961595391,47.31740015876592,64.02979498571386,48.01870891952092,83.15607728952196
2025-03-09 20:17:51.621000,833.0,651.0,455.0,2422.0,938.0,240.0,58.261280232998786,70.78865061821503,48.591747380440836,36.570293733684075,17.334095010549525,39.96778961595391,47.31740015876592,64.02979498571386,48.01870891952092,83.15607728952196
2025-03-09 20:17:51.621000,847.0,656.0,455.0,2421.0,935.0,238.0,58.261280232998786,70.78865061821503,48.591747380440836,36.570293733684075,17.334095010549525,39.96778961595391,47.31740015876592,64.02979498571386,48.01870891952092,83.15607728952196
2025-03-09 20:17:51.629333,849.0,648.0,461.0,2417.0,935.0,237.0,58.27178382577832,70.82131583647688,48.69207820023791,36.572383667216606,17.359503939485588,39.9898643115182,47.237920248526144,64.01336626393127,48.024039739899116,83.19834922516652
2025-03-09 20:17:51.629333,861.0,652.0,461.0,2423.0,927.0,239.0,58.27178382577832,70.82131583647688,48.69207820023791,36.572383667216606,17.359503939485588,39.9898643115182,47.237920248526144,64.01336626393127,48.024039739899116,83.19834922516652
2025-03-09 20:17:51.629333,851.0,656.0,462.0,2421.0,927.0,240.0,58.27178382577832,70.82131583647688,48.69207820023791,36.572383667216606,17.359503939485588,39.9898643115182,47.237920248526144,64.01336626393127,48.024039739899116,83.19834922516652
2025-03-09 20:17:51.629333,851.0,656.0,464.0,2416.0,928.0,238.0,58.27178382577832,70.82131583647688,48.69207820023791,36.572383667216606,17.359503939485588,39.9898643115182,47.237920248526144,64.01336626393127,48.024039739899116,83.19834922516652
2025-03-09 20:17:51.637667,854.0,656.0,455.0,2426.0,927.0,239.0,58.30271697527627,70.86930720762493,48.79792790899052,36.57865277150026,17.385283457314195,40.01630378220832,47.167957415456605,64.01376622424215,48.035151320001205,83.24918206773633
2025-03-09 20:17:51.637667,855.0,656.0,461.0,2431.0,923.0,239.0,58.30271697527627,70.86930720762493,48.79792790899052,36.57865277150026,17.385283457314195,40.01630378220832,47.167957415456605,64.01376622424215,48.035151320001205,83.24918206773633
2025-03-09 20:17:51.637667,855.0,654.0,464.0,2424.0,926.0,240.0,58.30271697527627,70.86930720762493,48.79792790899052,36.57865277150026,17.385283457314195,40.01630378220832,47.167957415456605,64.01376622424215,48.035151320001205,83.24918206773633
2025-03-09 20:17:51.646000,859.0,651.0,457.0,2421.0,925.0,240.0,58.353647008768526,70.93188687553472,48.90847534863146,36.58811795909947,17.4106174450223,40.0456884349231,47.10794645115662,64.03137632663434,48.051645704393216,83.30849228283257
2025-03-09 20:17:51.646000,854.0,656.0,464.0,2425.0,919.0,240.0,58.353647008768526,70.93188687553472,48.90847534863146,36.58811795909947,17.4106174450223,40.0456884349231,47.10794645115662,64.03137632663434,48.051645704393216,83.30849228283257
2025-03-09 20:17:51.646000,853.0,650.0,455.0,2425.0,916.0,239.0,58.353647008768526,70.93188687553472,48.90847534863146,36.58811795909947,17.4106174450223,40.0456884349231,47.10794645115662,64.03137632663434,48.051645704393216,83.30849228283257
2025-03-09 20:17:51.646000,855.0,651.0,455.0,2419.0,917.0,240.0,58.353647008768526,70.93188687553472,48.90847534863146,36.58811795909947,17.4106174450223,40.0456884349231,47.10794645115662,64.03137632663434,48.051645704393216,83.30849228283257
2025-03-09 20:17:51.654333,857.0,654.0,454.0,2419.0,918.0,240.0,58.42367724730967,71.00869053030155,49.023350904052826,36.60060535976461,17.435796244380075,40.077969907538126,47.057918581234055,64.06548493451592,48.07353748376,83.37621198934897
2025-03-09 20:17:51.654333,857.0,669.0,452.0,2422.0,913.0,240.0,58.42367724730967,71.00869053030155,49.023350904052826,36.60060535976461,17.435796244380075,40.077969907538126,47.057918581234055,64.06548493451592,48.07353748376,83.37621198934897
2025-03-09 20:17:51.654333,854.0,654.0,460.0,2432.0,915.0,240.0,58.42367724730967,71.00869053030155,49.023350904052826,36.60060535976461,17.435796244380075,40.077969907538126,47.057918581234055,64.06548493451592,48.07353748376,83.37621198934897
2025-03-09 20:17:51.654333,857.0,654.0,455.0,2420.0,915.0,241.0,58.42367724730967,71.00869053030155,49.023350904052826,36.60060535976461,17.435796244380075,40.077969907538126,47.057918581234055,64.06548493451592,48.07353748376,83.37621198934897
2025-03-09 20:17:51.662667,859.0,641.0,464.0,2425.0,915.0,240.0,58.51123489214437,71.09930109900432,49.14289592525387,36.61719356256852,17.461404840314017,40.114559666785404,47.0164163080597,64.11415565080362,48.10163210265198,83.45347141288997
2025-03-09 20:17:51.662667,856.0,646.0,448.0,2423.0,912.0,241.0,58.51123489214437,71.09930109900432,49.14289592525387,36.61719356256852,17.461404840314017,40.114559666785404,47.0164163080597,64.11415565080362,48.10163210265198,83.45347141288997
2025-03-09 20:17:51.662667,850.0,647.0,451.0,2421.0,912.0,242.0,58.51123489214437,71.09930109900432,49.14289592525387,36.61719356256852,17.461404840314017,40.114559666785404,47.0164163080597,64.11415565080362,48.10163210265198,83.45347141288997
2025-03-09 20:17:51.662667,849.0,642.0,450.0,2418.0,912.0,240.0,58.51123489214437,71.09930109900432,49.14289592525387,36.61719356256852,17.461404840314017,40.114559666785404,47.0164163080597,64.11415565080362,48.10163210265198,83.45347141288997
2025-03-09 20:17:51.671000,841.0,645.0,455.0,2423.0,912.0,241.0,58.61424295643808,71.2024469016657,49.26753449241086,36.638636562041114,17.488490523490764,40.15689449192869,46.98107143864284,64.17399439932373,48.135321274967154,83.54196314674395
2025-03-09 20:17:51.671000,849.0,641.0,448.0,2422.0,912.0,242.0,58.61424295643808,71.2024469016657,49.26753449241086,36.638636562041114,17.488490523490764,40.15689449192869,46.98107143864284,64.17399439932373,48.135321274967154,83.54196314674395
2025-03-09 20:17:51.671000,847.0,644.0,453.0,2426.0,911.0,243.0,58.61424295643808,71.2024469016657,49.26753449241086,36.638636562041114,17.488490523490764,40.15689449192869,46.98107143864284,64.17399439932373,48.135321274967154,83.54196314674395
2025-03-09 20:17:51.679333,843.0,643.0,445.0,2426.0,911.0,241.0,58.72956666742498,71.31578469409934,49.39794352783762,36.66447588150686,17.517669223446656,40.2050286973054,46.9485310239219,64.24107848834538,48.17305981255687,83.64178302008106
2025-03-09 20:17:51.679333,838.0,637.0,439.0,2426.0,912.0,246.0,58.72956666742498,71.31578469409934,49.39794352783762,36.66447588150686,17.517669223446656,40.2050286973054,46.9485310239219,64.24107848834538,48.17305981255687,83.64178302008106
2025-03-09 20:17:51.679333,845.0,641.0,458.0,2426.0,912.0,245.0,58.72956666742498,71.31578469409934,49.39794352783762,36.66447588150686,17.517669223446656,40.2050286973054,46.9485310239219,64.24107848834538,48.17305981255687,83.64178302008106
2025-03-09 20:17:51.679333,833.0,624.0,445.0,2429.0,913.0,246.0,58.72956666742498,71.31578469409934,49.39794352783762,36.66447588150686,17.517669223446656,40.2050286973054,46.9485310239219,64.24107848834538,48.17305981255687,83.64178302008106
2025-03-09 20:17:51.687667,832.0,630.0,446.0,2433.0,916.0,247.0,58.85355574523755,71.43701193831292,49.5351927187108,36.69413804849107,17.547931449105306,40.25796794024592,46.9149873335775,64.31301764969085,48.21509270790896,83.75259190154453
2025-03-09 20:17:51.687667,831.0,628.0,438.0,2427.0,913.0,244.0,58.85355574523755,71.43701193831292,49.5351927187108,36.69413804849107,17.547931449105306,40.25796794024592,46.9149873335775,64.31301764969085,48.21509270790896,83.75259190154453
2025-03-09 20:17:51.687667,832.0,631.0,449.0,2426.0,915.0,250.0,58.85355574523755,71.43701193831292,49.5351927187108,36.69413804849107,17.547931449105306,40.25796794024592,46.9149873335775,64.31301764969085,48.21509270790896,83.75259190154453
2025-03-09 20:17:51.687667,832.0,624.0,448.0,2430.0,915.0,247.0,58.85355574523755,71.43701193831292,49.5351927187108,36.69413804849107,17.547931449105306,40.25796794024592,46.9149873335775,64.31301764969085,48.21509270790896,83.75259190154453
2025-03-09 20:17:51.696000,830.0,624.0,445.0,2430.0,915.0,246.0,58.98376057074315,71.5650470136108,49.68001960372207,36.72770371822606,17.577674961306265,40.314870881800246,46.87825065433667,64.38965687607555,48.263377845574794,83.87484461933383
2025-03-09 20:17:51.696000,832.0,626.0,448.0,2419.0,918.0,247.0,58.98376057074315,71.5650470136108,49.68001960372207,36.72770371822606,17.577674961306265,40.314870881800246,46.87825065433667,64.38965687607555,48.263377845574794,83.87484461933383
2025-03-09 20:17:51.696000,821.0,630.0,445.0,2431.0,918.0,247.0,58.98376057074315,71.5650470136108,49.68001960372207,36.72770371822606,17.577674961306265,40.314870881800246,46.87825065433667,64.38965687607555,48.263377845574794,83.87484461933383
2025-03-09 20:17:51.696000,816.0,610.0,437.0,2430.0,927.0,251.0,58.98376057074315,71.5650470136108,49.68001960372207,36.72770371822606,17.577674961306265,40.314870881800246,46.87825065433667,64.38965687607555,48.263377845574794,83.87484461933383
2025-03-09 20:17:51.704333,816.0,620.0,441.0,2439.0,926.0,245.0,59.118536154935285,71.69893664988417,49.83238853222403,36.7655047473416,17.60618519443752,40.37549017985912,46.83754736688519,64.47082451321683,48.31903222544231,84.008165979577
2025-03-09 20:17:51.704333,816.0,614.0,437.0,2437.0,927.0,247.0,59.118536154935285,71.69893664988417,49.83238853222403,36.7655047473416,17.60618519443752,40.37549017985912,46.83754736688519,64.47082451321683,48.31903222544231,84.008165979577
2025-03-09 20:17:51.704333,815.0,614.0,442.0,2432.0,925.0,248.0,59.118536154935285,71.69893664988417,49.83238853222403,36.7655047473416,17.60618519443752,40.37549017985912,46.83754736688519,64.47082451321683,48.31903222544231,84.008165979577
2025-03-09 20:17:51.712667,815.0,611.0,435.0,2458.0,928.0,250.0,59.2560233688057,71.83697099750941,49.99117640685825,36.808490875143946,17.633424910963363,40.44045770442767,46.79264721529374,64.55523477913731,48.38228464623275,84.1515187367152
2025-03-09 20:17:51.712667,814.0,618.0,435.0,2437.0,929.0,251.0,59.2560233688057,71.83697099750941,49.99117640685825,36.808490875143946,17.633424910963363,40.44045770442767,46.79264721529374,64.55523477913731,48.38228464623275,84.1515187367152
2025-03-09 20:17:51.712667,815.0,612.0,444.0,2434.0,928.0,253.0,59.2560233688057,71.83697099750941,49.99117640685825,36.808490875143946,17.633424910963363,40.44045770442767,46.79264721529374,64.55523477913731,48.38228464623275,84.1515187367152
2025-03-09 20:17:51.712667,810.0,615.0,434.0,2407.0,929.0,247.0,59.2560233688057,71.83697099750941,49.99117640685825,36.808490875143946,17.633424910963363,40.44045770442767,46.79264721529374,64.55523477913731,48.38228464623275,84.1515187367152
2025-03-09 20:17:51.721000,803.0,601.0,432.0,2434.0,931.0,249.0,59.394310070944606,71.97681702675587,50.154899911552654,36.85772682086862,17.659918968140364,40.51057640896399,46.74407042902968,64.64151275678023,48.45262544762544,84.30426606478945
2025-03-09 20:17:51.721000,799.0,603.0,432.0,2432.0,930.0,252.0,59.394310070944606,71.97681702675587,50.154899911552654,36.85772682086862,17.659918968140364,40.51057640896399,46.74407042902968,64.64151275678023,48.45262544762544,84.30426606478945
2025-03-09 20:17:51.721000,801.0,612.0,430.0,2434.0,933.0,254.0,59.394310070944606,71.97681702675587,50.154899911552654,36.85772682086862,17.659918968140364,40.51057640896399,46.74407042902968,64.64151275678023,48.45262544762544,84.30426606478945
2025-03-09 20:17:51.721000,807.0,606.0,432.0,2438.0,933.0,253.0,59.394310070944606,71.97681702675587,50.154899911552654,36.85772682086862,17.659918968140364,40.51057640896399,46.74407042902968,64.64151275678023,48.45262544762544,84.30426606478945
2025-03-09 20:17:51.729333,795.0,621.0,429.0,2431.0,934.0,246.0,59.53180871981127,72.11759053549747,50.323214142040555,36.91278613541655,17.68599983949927,40.585249881929236,46.692350982548156,64.7296116329595,48.530200866044254,84.46695864148353
2025-03-09 20:17:51.729333,785.0,608.0,432.0,2434.0,935.0,255.0,59.53180871981127,72.11759053549747,50.323214142040555,36.91278613541655,17.68599983949927,40.585249881929236,46.692350982548156,64.7296116329595,48.530200866044254,84.46695864148353
2025-03-09 20:17:51.729333,798.0,592.0,433.0,2428.0,931.0,250.0,59.53180871981127,72.11759053549747,50.323214142040555,36.91278613541655,17.68599983949927,40.585249881929236,46.692350982548156,64.7296116329595,48.530200866044254,84.46695864148353
2025-03-09 20:17:51.729333,800.0,603.0,432.0,2439.0,930.0,252.0,59.53180871981127,72.11759053549747,50.323214142040555,36.91278613541655,17.68599983949927,40.585249881929236,46.692350982548156,64.7296116329595,48.530200866044254,84.46695864148353
2025-03-09 20:17:51.737667,791.0,592.0,429.0,2436.0,942.0,253.0,59.666084863643384,72.25984931651328,50.49786287167419,36.97177768250666,17.7112517246444,40.662540321756644,46.63563262116627,64.81962088724283,48.616600861704306,84.64047663822568
2025-03-09 20:17:51.737667,784.0,594.0,434.0,2443.0,941.0,256.0,59.666084863643384,72.25984931651328,50.49786287167419,36.97177768250666,17.7112517246444,40.662540321756644,46.63563262116627,64.81962088724283,48.616600861704306,84.64047663822568
2025-03-09 20:17:51.737667,784.0,592.0,425.0,2435.0,943.0,253.0,59.666084863643384,72.25984931651328,50.49786287167419,36.97177768250666,17.7112517246444,40.662540321756644,46.63563262116627,64.81962088724283,48.616600861704306,84.64047663822568
2025-03-09 20:17:51.746000,784.0,593.0,419.0,2432.0,943.0,254.0,59.79578915499802,72.40398926760918,50.68055457385106,37.034096689039885,17.735768371742456,40.742015519545376,46.572050510078235,64.91111801456125,48.71275767493266,84.82596023841933
2025-03-09 20:17:51.746000,774.0,592.0,431.0,2432.0,941.0,256.0,59.79578915499802,72.40398926760918,50.68055457385106,37.034096689039885,17.735768371742456,40.742015519545376,46.572050510078235,64.91111801456125,48.71275767493266,84.82596023841933
2025-03-09 20:17:51.746000,784.0,599.0,425.0,2432.0,941.0,252.0,59.79578915499802,72.40398926760918,50.68055457385106,37.034096689039885,17.735768371742456,40.742015519545376,46.572050510078235,64.91111801456125,48.71275767493266,84.82596023841933
2025-03-09 20:17:51.746000,784.0,596.0,421.0,2437.0,938.0,250.0,59.79578915499802,72.40398926760918,50.68055457385106,37.034096689039885,17.735768371742456,40.742015519545376,46.572050510078235,64.91111801456125,48.71275767493266,84.82596023841933
2025-03-09 20:17:51.754333,784.0,591.0,429.0,2438.0,943.0,254.0,59.920243805826104,72.54930331568286,50.87188209122631,37.099268135263124,17.75916314241802,40.823129776106605,46.50017219951562,65.00342544587447,48.81818319960474,85.02394001208411
2025-03-09 20:17:51.754333,774.0,579.0,418.0,2435.0,944.0,256.0,59.920243805826104,72.54930331568286,50.87188209122631,37.099268135263124,17.75916314241802,40.823129776106605,46.50017219951562,65.00342544587447,48.81818319960474,85.02394001208411
2025-03-09 20:17:51.754333,775.0,581.0,410.0,2443.0,945.0,256.0,59.920243805826104,72.54930331568286,50.87188209122631,37.099268135263124,17.75916314241802,40.823129776106605,46.50017219951562,65.00342544587447,48.81818319960474,85.02394001208411
2025-03-09 20:17:51.754333,775.0,583.0,416.0,2441.0,945.0,256.0,59.920243805826104,72.54930331568286,50.87188209122631,37.099268135263124,17.75916314241802,40.823129776106605,46.50017219951562,65.00342544587447,48.81818319960474,85.02394001208411
2025-03-09 20:17:51.762667,771.0,579.0,419.0,2435.0,943.0,258.0,60.03813004568029,72.69482372654501,51.07113951312178,37.16472166396321,17.78060980213118,40.90317783974729,46.419618229936574,65.09607884498482,48.93148417014561,85.23406712797896
2025-03-09 20:17:51.762667,771.0,576.0,418.0,2441.0,944.0,257.0,60.03813004568029,72.69482372654501,51.07113951312178,37.16472166396321,17.78060980213118,40.90317783974729,46.419618229936574,65.09607884498482,48.93148417014561,85.23406712797896
2025-03-09 20:17:51.762667,770.0,583.0,413.0,2448.0,947.0,256.0,60.03813004568029,72.69482372654501,51.07113951312178,37.16472166396321,17.78060980213118,40.90317783974729,46.419618229936574,65.09607884498482,48.93148417014561,85.23406712797896
2025-03-09 20:17:51.771000,771.0,591.0,418.0,2439.0,945.0,259.0,60.1481522584743,72.8399625986436,51.27842478503626,37.22877709212813,17.799793152670453,40.980646642736154,46.32909458511419,65.18794631274558,49.05171164129983,85.45487477011868
2025-03-09 20:17:51.771000,773.0,587.0,421.0,2448.0,945.0,258.0,60.1481522584743,72.8399625986436,51.27842478503626,37.22877709212813,17.799793152670453,40.980646642736154,46.32909458511419,65.18794631274558,49.05171164129983,85.45487477011868
2025-03-09 20:17:51.771000,755.0,579.0,419.0,2448.0,953.0,260.0,60.1481522584743,72.8399625986436,51.27842478503626,37.22877709212813,17.799793152670453,40.980646642736154,46.32909458511419,65.18794631274558,49.05171164129983,85.45487477011868
2025-03-09 20:17:51.771000,764.0,574.0,417.0,2439.0,949.0,260.0,60.1481522584743,72.8399625986436,51.27842478503626,37.22877709212813,17.799793152670453,40.980646642736154,46.32909458511419,65.18794631274558,49.05171164129983,85.45487477011868
2025-03-09 20:17:51.779333,755.0,574.0,414.0,2448.0,955.0,258.0,60.24803791523545,72.98372700137023,51.49495053988175,37.29093591637443,17.817380463204298,41.055547348499566,46.22592925456385,65.2765423582547,49.17824450628312,85.68329071794274
2025-03-09 20:17:51.779333,759.0,576.0,410.0,2448.0,953.0,259.0,60.24803791523545,72.98372700137023,51.49495053988175,37.29093591637443,17.817380463204298,41.055547348499566,46.22592925456385,65.2765423582547,49.17824450628312,85.68329071794274
2025-03-09 20:17:51.779333,753.0,576.0,403.0,2437.0,954.0,260.0,60.24803791523545,72.98372700137023,51.49495053988175,37.29093591637443,17.817380463204298,41.055547348499566,46.22592925456385,65.2765423582547,49.17824450628312,85.68329071794274
2025-03-09 20:17:51.779333,752.0,574.0,409.0,2447.0,953.0,257.0,60.24803791523545,72.98372700137023,51.49495053988175,37.29093591637443,17.817380463204298,41.055547348499566,46.22592925456385,65.2765423582547,49.17824450628312,85.68329071794274
2025-03-09 20:17:51.787667,757.0,576.0,416.0,2443.0,954.0,261.0,60.335903971548234,73.12491831298202,51.72044973618654,37.35067991325002,17.83396676125203,41.12769960886343,46.10916034643145,65.35994228108315,49.31010213902406,85.91580064208372
2025-03-09 20:17:51.787667,759.0,570.0,431.0,2449.0,956.0,259.0,60.335903971548234,73.12491831298202,51.72044973618654,37.35067991325002,17.83396676125203,41.12769960886343,46.10916034643145,65.35994228108315,49.31010213902406,85.91580064208372
2025-03-09 20:17:51.787667,739.0,561.0,404.0,2451.0,960.0,262.0,60.335903971548234,73.12491831298202,51.72044973618654,37.35067991325002,17.83396676125203,41.12769960886343,46.10916034643145,65.35994228108315,49.31010213902406,85.91580064208372
2025-03-09 20:17:51.796000,747.0,561.0,410.0,2448.0,960.0,266.0,60.41078175208634,73.2622323182181,51.95289677883352,37.40818262392122,17.849674661560638,41.19741209198663,45.97900787928424,65.43636767387184,49.4460206150919,86.14839618129392
2025-03-09 20:17:51.796000,745.0,570.0,400.0,2448.0,960.0,263.0,60.41078175208634,73.2622323182181,51.95289677883352,37.40818262392122,17.849674661560638,41.19741209198663,45.97900787928424,65.43636767387184,49.4460206150919,86.14839618129392
2025-03-09 20:17:51.796000,737.0,562.0,420.0,2450.0,960.0,263.0,60.41078175208634,73.2622323182181,51.95289677883352,37.40818262392122,17.849674661560638,41.19741209198663,45.97900787928424,65.43636767387184,49.4460206150919,86.14839618129392
2025-03-09 20:17:51.796000,743.0,553.0,403.0,2457.0,959.0,262.0,60.41078175208634,73.2622323182181,51.95289677883352,37.40818262392122,17.849674661560638,41.19741209198663,45.97900787928424,65.43636767387184,49.4460206150919,86.14839618129392
2025-03-09 20:17:51.804333,746.0,561.0,403.0,2448.0,960.0,261.0,60.47160163293529,73.39498159360701,52.191181796659244,37.46453316358926,17.8642090805244,41.265589525414214,45.83504110118202,65.5048098872628,49.586507000201735,86.37842363078376
2025-03-09 20:17:51.804333,743.0,560.0,412.0,2451.0,969.0,262.0,60.47160163293529,73.39498159360701,52.191181796659244,37.46453316358926,17.8642090805244,41.265589525414214,45.83504110118202,65.5048098872628,49.586507000201735,86.37842363078376
2025-03-09 20:17:51.804333,742.0,560.0,399.0,2455.0,960.0,267.0,60.47160163293529,73.39498159360701,52.191181796659244,37.46453316358926,17.8642090805244,41.265589525414214,45.83504110118202,65.5048098872628,49.586507000201735,86.37842363078376
2025-03-09 20:17:51.804333,735.0,565.0,401.0,2447.0,964.0,266.0,60.47160163293529,73.39498159360701,52.191181796659244,37.46453316358926,17.8642090805244,41.265589525414214,45.83504110118202,65.5048098872628,49.586507000201735,86.37842363078376
2025-03-09 20:17:51.812667,729.0,538.0,400.0,2455.0,962.0,261.0,60.517397177432166,73.5232109423167,52.43477566562464,37.520319372730796,17.87847541121897,41.33308290361633,45.6777977758765,65.56477171625934,49.73196580858671,86.60469456287947
2025-03-09 20:17:51.812667,736.0,561.0,405.0,2459.0,961.0,266.0,60.517397177432166,73.5232109423167,52.43477566562464,37.520319372730796,17.87847541121897,41.33308290361633,45.6777977758765,65.56477171625934,49.73196580858671,86.60469456287947
2025-03-09 20:17:51.812667,733.0,566.0,400.0,2421.0,962.0,267.0,60.517397177432166,73.5232109423167,52.43477566562464,37.520319372730796,17.87847541121897,41.33308290361633,45.6777977758765,65.56477171625934,49.73196580858671,86.60469456287947
2025-03-09 20:17:51.812667,731.0,545.0,409.0,2457.0,959.0,266.0,60.517397177432166,73.5232109423167,52.43477566562464,37.520319372730796,17.87847541121897,41.33308290361633,45.6777977758765,65.56477171625934,49.73196580858671,86.60469456287947
2025-03-09 20:17:51.821000,729.0,557.0,405.0,2446.0,964.0,261.0,60.547898394411284,73.6471200417549,52.68315974153935,37.575003956051575,17.893512170342035,41.399712277946804,45.50868950402166,65.61644019460971,49.88182708323005,86.82594448887833
2025-03-09 20:17:51.821000,734.0,560.0,410.0,2450.0,963.0,268.0,60.547898394411284,73.6471200417549,52.68315974153935,37.575003956051575,17.893512170342035,41.399712277946804,45.50868950402166,65.61644019460971,49.88182708323005,86.82594448887833
2025-03-09 20:17:51.821000,738.0,551.0,402.0,2463.0,965.0,267.0,60.547898394411284,73.6471200417549,52.68315974153935,37.575003956051575,17.893512170342035,41.399712277946804,45.50868950402166,65.61644019460971,49.88182708323005,86.82594448887833
2025-03-09 20:17:51.829333,726.0,550.0,405.0,2467.0,965.0,270.0,60.56365326700085,73.76608228584135,52.93713028651143,37.62765216072067,17.910165602666833,41.46506191196231,45.32723469264956,65.6589758831663,50.03365572701007,87.04062219430293
2025-03-09 20:17:51.829333,727.0,546.0,398.0,2461.0,966.0,267.0,60.56365326700085,73.76608228584135,52.93713028651143,37.62765216072067,17.910165602666833,41.46506191196231,45.32723469264956,65.6589758831663,50.03365572701007,87.04062219430293
2025-03-09 20:17:51.829333,719.0,546.0,410.0,2463.0,963.0,267.0,60.56365326700085,73.76608228584135,52.93713028651143,37.62765216072067,17.910165602666833,41.46506191196231,45.32723469264956,65.6589758831663,50.03365572701007,87.04062219430293
2025-03-09 20:17:51.829333,722.0,549.0,400.0,2473.0,962.0,265.0,60.56365326700085,73.76608228584135,52.93713028651143,37.62765216072067,17.910165602666833,41.46506191196231,45.32723469264956,65.6589758831663,50.03365572701007,87.04062219430293
2025-03-09 20:17:51.837667,721.0,545.0,392.0,2465.0,966.0,269.0,60.56591944281861,73.87863301014748,53.19679647102245,37.676907650252716,17.928351154540085,41.52795552922466,45.132980358541595,65.69153243460421,50.18388951136465,87.24659262807444
2025-03-09 20:17:51.837667,729.0,555.0,413.0,2452.0,960.0,271.0,60.56591944281861,73.87863301014748,53.19679647102245,37.676907650252716,17.928351154540085,41.52795552922466,45.132980358541595,65.69153243460421,50.18388951136465,87.24659262807444
2025-03-09 20:17:51.837667,720.0,549.0,395.0,2466.0,967.0,269.0,60.56591944281861,73.87863301014748,53.19679647102245,37.676907650252716,17.928351154540085,41.52795552922466,45.132980358541595,65.69153243460421,50.18388951136465,87.24659262807444
2025-03-09 20:17:51.837667,714.0,556.0,390.0,2464.0,963.0,271.0,60.56591944281861,73.87863301014748,53.19679647102245,37.676907650252716,17.928351154540085,41.52795552922466,45.132980358541595,65.69153243460421,50.18388951136465,87.24659262807444
2025-03-09 20:17:51.846000,716.0,542.0,369.0,2473.0,960.0,270.0,60.55575901830727,73.98306824492889,53.46034973189908,37.721388434917934,17.947631843337437,41.58684870735945,44.92742994937245,65.71394468175376,50.329292987569914,87.44203297453038
2025-03-09 20:17:51.846000,718.0,544.0,400.0,2465.0,967.0,270.0,60.55575901830727,73.98306824492889,53.46034973189908,37.721388434917934,17.947631843337437,41.58684870735945,44.92742994937245,65.71394468175376,50.329292987569914,87.44203297453038
2025-03-09 20:17:51.846000,719.0,540.0,411.0,2447.0,961.0,269.0,60.55575901830727,73.98306824492889,53.46034973189908,37.721388434917934,17.947631843337437,41.58684870735945,44.92742994937245,65.71394468175376,50.329292987569914,87.44203297453038
2025-03-09 20:17:51.854333,717.0,548.0,400.0,2469.0,962.0,268.0,60.53313051912039,74.07806848457204,53.72630854952824,37.76193311375105,17.966959561705078,41.641905723741715,44.71103709455882,65.72624799210051,50.46970009224564,87.62725288848222
2025-03-09 20:17:51.854333,741.0,544.0,400.0,2476.0,960.0,271.0,60.53313051912039,74.07806848457204,53.72630854952824,37.76193311375105,17.966959561705078,41.641905723741715,44.71103709455882,65.72624799210051,50.46970009224564,87.62725288848222
2025-03-09 20:17:51.854333,715.0,533.0,395.0,2469.0,960.0,270.0,60.53313051912039,74.07806848457204,53.72630854952824,37.76193311375105,17.966959561705078,41.641905723741715,44.71103709455882,65.72624799210051,50.46970009224564,87.62725288848222
2025-03-09 20:17:51.854333,721.0,539.0,388.0,2464.0,961.0,270.0,60.53313051912039,74.07806848457204,53.72630854952824,37.76193311375105,17.966959561705078,41.641905723741715,44.71103709455882,65.72624799210051,50.46970009224564,87.62725288848222
2025-03-09 20:17:51.862667,715.0,539.0,384.0,2462.0,961.0,271.0,60.49864340411682,74.16297448789261,53.994613299647725,37.80193926795035,17.984818970674993,41.69545910293917,44.48281679905211,65.72905188599151,50.60722669615728,87.8018494824524
2025-03-09 20:17:51.862667,719.0,541.0,402.0,2469.0,961.0,270.0,60.49864340411682,74.16297448789261,53.994613299647725,37.80193926795035,17.984818970674993,41.69545910293917,44.48281679905211,65.72905188599151,50.60722669615728,87.8018494824524
2025-03-09 20:17:51.862667,711.0,528.0,395.0,2466.0,958.0,271.0,60.49864340411682,74.16297448789261,53.994613299647725,37.80193926795035,17.984818970674993,41.69545910293917,44.48281679905211,65.72905188599151,50.60722669615728,87.8018494824524
2025-03-09 20:17:51.862667,717.0,543.0,390.0,2471.0,958.0,272.0,60.49864340411682,74.16297448789261,53.994613299647725,37.80193926795035,17.984818970674993,41.69545910293917,44.48281679905211,65.72905188599151,50.60722669615728,87.8018494824524
2025-03-09 20:17:51.871000,718.0,530.0,393.0,2469.0,955.0,270.0,60.45403692676589,74.23705195119173,54.26574076414145,37.84595044960283,18.000134803550697,41.75104956032907,44.24183865930464,65.72308877516822,50.74372417022864,87.9635480846087
2025-03-09 20:17:51.871000,718.0,546.0,393.0,2478.0,958.0,270.0,60.45403692676589,74.23705195119173,54.26574076414145,37.84595044960283,18.000134803550697,41.75104956032907,44.24183865930464,65.72308877516822,50.74372417022864,87.9635480846087
2025-03-09 20:17:51.871000,718.0,528.0,388.0,2481.0,959.0,271.0,60.45403692676589,74.23705195119173,54.26574076414145,37.84595044960283,18.000134803550697,41.75104956032907,44.24183865930464,65.72308877516822,50.74372417022864,87.9635480846087
2025-03-09 20:17:51.879333,725.0,538.0,396.0,2474.0,955.0,271.0,60.40107594797247,74.29991362170509,54.53932912165251,37.89809181160104,18.01201808725116,41.811973935610204,43.98797529574766,65.7090637570093,50.88084548085996,88.11183050986135
2025-03-09 20:17:51.879333,718.0,533.0,399.0,2467.0,955.0,262.0,60.40107594797247,74.29991362170509,54.53932912165251,37.89809181160104,18.01201808725116,41.811973935610204,43.98797529574766,65.7090637570093,50.88084548085996,88.11183050986135
2025-03-09 20:17:51.879333,724.0,528.0,403.0,2459.0,957.0,271.0,60.40107594797247,74.29991362170509,54.53932912165251,37.89809181160104,18.01201808725116,41.811973935610204,43.98797529574766,65.7090637570093,50.88084548085996,88.11183050986135
2025-03-09 20:17:51.879333,705.0,511.0,390.0,2480.0,950.0,271.0,60.40107594797247,74.29991362170509,54.53932912165251,37.89809181160104,18.01201808725116,41.811973935610204,43.98797529574766,65.7090637570093,50.88084548085996,88.11183050986135
2025-03-09 20:17:51.887667,729.0,537.0,397.0,2474.0,947.0,271.0,60.34159351112735,74.35230579245749,54.81263534351456,37.960578562649836,18.01953902384972,41.87984079861349,43.72374595529362,65.68847530220981,51.019950386644375,88.24777893917258
2025-03-09 20:17:51.887667,720.0,535.0,401.0,2478.0,950.0,272.0,60.34159351112735,74.35230579245749,54.81263534351456,37.960578562649836,18.01953902384972,41.87984079861349,43.72374595529362,65.68847530220981,51.019950386644375,88.24777893917258
2025-03-09 20:17:51.887667,723.0,511.0,385.0,2476.0,947.0,272.0,60.34159351112735,74.35230579245749,54.81263534351456,37.960578562649836,18.01953902384972,41.87984079861349,43.72374595529362,65.68847530220981,51.019950386644375,88.24777893917258
2025-03-09 20:17:51.887667,721.0,528.0,401.0,2473.0,947.0,267.0,60.34159351112735,74.35230579245749,54.81263534351456,37.960578562649836,18.01953902384972,41.87984079861349,43.72374595529362,65.68847530220981,51.019950386644375,88.24777893917258
2025-03-09 20:17:51.896000,684.0,530.0,389.0,2470.0,944.0,272.0,60.27684791497293,74.39480442880283,55.083318240397155,38.02758084949227,18.025893469867842,41.950989549746105,43.45352806530309,65.65997249130153,51.15449422481327,88.37100903631222
2025-03-09 20:17:51.896000,706.0,528.0,397.0,2481.0,947.0,272.0,60.27684791497293,74.39480442880283,55.083318240397155,38.02758084949227,18.025893469867842,41.950989549746105,43.45352806530309,65.65997249130153,51.15449422481327,88.37100903631222
2025-03-09 20:17:51.896000,729.0,530.0,400.0,2483.0,946.0,272.0,60.27684791497293,74.39480442880283,55.083318240397155,38.02758084949227,18.025893469867842,41.950989549746105,43.45352806530309,65.65997249130153,51.15449422481327,88.37100903631222
2025-03-09 20:17:51.904333,726.0,531.0,371.0,2480.0,944.0,273.0,60.20764851467682,74.42758496870051,55.35238764126429,38.08913118052611,18.036224685774062,42.018890310728786,43.180119304370194,65.6208198412452,51.27432102208382,88.48114706807222
2025-03-09 20:17:51.904333,722.0,508.0,388.0,2478.0,944.0,274.0,60.20764851467682,74.42758496870051,55.35238764126429,38.08913118052611,18.036224685774062,42.018890310728786,43.180119304370194,65.6208198412452,51.27432102208382,88.48114706807222
2025-03-09 20:17:51.904333,726.0,531.0,383.0,2479.0,944.0,272.0,60.20764851467682,74.42758496870051,55.35238764126429,38.08913118052611,18.036224685774062,42.018890310728786,43.180119304370194,65.6208198412452,51.27432102208382,88.48114706807222
2025-03-09 20:17:51.904333,733.0,541.0,393.0,2475.0,944.0,275.0,60.20764851467682,74.42758496870051,55.35238764126429,38.08913118052611,18.036224685774062,42.018890310728786,43.180119304370194,65.6208198412452,51.27432102208382,88.48114706807222
2025-03-09 20:17:51.912667,721.0,511.0,383.0,2482.0,943.0,274.0,60.135728126372726,74.45032969181716,55.61690909162367,38.14667322699516,18.048785327820855,42.083947371004555,42.906087982262754,65.57268898887459,51.38018930215986,88.57939523595361
2025-03-09 20:17:51.912667,734.0,532.0,380.0,2481.0,943.0,273.0,60.135728126372726,74.45032969181716,55.61690909162367,38.14667322699516,18.048785327820855,42.083947371004555,42.906087982262754,65.57268898887459,51.38018930215986,88.57939523595361
2025-03-09 20:17:51.912667,736.0,511.0,371.0,2494.0,942.0,274.0,60.135728126372726,74.45032969181716,55.61690909162367,38.14667322699516,18.048785327820855,42.083947371004555,42.906087982262754,65.57268898887459,51.38018930215986,88.57939523595361
2025-03-09 20:17:51.912667,720.0,528.0,400.0,2479.0,944.0,275.0,60.135728126372726,74.45032969181716,55.61690909162367,38.14667322699516,18.048785327820855,42.083947371004555,42.906087982262754,65.57268898887459,51.38018930215986,88.57939523595361
2025-03-09 20:17:51.921000,727.0,527.0,385.0,2483.0,916.0,279.0,60.063835506110195,74.46375203260455,55.87213828175283,38.20750493908413,18.058725097886768,42.1504970219922,42.63403425173945,65.51975425533752,51.478841139481716,88.66903801198718
2025-03-09 20:17:51.921000,722.0,509.0,400.0,2491.0,937.0,273.0,60.063835506110195,74.46375203260455,55.87213828175283,38.20750493908413,18.058725097886768,42.1504970219922,42.63403425173945,65.51975425533752,51.478841139481716,88.66903801198718
2025-03-09 20:17:51.921000,722.0,529.0,385.0,2476.0,933.0,276.0,60.063835506110195,74.46375203260455,55.87213828175283,38.20750493908413,18.058725097886768,42.1504970219922,42.63403425173945,65.51975425533752,51.478841139481716,88.66903801198718
2025-03-09 20:17:51.921000,706.0,529.0,395.0,2487.0,931.0,277.0,60.063835506110195,74.46375203260455,55.87213828175283,38.20750493908413,18.058725097886768,42.1504970219922,42.63403425173945,65.51975425533752,51.478841139481716,88.66903801198718
2025-03-09 20:17:51.929333,722.0,537.0,395.0,2474.0,938.0,275.0,59.993178033252995,74.46910736427525,56.120311174148654,38.274927066549594,18.064820759122345,42.22132446174697,42.360778789150515,65.46237940528482,51.57335040213618,88.75289082587028
2025-03-09 20:17:51.929333,727.0,511.0,391.0,2487.0,935.0,275.0,59.993178033252995,74.46910736427525,56.120311174148654,38.274927066549594,18.064820759122345,42.22132446174697,42.360778789150515,65.46237940528482,51.57335040213618,88.75289082587028
2025-03-09 20:17:51.929333,720.0,528.0,384.0,2484.0,933.0,276.0,59.993178033252995,74.46910736427525,56.120311174148654,38.274927066549594,18.064820759122345,42.22132446174697,42.360778789150515,65.46237940528482,51.57335040213618,88.75289082587028
2025-03-09 20:17:51.937667,739.0,527.0,388.0,2461.0,933.0,277.0,59.92249607163857,74.46603654282589,56.36426134902952,38.348561322131054,18.068476019395067,42.29693549053416,42.08297565294328,65.39807534879634,51.662679802764565,88.83265267845768
2025-03-09 20:17:51.937667,720.0,542.0,386.0,2490.0,929.0,281.0,59.92249607163857,74.46603654282589,56.36426134902952,38.348561322131054,18.068476019395067,42.29693549053416,42.08297565294328,65.39807534879634,51.662679802764565,88.83265267845768
2025-03-09 20:17:51.937667,727.0,511.0,389.0,2491.0,928.0,279.0,59.92249607163857,74.46603654282589,56.36426134902952,38.348561322131054,18.068476019395067,42.29693549053416,42.08297565294328,65.39807534879634,51.662679802764565,88.83265267845768
2025-03-09 20:17:51.937667,726.0,527.0,401.0,2496.0,928.0,279.0,59.92249607163857,74.46603654282589,56.36426134902952,38.348561322131054,18.068476019395067,42.29693549053416,42.08297565294328,65.39807534879634,51.662679802764565,88.83265267845768
2025-03-09 20:17:51.946000,727.0,525.0,390.0,2492.0,928.0,280.0,59.85064574993318,74.45292169483409,56.601028245811094,38.42591443960081,18.07046504058958,42.37506917540328,41.80403440738314,65.32641511315181,51.74414800377018,88.9112916195399
2025-03-09 20:17:51.946000,727.0,507.0,397.0,2498.0,929.0,278.0,59.85064574993318,74.45292169483409,56.601028245811094,38.42591443960081,18.07046504058958,42.37506917540328,41.80403440738314,65.32641511315181,51.74414800377018,88.9112916195399
2025-03-09 20:17:51.946000,713.0,511.0,382.0,2508.0,927.0,279.0,59.85064574993318,74.45292169483409,56.601028245811094,38.42591443960081,18.07046504058958,42.37506917540328,41.80403440738314,65.32641511315181,51.74414800377018,88.9112916195399
2025-03-09 20:17:51.946000,729.0,528.0,369.0,2498.0,917.0,286.0,59.85064574993318,74.45292169483409,56.601028245811094,38.42591443960081,18.07046504058958,42.37506917540328,41.80403440738314,65.32641511315181,51.74414800377018,88.9112916195399
2025-03-09 20:17:51.954333,718.0,511.0,393.0,2497.0,929.0,279.0,59.776758698263265,74.42858489022065,56.82656408309148,38.50447562946622,18.069630167397733,42.452510417874585,41.52823392747262,65.24893003770782,51.81686088962652,88.99235821430422
2025-03-09 20:17:51.954333,726.0,511.0,384.0,2500.0,924.0,285.0,59.776758698263265,74.42858489022065,56.82656408309148,38.50447562946622,18.069630167397733,42.452510417874585,41.52823392747262,65.24893003770782,51.81686088962652,88.99235821430422
2025-03-09 20:17:51.954333,731.0,511.0,364.0,2492.0,926.0,285.0,59.776758698263265,74.42858489022065,56.82656408309148,38.50447562946622,18.069630167397733,42.452510417874585,41.52823392747262,65.24893003770782,51.81686088962652,88.99235821430422
2025-03-09 20:17:51.962667,738.0,507.0,349.0,2499.0,926.0,286.0,59.70102207307796,74.39068669136124,57.03779417202599,38.58427660839298,18.064588088713755,42.52838741496741,41.25785342508166,65.16596988687172,51.879600434197634,89.0773122657904
2025-03-09 20:17:51.962667,731.0,509.0,374.0,2497.0,923.0,286.0,59.70102207307796,74.39068669136124,57.03779417202599,38.58427660839298,18.064588088713755,42.52838741496741,41.25785342508166,65.16596988687172,51.879600434197634,89.0773122657904
2025-03-09 20:17:51.962667,725.0,511.0,374.0,2510.0,926.0,284.0,59.70102207307796,74.39068669136124,57.03779417202599,38.58427660839298,18.064588088713755,42.52838741496741,41.25785342508166,65.16596988687172,51.879600434197634,89.0773122657904
2025-03-09 20:17:51.962667,725.0,511.0,383.0,2500.0,926.0,289.0,59.70102207307796,74.39068669136124,57.03779417202599,38.58427660839298,18.064588088713755,42.52838741496741,41.25785342508166,65.16596988687172,51.879600434197634,89.0773122657904
2025-03-09 20:17:51.971000,719.0,511.0,386.0,2502.0,925.0,286.0,59.6284699110515,74.33911270078399,57.23551332350023,38.66801224425637,18.055956303218174,42.60523828731689,40.99515510134386,65.07943633059834,51.93136705800362,89.16809428760354
2025-03-09 20:17:51.971000,734.0,511.0,389.0,2503.0,923.0,289.0,59.6284699110515,74.33911270078399,57.23551332350023,38.66801224425637,18.055956303218174,42.60523828731689,40.99515510134386,65.07943633059834,51.93136705800362,89.16809428760354
2025-03-09 20:17:51.971000,722.0,507.0,382.0,2512.0,924.0,294.0,59.6284699110515,74.33911270078399,57.23551332350023,38.66801224425637,18.055956303218174,42.60523828731689,40.99515510134386,65.07943633059834,51.93136705800362,89.16809428760354
2025-03-09 20:17:51.971000,720.0,511.0,384.0,2512.0,923.0,293.0,59.6284699110515,74.33911270078399,57.23551332350023,38.66801224425637,18.055956303218174,42.60523828731689,40.99515510134386,65.07943633059834,51.93136705800362,89.16809428760354
2025-03-09 20:17:51.979333,721.0,510.0,374.0,2512.0,937.0,291.0,59.56471221288794,74.27658577585373,57.42217202832988,38.7573107034393,18.044613194991882,42.68500028237553,40.74196149127255,64.99243934726258,51.9727976081849,89.26777836729728
2025-03-09 20:17:51.979333,721.0,511.0,384.0,2514.0,921.0,292.0,59.56471221288794,74.27658577585373,57.42217202832988,38.7573107034393,18.044613194991882,42.68500028237553,40.74196149127255,64.99243934726258,51.9727976081849,89.26777836729728
2025-03-09 20:17:51.979333,711.0,510.0,384.0,2512.0,919.0,295.0,59.56471221288794,74.27658577585373,57.42217202832988,38.7573107034393,18.044613194991882,42.68500028237553,40.74196149127255,64.99243934726258,51.9727976081849,89.26777836729728
2025-03-09 20:17:51.987667,720.0,465.0,387.0,2513.0,923.0,294.0,59.51225895829768,74.20444800458883,57.597542555766644,38.85133074301034,18.03200355191178,42.767863637376074,40.49988684205082,64.90464586634238,52.001955180421525,89.37911235815312
2025-03-09 20:17:51.987667,737.0,494.0,383.0,2513.0,921.0,297.0,59.51225895829768,74.20444800458883,57.597542555766644,38.85133074301034,18.03200355191178,42.767863637376074,40.49988684205082,64.90464586634238,52.001955180421525,89.37911235815312
2025-03-09 20:17:51.987667,719.0,509.0,389.0,2513.0,919.0,298.0,59.51225895829768,74.20444800458883,57.597542555766644,38.85133074301034,18.03200355191178,42.767863637376074,40.49988684205082,64.90464586634238,52.001955180421525,89.37911235815312
2025-03-09 20:17:51.987667,715.0,500.0,391.0,2525.0,921.0,298.0,59.51225895829768,74.20444800458883,57.597542555766644,38.85133074301034,18.03200355191178,42.767863637376074,40.49988684205082,64.90464586634238,52.001955180421525,89.37911235815312
2025-03-09 20:17:51.996000,717.0,494.0,384.0,2525.0,924.0,300.0,59.47262711765225,74.12000728508615,57.75968649030306,38.94949361479411,18.01941657652117,42.854206800321734,40.26935757908215,64.81209487507031,52.013125416124524,89.50304724265526
2025-03-09 20:17:51.996000,715.0,527.0,387.0,2521.0,923.0,301.0,59.47262711765225,74.12000728508615,57.75968649030306,38.94949361479411,18.01941657652117,42.854206800321734,40.26935757908215,64.81209487507031,52.013125416124524,89.50304724265526
2025-03-09 20:17:51.996000,713.0,501.0,382.0,2523.0,918.0,299.0,59.47262711765225,74.12000728508615,57.75968649030306,38.94949361479411,18.01941657652117,42.854206800321734,40.26935757908215,64.81209487507031,52.013125416124524,89.50304724265526
2025-03-09 20:17:51.996000,710.0,511.0,384.0,2522.0,924.0,301.0,59.47262711765225,74.12000728508615,57.75968649030306,38.94949361479411,18.01941657652117,42.854206800321734,40.26935757908215,64.81209487507031,52.013125416124524,89.50304724265526
2025-03-09 20:17:51.996000,710.0,505.0,381.0,2527.0,921.0,302.0,59.47262711765225,74.12000728508615,57.75968649030306,38.94949361479411,18.01941657652117,42.854206800321734,40.26935757908215,64.81209487507031,52.013125416124524,89.50304724265526
2025-03-09 20:17:52.004333,717.0,490.0,381.0,2527.0,923.0,303.0,59.448424784912085,74.02062304854174,57.90745544798477,39.05228701888865,18.00800200558442,42.9452082684695,40.05090899397804,64.71166892282665,52.001168051177764,89.64121116006459
2025-03-09 20:17:52.004333,703.0,526.0,382.0,2523.0,925.0,301.0,59.448424784912085,74.02062304854174,57.90745544798477,39.05228701888865,18.00800200558442,42.9452082684695,40.05090899397804,64.71166892282665,52.001168051177764,89.64121116006459
2025-03-09 20:17:52.012667,707.0,506.0,383.0,2531.0,930.0,304.0,59.44127009713896,73.90617845386622,58.03893087515057,39.159395109518606,17.996791879758824,43.04023718230118,39.84647064772101,64.60395698285535,51.965451802852826,89.79969011345202
2025-03-09 20:17:52.012667,707.0,503.0,386.0,2528.0,931.0,304.0,59.44127009713896,73.90617845386622,58.03893087515057,39.159395109518606,17.996791879758824,43.04023718230118,39.84647064772101,64.60395698285535,51.965451802852826,89.79969011345202
2025-03-09 20:17:52.012667,709.0,501.0,384.0,2528.0,929.0,304.0,59.44127009713896,73.90617845386622,58.03893087515057,39.159395109518606,17.996791879758824,43.04023718230118,39.84647064772101,64.60395698285535,51.965451802852826,89.79969011345202
2025-03-09 20:17:52.012667,715.0,506.0,386.0,2526.0,928.0,304.0,59.44127009713896,73.90617845386622,58.03893087515057,39.159395109518606,17.996791879758824,43.04023718230118,39.84647064772101,64.60395698285535,51.965451802852826,89.79969011345202
2025-03-09 20:17:52.012667,705.0,506.0,386.0,2530.0,928.0,304.0,59.44127009713896,73.90617845386622,58.03893087515057,39.159395109518606,17.996791879758824,43.04023718230118,39.84647064772101,64.60395698285535,51.965451802852826,89.79969011345202
2025-03-09 20:17:52.021000,703.0,503.0,385.0,2530.0,931.0,304.0,59.45133458456247,73.77962116257684,58.1510244661374,39.26871129648045,17.982985427702257,43.13592319324393,39.66072993966696,64.49427076051799,51.910187747786445,89.98864808168051
2025-03-09 20:17:52.021000,708.0,502.0,383.0,2541.0,930.0,306.0,59.45133458456247,73.77962116257684,58.1510244661374,39.26871129648045,17.982985427702257,43.13592319324393,39.66072993966696,64.49427076051799,51.910187747786445,89.98864808168051
2025-03-09 20:17:52.021000,707.0,506.0,384.0,2538.0,935.0,304.0,59.45133458456247,73.77962116257684,58.1510244661374,39.26871129648045,17.982985427702257,43.13592319324393,39.66072993966696,64.49427076051799,51.910187747786445,89.98864808168051
2025-03-09 20:17:52.021000,699.0,503.0,380.0,2537.0,944.0,310.0,59.45133458456247,73.77962116257684,58.1510244661374,39.26871129648045,17.982985427702257,43.13592319324393,39.66072993966696,64.49427076051799,51.910187747786445,89.98864808168051
2025-03-09 20:17:52.029333,701.0,502.0,385.0,2543.0,942.0,311.0,59.46749178503647,73.63846855495132,58.24356041578084,39.37992185438894,17.96501729979615,43.23086686375079,39.48885073326964,64.38006609359448,51.840351102257564,90.19703320871189
2025-03-09 20:17:52.029333,699.0,509.0,378.0,2543.0,944.0,309.0,59.46749178503647,73.63846855495132,58.24356041578084,39.37992185438894,17.96501729979615,43.23086686375079,39.48885073326964,64.38006609359448,51.840351102257564,90.19703320871189
2025-03-09 20:17:52.029333,719.0,497.0,386.0,2542.0,943.0,311.0,59.46749178503647,73.63846855495132,58.24356041578084,39.37992185438894,17.96501729979615,43.23086686375079,39.48885073326964,64.38006609359448,51.840351102257564,90.19703320871189
2025-03-09 20:17:52.029333,695.0,497.0,384.0,2544.0,944.0,311.0,59.46749178503647,73.63846855495132,58.24356041578084,39.37992185438894,17.96501729979615,43.23086686375079,39.48885073326964,64.38006609359448,51.840351102257564,90.19703320871189
2025-03-09 20:17:52.037667,695.0,496.0,373.0,2544.0,944.0,313.0,59.461642879647876,73.46888230805135,58.314185084850855,39.492674476457815,17.942834514395308,43.32444639109497,39.313822994010316,64.24259890300442,51.75527461564856,90.38437767685798
2025-03-09 20:17:52.037667,697.0,496.0,384.0,2543.0,945.0,314.0,59.461642879647876,73.46888230805135,58.314185084850855,39.492674476457815,17.942834514395308,43.32444639109497,39.313822994010316,64.24259890300442,51.75527461564856,90.38437767685798
2025-03-09 20:17:52.046000,692.0,496.0,381.0,2544.0,945.0,315.0,59.414004607462545,73.2631327716183,58.36168016531102,39.603880892764046,17.915696434057736,43.413439308528375,39.12381586417823,64.07042960403635,51.65512832880925,90.52419106990666
2025-03-09 20:17:52.046000,685.0,496.0,390.0,2543.0,955.0,322.0,59.414004607462545,73.2631327716183,58.36168016531102,39.603880892764046,17.915696434057736,43.413439308528375,39.12381586417823,64.07042960403635,51.65512832880925,90.52419106990666
2025-03-09 20:17:52.046000,683.0,494.0,378.0,2543.0,960.0,322.0,59.414004607462545,73.2631327716183,58.36168016531102,39.603880892764046,17.915696434057736,43.413439308528375,39.12381586417823,64.07042960403635,51.65512832880925,90.52419106990666
2025-03-09 20:17:52.046000,679.0,496.0,381.0,2543.0,959.0,323.0,59.414004607462545,73.2631327716183,58.36168016531102,39.603880892764046,17.915696434057736,43.413439308528375,39.12381586417823,64.07042960403635,51.65512832880925,90.52419106990666
2025-03-09 20:17:52.046000,681.0,489.0,382.0,2544.0,962.0,326.0,59.414004607462545,73.2631327716183,58.36168016531102,39.603880892764046,17.915696434057736,43.413439308528375,39.12381586417823,64.07042960403635,51.65512832880925,90.52419106990666
2025-03-09 20:17:52.054333,677.0,496.0,388.0,2542.0,961.0,325.0,59.32797754018227,73.02605854207444,58.38826244682863,39.71114900696059,17.88386314476854,43.49588634540362,38.920860426012425,63.8681438895196,51.54165215168983,90.62256135507275
2025-03-09 20:17:52.054333,677.0,499.0,387.0,2540.0,964.0,327.0,59.32797754018227,73.02605854207444,58.38826244682863,39.71114900696059,17.88386314476854,43.49588634540362,38.920860426012425,63.8681438895196,51.54165215168983,90.62256135507275
2025-03-09 20:17:52.054333,672.0,502.0,385.0,2521.0,961.0,326.0,59.32797754018227,73.02605854207444,58.38826244682863,39.71114900696059,17.88386314476854,43.49588634540362,38.920860426012425,63.8681438895196,51.54165215168983,90.62256135507275
2025-03-09 20:17:52.054333,671.0,487.0,383.0,2545.0,961.0,330.0,59.32797754018227,73.02605854207444,58.38826244682863,39.71114900696059,17.88386314476854,43.49588634540362,38.920860426012425,63.8681438895196,51.54165215168983,90.62256135507275
2025-03-09 20:17:52.062667,652.0,492.0,381.0,2551.0,981.0,335.0,59.22305368416969,72.76705312087708,58.394658586062455,39.81390443567495,17.84896238308398,43.57215220720121,38.71835836827174,63.64786633210746,51.41330888052759,90.70691962140116
2025-03-09 20:17:52.062667,650.0,491.0,384.0,2549.0,976.0,336.0,59.22305368416969,72.76705312087708,58.394658586062455,39.81390443567495,17.84896238308398,43.57215220720121,38.71835836827174,63.64786633210746,51.41330888052759,90.70691962140116
2025-03-09 20:17:52.062667,650.0,496.0,378.0,2551.0,976.0,331.0,59.22305368416969,72.76705312087708,58.394658586062455,39.81390443567495,17.84896238308398,43.57215220720121,38.71835836827174,63.64786633210746,51.41330888052759,90.70691962140116
2025-03-09 20:17:52.071000,646.0,495.0,384.0,2549.0,977.0,334.0,59.124739473277614,72.49700110778953,58.37972698243709,39.91265481570374,17.812391740350684,43.64353183416325,38.53468034116985,63.42472251577393,51.26777215470651,90.81334109242331
2025-03-09 20:17:52.071000,643.0,491.0,381.0,2549.0,977.0,332.0,59.124739473277614,72.49700110778953,58.37972698243709,39.91265481570374,17.812391740350684,43.64353183416325,38.53468034116985,63.42472251577393,51.26777215470651,90.81334109242331
2025-03-09 20:17:52.071000,643.0,496.0,384.0,2557.0,980.0,335.0,59.124739473277614,72.49700110778953,58.37972698243709,39.91265481570374,17.812391740350684,43.64353183416325,38.53468034116985,63.42472251577393,51.26777215470651,90.81334109242331
2025-03-09 20:17:52.071000,642.0,498.0,375.0,2554.0,982.0,335.0,59.124739473277614,72.49700110778953,58.37972698243709,39.91265481570374,17.812391740350684,43.64353183416325,38.53468034116985,63.42472251577393,51.26777215470651,90.81334109242331
2025-03-09 20:17:52.079333,637.0,496.0,375.0,2551.0,981.0,333.0,59.05134779885819,72.22439958827007,58.345236426043684,40.009557061729986,17.775214754848715,43.71257169666868,38.38122810051184,63.21017766884812,51.10561861284053,90.9661902114356
2025-03-09 20:17:52.079333,622.0,496.0,374.0,2558.0,989.0,336.0,59.05134779885819,72.22439958827007,58.345236426043684,40.009557061729986,17.775214754848715,43.71257169666868,38.38122810051184,63.21017766884812,51.10561861284053,90.9661902114356
2025-03-09 20:17:52.079333,612.0,495.0,384.0,2558.0,993.0,336.0,59.05134779885819,72.22439958827007,58.345236426043684,40.009557061729986,17.775214754848715,43.71257169666868,38.38122810051184,63.21017766884812,51.10561861284053,90.9661902114356
2025-03-09 20:17:52.079333,614.0,492.0,379.0,2559.0,992.0,337.0,59.05134779885819,72.22439958827007,58.345236426043684,40.009557061729986,17.775214754848715,43.71257169666868,38.38122810051184,63.21017766884812,51.10561861284053,90.9661902114356
2025-03-09 20:17:52.087667,610.0,490.0,382.0,2559.0,992.0,338.0,59.0053476492798,71.95217033252943,58.29565513698287,40.10741371289592,17.736571305224988,43.78139796882256,38.25650368781203,63.00805341457417,50.93179804763382,91.16639787155799
2025-03-09 20:17:52.087667,606.0,496.0,378.0,2559.0,994.0,336.0,59.0053476492798,71.95217033252943,58.29565513698287,40.10741371289592,17.736571305224988,43.78139796882256,38.25650368781203,63.00805341457417,50.93179804763382,91.16639787155799
2025-03-09 20:17:52.087667,606.0,490.0,383.0,2553.0,993.0,338.0,59.0053476492798,71.95217033252943,58.29565513698287,40.10741371289592,17.736571305224988,43.78139796882256,38.25650368781203,63.00805341457417,50.93179804763382,91.16639787155799
2025-03-09 20:17:52.087667,604.0,490.0,377.0,2559.0,997.0,344.0,59.0053476492798,71.95217033252943,58.29565513698287,40.10741371289592,17.736571305224988,43.78139796882256,38.25650368781203,63.00805341457417,50.93179804763382,91.16639787155799
2025-03-09 20:17:52.096000,604.0,491.0,380.0,2559.0,999.0,336.0,58.97660856227155,71.67771327776141,58.2314839634511,40.20875656597922,17.693547158027958,43.85100501020066,38.15254464677325,62.815052651959924,50.752162147374534,91.39876965874885
2025-03-09 20:17:52.096000,589.0,493.0,384.0,2558.0,1008.0,343.0,58.97660856227155,71.67771327776141,58.2314839634511,40.20875656597922,17.693547158027958,43.85100501020066,38.15254464677325,62.815052651959924,50.752162147374534,91.39876965874885
2025-03-09 20:17:52.096000,583.0,483.0,378.0,2559.0,1008.0,346.0,58.97660856227155,71.67771327776141,58.2314839634511,40.20875656597922,17.693547158027958,43.85100501020066,38.15254464677325,62.815052651959924,50.752162147374534,91.39876965874885
2025-03-09 20:17:52.104333,581.0,490.0,380.0,2598.0,1009.0,346.0,58.954876599635675,71.39731597594749,58.15195949253634,40.31500069552942,17.644693521864,43.9220141932328,38.06254360218284,62.62611205627397,50.56949291167396,91.6483893132967
2025-03-09 20:17:52.104333,582.0,485.0,379.0,2559.0,1010.0,345.0,58.954876599635675,71.39731597594749,58.15195949253634,40.31500069552942,17.644693521864,43.9220141932328,38.06254360218284,62.62611205627397,50.56949291167396,91.6483893132967
2025-03-09 20:17:52.104333,576.0,483.0,369.0,2559.0,1011.0,347.0,58.954876599635675,71.39731597594749,58.15195949253634,40.31500069552942,17.644693521864,43.9220141932328,38.06254360218284,62.62611205627397,50.56949291167396,91.6483893132967
2025-03-09 20:17:52.104333,567.0,486.0,385.0,2559.0,1011.0,348.0,58.954876599635675,71.39731597594749,58.15195949253634,40.31500069552942,17.644693521864,43.9220141932328,38.06254360218284,62.62611205627397,50.56949291167396,91.6483893132967
2025-03-09 20:17:52.112667,576.0,493.0,389.0,2559.0,1014.0,347.0,58.93467234260086,71.11040978764284,58.06002343649638,40.423820410012425,17.590250846628923,43.992314876523594,37.982026529826484,62.43952886287786,50.38507303216351,91.90572742556279
2025-03-09 20:17:52.112667,575.0,486.0,382.0,2559.0,1015.0,350.0,58.93467234260086,71.11040978764284,58.06002343649638,40.423820410012425,17.590250846628923,43.992314876523594,37.982026529826484,62.43952886287786,50.38507303216351,91.90572742556279
2025-03-09 20:17:52.112667,561.0,478.0,371.0,2559.0,1038.0,359.0,58.93467234260086,71.11040978764284,58.06002343649638,40.423820410012425,17.590250846628923,43.992314876523594,37.982026529826484,62.43952886287786,50.38507303216351,91.90572742556279
2025-03-09 20:17:52.121000,560.0,487.0,380.0,2623.0,1039.0,361.0,58.91256777313778,70.81870524152707,57.95927517142558,40.52900212381505,17.5313254162337,44.0567312493556,37.908538205002245,62.25513906536097,50.198678680198164,92.1638696798393
2025-03-09 20:17:52.121000,558.0,487.0,370.0,2559.0,1037.0,359.0,58.91256777313778,70.81870524152707,57.95927517142558,40.52900212381505,17.5313254162337,44.0567312493556,37.908538205002245,62.25513906536097,50.198678680198164,92.1638696798393
2025-03-09 20:17:52.121000,560.0,474.0,375.0,2534.0,1040.0,357.0,58.91256777313778,70.81870524152707,57.95927517142558,40.52900212381505,17.5313254162337,44.0567312493556,37.908538205002245,62.25513906536097,50.198678680198164,92.1638696798393
2025-03-09 20:17:52.121000,560.0,487.0,378.0,2559.0,1041.0,362.0,58.91256777313778,70.81870524152707,57.95927517142558,40.52900212381505,17.5313254162337,44.0567312493556,37.908538205002245,62.25513906536097,50.198678680198164,92.1638696798393
2025-03-09 20:17:52.129333,559.0,481.0,383.0,2559.0,1043.0,363.0,58.88643431523479,70.52506564762541,57.85290267565593,40.62596220813408,17.47054626848412,44.11223822624311,37.84118057884468,62.07293454687781,50.010183874074635,92.41785187934838
2025-03-09 20:17:52.129333,551.0,487.0,377.0,2559.0,1043.0,359.0,58.88643431523479,70.52506564762541,57.85290267565593,40.62596220813408,17.47054626848412,44.11223822624311,37.84118057884468,62.07293454687781,50.010183874074635,92.41785187934838
2025-03-09 20:17:52.129333,543.0,483.0,375.0,2559.0,1061.0,368.0,58.88643431523479,70.52506564762541,57.85290267565593,40.62596220813408,17.47054626848412,44.11223822624311,37.84118057884468,62.07293454687781,50.010183874074635,92.41785187934838
2025-03-09 20:17:52.137667,542.0,484.0,374.0,2559.0,1059.0,368.0,58.85481115418928,70.2333274592685,57.744415772227846,40.7144392616703,17.40947203650568,44.1592084824471,37.77857807823249,61.89470882051543,49.82349390626071,92.66353297842605
2025-03-09 20:17:52.137667,542.0,489.0,374.0,2559.0,1062.0,368.0,58.85481115418928,70.2333274592685,57.744415772227846,40.7144392616703,17.40947203650568,44.1592084824471,37.77857807823249,61.89470882051543,49.82349390626071,92.66353297842605
2025-03-09 20:17:52.137667,537.0,478.0,374.0,2559.0,1064.0,371.0,58.85481115418928,70.2333274592685,57.744415772227846,40.7144392616703,17.40947203650568,44.1592084824471,37.77857807823249,61.89470882051543,49.82349390626071,92.66353297842605
2025-03-09 20:17:52.137667,532.0,480.0,374.0,2559.0,1067.0,369.0,58.85481115418928,70.2333274592685,57.744415772227846,40.7144392616703,17.40947203650568,44.1592084824471,37.77857807823249,61.89470882051543,49.82349390626071,92.66353297842605
2025-03-09 20:17:52.146000,532.0,486.0,373.0,2559.0,1064.0,372.0,58.81759246517325,69.94691598683401,57.63523377392655,40.795897406780355,17.34932074349393,44.19988403298579,37.71936765045972,61.72054559446952,49.641163830978435,92.89815954708595
2025-03-09 20:17:52.146000,543.0,487.0,381.0,2559.0,1070.0,370.0,58.81759246517325,69.94691598683401,57.63523377392655,40.795897406780355,17.34932074349393,44.19988403298579,37.71936765045972,61.72054559446952,49.641163830978435,92.89815954708595
2025-03-09 20:17:52.146000,539.0,485.0,380.0,2559.0,1070.0,369.0,58.81759246517325,69.94691598683401,57.63523377392655,40.795897406780355,17.34932074349393,44.19988403298579,37.71936765045972,61.72054559446952,49.641163830978435,92.89815954708595
2025-03-09 20:17:52.146000,511.0,477.0,375.0,2559.0,1084.0,384.0,58.81759246517325,69.94691598683401,57.63523377392655,40.795897406780355,17.34932074349393,44.19988403298579,37.71936765045972,61.72054559446952,49.641163830978435,92.89815954708595
2025-03-09 20:17:52.154333,511.0,480.0,374.0,2559.0,1084.0,379.0,58.77491031214045,69.66840718357415,57.52512134827847,40.8726220226317,17.29075455326043,44.237318266583685,37.66185663161385,61.54900281899567,49.464612268396436,93.11954188986823
2025-03-09 20:17:52.154333,511.0,493.0,382.0,2559.0,1082.0,382.0,58.77491031214045,69.66840718357415,57.52512134827847,40.8726220226317,17.29075455326043,44.237318266583685,37.66185663161385,61.54900281899567,49.464612268396436,93.11954188986823
2025-03-09 20:17:52.154333,525.0,479.0,381.0,2559.0,1085.0,383.0,58.77491031214045,69.66840718357415,57.52512134827847,40.8726220226317,17.29075455326043,44.237318266583685,37.66185663161385,61.54900281899567,49.464612268396436,93.11954188986823
2025-03-09 20:17:52.162667,511.0,489.0,378.0,2581.0,1087.0,383.0,58.724595013545716,69.40137218089028,57.415870918959286,40.945943818098016,17.234203409329382,44.273315638389185,37.60314292918494,61.38016442073782,49.298087700920384,93.32259171941445
2025-03-09 20:17:52.162667,526.0,483.0,382.0,2559.0,1087.0,382.0,58.724595013545716,69.40137218089028,57.415870918959286,40.945943818098016,17.234203409329382,44.273315638389185,37.60314292918494,61.38016442073782,49.298087700920384,93.32259171941445
2025-03-09 20:17:52.162667,507.0,480.0,382.0,2559.0,1089.0,382.0,58.724595013545716,69.40137218089028,57.415870918959286,40.945943818098016,17.234203409329382,44.273315638389185,37.60314292918494,61.38016442073782,49.298087700920384,93.32259171941445
2025-03-09 20:17:52.162667,498.0,482.0,351.0,2583.0,1099.0,385.0,58.724595013545716,69.40137218089028,57.415870918959286,40.945943818098016,17.234203409329382,44.273315638389185,37.60314292918494,61.38016442073782,49.298087700920384,93.32259171941445
2025-03-09 20:17:52.171000,497.0,485.0,368.0,2541.0,1102.0,387.0,58.665103036409405,69.14911288851025,57.30805815382505,41.01763610230307,17.178254183335063,44.308892488834324,37.54247827846532,61.217172716519016,49.1477980087394,93.50316275916606
2025-03-09 20:17:52.171000,502.0,482.0,369.0,2559.0,1102.0,389.0,58.665103036409405,69.14911288851025,57.30805815382505,41.01763610230307,17.178254183335063,44.308892488834324,37.54247827846532,61.217172716519016,49.1477980087394,93.50316275916606
2025-03-09 20:17:52.171000,496.0,480.0,352.0,2559.0,1101.0,387.0,58.665103036409405,69.14911288851025,57.30805815382505,41.01763610230307,17.178254183335063,44.308892488834324,37.54247827846532,61.217172716519016,49.1477980087394,93.50316275916606
2025-03-09 20:17:52.179333,496.0,488.0,336.0,2559.0,1103.0,388.0,58.59685564779641,68.91369371783881,57.20159408065797,41.09082392524854,17.118209936857447,44.34452075807094,37.48039796997114,61.066662956778735,49.022057123220094,93.66002207750941
2025-03-09 20:17:52.179333,496.0,480.0,336.0,2559.0,1104.0,390.0,58.59685564779641,68.91369371783881,57.20159408065797,41.09082392524854,17.118209936857447,44.34452075807094,37.48039796997114,61.066662956778735,49.022057123220094,93.66002207750941
2025-03-09 20:17:52.179333,493.0,482.0,336.0,2559.0,1104.0,390.0,58.59685564779641,68.91369371783881,57.20159408065797,41.09082392524854,17.118209936857447,44.34452075807094,37.48039796997114,61.066662956778735,49.022057123220094,93.66002207750941
2025-03-09 20:17:52.179333,495.0,484.0,335.0,2597.0,1104.0,391.0,58.59685564779641,68.91369371783881,57.20159408065797,41.09082392524854,17.118209936857447,44.34452075807094,37.48039796997114,61.066662956778735,49.022057123220094,93.66002207750941
2025-03-09 20:17:52.187667,478.0,494.0,355.0,2587.0,1111.0,394.0,58.521742229088105,68.69694963740733,57.09844644804875,41.16088274142449,17.0551167002717,44.37618465293304,37.41917452010692,60.93123336133986,48.91960131097763,93.79278901145145
2025-03-09 20:17:52.187667,485.0,485.0,356.0,2559.0,1107.0,394.0,58.521742229088105,68.69694963740733,57.09844644804875,41.16088274142449,17.0551167002717,44.37618465293304,37.41917452010692,60.93123336133986,48.91960131097763,93.79278901145145
2025-03-09 20:17:52.187667,485.0,479.0,354.0,2559.0,1109.0,394.0,58.521742229088105,68.69694963740733,57.09844644804875,41.16088274142449,17.0551167002717,44.37618465293304,37.41917452010692,60.93123336133986,48.91960131097763,93.79278901145145
2025-03-09 20:17:52.196000,483.0,479.0,356.0,2559.0,1109.0,395.0,58.44289498181355,68.50121602795322,57.000501262511584,41.21619646380279,16.997121100496706,44.39674458501323,37.36446159407779,60.808432121956606,48.82886070584068,93.9022871785213
2025-03-09 20:17:52.196000,486.0,480.0,343.0,2587.0,1105.0,391.0,58.44289498181355,68.50121602795322,57.000501262511584,41.21619646380279,16.997121100496706,44.39674458501323,37.36446159407779,60.808432121956606,48.82886070584068,93.9022871785213
2025-03-09 20:17:52.196000,487.0,473.0,346.0,2559.0,1109.0,393.0,58.44289498181355,68.50121602795322,57.000501262511584,41.21619646380279,16.997121100496706,44.39674458501323,37.36446159407779,60.808432121956606,48.82886070584068,93.9022871785213
2025-03-09 20:17:52.196000,482.0,484.0,352.0,2583.0,1111.0,390.0,58.44289498181355,68.50121602795322,57.000501262511584,41.21619646380279,16.997121100496706,44.39674458501323,37.36446159407779,60.808432121956606,48.82886070584068,93.9022871785213
2025-03-09 20:17:52.204333,480.0,475.0,349.0,2559.0,1108.0,395.0,58.362691735790854,68.32905500931027,56.907680829849454,41.253085288797,16.947376822644316,44.40402399688547,37.32069487250231,60.699533866593114,48.74702180893076,93.98959890008275
2025-03-09 20:17:52.204333,479.0,486.0,339.0,2559.0,1110.0,393.0,58.362691735790854,68.32905500931027,56.907680829849454,41.253085288797,16.947376822644316,44.40402399688547,37.32069487250231,60.699533866593114,48.74702180893076,93.98959890008275
2025-03-09 20:17:52.204333,477.0,470.0,354.0,2590.0,1106.0,391.0,58.362691735790854,68.32905500931027,56.907680829849454,41.253085288797,16.947376822644316,44.40402399688547,37.32069487250231,60.699533866593114,48.74702180893076,93.98959890008275
2025-03-09 20:17:52.212667,476.0,477.0,342.0,2581.0,1111.0,395.0,58.28267817921456,68.18280130866873,56.81894522678478,41.27491517052293,16.904551693857655,44.400284942859095,37.290341595889544,60.60873144726814,48.678909120217185,94.05578922721861
2025-03-09 20:17:52.212667,474.0,495.0,349.0,2559.0,1108.0,393.0,58.28267817921456,68.18280130866873,56.81894522678478,41.27491517052293,16.904551693857655,44.400284942859095,37.290341595889544,60.60873144726814,48.678909120217185,94.05578922721861
2025-03-09 20:17:52.212667,476.0,485.0,355.0,2559.0,1112.0,393.0,58.28267817921456,68.18280130866873,56.81894522678478,41.27491517052293,16.904551693857655,44.400284942859095,37.290341595889544,60.60873144726814,48.678909120217185,94.05578922721861
2025-03-09 20:17:52.212667,475.0,487.0,349.0,2559.0,1110.0,389.0,58.28267817921456,68.18280130866873,56.81894522678478,41.27491517052293,16.904551693857655,44.400284942859095,37.290341595889544,60.60873144726814,48.678909120217185,94.05578922721861
2025-03-09 20:17:52.221000,471.0,477.0,338.0,2559.0,1110.0,393.0,58.20445708493508,68.06460187723778,56.73611312342904,41.285442594396685,16.86919578390734,44.38913827774801,37.27336604373015,60.5378949084187,48.62792225307729,94.10233073974705
2025-03-09 20:17:52.221000,467.0,476.0,347.0,2559.0,1110.0,391.0,58.20445708493508,68.06460187723778,56.73611312342904,41.285442594396685,16.86919578390734,44.38913827774801,37.27336604373015,60.5378949084187,48.62792225307729,94.10233073974705
2025-03-09 20:17:52.221000,469.0,482.0,367.0,2559.0,1108.0,393.0,58.20445708493508,68.06460187723778,56.73611312342904,41.285442594396685,16.86919578390734,44.38913827774801,37.27336604373015,60.5378949084187,48.62792225307729,94.10233073974705
2025-03-09 20:17:52.221000,467.0,482.0,363.0,2627.0,1108.0,391.0,58.20445708493508,68.06460187723778,56.73611312342904,41.285442594396685,16.86919578390734,44.38913827774801,37.27336604373015,60.5378949084187,48.62792225307729,94.10233073974705
2025-03-09 20:17:52.229333,468.0,465.0,367.0,2559.0,1110.0,393.0,58.12961709846095,67.97610880305109,56.66164320430485,41.289905950589095,16.840776700834493,44.37527817003243,37.26779302726701,60.48840484329567,48.598369616952695,94.13110883031855
2025-03-09 20:17:52.229333,470.0,476.0,363.0,2589.0,1108.0,394.0,58.12961709846095,67.97610880305109,56.66164320430485,41.289905950589095,16.840776700834493,44.37527817003243,37.26779302726701,60.48840484329567,48.598369616952695,94.13110883031855
2025-03-09 20:17:52.229333,471.0,480.0,361.0,2559.0,1107.0,394.0,58.12961709846095,67.97610880305109,56.66164320430485,41.289905950589095,16.840776700834493,44.37527817003243,37.26779302726701,60.48840484329567,48.598369616952695,94.13110883031855
2025-03-09 20:17:52.237667,464.0,478.0,361.0,2583.0,1107.0,391.0,58.06003977125994,67.91884840115844,56.59656352907949,41.29183252154136,16.81722101732046,44.36124772442028,37.27256097815379,60.46254565922248,48.5942701235439,94.14450101870703
2025-03-09 20:17:52.237667,465.0,483.0,374.0,2559.0,1107.0,369.0,58.06003977125994,67.91884840115844,56.59656352907949,41.29183252154136,16.81722101732046,44.36124772442028,37.27256097815379,60.46254565922248,48.5942701235439,94.14450101870703
2025-03-09 20:17:52.237667,467.0,474.0,375.0,2559.0,1105.0,394.0,58.06003977125994,67.91884840115844,56.59656352907949,41.29183252154136,16.81722101732046,44.36124772442028,37.27256097815379,60.46254565922248,48.5942701235439,94.14450101870703
2025-03-09 20:17:52.237667,464.0,480.0,364.0,2559.0,1103.0,392.0,58.06003977125994,67.91884840115844,56.59656352907949,41.29183252154136,16.81722101732046,44.36124772442028,37.27256097815379,60.46254565922248,48.5942701235439,94.14450101870703
2025-03-09 20:17:52.246000,462.0,481.0,362.0,2591.0,1104.0,391.0,57.9973798177445,67.89353769025432,56.541493065035624,41.291012572178744,16.798759793505297,44.34732358089457,37.28720050998899,60.45964229397697,48.614544439323815,94.14523128500454
2025-03-09 20:17:52.246000,463.0,474.0,352.0,2559.0,1104.0,390.0,57.9973798177445,67.89353769025432,56.541493065035624,41.291012572178744,16.798759793505297,44.34732358089457,37.28720050998899,60.45964229397697,48.614544439323815,94.14523128500454
2025-03-09 20:17:52.246000,472.0,470.0,368.0,2559.0,1103.0,393.0,57.9973798177445,67.89353769025432,56.541493065035624,41.291012572178744,16.798759793505297,44.34732358089457,37.28720050998899,60.45964229397697,48.614544439323815,94.14523128500454
2025-03-09 20:17:52.254333,461.0,471.0,364.0,2559.0,1103.0,390.0,57.94266685609375,67.89863597030212,56.495195086266214,41.2859927291196,16.788016774781,44.3337152343099,37.312248102280385,60.475174636571445,48.65297445229872,94.13637305351244
2025-03-09 20:17:52.254333,455.0,481.0,357.0,2555.0,1103.0,390.0,57.94266685609375,67.89863597030212,56.495195086266214,41.2859927291196,16.788016774781,44.3337152343099,37.312248102280385,60.475174636571445,48.65297445229872,94.13637305351244
2025-03-09 20:17:52.254333,460.0,470.0,373.0,2583.0,1099.0,385.0,57.94266685609375,67.89863597030212,56.495195086266214,41.2859927291196,16.788016774781,44.3337152343099,37.312248102280385,60.475174636571445,48.65297445229872,94.13637305351244
2025-03-09 20:17:52.254333,448.0,480.0,384.0,2559.0,1099.0,386.0,57.94266685609375,67.89863597030212,56.495195086266214,41.2859927291196,16.788016774781,44.3337152343099,37.312248102280385,60.475174636571445,48.65297445229872,94.13637305351244
2025-03-09 20:17:52.262667,461.0,476.0,374.0,2559.0,1101.0,387.0,57.89698652289196,67.93173337799018,56.45659227349375,41.27628388659537,16.785902895614026,44.32037066200525,37.34855886823933,60.50684508785474,48.705408893621374,94.12081428772856
2025-03-09 20:17:52.262667,454.0,484.0,375.0,2544.0,1097.0,387.0,57.89698652289196,67.93173337799018,56.45659227349375,41.27628388659537,16.785902895614026,44.32037066200525,37.34855886823933,60.50684508785474,48.705408893621374,94.12081428772856
2025-03-09 20:17:52.262667,465.0,476.0,378.0,2559.0,1098.0,384.0,57.89698652289196,67.93173337799018,56.45659227349375,41.27628388659537,16.785902895614026,44.32037066200525,37.34855886823933,60.50684508785474,48.705408893621374,94.12081428772856
2025-03-09 20:17:52.271000,461.0,475.0,373.0,2559.0,1098.0,384.0,57.86081879158874,67.99055481608033,56.42641059567763,41.26206032844414,16.791869863835913,44.307110744154286,37.3950176242997,60.55368769535037,48.77030331173499,94.10068606602276
2025-03-09 20:17:52.271000,462.0,475.0,377.0,2559.0,1092.0,384.0,57.86081879158874,67.99055481608033,56.42641059567763,41.26206032844414,16.791869863835913,44.307110744154286,37.3950176242997,60.55368769535037,48.77030331173499,94.10068606602276
2025-03-09 20:17:52.271000,455.0,471.0,368.0,2559.0,1090.0,377.0,57.86081879158874,67.99055481608033,56.42641059567763,41.26206032844414,16.791869863835913,44.307110744154286,37.3950176242997,60.55368769535037,48.77030331173499,94.10068606602276
2025-03-09 20:17:52.271000,458.0,483.0,364.0,2559.0,1088.0,378.0,57.86081879158874,67.99055481608033,56.42641059567763,41.26206032844414,16.791869863835913,44.307110744154286,37.3950176242997,60.55368769535037,48.77030331173499,94.10068606602276
2025-03-09 20:17:52.279333,458.0,483.0,363.0,2559.0,1088.0,378.0,57.83469933473427,68.07345282084775,56.405499857372256,41.244350304259314,16.805637228862853,44.29468562515703,37.450536618166275,60.61494548762265,48.846899055538415,94.07791218074347
2025-03-09 20:17:52.279333,460.0,444.0,349.0,2559.0,1089.0,381.0,57.83469933473427,68.07345282084775,56.405499857372256,41.244350304259314,16.805637228862853,44.29468562515703,37.450536618166275,60.61494548762265,48.846899055538415,94.07791218074347
2025-03-09 20:17:52.279333,455.0,470.0,343.0,2554.0,1088.0,373.0,57.83469933473427,68.07345282084775,56.405499857372256,41.244350304259314,16.805637228862853,44.29468562515703,37.450536618166275,60.61494548762265,48.846899055538415,94.07791218074347
2025-03-09 20:17:52.287667,455.0,470.0,370.0,2544.0,1085.0,373.0,57.819609952472874,68.17838451355732,56.39306185902822,41.22338228371018,16.827504450051,44.283320109437646,37.5159103283267,60.68953571280308,48.93269707063983,94.05422857658402
2025-03-09 20:17:52.287667,453.0,468.0,363.0,2559.0,1088.0,377.0,57.819609952472874,68.17838451355732,56.39306185902822,41.22338228371018,16.827504450051,44.283320109437646,37.5159103283267,60.68953571280308,48.93269707063983,94.05422857658402
2025-03-09 20:17:52.287667,454.0,467.0,361.0,2556.0,1088.0,374.0,57.819609952472874,68.17838451355732,56.39306185902822,41.22338228371018,16.827504450051,44.283320109437646,37.5159103283267,60.68953571280308,48.93269707063983,94.05422857658402
2025-03-09 20:17:52.287667,460.0,471.0,367.0,2559.0,1082.0,368.0,57.819609952472874,68.17838451355732,56.39306185902822,41.22338228371018,16.827504450051,44.283320109437646,37.5159103283267,60.68953571280308,48.93269707063983,94.05422857658402
2025-03-09 20:17:52.296000,453.0,478.0,352.0,2559.0,1083.0,368.0,57.815647149731234,68.3023046014936,56.38696710832135,41.19734075645539,16.856583090700944,44.270951228471546,37.591709581297664,60.775830722905916,49.024023520081535,94.03100364431342
2025-03-09 20:17:52.296000,447.0,475.0,368.0,2559.0,1088.0,368.0,57.815647149731234,68.3023046014936,56.38696710832135,41.19734075645539,16.856583090700944,44.270951228471546,37.591709581297664,60.775830722905916,49.024023520081535,94.03100364431342
2025-03-09 20:17:52.296000,453.0,484.0,367.0,2559.0,1072.0,368.0,57.815647149731234,68.3023046014936,56.38696710832135,41.19734075645539,16.856583090700944,44.270951228471546,37.591709581297664,60.775830722905916,49.024023520081535,94.03100364431342
2025-03-09 20:17:52.296000,447.0,472.0,367.0,2557.0,1077.0,368.0,57.815647149731234,68.3023046014936,56.38696710832135,41.19734075645539,16.856583090700944,44.270951228471546,37.591709581297664,60.775830722905916,49.024023520081535,94.03100364431342
2025-03-09 20:17:52.304333,448.0,496.0,371.0,2559.0,1078.0,366.0,57.8208024603531,68.44110158931313,56.38233931114693,41.163788775971106,16.889491050571202,44.25409417715855,37.677765937274685,60.871658421750354,49.117853795502995,94.00871991880987
2025-03-09 20:17:52.304333,452.0,474.0,383.0,2557.0,1075.0,368.0,57.8208024603531,68.44110158931313,56.38233931114693,41.163788775971106,16.889491050571202,44.25409417715855,37.677765937274685,60.871658421750354,49.117853795502995,94.00871991880987
2025-03-09 20:17:52.304333,474.0,476.0,383.0,2559.0,1072.0,364.0,57.8208024603531,68.44110158931313,56.38233931114693,41.163788775971106,16.889491050571202,44.25409417715855,37.677765937274685,60.871658421750354,49.117853795502995,94.00871991880987
2025-03-09 20:17:52.312667,459.0,481.0,368.0,2559.0,1072.0,363.0,57.83350388471136,68.59193626571972,56.37637332045729,41.12271027562959,16.92494265371447,44.232273759353106,37.77363638228028,60.97484545383897,49.21243536667777,93.98718205462647
2025-03-09 20:17:52.312667,458.0,476.0,370.0,2551.0,1072.0,367.0,57.83350388471136,68.59193626571972,56.37637332045729,41.12271027562959,16.92494265371447,44.232273759353106,37.77363638228028,60.97484545383897,49.21243536667777,93.98718205462647
2025-03-09 20:17:52.312667,447.0,462.0,382.0,2558.0,1071.0,362.0,57.83350388471136,68.59193626571972,56.37637332045729,41.12271027562959,16.92494265371447,44.232273759353106,37.77363638228028,60.97484545383897,49.21243536667777,93.98718205462647
2025-03-09 20:17:52.312667,463.0,475.0,371.0,2557.0,1071.0,359.0,57.83350388471136,68.59193626571972,56.37637332045729,41.12271027562959,16.92494265371447,44.232273759353106,37.77363638228028,60.97484545383897,49.21243536667777,93.98718205462647
2025-03-09 20:17:52.321000,447.0,483.0,372.0,2559.0,1072.0,359.0,57.85469644096763,68.75400723156663,56.37149102820759,41.0770472324103,16.967097001243197,44.20964084903368,37.87947972128459,61.083338189040134,49.3058986428369,93.96657961558006
2025-03-09 20:17:52.321000,453.0,473.0,359.0,2559.0,1071.0,358.0,57.85469644096763,68.75400723156663,56.37149102820759,41.0770472324103,16.967097001243197,44.20964084903368,37.87947972128459,61.083338189040134,49.3058986428369,93.96657961558006
2025-03-09 20:17:52.321000,457.0,475.0,375.0,2559.0,1070.0,359.0,57.85469644096763,68.75400723156663,56.37149102820759,41.0770472324103,16.967097001243197,44.20964084903368,37.87947972128459,61.083338189040134,49.3058986428369,93.96657961558006
2025-03-09 20:17:52.329333,461.0,467.0,374.0,2559.0,1067.0,353.0,57.88484948346842,68.92592610897933,56.36841655395753,41.02947100421476,17.017209615961242,44.188870389532795,37.99546556920358,61.19653650233218,49.39795050333664,93.94673361103537
2025-03-09 20:17:52.329333,463.0,487.0,353.0,2557.0,1066.0,357.0,57.88484948346842,68.92592610897933,56.36841655395753,41.02947100421476,17.017209615961242,44.188870389532795,37.99546556920358,61.19653650233218,49.39795050333664,93.94673361103537
2025-03-09 20:17:52.329333,454.0,484.0,385.0,2559.0,1067.0,354.0,57.88484948346842,68.92592610897933,56.36841655395753,41.02947100421476,17.017209615961242,44.188870389532795,37.99546556920358,61.19653650233218,49.39795050333664,93.94673361103537
2025-03-09 20:17:52.329333,455.0,474.0,369.0,2559.0,1069.0,353.0,57.88484948346842,68.92592610897933,56.36841655395753,41.02947100421476,17.017209615961242,44.188870389532795,37.99546556920358,61.19653650233218,49.39795050333664,93.94673361103537
2025-03-09 20:17:52.337667,459.0,464.0,370.0,2559.0,1063.0,354.0,57.92313372556715,69.10632070956288,56.36638421013202,40.980831427416156,17.072921759703373,44.169715668166106,38.12039634010649,61.314835945863756,49.489971864330236,93.9265541772793
2025-03-09 20:17:52.337667,465.0,484.0,372.0,2551.0,1063.0,355.0,57.92313372556715,69.10632070956288,56.36638421013202,40.980831427416156,17.072921759703373,44.169715668166106,38.12039634010649,61.314835945863756,49.489971864330236,93.9265541772793
2025-03-09 20:17:52.337667,460.0,473.0,395.0,2559.0,1066.0,351.0,57.92313372556715,69.10632070956288,56.36638421013202,40.980831427416156,17.072921759703373,44.169715668166106,38.12039634010649,61.314835945863756,49.489971864330236,93.9265541772793
2025-03-09 20:17:52.346000,463.0,465.0,379.0,2527.0,1065.0,351.0,57.96922136018076,69.29403147598745,56.36493326060083,40.93133570275495,17.132617089051326,44.15172361152505,38.25324269609953,61.438159513233224,49.582236398381006,93.90544136125436
2025-03-09 20:17:52.346000,467.0,470.0,369.0,2541.0,1058.0,350.0,57.96922136018076,69.29403147598745,56.36493326060083,40.93133570275495,17.132617089051326,44.15172361152505,38.25324269609953,61.438159513233224,49.582236398381006,93.90544136125436
2025-03-09 20:17:52.346000,465.0,471.0,372.0,2583.0,1061.0,345.0,57.96922136018076,69.29403147598745,56.36493326060083,40.93133570275495,17.132617089051326,44.15172361152505,38.25324269609953,61.438159513233224,49.582236398381006,93.90544136125436
2025-03-09 20:17:52.346000,470.0,432.0,374.0,2557.0,1057.0,345.0,57.96922136018076,69.29403147598745,56.36493326060083,40.93133570275495,17.132617089051326,44.15172361152505,38.25324269609953,61.438159513233224,49.582236398381006,93.90544136125436
2025-03-09 20:17:52.354333,466.0,474.0,375.0,2534.0,1060.0,351.0,58.022690699369505,69.48797701110631,56.36496555162539,40.8815619323331,17.19455426153342,44.134553812980364,38.39230493478716,61.56718207246142,49.67602785418665,93.88266487274701
2025-03-09 20:17:52.354333,464.0,465.0,368.0,2554.0,1056.0,346.0,58.022690699369505,69.48797701110631,56.36496555162539,40.8815619323331,17.19455426153342,44.134553812980364,38.39230493478716,61.56718207246142,49.67602785418665,93.88266487274701
2025-03-09 20:17:52.354333,467.0,479.0,368.0,2556.0,1059.0,346.0,58.022690699369505,69.48797701110631,56.36496555162539,40.8815619323331,17.19455426153342,44.134553812980364,38.39230493478716,61.56718207246142,49.67602785418665,93.88266487274701
2025-03-09 20:17:52.362667,470.0,478.0,397.0,2559.0,1069.0,345.0,58.08178607709674,69.68638122167994,56.36550319427925,40.83214368011267,17.25675382373611,44.11775097240867,38.53661001298697,61.702029264072024,49.77257471129902,93.85606874933973
2025-03-09 20:17:52.362667,470.0,471.0,435.0,2557.0,1054.0,342.0,58.08178607709674,69.68638122167994,56.36550319427925,40.83214368011267,17.25675382373611,44.11775097240867,38.53661001298697,61.702029264072024,49.77257471129902,93.85606874933973
2025-03-09 20:17:52.362667,486.0,465.0,370.0,2554.0,1056.0,345.0,58.08178607709674,69.68638122167994,56.36550319427925,40.83214368011267,17.25675382373611,44.11775097240867,38.53661001298697,61.702029264072024,49.77257471129902,93.85606874933973
2025-03-09 20:17:52.362667,487.0,474.0,368.0,2547.0,1054.0,343.0,58.08178607709674,69.68638122167994,56.36550319427925,40.83214368011267,17.25675382373611,44.11775097240867,38.53661001298697,61.702029264072024,49.77257471129902,93.85606874933973
2025-03-09 20:17:52.371000,480.0,480.0,374.0,2547.0,1054.0,345.0,58.14723605574745,69.88913989837269,56.36767426596953,40.77937893086904,17.319829273262002,44.09822508893,38.686126108717055,61.84240883005709,49.8689681902864,93.82524880466138
2025-03-09 20:17:52.371000,494.0,476.0,363.0,2551.0,1057.0,345.0,58.14723605574745,69.88913989837269,56.36767426596953,40.77937893086904,17.319829273262002,44.09822508893,38.686126108717055,61.84240883005709,49.8689681902864,93.82524880466138
2025-03-09 20:17:52.371000,491.0,474.0,375.0,2532.0,1053.0,347.0,58.14723605574745,69.88913989837269,56.36767426596953,40.77937893086904,17.319829273262002,44.09822508893,38.686126108717055,61.84240883005709,49.8689681902864,93.82524880466138
2025-03-09 20:17:52.371000,489.0,474.0,378.0,2549.0,1053.0,342.0,58.14723605574745,69.88913989837269,56.36767426596953,40.77937893086904,17.319829273262002,44.09822508893,38.686126108717055,61.84240883005709,49.8689681902864,93.82524880466138
2025-03-09 20:17:52.379333,450.0,474.0,373.0,2549.0,1054.0,347.0,58.223327254841735,70.09845466781861,56.376877247096765,40.71761980214238,17.38718414642052,44.07244393236357,38.84082623726808,61.98867390826398,49.95999775506808,93.79264672786825
2025-03-09 20:17:52.379333,507.0,476.0,368.0,2545.0,1051.0,343.0,58.223327254841735,70.09845466781861,56.376877247096765,40.71761980214238,17.38718414642052,44.07244393236357,38.84082623726808,61.98867390826398,49.95999775506808,93.79264672786825
2025-03-09 20:17:52.379333,493.0,464.0,368.0,2545.0,1047.0,341.0,58.223327254841735,70.09845466781861,56.376877247096765,40.71761980214238,17.38718414642052,44.07244393236357,38.84082623726808,61.98867390826398,49.95999775506808,93.79264672786825
2025-03-09 20:17:52.387667,509.0,475.0,368.0,2545.0,1049.0,342.0,58.311975182412084,70.31442302979426,56.393304174910305,40.64836412622101,17.458103271964355,44.041549820641,39.000850050127255,62.141795007781035,50.04604410564404,93.75886569316498
2025-03-09 20:17:52.387667,508.0,477.0,377.0,2559.0,1045.0,341.0,58.311975182412084,70.31442302979426,56.393304174910305,40.64836412622101,17.458103271964355,44.041549820641,39.000850050127255,62.141795007781035,50.04604410564404,93.75886569316498
2025-03-09 20:17:52.387667,525.0,476.0,375.0,2544.0,1050.0,343.0,58.311975182412084,70.31442302979426,56.393304174910305,40.64836412622101,17.458103271964355,44.041549820641,39.000850050127255,62.141795007781035,50.04604410564404,93.75886569316498
2025-03-09 20:17:52.387667,511.0,443.0,373.0,2545.0,1052.0,341.0,58.311975182412084,70.31442302979426,56.393304174910305,40.64836412622101,17.458103271964355,44.041549820641,39.000850050127255,62.141795007781035,50.04604410564404,93.75886569316498
2025-03-09 20:17:52.396000,507.0,477.0,379.0,2544.0,1050.0,343.0,58.41217985531211,70.53523094733463,56.41305386679708,40.578354856737384,17.527532739192544,44.00954316668442,39.16532671740126,62.303164840541875,50.13274653874587,93.72215334215142
2025-03-09 20:17:52.396000,511.0,482.0,368.0,2546.0,1046.0,339.0,58.41217985531211,70.53523094733463,56.41305386679708,40.578354856737384,17.527532739192544,44.00954316668442,39.16532671740126,62.303164840541875,50.13274653874587,93.72215334215142
2025-03-09 20:17:52.396000,528.0,474.0,374.0,2543.0,1043.0,336.0,58.41217985531211,70.53523094733463,56.41305386679708,40.578354856737384,17.527532739192544,44.00954316668442,39.16532671740126,62.303164840541875,50.13274653874587,93.72215334215142
2025-03-09 20:17:52.396000,531.0,471.0,363.0,2544.0,1040.0,339.0,58.41217985531211,70.53523094733463,56.41305386679708,40.578354856737384,17.527532739192544,44.00954316668442,39.16532671740126,62.303164840541875,50.13274653874587,93.72215334215142
2025-03-09 20:17:52.404333,525.0,486.0,374.0,2547.0,1045.0,340.0,58.522466333409014,70.75972418637768,56.43497101377317,40.50941668529592,17.593328484320832,43.977106369046425,39.333058731890695,62.47292493641188,50.22217931157304,93.68023376593978
2025-03-09 20:17:52.404333,506.0,485.0,377.0,2544.0,1043.0,337.0,58.522466333409014,70.75972418637768,56.43497101377317,40.50941668529592,17.593328484320832,43.977106369046425,39.333058731890695,62.47292493641188,50.22217931157304,93.68023376593978
2025-03-09 20:17:52.404333,533.0,478.0,372.0,2547.0,1043.0,339.0,58.522466333409014,70.75972418637768,56.43497101377317,40.50941668529592,17.593328484320832,43.977106369046425,39.333058731890695,62.47292493641188,50.22217931157304,93.68023376593978
2025-03-09 20:17:52.412667,535.0,464.0,371.0,2545.0,1042.0,339.0,58.64086329864794,70.98703528751722,56.45898123491773,40.44004374775628,17.655936049956953,43.94285766859559,39.50379014436205,62.65028400170638,50.31356190997176,93.63043993957619
2025-03-09 20:17:52.412667,531.0,494.0,375.0,2545.0,1043.0,337.0,58.64086329864794,70.98703528751722,56.45898123491773,40.44004374775628,17.655936049956953,43.94285766859559,39.50379014436205,62.65028400170638,50.31356190997176,93.63043993957619
2025-03-09 20:17:52.412667,560.0,483.0,372.0,2551.0,1037.0,336.0,58.64086329864794,70.98703528751722,56.45898123491773,40.44004374775628,17.655936049956953,43.94285766859559,39.50379014436205,62.65028400170638,50.31356190997176,93.63043993957619
2025-03-09 20:17:52.412667,560.0,478.0,373.0,2544.0,1040.0,337.0,58.64086329864794,70.98703528751722,56.45898123491773,40.44004374775628,17.655936049956953,43.94285766859559,39.50379014436205,62.65028400170638,50.31356190997176,93.63043993957619
2025-03-09 20:17:52.421000,587.0,475.0,375.0,2544.0,1039.0,336.0,58.7655005593633,71.2164295329473,56.48508022888079,40.37214088623189,17.714098286516887,43.90760872521751,39.67687348314159,62.836300087675866,50.40985472849858,93.57011605262613
2025-03-09 20:17:52.421000,534.0,475.0,370.0,2539.0,1040.0,337.0,58.7655005593633,71.2164295329473,56.48508022888079,40.37214088623189,17.714098286516887,43.90760872521751,39.67687348314159,62.836300087675866,50.40985472849858,93.57011605262613
2025-03-09 20:17:52.421000,570.0,473.0,370.0,2535.0,1037.0,336.0,58.7655005593633,71.2164295329473,56.48508022888079,40.37214088623189,17.714098286516887,43.90760872521751,39.67687348314159,62.836300087675866,50.40985472849858,93.57011605262613
2025-03-09 20:17:52.421000,573.0,475.0,373.0,2544.0,1039.0,337.0,58.7655005593633,71.2164295329473,56.48508022888079,40.37214088623189,17.714098286516887,43.90760872521751,39.67687348314159,62.836300087675866,50.40985472849858,93.57011605262613
2025-03-09 20:17:52.429333,565.0,481.0,382.0,2542.0,1015.0,336.0,58.894194965214375,71.4469438206229,56.511992520866535,40.30821657542839,17.76547845163186,43.872181313337165,39.852208659889705,63.032666271434714,50.515057074702064,93.49642099240322
2025-03-09 20:17:52.429333,587.0,480.0,373.0,2538.0,1035.0,336.0,58.894194965214375,71.4469438206229,56.511992520866535,40.30821657542839,17.76547845163186,43.872181313337165,39.852208659889705,63.032666271434714,50.515057074702064,93.49642099240322
2025-03-09 20:17:52.437667,591.0,481.0,371.0,2535.0,1034.0,335.0,59.023311338331624,71.6770208595655,56.53713021589071,40.24720008251723,17.809768664044874,43.835203013413455,40.030405166769114,63.238176922049824,50.629084391600614,93.4051509199236
2025-03-09 20:17:52.437667,580.0,480.0,375.0,2542.0,1037.0,336.0,59.023311338331624,71.6770208595655,56.53713021589071,40.24720008251723,17.809768664044874,43.835203013413455,40.030405166769114,63.238176922049824,50.629084391600614,93.4051509199236
2025-03-09 20:17:52.437667,592.0,480.0,368.0,2539.0,1035.0,334.0,59.023311338331624,71.6770208595655,56.53713021589071,40.24720008251723,17.809768664044874,43.835203013413455,40.030405166769114,63.238176922049824,50.629084391600614,93.4051509199236
2025-03-09 20:17:52.437667,595.0,479.0,372.0,2540.0,1023.0,336.0,59.023311338331624,71.6770208595655,56.53713021589071,40.24720008251723,17.809768664044874,43.835203013413455,40.030405166769114,63.238176922049824,50.629084391600614,93.4051509199236
2025-03-09 20:17:52.446000,587.0,490.0,375.0,2540.0,1034.0,334.0,59.14863466085067,71.90445766612386,56.5576855992405,40.186249241923896,17.848805099330633,43.79500913233537,40.21133497028146,63.44802668820972,50.74796276670599,93.2902226699699
2025-03-09 20:17:52.446000,593.0,486.0,374.0,2539.0,1023.0,335.0,59.14863466085067,71.90445766612386,56.5576855992405,40.186249241923896,17.848805099330633,43.79500913233537,40.21133497028146,63.44802668820972,50.74796276670599,93.2902226699699
2025-03-09 20:17:52.446000,593.0,483.0,367.0,2547.0,1023.0,335.0,59.14863466085067,71.90445766612386,56.5576855992405,40.186249241923896,17.848805099330633,43.79500913233537,40.21133497028146,63.44802668820972,50.74796276670599,93.2902226699699
2025-03-09 20:17:52.446000,613.0,483.0,370.0,2535.0,1023.0,331.0,59.14863466085067,71.90445766612386,56.5576855992405,40.186249241923896,17.848805099330633,43.79500913233537,40.21133497028146,63.44802668820972,50.74796276670599,93.2902226699699
2025-03-09 20:17:52.454333,611.0,484.0,373.0,2531.0,1023.0,331.0,59.26567781941718,72.12657139690656,56.571970419050494,40.12379671614279,17.88380185390503,43.75097400706666,40.392638863418064,63.65666263978137,50.868427785315625,93.14352167736044
2025-03-09 20:17:52.454333,613.0,479.0,384.0,2539.0,1023.0,332.0,59.26567781941718,72.12657139690656,56.571970419050494,40.12379671614279,17.88380185390503,43.75097400706666,40.392638863418064,63.65666263978137,50.868427785315625,93.14352167736044
2025-03-09 20:17:52.454333,617.0,485.0,369.0,2531.0,1022.0,332.0,59.26567781941718,72.12657139690656,56.571970419050494,40.12379671614279,17.88380185390503,43.75097400706666,40.392638863418064,63.65666263978137,50.868427785315625,93.14352167736044
2025-03-09 20:17:52.454333,622.0,482.0,370.0,2549.0,1023.0,327.0,59.26567781941718,72.12657139690656,56.571970419050494,40.12379671614279,17.88380185390503,43.75097400706666,40.392638863418064,63.65666263978137,50.868427785315625,93.14352167736044
2025-03-09 20:17:52.462667,617.0,481.0,371.0,2535.0,1022.0,330.0,59.36965624743032,72.34054563547838,56.578221307786784,40.06041241405914,17.913703379004353,43.70342751588422,40.570647167946866,63.85965502816807,50.990188584699816,92.95677730223757
2025-03-09 20:17:52.462667,624.0,481.0,371.0,2537.0,1023.0,327.0,59.36965624743032,72.34054563547838,56.578221307786784,40.06041241405914,17.913703379004353,43.70342751588422,40.570647167946866,63.85965502816807,50.990188584699816,92.95677730223757
2025-03-09 20:17:52.462667,639.0,487.0,377.0,2535.0,1019.0,326.0,59.36965624743032,72.34054563547838,56.578221307786784,40.06041241405914,17.913703379004353,43.70342751588422,40.570647167946866,63.85965502816807,50.990188584699816,92.95677730223757
2025-03-09 20:17:52.471000,635.0,478.0,373.0,2531.0,1019.0,327.0,59.45894084709783,72.54503796463736,56.57479399427489,39.996794972190834,17.93755736635228,43.65264786388501,40.744620479673216,64.0556087307903,51.113419166183675,92.72888379112877
2025-03-09 20:17:52.471000,637.0,493.0,375.0,2531.0,1018.0,325.0,59.45894084709783,72.54503796463736,56.57479399427489,39.996794972190834,17.93755736635228,43.65264786388501,40.744620479673216,64.0556087307903,51.113419166183675,92.72888379112877
2025-03-09 20:17:52.471000,635.0,483.0,369.0,2533.0,1019.0,325.0,59.45894084709783,72.54503796463736,56.57479399427489,39.996794972190834,17.93755736635228,43.65264786388501,40.744620479673216,64.0556087307903,51.113419166183675,92.72888379112877
2025-03-09 20:17:52.471000,639.0,481.0,372.0,2531.0,1019.0,326.0,59.45894084709783,72.54503796463736,56.57479399427489,39.996794972190834,17.93755736635228,43.65264786388501,40.744620479673216,64.0556087307903,51.113419166183675,92.72888379112877
2025-03-09 20:17:52.479333,639.0,483.0,367.0,2529.0,1018.0,326.0,59.53961276071145,72.74439634461774,56.5620969878816,39.932067860366494,17.955468287470296,43.59792383763652,40.919177635912376,64.2497166361233,51.23900599190199,92.47228577783729
2025-03-09 20:17:52.479333,640.0,485.0,370.0,2533.0,1018.0,322.0,59.53961276071145,72.74439634461774,56.5620969878816,39.932067860366494,17.955468287470296,43.59792383763652,40.919177635912376,64.2497166361233,51.23900599190199,92.47228577783729
2025-03-09 20:17:52.479333,640.0,478.0,371.0,2530.0,1015.0,324.0,59.53961276071145,72.74439634461774,56.5620969878816,39.932067860366494,17.955468287470296,43.59792383763652,40.919177635912376,64.2497166361233,51.23900599190199,92.47228577783729
2025-03-09 20:17:52.479333,656.0,487.0,373.0,2526.0,1015.0,321.0,59.53961276071145,72.74439634461774,56.5620969878816,39.932067860366494,17.955468287470296,43.59792383763652,40.919177635912376,64.2497166361233,51.23900599190199,92.47228577783729
2025-03-09 20:17:52.487667,651.0,485.0,370.0,2527.0,1018.0,320.0,59.62300316555634,72.94587331448372,56.54279920696588,39.865489452176575,17.96849210564568,43.539348166285464,41.100214552413966,64.44953546528541,51.3672755308745,92.20576229143995
2025-03-09 20:17:52.487667,656.0,485.0,369.0,2523.0,1017.0,315.0,59.62300316555634,72.94587331448372,56.54279920696588,39.865489452176575,17.96849210564568,43.539348166285464,41.100214552413966,64.44953546528541,51.3672755308745,92.20576229143995
2025-03-09 20:17:52.487667,657.0,489.0,368.0,2533.0,1013.0,318.0,59.62300316555634,72.94587331448372,56.54279920696588,39.865489452176575,17.96849210564568,43.539348166285464,41.100214552413966,64.44953546528541,51.3672755308745,92.20576229143995
2025-03-09 20:17:52.496000,656.0,492.0,377.0,2527.0,1014.0,320.0,59.71788996928489,73.15325973826342,56.519660651599246,39.79793344828011,17.97929485327295,43.479264968606174,41.29071373298838,64.65765352410176,51.49572370187319,91.94264279226206
2025-03-09 20:17:52.496000,656.0,494.0,373.0,2523.0,1017.0,320.0,59.71788996928489,73.15325973826342,56.519660651599246,39.79793344828011,17.97929485327295,43.479264968606174,41.29071373298838,64.65765352410176,51.49572370187319,91.94264279226206
2025-03-09 20:17:52.496000,662.0,486.0,368.0,2524.0,1017.0,323.0,59.71788996928489,73.15325973826342,56.519660651599246,39.79793344828011,17.97929485327295,43.479264968606174,41.29071373298838,64.65765352410176,51.49572370187319,91.94264279226206
2025-03-09 20:17:52.504333,667.0,496.0,370.0,2522.0,1019.0,317.0,59.82689446571257,73.3671124825622,56.495333443722586,39.73013818684671,17.991186295442244,43.4199480869513,41.49044467488946,64.87265042737664,51.62151703873267,91.6893311179368
2025-03-09 20:17:52.504333,670.0,490.0,374.0,2525.0,1010.0,318.0,59.82689446571257,73.3671124825622,56.495333443722586,39.73013818684671,17.991186295442244,43.4199480869513,41.49044467488946,64.87265042737664,51.62151703873267,91.6893311179368
2025-03-09 20:17:52.504333,672.0,490.0,370.0,2513.0,1017.0,316.0,59.82689446571257,73.3671124825622,56.495333443722586,39.73013818684671,17.991186295442244,43.4199480869513,41.49044467488946,64.87265042737664,51.62151703873267,91.6893311179368
2025-03-09 20:17:52.504333,673.0,496.0,372.0,2523.0,1019.0,315.0,59.82689446571257,73.3671124825622,56.495333443722586,39.73013818684671,17.991186295442244,43.4199480869513,41.49044467488946,64.87265042737664,51.62151703873267,91.6893311179368
2025-03-09 20:17:52.504333,678.0,491.0,371.0,2523.0,1020.0,316.0,59.82689446571257,73.3671124825622,56.495333443722586,39.73013818684671,17.991186295442244,43.4199480869513,41.49044467488946,64.87265042737664,51.62151703873267,91.6893311179368
2025-03-09 20:17:52.512667,683.0,491.0,371.0,2525.0,1020.0,317.0,59.94819722228301,73.58570353837912,56.47228667953063,39.663081657571716,18.00543998937776,43.363026743256135,41.695267540777365,65.09097072894286,51.743279669896545,91.44831974447708
2025-03-09 20:17:52.512667,677.0,496.0,377.0,2519.0,1018.0,318.0,59.94819722228301,73.58570353837912,56.47228667953063,39.663081657571716,18.00543998937776,43.363026743256135,41.695267540777365,65.09097072894286,51.743279669896545,91.44831974447708
2025-03-09 20:17:52.512667,683.0,490.0,367.0,2518.0,1019.0,319.0,59.94819722228301,73.58570353837912,56.47228667953063,39.663081657571716,18.00543998937776,43.363026743256135,41.695267540777365,65.09097072894286,51.743279669896545,91.44831974447708
2025-03-09 20:17:52.521000,693.0,494.0,378.0,2523.0,1022.0,314.0,60.0783001932176,73.80630605915253,56.45277627631576,39.599502670296786,18.020956126025347,43.31056191985411,41.89922925562298,65.30960659898635,51.86249093613488,91.2216560344567
2025-03-09 20:17:52.521000,699.0,490.0,375.0,2514.0,1021.0,311.0,60.0783001932176,73.80630605915253,56.45277627631576,39.599502670296786,18.020956126025347,43.31056191985411,41.89922925562298,65.30960659898635,51.86249093613488,91.2216560344567
2025-03-09 20:17:52.521000,695.0,496.0,369.0,2518.0,1023.0,309.0,60.0783001932176,73.80630605915253,56.45277627631576,39.599502670296786,18.020956126025347,43.31056191985411,41.89922925562298,65.30960659898635,51.86249093613488,91.2216560344567
2025-03-09 20:17:52.529333,699.0,496.0,368.0,2513.0,1022.0,311.0,60.21491508591837,74.02790976818376,56.440276254857096,39.541639035739436,18.03701406454094,43.26414855175333,42.097624303481076,65.52782932006967,51.981803983587284,91.01016270079415
2025-03-09 20:17:52.529333,702.0,495.0,365.0,2518.0,1022.0,311.0,60.21491508591837,74.02790976818376,56.440276254857096,39.541639035739436,18.03701406454094,43.26414855175333,42.097624303481076,65.52782932006967,51.981803983587284,91.01016270079415
2025-03-09 20:17:52.529333,704.0,495.0,368.0,2517.0,1018.0,310.0,60.21491508591837,74.02790976818376,56.440276254857096,39.541639035739436,18.03701406454094,43.26414855175333,42.097624303481076,65.52782932006967,51.981803983587284,91.01016270079415
2025-03-09 20:17:52.529333,705.0,496.0,368.0,2518.0,1022.0,312.0,60.21491508591837,74.02790976818376,56.440276254857096,39.541639035739436,18.03701406454094,43.26414855175333,42.097624303481076,65.52782932006967,51.981803983587284,91.01016270079415
2025-03-09 20:17:52.537667,727.0,498.0,368.0,2507.0,1023.0,307.0,60.35735167518365,74.24985953858423,56.43692501611818,39.489984697344575,18.052852147501685,43.22386985618311,42.28772880702031,65.74548027782525,52.10204614775709,90.81082290136563
2025-03-09 20:17:52.537667,723.0,492.0,373.0,2513.0,1023.0,306.0,60.35735167518365,74.24985953858423,56.43692501611818,39.489984697344575,18.052852147501685,43.22386985618311,42.28772880702031,65.74548027782525,52.10204614775709,90.81082290136563
2025-03-09 20:17:52.537667,730.0,501.0,379.0,2511.0,1023.0,308.0,60.35735167518365,74.24985953858423,56.43692501611818,39.489984697344575,18.052852147501685,43.22386985618311,42.28772880702031,65.74548027782525,52.10204614775709,90.81082290136563
2025-03-09 20:17:52.537667,729.0,496.0,377.0,2507.0,1034.0,309.0,60.35735167518365,74.24985953858423,56.43692501611818,39.489984697344575,18.052852147501685,43.22386985618311,42.28772880702031,65.74548027782525,52.10204614775709,90.81082290136563
2025-03-09 20:17:52.546000,730.0,496.0,371.0,2515.0,1023.0,308.0,60.50423305152319,74.47116136715876,56.442780212792044,39.44433426542591,18.066943695394468,43.188931701473045,42.46756233709769,65.96201411361673,52.22372396759588,90.6207305910407
2025-03-09 20:17:52.546000,730.0,498.0,367.0,2512.0,1023.0,305.0,60.50423305152319,74.47116136715876,56.442780212792044,39.44433426542591,18.066943695394468,43.188931701473045,42.46756233709769,65.96201411361673,52.22372396759588,90.6207305910407
2025-03-09 20:17:52.546000,735.0,498.0,366.0,2512.0,1023.0,307.0,60.50423305152319,74.47116136715876,56.442780212792044,39.44433426542591,18.066943695394468,43.188931701473045,42.46756233709769,65.96201411361673,52.22372396759588,90.6207305910407
2025-03-09 20:17:52.554333,729.0,502.0,363.0,2511.0,1034.0,304.0,60.652667853671375,74.69083310028807,56.456218225205355,39.401400614192845,18.079406407267587,43.15638460439527,42.63739537832512,66.17588907027661,52.345124227815084,90.4389599323541
2025-03-09 20:17:52.554333,752.0,497.0,373.0,2507.0,1023.0,304.0,60.652667853671375,74.69083310028807,56.456218225205355,39.401400614192845,18.079406407267587,43.15638460439527,42.63739537832512,66.17588907027661,52.345124227815084,90.4389599323541
2025-03-09 20:17:52.554333,757.0,505.0,368.0,2507.0,1034.0,304.0,60.652667853671375,74.69083310028807,56.456218225205355,39.401400614192845,18.079406407267587,43.15638460439527,42.63739537832512,66.17588907027661,52.345124227815084,90.4389599323541
2025-03-09 20:17:52.554333,749.0,497.0,371.0,2512.0,1034.0,304.0,60.652667853671375,74.69083310028807,56.456218225205355,39.401400614192845,18.079406407267587,43.15638460439527,42.63739537832512,66.17588907027661,52.345124227815084,90.4389599323541
2025-03-09 20:17:52.562667,755.0,503.0,377.0,2512.0,1035.0,304.0,60.80013326882679,74.90807572283782,56.475020381582105,39.35559282466561,18.09284223668309,43.12224114211297,42.799862903316644,66.38464692611005,52.46139838566313,90.26557759178606
2025-03-09 20:17:52.562667,761.0,496.0,368.0,2502.0,1023.0,304.0,60.80013326882679,74.90807572283782,56.475020381582105,39.35559282466561,18.09284223668309,43.12224114211297,42.799862903316644,66.38464692611005,52.46139838566313,90.26557759178606
2025-03-09 20:17:52.562667,763.0,499.0,375.0,2508.0,1039.0,304.0,60.80013326882679,74.90807572283782,56.475020381582105,39.35559282466561,18.09284223668309,43.12224114211297,42.799862903316644,66.38464692611005,52.46139838566313,90.26557759178606
2025-03-09 20:17:52.562667,766.0,499.0,371.0,2506.0,1034.0,304.0,60.80013326882679,74.90807572283782,56.475020381582105,39.35559282466561,18.09284223668309,43.12224114211297,42.799862903316644,66.38464692611005,52.46139838566313,90.26557759178606
2025-03-09 20:17:52.571000,783.0,501.0,366.0,2508.0,1037.0,302.0,60.943723374810816,75.12205586060765,56.49911053906767,39.30722512798329,18.108418590902176,43.08720024905911,42.95415251527144,66.58638781517,52.572779460516074,90.09970158586766
2025-03-09 20:17:52.571000,777.0,508.0,372.0,2496.0,1040.0,304.0,60.943723374810816,75.12205586060765,56.49911053906767,39.30722512798329,18.108418590902176,43.08720024905911,42.95415251527144,66.58638781517,52.572779460516074,90.09970158586766
2025-03-09 20:17:52.571000,784.0,509.0,362.0,2503.0,1037.0,302.0,60.943723374810816,75.12205586060765,56.49911053906767,39.30722512798329,18.108418590902176,43.08720024905911,42.95415251527144,66.58638781517,52.572779460516074,90.09970158586766
2025-03-09 20:17:52.579333,781.0,509.0,372.0,2498.0,1040.0,302.0,61.08050685475029,75.33150163353652,56.52820866616238,39.259395856060145,18.125459542724265,43.0535854988046,43.09846101569647,66.7801620015969,52.68220573303599,89.93927178368538
2025-03-09 20:17:52.579333,784.0,511.0,368.0,2480.0,1040.0,303.0,61.08050685475029,75.33150163353652,56.52820866616238,39.259395856060145,18.125459542724265,43.0535854988046,43.09846101569647,66.7801620015969,52.68220573303599,89.93927178368538
2025-03-09 20:17:52.579333,784.0,507.0,370.0,2501.0,1039.0,302.0,61.08050685475029,75.33150163353652,56.52820866616238,39.259395856060145,18.125459542724265,43.0535854988046,43.09846101569647,66.7801620015969,52.68220573303599,89.93927178368538
2025-03-09 20:17:52.579333,783.0,507.0,368.0,2498.0,1038.0,304.0,61.08050685475029,75.33150163353652,56.52820866616238,39.259395856060145,18.125459542724265,43.0535854988046,43.09846101569647,66.7801620015969,52.68220573303599,89.93927178368538
2025-03-09 20:17:52.587667,783.0,506.0,371.0,2477.0,1039.0,302.0,61.2090604718319,75.53350772035924,56.55609150379235,39.211959319565224,18.143191427759284,43.020690266939084,43.23652199116555,66.96462502762807,52.787520672902666,89.78192719079982
2025-03-09 20:17:52.587667,791.0,510.0,375.0,2490.0,1043.0,298.0,61.2090604718319,75.53350772035924,56.55609150379235,39.211959319565224,18.143191427759284,43.020690266939084,43.23652199116555,66.96462502762807,52.787520672902666,89.78192719079982
2025-03-09 20:17:52.587667,798.0,511.0,373.0,2496.0,1043.0,297.0,61.2090604718319,75.53350772035924,56.55609150379235,39.211959319565224,18.143191427759284,43.020690266939084,43.23652199116555,66.96462502762807,52.787520672902666,89.78192719079982
2025-03-09 20:17:52.596000,795.0,511.0,370.0,2501.0,1043.0,298.0,61.32825353450951,75.72581481069977,56.57895391976281,39.16624434662855,18.160047227263068,42.988810323863625,43.369827336378556,67.13934778321547,52.888817834397,89.62561160248517
2025-03-09 20:17:52.596000,795.0,509.0,371.0,2502.0,1044.0,297.0,61.32825353450951,75.72581481069977,56.57895391976281,39.16624434662855,18.160047227263068,42.988810323863625,43.369827336378556,67.13934778321547,52.888817834397,89.62561160248517
2025-03-09 20:17:52.596000,797.0,502.0,366.0,2502.0,1045.0,299.0,61.32825353450951,75.72581481069977,56.57895391976281,39.16624434662855,18.160047227263068,42.988810323863625,43.369827336378556,67.13934778321547,52.888817834397,89.62561160248517
2025-03-09 20:17:52.596000,794.0,508.0,378.0,2498.0,1045.0,298.0,61.32825353450951,75.72581481069977,56.57895391976281,39.16624434662855,18.160047227263068,42.988810323863625,43.369827336378556,67.13934778321547,52.888817834397,89.62561160248517
2025-03-09 20:17:52.604333,801.0,511.0,375.0,2497.0,1050.0,293.0,61.43701621205788,75.90752001252119,56.59648052376306,39.123829688361845,18.175386770941547,42.95882657739767,43.498154860548105,67.30463262094531,52.98765170181286,89.46816761744614
2025-03-09 20:17:52.604333,813.0,511.0,369.0,2496.0,1057.0,293.0,61.43701621205788,75.90752001252119,56.59648052376306,39.123829688361845,18.175386770941547,42.95882657739767,43.498154860548105,67.30463262094531,52.98765170181286,89.46816761744614
2025-03-09 20:17:52.604333,810.0,511.0,368.0,2496.0,1051.0,290.0,61.43701621205788,75.90752001252119,56.59648052376306,39.123829688361845,18.175386770941547,42.95882657739767,43.498154860548105,67.30463262094531,52.98765170181286,89.46816761744614
2025-03-09 20:17:52.612667,812.0,510.0,343.0,2487.0,1054.0,293.0,61.53491379144591,76.07840189410794,56.6069956421172,39.08387677963145,18.188970060234293,42.92959046430298,43.62371308030361,67.4614822639486,53.08410115423137,89.30824252633687
2025-03-09 20:17:52.612667,816.0,511.0,384.0,2501.0,1054.0,292.0,61.53491379144591,76.07840189410794,56.6069956421172,39.08387677963145,18.188970060234293,42.92959046430298,43.62371308030361,67.4614822639486,53.08410115423137,89.30824252633687
2025-03-09 20:17:52.612667,815.0,511.0,378.0,2498.0,1056.0,293.0,61.53491379144591,76.07840189410794,56.6069956421172,39.08387677963145,18.188970060234293,42.92959046430298,43.62371308030361,67.4614822639486,53.08410115423137,89.30824252633687
2025-03-09 20:17:52.612667,816.0,511.0,347.0,2498.0,1054.0,295.0,61.53491379144591,76.07840189410794,56.6069956421172,39.08387677963145,18.188970060234293,42.92959046430298,43.62371308030361,67.4614822639486,53.08410115423137,89.30824252633687
2025-03-09 20:17:52.621000,816.0,511.0,368.0,2501.0,1054.0,289.0,61.62169677837659,76.23829161292213,56.60839976562914,39.0462115689382,18.19987888867042,42.90045579666387,43.74801851126877,67.61051931002095,53.17860879579359,89.14546809965309
2025-03-09 20:17:52.621000,816.0,524.0,373.0,2496.0,1057.0,293.0,61.62169677837659,76.23829161292213,56.60839976562914,39.0462115689382,18.19987888867042,42.90045579666387,43.74801851126877,67.61051931002095,53.17860879579359,89.14546809965309
2025-03-09 20:17:52.621000,833.0,511.0,373.0,2497.0,1059.0,288.0,61.62169677837659,76.23829161292213,56.60839976562914,39.0462115689382,18.19987888867042,42.90045579666387,43.74801851126877,67.61051931002095,53.17860879579359,89.14546809965309
2025-03-09 20:17:52.629333,842.0,511.0,373.0,2492.0,1061.0,290.0,61.696828910955766,76.38611517440089,56.59923300292433,39.01040682079274,18.20855357398255,42.87114672534395,43.87211228292363,67.75078044240242,53.26976841805169,88.97888504473714
2025-03-09 20:17:52.629333,835.0,510.0,371.0,2496.0,1061.0,289.0,61.696828910955766,76.38611517440089,56.59923300292433,39.01040682079274,18.20855357398255,42.87114672534395,43.87211228292363,67.75078044240242,53.26976841805169,88.97888504473714
2025-03-09 20:17:52.629333,835.0,511.0,357.0,2491.0,1061.0,292.0,61.696828910955766,76.38611517440089,56.59923300292433,39.01040682079274,18.20855357398255,42.87114672534395,43.87211228292363,67.75078044240242,53.26976841805169,88.97888504473714
2025-03-09 20:17:52.629333,839.0,511.0,374.0,2498.0,1061.0,289.0,61.696828910955766,76.38611517440089,56.59923300292433,39.01040682079274,18.20855357398255,42.87114672534395,43.87211228292363,67.75078044240242,53.26976841805169,88.97888504473714
2025-03-09 20:17:52.637667,833.0,511.0,370.0,2497.0,1059.0,288.0,61.760312740432326,76.5209361055503,56.57887032025238,38.97389990170003,18.2164840259634,42.839711006314545,43.99830358371207,67.88197839392032,53.354542316949846,88.80750090644709
2025-03-09 20:17:52.637667,837.0,511.0,369.0,2495.0,1059.0,288.0,61.760312740432326,76.5209361055503,56.57887032025238,38.97389990170003,18.2164840259634,42.839711006314545,43.99830358371207,67.88197839392032,53.354542316949846,88.80750090644709
2025-03-09 20:17:52.637667,851.0,534.0,375.0,2485.0,1066.0,289.0,61.760312740432326,76.5209361055503,56.57887032025238,38.97389990170003,18.2164840259634,42.839711006314545,43.99830358371207,67.88197839392032,53.354542316949846,88.80750090644709
2025-03-09 20:17:52.637667,864.0,511.0,377.0,2499.0,1068.0,285.0,61.760312740432326,76.5209361055503,56.57887032025238,38.97389990170003,18.2164840259634,42.839711006314545,43.99830358371207,67.88197839392032,53.354542316949846,88.80750090644709
2025-03-09 20:17:52.646000,861.0,511.0,368.0,2496.0,1072.0,287.0,61.81204918936461,76.64164909976692,56.54607383555597,38.93446011753563,18.222871209551773,42.80361874090058,44.12778750750554,68.00441607469101,53.4312183573557,88.63041129117347
2025-03-09 20:17:52.646000,868.0,523.0,369.0,2499.0,1069.0,287.0,61.81204918936461,76.64164909976692,56.54607383555597,38.93446011753563,18.222871209551773,42.80361874090058,44.12778750750554,68.00441607469101,53.4312183573557,88.63041129117347
2025-03-09 20:17:52.646000,855.0,528.0,382.0,2499.0,1069.0,285.0,61.81204918936461,76.64164909976692,56.54607383555597,38.93446011753563,18.222871209551773,42.80361874090058,44.12778750750554,68.00441607469101,53.4312183573557,88.63041129117347
2025-03-09 20:17:52.654333,862.0,511.0,368.0,2497.0,1071.0,286.0,61.851590646363285,76.74751552986619,56.500144192959944,38.89229240285213,18.225226453089917,42.76197600331981,44.25946603082751,68.11865122288238,53.50101160906658,88.44665740285053
2025-03-09 20:17:52.654333,868.0,523.0,370.0,2499.0,1069.0,285.0,61.851590646363285,76.74751552986619,56.500144192959944,38.89229240285213,18.225226453089917,42.76197600331981,44.25946603082751,68.11865122288238,53.50101160906658,88.44665740285053
2025-03-09 20:17:52.654333,866.0,524.0,346.0,2496.0,1067.0,286.0,61.851590646363285,76.74751552986619,56.500144192959944,38.89229240285213,18.225226453089917,42.76197600331981,44.25946603082751,68.11865122288238,53.50101160906658,88.44665740285053
2025-03-09 20:17:52.654333,893.0,528.0,368.0,2495.0,1069.0,281.0,61.851590646363285,76.74751552986619,56.500144192959944,38.89229240285213,18.225226453089917,42.76197600331981,44.25946603082751,68.11865122288238,53.50101160906658,88.44665740285053
2025-03-09 20:17:52.662667,897.0,525.0,369.0,2491.0,1067.0,283.0,61.87871047420549,76.83816894195914,56.441245509024846,38.848192552980194,18.222883562563343,42.715157394980594,44.39266814889168,68.22479399038309,53.56473371369403,88.25453569655963
2025-03-09 20:17:52.662667,899.0,528.0,368.0,2496.0,1069.0,279.0,61.87871047420549,76.83816894195914,56.441245509024846,38.848192552980194,18.222883562563343,42.715157394980594,44.39266814889168,68.22479399038309,53.56473371369403,88.25453569655963
2025-03-09 20:17:52.662667,900.0,528.0,369.0,2496.0,1067.0,283.0,61.87871047420549,76.83816894195914,56.441245509024846,38.848192552980194,18.222883562563343,42.715157394980594,44.39266814889168,68.22479399038309,53.56473371369403,88.25453569655963
2025-03-09 20:17:52.671000,903.0,538.0,358.0,2496.0,1067.0,282.0,61.894449203177345,76.91357832996268,56.36915256569005,38.802706980390425,18.216511965775247,42.663851294555286,44.52851019365692,68.32307253104881,53.62180987047335,88.05196290756325
2025-03-09 20:17:52.671000,901.0,534.0,350.0,2494.0,1068.0,280.0,61.894449203177345,76.91357832996268,56.36915256569005,38.802706980390425,18.216511965775247,42.663851294555286,44.52851019365692,68.32307253104881,53.62180987047335,88.05196290756325
2025-03-09 20:17:52.671000,905.0,528.0,367.0,2496.0,1069.0,282.0,61.894449203177345,76.91357832996268,56.36915256569005,38.802706980390425,18.216511965775247,42.663851294555286,44.52851019365692,68.32307253104881,53.62180987047335,88.05196290756325
2025-03-09 20:17:52.671000,945.0,541.0,368.0,2494.0,1070.0,283.0,61.894449203177345,76.91357832996268,56.36915256569005,38.802706980390425,18.216511965775247,42.663851294555286,44.52851019365692,68.32307253104881,53.62180987047335,88.05196290756325
2025-03-09 20:17:52.679333,927.0,511.0,369.0,2501.0,1069.0,279.0,61.89958025352174,76.97367607969076,56.28399570603404,38.75674456867299,18.206922388300892,42.60937589368748,44.66676438350699,68.41251454259313,53.67144902317475,87.84126885425985
2025-03-09 20:17:52.679333,935.0,540.0,368.0,2491.0,1071.0,281.0,61.89958025352174,76.97367607969076,56.28399570603404,38.75674456867299,18.206922388300892,42.60937589368748,44.66676438350699,68.41251454259313,53.67144902317475,87.84126885425985
2025-03-09 20:17:52.679333,930.0,528.0,372.0,2496.0,1071.0,279.0,61.89958025352174,76.97367607969076,56.28399570603404,38.75674456867299,18.206922388300892,42.60937589368748,44.66676438350699,68.41251454259313,53.67144902317475,87.84126885425985
2025-03-09 20:17:52.687667,933.0,543.0,368.0,2502.0,1067.0,276.0,61.893582787136275,77.01851509179566,56.18618903059198,38.71020378609171,18.195194336245955,42.55228527405635,44.80668311932005,68.49158725792087,53.712913546807805,87.62895542757569
2025-03-09 20:17:52.687667,938.0,501.0,367.0,2495.0,1069.0,278.0,61.893582787136275,77.01851509179566,56.18618903059198,38.71020378609171,18.195194336245955,42.55228527405635,44.80668311932005,68.49158725792087,53.712913546807805,87.62895542757569
2025-03-09 20:17:52.687667,942.0,527.0,368.0,2490.0,1071.0,278.0,61.893582787136275,77.01851509179566,56.18618903059198,38.71020378609171,18.195194336245955,42.55228527405635,44.80668311932005,68.49158725792087,53.712913546807805,87.62895542757569
2025-03-09 20:17:52.687667,944.0,506.0,370.0,2493.0,1070.0,278.0,61.893582787136275,77.01851509179566,56.18618903059198,38.71020378609171,18.195194336245955,42.55228527405635,44.80668311932005,68.49158725792087,53.712913546807805,87.62895542757569
2025-03-09 20:17:52.696000,959.0,545.0,384.0,2491.0,1072.0,276.0,61.87732081236456,77.04916318143987,56.075189209214976,38.66197672077536,18.179931213646498,42.49100640376762,44.94903514535534,68.56200374986764,53.74704732231384,87.41653095352676
2025-03-09 20:17:52.696000,960.0,550.0,376.0,2487.0,1069.0,275.0,61.87732081236456,77.04916318143987,56.075189209214976,38.66197672077536,18.179931213646498,42.49100640376762,44.94903514535534,68.56200374986764,53.74704732231384,87.41653095352676
2025-03-09 20:17:52.696000,970.0,553.0,371.0,2486.0,1071.0,272.0,61.87732081236456,77.04916318143987,56.075189209214976,38.66197672077536,18.179931213646498,42.49100640376762,44.94903514535534,68.56200374986764,53.74704732231384,87.41653095352676
2025-03-09 20:17:52.704333,963.0,544.0,368.0,2485.0,1069.0,273.0,61.85191567456713,77.06673232536873,55.9506529565732,38.61207257019236,18.159117172980032,42.42489160144467,45.09341252087588,68.62516151513834,53.77536438401785,87.20158544331576
2025-03-09 20:17:52.704333,961.0,543.0,361.0,2490.0,1070.0,272.0,61.85191567456713,77.06673232536873,55.9506529565732,38.61207257019236,18.159117172980032,42.42489160144467,45.09341252087588,68.62516151513834,53.77536438401785,87.20158544331576
2025-03-09 20:17:52.704333,960.0,546.0,365.0,2486.0,1068.0,273.0,61.85191567456713,77.06673232536873,55.9506529565732,38.61207257019236,18.159117172980032,42.42489160144467,45.09341252087588,68.62516151513834,53.77536438401785,87.20158544331576
2025-03-09 20:17:52.704333,966.0,546.0,368.0,2485.0,1070.0,275.0,61.85191567456713,77.06673232536873,55.9506529565732,38.61207257019236,18.159117172980032,42.42489160144467,45.09341252087588,68.62516151513834,53.77536438401785,87.20158544331576
2025-03-09 20:17:52.712667,966.0,545.0,347.0,2486.0,1072.0,274.0,61.817941041573306,77.07269135643276,55.8143203720983,38.562312043862846,18.13170980853989,42.35525204681616,45.23809546318272,68.68237551576392,53.80098830195081,86.9834964380226
2025-03-09 20:17:52.712667,1033.0,550.0,355.0,2486.0,1073.0,272.0,61.817941041573306,77.07269135643276,55.8143203720983,38.562312043862846,18.13170980853989,42.35525204681616,45.23809546318272,68.68237551576392,53.80098830195081,86.9834964380226
2025-03-09 20:17:52.712667,981.0,557.0,357.0,2485.0,1072.0,272.0,61.817941041573306,77.07269135643276,55.8143203720983,38.562312043862846,18.13170980853989,42.35525204681616,45.23809546318272,68.68237551576392,53.80098830195081,86.9834964380226
2025-03-09 20:17:52.721000,960.0,555.0,358.0,2485.0,1072.0,272.0,61.775426979276865,77.06985112194135,55.67058913112344,38.51477021153126,18.096864397715674,42.28341322940484,45.38073151206023,68.7369337454229,53.829744431741034,86.76139659120639
2025-03-09 20:17:52.721000,996.0,550.0,368.0,2485.0,1074.0,272.0,61.775426979276865,77.06985112194135,55.67058913112344,38.51477021153126,18.096864397715674,42.28341322940484,45.38073151206023,68.7369337454229,53.829744431741034,86.76139659120639
2025-03-09 20:17:52.721000,983.0,551.0,370.0,2487.0,1072.0,271.0,61.775426979276865,77.06985112194135,55.67058913112344,38.51477021153126,18.096864397715674,42.28341322940484,45.38073151206023,68.7369337454229,53.829744431741034,86.76139659120639
2025-03-09 20:17:52.721000,989.0,564.0,348.0,2484.0,1072.0,270.0,61.775426979276865,77.06985112194135,55.67058913112344,38.51477021153126,18.096864397715674,42.28341322940484,45.38073151206023,68.7369337454229,53.829744431741034,86.76139659120639
2025-03-09 20:17:52.729333,991.0,558.0,368.0,2494.0,1072.0,273.0,61.72325942379674,77.06160179440022,55.5242681135308,38.471111233426186,18.054037202306123,42.21035266944075,45.519061202312876,68.7924377412175,53.86858008345318,86.53502593793709
2025-03-09 20:17:52.729333,1018.0,571.0,368.0,2481.0,1072.0,270.0,61.72325942379674,77.06160179440022,55.5242681135308,38.471111233426186,18.054037202306123,42.21035266944075,45.519061202312876,68.7924377412175,53.86858008345318,86.53502593793709
2025-03-09 20:17:52.729333,1021.0,555.0,369.0,2482.0,1072.0,269.0,61.72325942379674,77.06160179440022,55.5242681135308,38.471111233426186,18.054037202306123,42.21035266944075,45.519061202312876,68.7924377412175,53.86858008345318,86.53502593793709
2025-03-09 20:17:52.737667,1019.0,566.0,384.0,2480.0,1072.0,270.0,61.6601382123912,77.05151643987013,55.37988389363769,38.43182972682671,18.00318210465757,42.13617457651615,45.651657595017774,68.85244652180931,53.92374004673928,86.30649969150106
2025-03-09 20:17:52.737667,1008.0,559.0,388.0,2480.0,1072.0,270.0,61.6601382123912,77.05151643987013,55.37988389363769,38.43182972682671,18.00318210465757,42.13617457651615,45.651657595017774,68.85244652180931,53.92374004673928,86.30649969150106
2025-03-09 20:17:52.737667,1036.0,573.0,368.0,2482.0,1071.0,270.0,61.6601382123912,77.05151643987013,55.37988389363769,38.43182972682671,18.00318210465757,42.13617457651615,45.651657595017774,68.85244652180931,53.92374004673928,86.30649969150106
2025-03-09 20:17:52.737667,1035.0,564.0,365.0,2486.0,1072.0,266.0,61.6601382123912,77.05151643987013,55.37988389363769,38.43182972682671,18.00318210465757,42.13617457651615,45.651657595017774,68.85244652180931,53.92374004673928,86.30649969150106
2025-03-09 20:17:52.746000,1038.0,563.0,370.0,2481.0,1072.0,269.0,61.58413155223132,77.0416660760136,55.24082893462039,38.39579669175675,17.945065540868907,42.06010517899555,45.77690807402678,68.91783884794643,53.998056352286326,86.07644359565052
2025-03-09 20:17:52.746000,1043.0,528.0,368.0,2479.0,1072.0,267.0,61.58413155223132,77.0416660760136,55.24082893462039,38.39579669175675,17.945065540868907,42.06010517899555,45.77690807402678,68.91783884794643,53.998056352286326,86.07644359565052
2025-03-09 20:17:52.746000,1067.0,566.0,365.0,2480.0,1071.0,267.0,61.58413155223132,77.0416660760136,55.24082893462039,38.39579669175675,17.945065540868907,42.06010517899555,45.77690807402678,68.91783884794643,53.998056352286326,86.07644359565052
2025-03-09 20:17:52.754333,1040.0,565.0,366.0,2480.0,1072.0,263.0,61.49360188310646,77.03437909186322,55.11224052189343,38.36183603811691,17.882500421829878,41.98280342079749,45.89095700296159,68.98647252160303,54.092121451578876,85.84498413759654
2025-03-09 20:17:52.754333,1047.0,574.0,359.0,2479.0,1072.0,267.0,61.49360188310646,77.03437909186322,55.11224052189343,38.36183603811691,17.882500421829878,41.98280342079749,45.89095700296159,68.98647252160303,54.092121451578876,85.84498413759654
2025-03-09 20:17:52.754333,1044.0,571.0,368.0,2489.0,1078.0,262.0,61.49360188310646,77.03437909186322,55.11224052189343,38.36183603811691,17.882500421829878,41.98280342079749,45.89095700296159,68.98647252160303,54.092121451578876,85.84498413759654
2025-03-09 20:17:52.754333,1040.0,576.0,368.0,2480.0,1071.0,267.0,61.49360188310646,77.03437909186322,55.11224052189343,38.36183603811691,17.882500421829878,41.98280342079749,45.89095700296159,68.98647252160303,54.092121451578876,85.84498413759654
2025-03-09 20:17:52.762667,1045.0,640.0,369.0,2480.0,1072.0,266.0,61.387693226040405,77.03262518427404,54.99959544176987,38.32914160060568,17.820335027920578,41.906457626431155,45.990161478617544,69.05464996930287,54.20508529640171,85.61349020206436
2025-03-09 20:17:52.762667,1041.0,585.0,373.0,2477.0,1075.0,261.0,61.387693226040405,77.03262518427404,54.99959544176987,38.32914160060568,17.820335027920578,41.906457626431155,45.990161478617544,69.05464996930287,54.20508529640171,85.61349020206436
2025-03-09 20:17:52.762667,1047.0,573.0,369.0,2471.0,1074.0,262.0,61.387693226040405,77.03262518427404,54.99959544176987,38.32914160060568,17.820335027920578,41.906457626431155,45.990161478617544,69.05464996930287,54.20508529640171,85.61349020206436
2025-03-09 20:17:52.771000,1041.0,574.0,374.0,2481.0,1073.0,262.0,61.265721190245394,77.03741220983166,54.90550668418648,38.2947087812353,17.762408159131397,41.83047591223773,46.07351604278482,69.1191829357877,54.333433345867874,85.38382188997159
2025-03-09 20:17:52.771000,1046.0,576.0,384.0,2490.0,1072.0,261.0,61.265721190245394,77.03741220983166,54.90550668418648,38.2947087812353,17.762408159131397,41.83047591223773,46.07351604278482,69.1191829357877,54.333433345867874,85.38382188997159
2025-03-09 20:17:52.771000,1053.0,577.0,365.0,2470.0,1073.0,257.0,61.265721190245394,77.03741220983166,54.90550668418648,38.2947087812353,17.762408159131397,41.83047591223773,46.07351604278482,69.1191829357877,54.333433345867874,85.38382188997159
2025-03-09 20:17:52.771000,1043.0,592.0,369.0,2478.0,1072.0,257.0,61.265721190245394,77.03741220983166,54.90550668418648,38.2947087812353,17.762408159131397,41.83047591223773,46.07351604278482,69.1191829357877,54.333433345867874,85.38382188997159
2025-03-09 20:17:52.779333,1039.0,578.0,368.0,2471.0,1075.0,261.0,61.127648012172045,77.04806140775435,54.82900242740331,38.254533028654926,17.710206492656752,41.75199739149495,46.1426805291665,69.17838476110433,54.4725830196947,85.15806401580286
2025-03-09 20:17:52.779333,1034.0,573.0,310.0,2472.0,1079.0,256.0,61.127648012172045,77.04806140775435,54.82900242740331,38.254533028654926,17.710206492656752,41.75199739149495,46.1426805291665,69.17838476110433,54.4725830196947,85.15806401580286
2025-03-09 20:17:52.779333,1034.0,581.0,378.0,2469.0,1079.0,256.0,61.127648012172045,77.04806140775435,54.82900242740331,38.254533028654926,17.710206492656752,41.75199739149495,46.1426805291665,69.17838476110433,54.4725830196947,85.15806401580286
2025-03-09 20:17:52.787667,1035.0,579.0,375.0,2460.0,1075.0,258.0,60.97462505583511,77.0637067303736,54.767680746158945,38.20704047854172,17.66377253472105,41.66968910704823,46.19996734151172,69.2316741828249,54.61949752310831,84.93837704302659
2025-03-09 20:17:52.787667,1014.0,584.0,395.0,2474.0,1082.0,257.0,60.97462505583511,77.0637067303736,54.767680746158945,38.20704047854172,17.66377253472105,41.66968910704823,46.19996734151172,69.2316741828249,54.61949752310831,84.93837704302659
2025-03-09 20:17:52.787667,1023.0,581.0,368.0,2471.0,1079.0,256.0,60.97462505583511,77.0637067303736,54.767680746158945,38.20704047854172,17.66377253472105,41.66968910704823,46.19996734151172,69.2316741828249,54.61949752310831,84.93837704302659
2025-03-09 20:17:52.787667,1046.0,583.0,374.0,2476.0,1078.0,256.0,60.97462505583511,77.0637067303736,54.767680746158945,38.20704047854172,17.66377253472105,41.66968910704823,46.19996734151172,69.2316741828249,54.61949752310831,84.93837704302659
2025-03-09 20:17:52.796000,1036.0,588.0,375.0,2469.0,1082.0,257.0,60.80890548274807,77.08252763091224,54.71866026180393,38.152466750888756,17.62341343725256,41.58404819642167,46.247507409896755,69.27761538388198,54.77016279077167,84.72517174785264
2025-03-09 20:17:52.796000,1036.0,654.0,371.0,2468.0,1082.0,256.0,60.80890548274807,77.08252763091224,54.71866026180393,38.152466750888756,17.62341343725256,41.58404819642167,46.247507409896755,69.27761538388198,54.77016279077167,84.72517174785264
2025-03-09 20:17:52.796000,1039.0,590.0,372.0,2463.0,1081.0,255.0,60.80890548274807,77.08252763091224,54.71866026180393,38.152466750888756,17.62341343725256,41.58404819642167,46.247507409896755,69.27761538388198,54.77016279077167,84.72517174785264
2025-03-09 20:17:52.804333,1034.0,653.0,369.0,2470.0,1083.0,256.0,60.632000931150486,77.10316984415115,54.682208806833664,38.09085305685556,17.589865800607573,41.49590835710815,46.28387821908349,69.31363312130101,54.92074524042866,84.51921164383523
2025-03-09 20:17:52.804333,1040.0,598.0,378.0,2470.0,1082.0,254.0,60.632000931150486,77.10316984415115,54.682208806833664,38.09085305685556,17.589865800607573,41.49590835710815,46.28387821908349,69.31363312130101,54.92074524042866,84.51921164383523
2025-03-09 20:17:52.804333,1041.0,591.0,377.0,2469.0,1083.0,251.0,60.632000931150486,77.10316984415115,54.682208806833664,38.09085305685556,17.589865800607573,41.49590835710815,46.28387821908349,69.31363312130101,54.92074524042866,84.51921164383523
2025-03-09 20:17:52.812667,1042.0,581.0,371.0,2473.0,1085.0,254.0,60.44521491400385,77.12458903074567,54.658550379489256,38.02272314358733,17.563150616488105,41.40642080930332,46.30683767820318,69.3371553311206,55.06836771901721,84.32269747706445
2025-03-09 20:17:52.812667,1042.0,587.0,374.0,2467.0,1085.0,252.0,60.44521491400385,77.12458903074567,54.658550379489256,38.02272314358733,17.563150616488105,41.40642080930332,46.30683767820318,69.3371553311206,55.06836771901721,84.32269747706445
2025-03-09 20:17:52.812667,1101.0,599.0,368.0,2474.0,1088.0,252.0,60.44521491400385,77.12458903074567,54.658550379489256,38.02272314358733,17.563150616488105,41.40642080930332,46.30683767820318,69.3371553311206,55.06836771901721,84.32269747706445
2025-03-09 20:17:52.812667,1104.0,604.0,375.0,2469.0,1088.0,251.0,60.44521491400385,77.12458903074567,54.658550379489256,38.02272314358733,17.563150616488105,41.40642080930332,46.30683767820318,69.3371553311206,55.06836771901721,84.32269747706445
2025-03-09 20:17:52.821000,1123.0,600.0,371.0,2462.0,1088.0,249.0,60.251905418398785,77.14605125673258,54.645343342605734,37.94943496543567,17.54225299220009,41.316734532248994,46.317577152178174,69.34821277270994,55.21085907494116,84.13834337992233
2025-03-09 20:17:52.821000,1102.0,601.0,375.0,2463.0,1087.0,250.0,60.251905418398785,77.14605125673258,54.645343342605734,37.94943496543567,17.54225299220009,41.316734532248994,46.317577152178174,69.34821277270994,55.21085907494116,84.13834337992233
2025-03-09 20:17:52.821000,1125.0,609.0,377.0,2464.0,1086.0,247.0,60.251905418398785,77.14605125673258,54.645343342605734,37.94943496543567,17.54225299220009,41.316734532248994,46.317577152178174,69.34821277270994,55.21085907494116,84.13834337992233
2025-03-09 20:17:52.829333,1130.0,609.0,371.0,2465.0,1089.0,251.0,60.05555789760568,77.16767568147003,54.64047705993548,37.87249490367496,17.52552553891969,41.22754563718206,46.31819711284946,69.34901003469251,55.34803306343165,83.96924482020354
2025-03-09 20:17:52.829333,1127.0,607.0,373.0,2465.0,1088.0,247.0,60.05555789760568,77.16767568147003,54.64047705993548,37.87249490367496,17.52552553891969,41.22754563718206,46.31819711284946,69.34901003469251,55.34803306343165,83.96924482020354
2025-03-09 20:17:52.829333,1137.0,624.0,378.0,2461.0,1086.0,244.0,60.05555789760568,77.16767568147003,54.64047705993548,37.87249490367496,17.52552553891969,41.22754563718206,46.31819711284946,69.34901003469251,55.34803306343165,83.96924482020354
2025-03-09 20:17:52.829333,1200.0,624.0,382.0,2469.0,1087.0,243.0,60.05555789760568,77.16767568147003,54.64047705993548,37.87249490367496,17.52552553891969,41.22754563718206,46.31819711284946,69.34901003469251,55.34803306343165,83.96924482020354
2025-03-09 20:17:52.837667,1193.0,623.0,383.0,2463.0,1085.0,242.0,59.858818974097424,77.19029594367836,54.64354360239996,37.79291301565018,17.512089619750952,41.139383657645844,46.30990300544493,69.34177335550727,55.48035684887898,83.81849489345207
2025-03-09 20:17:52.837667,1213.0,627.0,379.0,2465.0,1085.0,246.0,59.858818974097424,77.19029594367836,54.64354360239996,37.79291301565018,17.512089619750952,41.139383657645844,46.30990300544493,69.34177335550727,55.48035684887898,83.81849489345207
2025-03-09 20:17:52.837667,1206.0,625.0,384.0,2464.0,1087.0,243.0,59.858818974097424,77.19029594367836,54.64354360239996,37.79291301565018,17.512089619750952,41.139383657645844,46.30990300544493,69.34177335550727,55.48035684887898,83.81849489345207
2025-03-09 20:17:52.846000,1168.0,633.0,377.0,2462.0,1083.0,246.0,59.66435380634803,77.21414070048856,54.65304588712775,37.710108341432,17.50207431713457,41.05167222344889,46.29536889064183,69.32801071739381,55.60595591692915,83.6882516128865
2025-03-09 20:17:52.846000,1232.0,628.0,377.0,2457.0,1085.0,242.0,59.66435380634803,77.21414070048856,54.65304588712775,37.710108341432,17.50207431713457,41.05167222344889,46.29536889064183,69.32801071739381,55.60595591692915,83.6882516128865
2025-03-09 20:17:52.846000,1238.0,635.0,385.0,2469.0,1079.0,244.0,59.66435380634803,77.21414070048856,54.65304588712775,37.710108341432,17.50207431713457,41.05167222344889,46.29536889064183,69.32801071739381,55.60595591692915,83.6882516128865
2025-03-09 20:17:52.846000,1301.0,647.0,383.0,2457.0,1082.0,242.0,59.66435380634803,77.21414070048856,54.65304588712775,37.710108341432,17.50207431713457,41.05167222344889,46.29536889064183,69.32801071739381,55.60595591692915,83.6882516128865
2025-03-09 20:17:52.854333,1313.0,656.0,381.0,2455.0,1076.0,240.0,59.47505188449381,77.23837228713042,54.66537242828841,37.623287645286794,17.49608469777751,40.963749944569706,46.27901665895738,69.30842173101561,55.72121915564948,83.58032165192064
2025-03-09 20:17:52.854333,1312.0,655.0,388.0,2453.0,1076.0,240.0,59.47505188449381,77.23837228713042,54.66537242828841,37.623287645286794,17.49608469777751,40.963749944569706,46.27901665895738,69.30842173101561,55.72121915564948,83.58032165192064
2025-03-09 20:17:52.854333,1318.0,657.0,382.0,2449.0,1073.0,240.0,59.47505188449381,77.23837228713042,54.66537242828841,37.623287645286794,17.49608469777751,40.963749944569706,46.27901665895738,69.30842173101561,55.72121915564948,83.58032165192064
2025-03-09 20:17:52.862667,1328.0,656.0,376.0,2454.0,1076.0,241.0,59.29376958738533,77.26276521053245,54.67929382199069,37.532967113770276,17.494439363648382,40.8761006615761,46.262831635415026,69.28407596859542,55.824215707115044,83.49736112008559
2025-03-09 20:17:52.862667,1328.0,658.0,384.0,2453.0,1073.0,240.0,59.29376958738533,77.26276521053245,54.67929382199069,37.532967113770276,17.494439363648382,40.8761006615761,46.262831635415026,69.28407596859542,55.824215707115044,83.49736112008559
2025-03-09 20:17:52.862667,1342.0,656.0,385.0,2452.0,1075.0,240.0,59.29376958738533,77.26276521053245,54.67929382199069,37.532967113770276,17.494439363648382,40.8761006615761,46.262831635415026,69.28407596859542,55.824215707115044,83.49736112008559
2025-03-09 20:17:52.871000,1390.0,688.0,384.0,2448.0,1067.0,240.0,59.12264685151398,77.2882494669988,54.69700451003161,37.44096830326923,17.49605874414885,40.78992037305762,46.244953763734046,69.25718980714552,55.91640703258539,83.44185221873536
2025-03-09 20:17:52.871000,1392.0,689.0,383.0,2446.0,1067.0,240.0,59.12264685151398,77.2882494669988,54.69700451003161,37.44096830326923,17.49605874414885,40.78992037305762,46.244953763734046,69.25718980714552,55.91640703258539,83.44185221873536
2025-03-09 20:17:52.871000,1393.0,691.0,387.0,2447.0,1065.0,240.0,59.12264685151398,77.2882494669988,54.69700451003161,37.44096830326923,17.49605874414885,40.78992037305762,46.244953763734046,69.25718980714552,55.91640703258539,83.44185221873536
2025-03-09 20:17:52.871000,1396.0,693.0,381.0,2452.0,1062.0,240.0,59.12264685151398,77.2882494669988,54.69700451003161,37.44096830326923,17.49605874414885,40.78992037305762,46.244953763734046,69.25718980714552,55.91640703258539,83.44185221873536
2025-03-09 20:17:52.871000,1399.0,695.0,398.0,2447.0,1065.0,239.0,59.12264685151398,77.2882494669988,54.69700451003161,37.44096830326923,17.49605874414885,40.78992037305762,46.244953763734046,69.25718980714552,55.91640703258539,83.44185221873536
2025-03-09 20:17:52.879333,1407.0,701.0,384.0,2447.0,1062.0,238.0,58.96258938622102,77.31468966949726,54.71921514126368,37.34975682643537,17.4993637042807,40.706706630636546,46.22373441608449,69.229163612814,55.99964007725017,83.41360444829132
2025-03-09 20:17:52.879333,1409.0,700.0,384.0,2448.0,1059.0,238.0,58.96258938622102,77.31468966949726,54.71921514126368,37.34975682643537,17.4993637042807,40.706706630636546,46.22373441608449,69.229163612814,55.99964007725017,83.41360444829132
2025-03-09 20:17:52.887667,1461.0,732.0,384.0,2448.0,1052.0,234.0,58.81370369422541,77.34053866340491,54.74377000538724,37.26165443247224,17.50322846345495,40.62777967353321,46.19997709107861,69.2003934263128,56.074632010260146,83.40893938496176
2025-03-09 20:17:52.887667,1464.0,723.0,382.0,2443.0,1051.0,238.0,58.81370369422541,77.34053866340491,54.74377000538724,37.26165443247224,17.50322846345495,40.62777967353321,46.19997709107861,69.2003934263128,56.074632010260146,83.40893938496176
2025-03-09 20:17:52.887667,1467.0,724.0,385.0,2445.0,1046.0,235.0,58.81370369422541,77.34053866340491,54.74377000538724,37.26165443247224,17.50322846345495,40.62777967353321,46.19997709107861,69.2003934263128,56.074632010260146,83.40893938496176
2025-03-09 20:17:52.887667,1474.0,731.0,383.0,2443.0,1047.0,234.0,58.81370369422541,77.34053866340491,54.74377000538724,37.26165443247224,17.50322846345495,40.62777967353321,46.19997709107861,69.2003934263128,56.074632010260146,83.40893938496176
2025-03-09 20:17:52.896000,1478.0,737.0,383.0,2448.0,1042.0,235.0,58.67614173877175,77.36428993017488,54.767594200621446,37.17746407108763,17.506902250289897,40.55307037294379,46.176267002383526,69.17164839753778,56.1411870732763,83.42320140897085
2025-03-09 20:17:52.896000,1482.0,738.0,388.0,2447.0,1041.0,235.0,58.67614173877175,77.36428993017488,54.767594200621446,37.17746407108763,17.506902250289897,40.55307037294379,46.176267002383526,69.17164839753778,56.1411870732763,83.42320140897085
2025-03-09 20:17:52.896000,1488.0,741.0,383.0,2443.0,1043.0,234.0,58.67614173877175,77.36428993017488,54.767594200621446,37.17746407108763,17.506902250289897,40.55307037294379,46.176267002383526,69.17164839753778,56.1411870732763,83.42320140897085
2025-03-09 20:17:52.896000,1531.0,762.0,385.0,2439.0,1023.0,230.0,58.67614173877175,77.36428993017488,54.767594200621446,37.17746407108763,17.506902250289897,40.55307037294379,46.176267002383526,69.17164839753778,56.1411870732763,83.42320140897085
2025-03-09 20:17:52.904333,1535.0,758.0,382.0,2442.0,1023.0,235.0,58.54927199577792,77.38474257159456,54.78875093450748,37.09683511165715,17.509995462150737,40.48157119541995,46.15461444598588,69.14367625800305,56.19908297311921,83.4528179931329
2025-03-09 20:17:52.904333,1534.0,765.0,395.0,2445.0,1023.0,234.0,58.54927199577792,77.38474257159456,54.78875093450748,37.09683511165715,17.509995462150737,40.48157119541995,46.15461444598588,69.14367625800305,56.19908297311921,83.4528179931329
2025-03-09 20:17:52.904333,1535.0,771.0,395.0,2438.0,1023.0,234.0,58.54927199577792,77.38474257159456,54.78875093450748,37.09683511165715,17.509995462150737,40.48157119541995,46.15461444598588,69.14367625800305,56.19908297311921,83.4528179931329
2025-03-09 20:17:52.912667,1535.0,769.0,390.0,2437.0,1023.0,233.0,58.43194622170806,77.40176414822871,54.80764596277526,37.01963036104658,17.512149513527305,40.41269649169375,46.13481814904605,69.11721798411641,56.24947087619634,83.49551375116506
2025-03-09 20:17:52.912667,1535.0,772.0,389.0,2437.0,1023.0,233.0,58.43194622170806,77.40176414822871,54.80764596277526,37.01963036104658,17.512149513527305,40.41269649169375,46.13481814904605,69.11721798411641,56.24947087619634,83.49551375116506
2025-03-09 20:17:52.912667,1535.0,778.0,384.0,2439.0,1023.0,230.0,58.43194622170806,77.40176414822871,54.80764596277526,37.01963036104658,17.512149513527305,40.41269649169375,46.13481814904605,69.11721798411641,56.24947087619634,83.49551375116506
2025-03-09 20:17:52.921000,1571.0,791.0,401.0,2436.0,1008.0,230.0,58.32408590671275,77.41503664806353,54.82401071536212,36.94648227093096,17.513529994279992,40.34691052141559,46.1172069992642,69.0924334197948,56.292518055760155,83.54823903133777
2025-03-09 20:17:52.921000,1594.0,795.0,387.0,2434.0,1008.0,233.0,58.32408590671275,77.41503664806353,54.82401071536212,36.94648227093096,17.513529994279992,40.34691052141559,46.1172069992642,69.0924334197948,56.292518055760155,83.54823903133777
2025-03-09 20:17:52.921000,1588.0,793.0,388.0,2435.0,1008.0,234.0,58.32408590671275,77.41503664806353,54.82401071536212,36.94648227093096,17.513529994279992,40.34691052141559,46.1172069992642,69.0924334197948,56.292518055760155,83.54823903133777
2025-03-09 20:17:52.921000,1587.0,795.0,391.0,2435.0,1008.0,233.0,58.32408590671275,77.41503664806353,54.82401071536212,36.94648227093096,17.513529994279992,40.34691052141559,46.1172069992642,69.0924334197948,56.292518055760155,83.54823903133777
2025-03-09 20:17:52.929333,1597.0,802.0,383.0,2437.0,1007.0,232.0,58.22681848949164,77.42393806988552,54.83673155096335,36.879012201825574,17.513518182129687,40.28533335724226,46.102221985862855,69.06975243091964,56.32823546470528,83.60750933713506
2025-03-09 20:17:52.929333,1603.0,803.0,381.0,2435.0,1006.0,234.0,58.22681848949164,77.42393806988552,54.83673155096335,36.879012201825574,17.513518182129687,40.28533335724226,46.102221985862855,69.06975243091964,56.32823546470528,83.60750933713506
2025-03-09 20:17:52.929333,1606.0,798.0,384.0,2443.0,1006.0,230.0,58.22681848949164,77.42393806988552,54.83673155096335,36.879012201825574,17.513518182129687,40.28533335724226,46.102221985862855,69.06975243091964,56.32823546470528,83.60750933713506
2025-03-09 20:17:52.929333,1637.0,818.0,389.0,2412.0,992.0,226.0,58.22681848949164,77.42393806988552,54.83673155096335,36.879012201825574,17.513518182129687,40.28533335724226,46.102221985862855,69.06975243091964,56.32823546470528,83.60750933713506
2025-03-09 20:17:52.937667,1642.0,823.0,387.0,2431.0,989.0,226.0,58.14132920791483,77.42856716224115,54.84537449515239,36.81905817650115,17.51109824191004,40.22933419270822,46.08933264895062,69.0496998418818,56.35751749370484,83.67114980121087
2025-03-09 20:17:52.937667,1635.0,819.0,383.0,2442.0,990.0,229.0,58.14132920791483,77.42856716224115,54.84537449515239,36.81905817650115,17.51109824191004,40.22933419270822,46.08933264895062,69.0496998418818,56.35751749370484,83.67114980121087
2025-03-09 20:17:52.937667,1641.0,823.0,384.0,2432.0,988.0,227.0,58.14132920791483,77.42856716224115,54.84537449515239,36.81905817650115,17.51109824191004,40.22933419270822,46.08933264895062,69.0496998418818,56.35751749370484,83.67114980121087
2025-03-09 20:17:52.946000,1642.0,834.0,374.0,2430.0,986.0,227.0,58.06773151673277,77.43058846567838,54.853893902830045,36.767908622176066,17.506568836548656,40.18030331207071,46.07541879765516,69.03321821621152,56.382520788591805,83.73879010980856
2025-03-09 20:17:52.946000,1640.0,826.0,384.0,2427.0,987.0,227.0,58.06773151673277,77.43058846567838,54.853893902830045,36.767908622176066,17.506568836548656,40.18030331207071,46.07541879765516,69.03321821621152,56.382520788591805,83.73879010980856
2025-03-09 20:17:52.946000,1644.0,833.0,393.0,2430.0,985.0,227.0,58.06773151673277,77.43058846567838,54.853893902830045,36.767908622176066,17.506568836548656,40.18030331207071,46.07541879765516,69.03321821621152,56.382520788591805,83.73879010980856
2025-03-09 20:17:52.946000,1689.0,846.0,385.0,2426.0,976.0,224.0,58.06773151673277,77.43058846567838,54.853893902830045,36.767908622176066,17.506568836548656,40.18030331207071,46.07541879765516,69.03321821621152,56.382520788591805,83.73879010980856
2025-03-09 20:17:52.954333,1686.0,848.0,394.0,2429.0,972.0,229.0,58.00512999551843,77.43227985889324,54.86956364125838,36.72608396769882,17.50122604593306,40.139243215131145,46.055240749606156,69.0213932456836,56.40565259412488,83.81112262485301
2025-03-09 20:17:52.954333,1682.0,848.0,384.0,2430.0,973.0,224.0,58.00512999551843,77.43227985889324,54.86956364125838,36.72608396769882,17.50122604593306,40.139243215131145,46.055240749606156,69.0213932456836,56.40565259412488,83.81112262485301
2025-03-09 20:17:52.954333,1682.0,853.0,384.0,2433.0,972.0,227.0,58.00512999551843,77.43227985889324,54.86956364125838,36.72608396769882,17.50122604593306,40.139243215131145,46.055240749606156,69.0213932456836,56.40565259412488,83.81112262485301
2025-03-09 20:17:52.962667,1691.0,853.0,381.0,2427.0,974.0,225.0,57.95363451463851,77.43401613398123,54.89301655675623,36.69322089295721,17.495761007727467,40.10613717819386,46.02864345509831,69.01413401061029,56.4264499198662,83.88729772008831
2025-03-09 20:17:52.962667,1691.0,859.0,390.0,2425.0,967.0,225.0,57.95363451463851,77.43401613398123,54.89301655675623,36.69322089295721,17.495761007727467,40.10613717819386,46.02864345509831,69.01413401061029,56.4264499198662,83.88729772008831
2025-03-09 20:17:52.962667,1686.0,865.0,385.0,2429.0,969.0,226.0,57.95363451463851,77.43401613398123,54.89301655675623,36.69322089295721,17.495761007727467,40.10613717819386,46.02864345509831,69.01413401061029,56.4264499198662,83.88729772008831
2025-03-09 20:17:52.962667,1695.0,857.0,384.0,2429.0,967.0,224.0,57.95363451463851,77.43401613398123,54.89301655675623,36.69322089295721,17.495761007727467,40.10613717819386,46.02864345509831,69.01413401061029,56.4264499198662,83.88729772008831
2025-03-09 20:17:52.971000,1717.0,879.0,392.0,2425.0,959.0,225.0,57.91472064344327,77.43415819203327,54.91787648195625,36.669091097056445,17.489834154054456,40.08077119880708,46.000388220846666,69.01011524043301,56.44209324783915,83.96418919226416
2025-03-09 20:17:52.971000,1714.0,880.0,389.0,2426.0,959.0,225.0,57.91472064344327,77.43415819203327,54.91787648195625,36.669091097056445,17.489834154054456,40.08077119880708,46.000388220846666,69.01011524043301,56.44209324783915,83.96418919226416
2025-03-09 20:17:52.971000,1713.0,886.0,385.0,2427.0,958.0,224.0,57.91472064344327,77.43415819203327,54.91787648195625,36.669091097056445,17.489834154054456,40.08077119880708,46.000388220846666,69.01011524043301,56.44209324783915,83.96418919226416
2025-03-09 20:17:52.979333,1712.0,871.0,381.0,2425.0,955.0,221.0,57.88881527988336,77.43087148517169,54.9399334582606,36.65380962407413,17.483215372416893,40.063314461086854,45.97274687863686,69.00746526969445,56.450264175684254,84.03917625654343
2025-03-09 20:17:52.979333,1716.0,880.0,377.0,2425.0,947.0,221.0,57.88881527988336,77.43087148517169,54.9399334582606,36.65380962407413,17.483215372416893,40.063314461086854,45.97274687863686,69.00746526969445,56.450264175684254,84.03917625654343
2025-03-09 20:17:52.979333,1725.0,882.0,377.0,2421.0,953.0,226.0,57.88881527988336,77.43087148517169,54.9399334582606,36.65380962407413,17.483215372416893,40.063314461086854,45.97274687863686,69.00746526969445,56.450264175684254,84.03917625654343
2025-03-09 20:17:52.979333,1719.0,880.0,369.0,2425.0,952.0,226.0,57.88881527988336,77.43087148517169,54.9399334582606,36.65380962407413,17.483215372416893,40.063314461086854,45.97274687863686,69.00746526969445,56.450264175684254,84.03917625654343
2025-03-09 20:17:52.987667,1730.0,880.0,366.0,2419.0,947.0,222.0,57.87535199352801,77.42331277698813,54.95827602853718,36.647836611004074,17.47600465848576,40.05430896847738,45.94565181746853,69.00493357972051,56.450512739553844,84.11104122098811
2025-03-09 20:17:52.987667,1722.0,881.0,371.0,2418.0,945.0,222.0,57.87535199352801,77.42331277698813,54.95827602853718,36.647836611004074,17.47600465848576,40.05430896847738,45.94565181746853,69.00493357972051,56.450512739553844,84.11104122098811
2025-03-09 20:17:52.987667,1722.0,885.0,361.0,2423.0,945.0,223.0,57.87535199352801,77.42331277698813,54.95827602853718,36.647836611004074,17.47600465848576,40.05430896847738,45.94565181746853,69.00493357972051,56.450512739553844,84.11104122098811
2025-03-09 20:17:52.996000,1727.0,884.0,368.0,2416.0,944.0,222.0,57.873975433129644,77.41148967047423,54.972553317094714,36.65128205263182,17.46838582145651,40.05403349264253,45.919202181483136,69.0019148517272,56.44296557361374,84.17932910217237
2025-03-09 20:17:52.996000,1722.0,883.0,374.0,2423.0,944.0,223.0,57.873975433129644,77.41148967047423,54.972553317094714,36.65128205263182,17.46838582145651,40.05403349264253,45.919202181483136,69.0019148517272,56.44296557361374,84.17932910217237
2025-03-09 20:17:52.996000,1719.0,883.0,365.0,2422.0,942.0,223.0,57.873975433129644,77.41148967047423,54.972553317094714,36.65128205263182,17.46838582145651,40.05403349264253,45.919202181483136,69.0019148517272,56.44296557361374,84.17932910217237
2025-03-09 20:17:52.996000,1719.0,886.0,371.0,2418.0,944.0,223.0,57.873975433129644,77.41148967047423,54.972553317094714,36.65128205263182,17.46838582145651,40.05403349264253,45.919202181483136,69.0019148517272,56.44296557361374,84.17932910217237
2025-03-09 20:17:53.004333,1710.0,885.0,370.0,2418.0,944.0,221.0,57.88409663655372,77.39615249458303,54.98399255477504,36.6630865560958,17.460773703416965,40.06166087364539,45.89312638288415,68.99877103144365,56.42803675674105,84.24490621295256
2025-03-09 20:17:53.004333,1699.0,876.0,367.0,2419.0,940.0,221.0,57.88409663655372,77.39615249458303,54.98399255477504,36.6630865560958,17.460773703416965,40.06166087364539,45.89312638288415,68.99877103144365,56.42803675674105,84.24490621295256
2025-03-09 20:17:53.004333,1702.0,876.0,363.0,2416.0,939.0,221.0,57.88409663655372,77.39615249458303,54.98399255477504,36.6630865560958,17.460773703416965,40.06166087364539,45.89312638288415,68.99877103144365,56.42803675674105,84.24490621295256
2025-03-09 20:17:53.004333,1700.0,874.0,364.0,2422.0,944.0,221.0,57.88409663655372,77.39615249458303,54.98399255477504,36.6630865560958,17.460773703416965,40.06166087364539,45.89312638288415,68.99877103144365,56.42803675674105,84.24490621295256
2025-03-09 20:17:53.012667,1697.0,879.0,365.0,2416.0,939.0,219.0,57.904984225470855,77.37765298835528,54.99356699359856,36.68216539740917,17.45354393955954,40.07631530873262,45.86711846655481,68.9955581385971,56.405792702791565,84.3077855185219
2025-03-09 20:17:53.012667,1700.0,880.0,374.0,2422.0,935.0,223.0,57.904984225470855,77.37765298835528,54.99356699359856,36.68216539740917,17.45354393955954,40.07631530873262,45.86711846655481,68.9955581385971,56.405792702791565,84.3077855185219
2025-03-09 20:17:53.012667,1693.0,880.0,366.0,2418.0,935.0,224.0,57.904984225470855,77.37765298835528,54.99356699359856,36.68216539740917,17.45354393955954,40.07631530873262,45.86711846655481,68.9955581385971,56.405792702791565,84.3077855185219
2025-03-09 20:17:53.012667,1694.0,868.0,368.0,2418.0,935.0,218.0,57.904984225470855,77.37765298835528,54.99356699359856,36.68216539740917,17.45354393955954,40.07631530873262,45.86711846655481,68.9955581385971,56.405792702791565,84.3077855185219
2025-03-09 20:17:53.021000,1673.0,869.0,357.0,2418.0,933.0,220.0,57.935548381455845,77.3558927656429,55.00240343861139,36.7078365308122,17.446855377096472,40.097405208917145,45.84016690170617,68.99195189598684,56.3763831099573,84.36622952307508
2025-03-09 20:17:53.021000,1673.0,864.0,357.0,2416.0,930.0,218.0,57.935548381455845,77.3558927656429,55.00240343861139,36.7078365308122,17.446855377096472,40.097405208917145,45.84016690170617,68.99195189598684,56.3763831099573,84.36622952307508
2025-03-09 20:17:53.021000,1673.0,874.0,366.0,2419.0,929.0,222.0,57.935548381455845,77.3558927656429,55.00240343861139,36.7078365308122,17.446855377096472,40.097405208917145,45.84016690170617,68.99195189598684,56.3763831099573,84.36622952307508
2025-03-09 20:17:53.029333,1667.0,869.0,363.0,2416.0,931.0,223.0,57.974344841772734,77.33140277560963,55.0115813460203,36.738516845356315,17.4412041763031,40.12367654070215,45.81194671229805,68.98776480148922,56.340182412095,84.42018941419099
2025-03-09 20:17:53.029333,1670.0,866.0,363.0,2423.0,935.0,219.0,57.974344841772734,77.33140277560963,55.0115813460203,36.738516845356315,17.4412041763031,40.12367654070215,45.81194671229805,68.98776480148922,56.340182412095,84.42018941419099
2025-03-09 20:17:53.029333,1663.0,861.0,358.0,2419.0,930.0,217.0,57.974344841772734,77.33140277560963,55.0115813460203,36.738516845356315,17.4412041763031,40.12367654070215,45.81194671229805,68.98776480148922,56.340182412095,84.42018941419099
2025-03-09 20:17:53.029333,1659.0,863.0,365.0,2417.0,931.0,219.0,57.974344841772734,77.33140277560963,55.0115813460203,36.738516845356315,17.4412041763031,40.12367654070215,45.81194671229805,68.98776480148922,56.340182412095,84.42018941419099
2025-03-09 20:17:53.037667,1661.0,854.0,358.0,2425.0,928.0,223.0,58.019497742066726,77.30571791970864,55.02194795759823,36.77230004697187,17.436563176072045,40.1534223935239,45.7826249495172,68.98349863204122,56.2991762440366,84.47235834116137
2025-03-09 20:17:53.037667,1648.0,847.0,359.0,2422.0,935.0,223.0,58.019497742066726,77.30571791970864,55.02194795759823,36.77230004697187,17.436563176072045,40.1534223935239,45.7826249495172,68.98349863204122,56.2991762440366,84.47235834116137
2025-03-09 20:17:53.037667,1636.0,846.0,361.0,2421.0,931.0,222.0,58.019497742066726,77.30571791970864,55.02194795759823,36.77230004697187,17.436563176072045,40.1534223935239,45.7826249495172,68.98349863204122,56.2991762440366,84.47235834116137
2025-03-09 20:17:53.046000,1630.0,862.0,356.0,2426.0,929.0,223.0,58.06889930908948,77.28028582448452,55.03477414424015,36.80805715172851,17.43280280927403,40.18565248420042,45.751507846207865,68.97937108967874,56.25585140591254,84.52532761325492
2025-03-09 20:17:53.046000,1627.0,847.0,358.0,2419.0,927.0,222.0,58.06889930908948,77.28028582448452,55.03477414424015,36.80805715172851,17.43280280927403,40.18565248420042,45.751507846207865,68.97937108967874,56.25585140591254,84.52532761325492
2025-03-09 20:17:53.046000,1626.0,843.0,362.0,2416.0,931.0,222.0,58.06889930908948,77.28028582448452,55.03477414424015,36.80805715172851,17.43280280927403,40.18565248420042,45.751507846207865,68.97937108967874,56.25585140591254,84.52532761325492
2025-03-09 20:17:53.046000,1623.0,894.0,368.0,2426.0,930.0,224.0,58.06889930908948,77.28028582448452,55.03477414424015,36.80805715172851,17.43280280927403,40.18565248420042,45.751507846207865,68.97937108967874,56.25585140591254,84.52532761325492
2025-03-09 20:17:53.054333,1617.0,835.0,367.0,2419.0,932.0,222.0,58.121460285280676,77.25594456933658,55.05042843585669,36.845464570231414,17.429852195297656,40.220187775807446,45.71827148249772,68.9751990185695,56.21165270611898,84.58010136314553
2025-03-09 20:17:53.054333,1616.0,842.0,358.0,2415.0,931.0,223.0,58.121460285280676,77.25594456933658,55.05042843585669,36.845464570231414,17.429852195297656,40.220187775807446,45.71827148249772,68.9751990185695,56.21165270611898,84.58010136314553
2025-03-09 20:17:53.054333,1585.0,820.0,410.0,2429.0,935.0,223.0,58.121460285280676,77.25594456933658,55.05042843585669,36.845464570231414,17.429852195297656,40.220187775807446,45.71827148249772,68.9751990185695,56.21165270611898,84.58010136314553
2025-03-09 20:17:53.062667,1587.0,826.0,363.0,2422.0,937.0,224.0,58.1771732649679,77.2333520010346,55.068658631490635,36.885119335041665,17.42759752537253,40.257641376535744,45.68318854329197,68.97106477526431,56.1677275471937,84.63669179849505
2025-03-09 20:17:53.062667,1582.0,818.0,362.0,2427.0,937.0,224.0,58.1771732649679,77.2333520010346,55.068658631490635,36.885119335041665,17.42759752537253,40.257641376535744,45.68318854329197,68.97106477526431,56.1677275471937,84.63669179849505
2025-03-09 20:17:53.062667,1584.0,816.0,357.0,2427.0,934.0,224.0,58.1771732649679,77.2333520010346,55.068658631490635,36.885119335041665,17.42759752537253,40.257641376535744,45.68318854329197,68.97106477526431,56.1677275471937,84.63669179849505
2025-03-09 20:17:53.062667,1571.0,819.0,363.0,2415.0,935.0,222.0,58.1771732649679,77.2333520010346,55.068658631490635,36.885119335041665,17.42759752537253,40.257641376535744,45.68318854329197,68.97106477526431,56.1677275471937,84.63669179849505
2025-03-09 20:17:53.071000,1573.0,816.0,363.0,2423.0,935.0,224.0,58.2354486594203,77.2135739171737,55.09114146894625,36.92638468536635,17.426271832780383,40.29748369628818,45.64562075102953,68.96768967410091,56.12525217960771,84.6968428441198
2025-03-09 20:17:53.071000,1567.0,814.0,368.0,2427.0,935.0,222.0,58.2354486594203,77.2135739171737,55.09114146894625,36.92638468536635,17.426271832780383,40.29748369628818,45.64562075102953,68.96768967410091,56.12525217960771,84.6968428441198
2025-03-09 20:17:53.071000,1535.0,796.0,389.0,2432.0,942.0,226.0,58.2354486594203,77.2135739171737,55.09114146894625,36.92638468536635,17.426271832780383,40.29748369628818,45.64562075102953,68.96768967410091,56.12525217960771,84.6968428441198
2025-03-09 20:17:53.079333,1519.0,799.0,358.0,2431.0,941.0,224.0,58.295344265144855,77.19760191588392,55.12065780600945,36.9666935061831,17.425529411467597,40.33723242952153,45.60361408596112,68.9660205569692,56.08456922210248,84.76227904974557
2025-03-09 20:17:53.079333,1519.0,793.0,359.0,2430.0,939.0,225.0,58.295344265144855,77.19760191588392,55.12065780600945,36.9666935061831,17.425529411467597,40.33723242952153,45.60361408596112,68.9660205569692,56.08456922210248,84.76227904974557
2025-03-09 20:17:53.079333,1515.0,757.0,357.0,2431.0,942.0,224.0,58.295344265144855,77.19760191588392,55.12065780600945,36.9666935061831,17.425529411467597,40.33723242952153,45.60361408596112,68.9660205569692,56.08456922210248,84.76227904974557
2025-03-09 20:17:53.079333,1513.0,788.0,355.0,2429.0,937.0,223.0,58.295344265144855,77.19760191588392,55.12065780600945,36.9666935061831,17.425529411467597,40.33723242952153,45.60361408596112,68.9660205569692,56.08456922210248,84.76227904974557
2025-03-09 20:17:53.087667,1505.0,796.0,355.0,2430.0,939.0,225.0,58.35646575151604,77.18616560148988,55.15947635078034,37.00460837375191,17.425517511935844,40.375863513418125,45.555078580686946,68.96586113013426,56.04543100357767,84.83260568203217
2025-03-09 20:17:53.087667,1522.0,784.0,355.0,2432.0,941.0,226.0,58.35646575151604,77.18616560148988,55.15947635078034,37.00460837375191,17.425517511935844,40.375863513418125,45.555078580686946,68.96586113013426,56.04543100357767,84.83260568203217
2025-03-09 20:17:53.087667,1502.0,780.0,353.0,2423.0,943.0,227.0,58.35646575151604,77.18616560148988,55.15947635078034,37.00460837375191,17.425517511935844,40.375863513418125,45.555078580686946,68.96586113013426,56.04543100357767,84.83260568203217
2025-03-09 20:17:53.087667,1465.0,765.0,353.0,2432.0,944.0,227.0,58.35646575151604,77.18616560148988,55.15947635078034,37.00460837375191,17.425517511935844,40.375863513418125,45.555078580686946,68.96586113013426,56.04543100357767,84.83260568203217
2025-03-09 20:17:53.096000,1461.0,801.0,352.0,2433.0,945.0,226.0,58.41836219571855,77.17966318611232,55.209846025950476,37.0406222976185,17.426300716634007,40.41387756777034,45.49796349859088,68.96728214867086,56.008868676149405,84.9078422871824
2025-03-09 20:17:53.096000,1457.0,764.0,358.0,2443.0,944.0,234.0,58.41836219571855,77.17966318611232,55.209846025950476,37.0406222976185,17.426300716634007,40.41387756777034,45.49796349859088,68.96728214867086,56.008868676149405,84.9078422871824
2025-03-09 20:17:53.096000,1453.0,757.0,368.0,2432.0,944.0,227.0,58.41836219571855,77.17966318611232,55.209846025950476,37.0406222976185,17.426300716634007,40.41387756777034,45.49796349859088,68.96728214867086,56.008868676149405,84.9078422871824
2025-03-09 20:17:53.104333,1449.0,768.0,351.0,2432.0,943.0,227.0,58.48020062849294,77.17790724536589,55.27337500897682,37.075230780112605,17.427959053737847,40.45163897869259,45.430775866769956,68.9702066779876,55.97572665145692,84.98843903809255
2025-03-09 20:17:53.104333,1441.0,767.0,351.0,2447.0,944.0,225.0,58.48020062849294,77.17790724536589,55.27337500897682,37.075230780112605,17.427959053737847,40.45163897869259,45.430775866769956,68.9702066779876,55.97572665145692,84.98843903809255
2025-03-09 20:17:53.104333,1439.0,746.0,366.0,2435.0,944.0,230.0,58.48020062849294,77.17790724536589,55.27337500897682,37.075230780112605,17.427959053737847,40.45163897869259,45.430775866769956,68.9702066779876,55.97572665145692,84.98843903809255
2025-03-09 20:17:53.104333,1415.0,752.0,342.0,2435.0,946.0,231.0,58.48020062849294,77.17790724536589,55.27337500897682,37.075230780112605,17.427959053737847,40.45163897869259,45.430775866769956,68.9702066779876,55.97572665145692,84.98843903809255
2025-03-09 20:17:53.112667,1400.0,743.0,346.0,2430.0,948.0,229.0,58.54174499316073,77.18139330781935,55.351671535315454,37.10891106209034,17.430595590527222,40.489622331448935,45.3523054873623,68.97487614671692,55.947083135767905,85.07559320404532
2025-03-09 20:17:53.112667,1379.0,747.0,366.0,2441.0,949.0,230.0,58.54174499316073,77.18139330781935,55.351671535315454,37.10891106209034,17.430595590527222,40.489622331448935,45.3523054873623,68.97487614671692,55.947083135767905,85.07559320404532
2025-03-09 20:17:53.112667,1399.0,747.0,338.0,2438.0,945.0,230.0,58.54174499316073,77.18139330781935,55.351671535315454,37.10891106209034,17.430595590527222,40.489622331448935,45.3523054873623,68.97487614671692,55.947083135767905,85.07559320404532
2025-03-09 20:17:53.121000,1387.0,733.0,355.0,2447.0,944.0,231.0,58.6034825852573,77.19060853284654,55.44462026875774,37.14288769537762,17.434335196631174,40.528958676104786,45.26312544175253,68.98172155297088,55.92408203987722,85.17131784476904
2025-03-09 20:17:53.121000,1365.0,739.0,342.0,2435.0,945.0,232.0,58.6034825852573,77.19060853284654,55.44462026875774,37.14288769537762,17.434335196631174,40.528958676104786,45.26312544175253,68.98172155297088,55.92408203987722,85.17131784476904
2025-03-09 20:17:53.121000,1383.0,739.0,336.0,2439.0,948.0,233.0,58.6034825852573,77.19060853284654,55.44462026875774,37.14288769537762,17.434335196631174,40.528958676104786,45.26312544175253,68.98172155297088,55.92408203987722,85.17131784476904
2025-03-09 20:17:53.121000,1361.0,742.0,358.0,2438.0,947.0,234.0,58.6034825852573,77.19060853284654,55.44462026875774,37.14288769537762,17.434335196631174,40.528958676104786,45.26312544175253,68.98172155297088,55.92408203987722,85.17131784476904
2025-03-09 20:17:53.129333,1357.0,720.0,368.0,2438.0,949.0,234.0,58.666022383388615,77.20556745993377,55.550872283933074,37.17745074839596,17.439655205742252,40.57013175807314,45.164812178127924,68.99048233228015,55.90629530779013,85.27549765363104
2025-03-09 20:17:53.129333,1351.0,713.0,365.0,2437.0,950.0,233.0,58.666022383388615,77.20556745993377,55.550872283933074,37.17745074839596,17.439655205742252,40.57013175807314,45.164812178127924,68.99048233228015,55.90629530779013,85.27549765363104
2025-03-09 20:17:53.129333,1344.0,720.0,358.0,2438.0,951.0,235.0,58.666022383388615,77.20556745993377,55.550872283933074,37.17745074839596,17.439655205742252,40.57013175807314,45.164812178127924,68.99048233228015,55.90629530779013,85.27549765363104
2025-03-09 20:17:53.137667,1359.0,722.0,340.0,2437.0,951.0,230.0,58.72939481183963,77.22554976194154,55.6676115493225,37.21176791693762,17.446704484945588,40.612609480549864,45.05926645606948,68.99987006226071,55.892042110813826,85.38569751533369
2025-03-09 20:17:53.137667,1341.0,717.0,349.0,2432.0,953.0,237.0,58.72939481183963,77.22554976194154,55.6676115493225,37.21176791693762,17.446704484945588,40.612609480549864,45.05926645606948,68.99987006226071,55.892042110813826,85.38569751533369
2025-03-09 20:17:53.137667,1339.0,720.0,354.0,2442.0,954.0,231.0,58.72939481183963,77.22554976194154,55.6676115493225,37.21176791693762,17.446704484945588,40.612609480549864,45.05926645606948,68.99987006226071,55.892042110813826,85.38569751533369
2025-03-09 20:17:53.137667,1341.0,720.0,355.0,2440.0,951.0,234.0,58.72939481183963,77.22554976194154,55.6676115493225,37.21176791693762,17.446704484945588,40.612609480549864,45.05926645606948,68.99987006226071,55.892042110813826,85.38569751533369
2025-03-09 20:17:53.146000,1303.0,704.0,365.0,2445.0,954.0,239.0,58.79369718146411,77.24971936027043,55.7926205936363,37.24693616866193,17.455829343058593,40.65761421714887,44.94776886208023,69.00858592623158,55.8806438751956,85.50116827010153
2025-03-09 20:17:53.146000,1307.0,720.0,353.0,2445.0,953.0,236.0,58.79369718146411,77.24971936027043,55.7926205936363,37.24693616866193,17.455829343058593,40.65761421714887,44.94776886208023,69.00858592623158,55.8806438751956,85.50116827010153
2025-03-09 20:17:53.146000,1303.0,707.0,363.0,2443.0,951.0,235.0,58.79369718146411,77.24971936027043,55.7926205936363,37.24693616866193,17.455829343058593,40.65761421714887,44.94776886208023,69.00858592623158,55.8806438751956,85.50116827010153
2025-03-09 20:17:53.154333,1287.0,705.0,354.0,2448.0,953.0,238.0,58.8585129702626,77.27758147038583,55.92615253448033,37.28581593247856,17.466359431162864,40.7075977698909,44.8284465016948,69.01582083368834,55.87383875876036,85.62216157754841
2025-03-09 20:17:53.154333,1310.0,709.0,353.0,2447.0,955.0,236.0,58.8585129702626,77.27758147038583,55.92615253448033,37.28581593247856,17.466359431162864,40.7075977698909,44.8284465016948,69.01582083368834,55.87383875876036,85.62216157754841
2025-03-09 20:17:53.154333,1306.0,704.0,350.0,2442.0,954.0,237.0,58.8585129702626,77.27758147038583,55.92615253448033,37.28581593247856,17.466359431162864,40.7075977698909,44.8284465016948,69.01582083368834,55.87383875876036,85.62216157754841
2025-03-09 20:17:53.154333,1295.0,703.0,355.0,2443.0,947.0,238.0,58.8585129702626,77.27758147038583,55.92615253448033,37.28581593247856,17.466359431162864,40.7075977698909,44.8284465016948,69.01582083368834,55.87383875876036,85.62216157754841
2025-03-09 20:17:53.162667,1291.0,699.0,354.0,2442.0,954.0,239.0,58.92272511131842,77.3084248622373,56.067747077487184,37.329111127766055,17.47727299614211,40.76294060811828,44.69978129724233,69.020535442605,55.87232330385513,85.74863081661461
2025-03-09 20:17:53.162667,1277.0,689.0,347.0,2448.0,946.0,239.0,58.92272511131842,77.3084248622373,56.067747077487184,37.329111127766055,17.47727299614211,40.76294060811828,44.69978129724233,69.020535442605,55.87232330385513,85.74863081661461
2025-03-09 20:17:53.162667,1264.0,731.0,351.0,2448.0,949.0,238.0,58.92272511131842,77.3084248622373,56.067747077487184,37.329111127766055,17.47727299614211,40.76294060811828,44.69978129724233,69.020535442605,55.87232330385513,85.74863081661461
2025-03-09 20:17:53.162667,1233.0,670.0,368.0,2448.0,946.0,236.0,58.92272511131842,77.3084248622373,56.067747077487184,37.329111127766055,17.47727299614211,40.76294060811828,44.69978129724233,69.020535442605,55.87232330385513,85.74863081661461
2025-03-09 20:17:53.171000,1241.0,686.0,349.0,2448.0,948.0,239.0,58.98524650016897,77.34086575565618,56.21613102755568,37.376509381114865,17.488022445042304,40.82289761193899,44.562141882793355,69.02229766795176,55.8756571063914,85.88010014056331
2025-03-09 20:17:53.171000,1253.0,688.0,364.0,2428.0,950.0,261.0,58.98524650016897,77.34086575565618,56.21613102755568,37.376509381114865,17.488022445042304,40.82289761193899,44.562141882793355,69.02229766795176,55.8756571063914,85.88010014056331
2025-03-09 20:17:53.171000,1270.0,687.0,354.0,2448.0,948.0,240.0,58.98524650016897,77.34086575565618,56.21613102755568,37.376509381114865,17.488022445042304,40.82289761193899,44.562141882793355,69.02229766795176,55.8756571063914,85.88010014056331
2025-03-09 20:17:53.179333,1251.0,688.0,346.0,2448.0,946.0,240.0,59.04500987483671,77.37367819217988,56.370526640204616,37.42771209183163,17.499068084197432,40.887040705120135,44.41637318056318,69.02065943220569,55.88310751572942,86.01557203906961
2025-03-09 20:17:53.179333,1232.0,677.0,347.0,2455.0,950.0,238.0,59.04500987483671,77.37367819217988,56.370526640204616,37.42771209183163,17.499068084197432,40.887040705120135,44.41637318056318,69.02065943220569,55.88310751572942,86.01557203906961
2025-03-09 20:17:53.179333,1216.0,675.0,343.0,2451.0,945.0,239.0,59.04500987483671,77.37367819217988,56.370526640204616,37.42771209183163,17.499068084197432,40.887040705120135,44.41637318056318,69.02065943220569,55.88310751572942,86.01557203906961
2025-03-09 20:17:53.179333,1227.0,670.0,330.0,2451.0,944.0,240.0,59.04500987483671,77.37367819217988,56.370526640204616,37.42771209183163,17.499068084197432,40.887040705120135,44.41637318056318,69.02065943220569,55.88310751572942,86.01557203906961
2025-03-09 20:17:53.187667,1221.0,671.0,359.0,2450.0,944.0,239.0,59.10169182068008,77.40635448265047,56.53055396293501,37.483084468375424,17.50990835561945,40.955211146421895,44.26288081097124,69.0162926348674,55.89527312971463,86.15439694964144
2025-03-09 20:17:53.187667,1214.0,666.0,363.0,2452.0,944.0,240.0,59.10169182068008,77.40635448265047,56.53055396293501,37.483084468375424,17.50990835561945,40.955211146421895,44.26288081097124,69.0162926348674,55.89527312971463,86.15439694964144
2025-03-09 20:17:53.187667,1217.0,666.0,343.0,2453.0,944.0,240.0,59.10169182068008,77.40635448265047,56.53055396293501,37.483084468375424,17.50990835561945,40.955211146421895,44.26288081097124,69.0162926348674,55.89527312971463,86.15439694964144
2025-03-09 20:17:53.196000,1207.0,670.0,354.0,2456.0,944.0,239.0,59.1549145991205,77.43821507300807,56.69679763190147,37.54287475137072,17.52021298217091,41.02720273694181,44.101245786686654,69.00974384869555,55.912473454215615,86.2964739698536
2025-03-09 20:17:53.196000,1220.0,674.0,294.0,2453.0,944.0,239.0,59.1549145991205,77.43821507300807,56.69679763190147,37.54287475137072,17.52021298217091,41.02720273694181,44.101245786686654,69.00974384869555,55.912473454215615,86.2964739698536
2025-03-09 20:17:53.196000,1189.0,664.0,336.0,2449.0,941.0,240.0,59.1549145991205,77.43821507300807,56.69679763190147,37.54287475137072,17.52021298217091,41.02720273694181,44.101245786686654,69.00974384869555,55.912473454215615,86.2964739698536
2025-03-09 20:17:53.196000,1195.0,658.0,355.0,2459.0,944.0,240.0,59.1549145991205,77.43821507300807,56.69679763190147,37.54287475137072,17.52021298217091,41.02720273694181,44.101245786686654,69.00974384869555,55.912473454215615,86.2964739698536
2025-03-09 20:17:53.204333,1190.0,656.0,343.0,2461.0,939.0,240.0,59.20333227064334,77.46881622978529,56.871479976860385,37.6060161989228,17.53008514586126,41.10161680630089,43.93045867865452,69.00197816356491,55.9352037360407,86.4413475662191
2025-03-09 20:17:53.204333,1194.0,663.0,342.0,2458.0,937.0,240.0,59.20333227064334,77.46881622978529,56.871479976860385,37.6060161989228,17.53008514586126,41.10161680630089,43.93045867865452,69.00197816356491,55.9352037360407,86.4413475662191
2025-03-09 20:17:53.204333,1178.0,645.0,348.0,2461.0,938.0,240.0,59.20333227064334,77.46881622978529,56.871479976860385,37.6060161989228,17.53008514586126,41.10161680630089,43.93045867865452,69.00197816356491,55.9352037360407,86.4413475662191
2025-03-09 20:17:53.212667,1185.0,657.0,349.0,2455.0,938.0,240.0,59.24625946907272,77.49852179518197,57.055091095677845,37.672220495778745,17.539334065306928,41.177866862767694,43.75081526363355,68.99407940674917,55.9647271943953,86.58851047771702
2025-03-09 20:17:53.212667,1185.0,669.0,347.0,2458.0,939.0,241.0,59.24625946907272,77.49852179518197,57.055091095677845,37.672220495778745,17.539334065306928,41.177866862767694,43.75081526363355,68.99407940674917,55.9647271943953,86.58851047771702
2025-03-09 20:17:53.212667,1167.0,645.0,350.0,2466.0,944.0,243.0,59.24625946907272,77.49852179518197,57.055091095677845,37.672220495778745,17.539334065306928,41.177866862767694,43.75081526363355,68.99407940674917,55.9647271943953,86.58851047771702
2025-03-09 20:17:53.212667,1161.0,642.0,345.0,2463.0,938.0,242.0,59.24625946907272,77.49852179518197,57.055091095677845,37.672220495778745,17.539334065306928,41.177866862767694,43.75081526363355,68.99407940674917,55.9647271943953,86.58851047771702
2025-03-09 20:17:53.221000,1157.0,645.0,348.0,2463.0,935.0,243.0,59.28349252107182,77.52780933870714,57.24841843378042,37.74147593756888,17.547263818770304,41.25575488408785,43.561175968910874,68.98645064448952,56.002052260327915,86.73809231347225
2025-03-09 20:17:53.221000,1168.0,642.0,351.0,2469.0,934.0,245.0,59.28349252107182,77.52780933870714,57.24841843378042,37.74147593756888,17.547263818770304,41.25575488408785,43.561175968910874,68.98645064448952,56.002052260327915,86.73809231347225
2025-03-09 20:17:53.221000,1155.0,637.0,341.0,2459.0,930.0,245.0,59.28349252107182,77.52780933870714,57.24841843378042,37.74147593756888,17.547263818770304,41.25575488408785,43.561175968910874,68.98645064448952,56.002052260327915,86.73809231347225
2025-03-09 20:17:53.229333,1150.0,639.0,341.0,2467.0,933.0,244.0,59.314920252007674,77.55638247764412,57.45140081802371,37.81367485065519,17.55311989494241,41.33517180329464,43.36005866282542,68.97820757445436,56.0468218250588,86.88920374936407
2025-03-09 20:17:53.229333,1158.0,637.0,346.0,2469.0,934.0,242.0,59.314920252007674,77.55638247764412,57.45140081802371,37.81367485065519,17.55311989494241,41.33517180329464,43.36005866282542,68.97820757445436,56.0468218250588,86.88920374936407
2025-03-09 20:17:53.229333,1147.0,640.0,349.0,2466.0,933.0,246.0,59.314920252007674,77.55638247764412,57.45140081802371,37.81367485065519,17.55311989494241,41.33517180329464,43.36005866282542,68.97820757445436,56.0468218250588,86.88920374936407
2025-03-09 20:17:53.229333,1129.0,624.0,345.0,2480.0,932.0,253.0,59.314920252007674,77.55638247764412,57.45140081802371,37.81367485065519,17.55311989494241,41.33517180329464,43.36005866282542,68.97820757445436,56.0468218250588,86.88920374936407
2025-03-09 20:17:53.237667,1129.0,624.0,353.0,2478.0,931.0,247.0,59.3402226018931,77.58307572004937,57.660727562465766,37.889852447850934,17.556307976124412,41.41703584433789,43.14836849179618,68.96768780743514,56.09831858842066,87.04011430131479
2025-03-09 20:17:53.237667,1139.0,632.0,343.0,2480.0,932.0,247.0,59.3402226018931,77.58307572004937,57.660727562465766,37.889852447850934,17.556307976124412,41.41703584433789,43.14836849179618,68.96768780743514,56.09831858842066,87.04011430131479
2025-03-09 20:17:53.237667,1124.0,624.0,348.0,2466.0,931.0,249.0,59.3402226018931,77.58307572004937,57.660727562465766,37.889852447850934,17.556307976124412,41.41703584433789,43.14836849179618,68.96768780743514,56.09831858842066,87.04011430131479
2025-03-09 20:17:53.237667,1086.0,618.0,348.0,2475.0,930.0,246.0,59.3402226018931,77.58307572004937,57.660727562465766,37.889852447850934,17.556307976124412,41.41703584433789,43.14836849179618,68.96768780743514,56.09831858842066,87.04011430131479
2025-03-09 20:17:53.246000,1131.0,624.0,356.0,2474.0,931.0,250.0,59.359084915566775,77.606923532213,57.87270059980744,37.9719178864547,17.556486441925436,41.502954342289,42.92806129634111,68.95393554695981,56.15668197787782,87.19053048070482
2025-03-09 20:17:53.246000,1118.0,619.0,350.0,2493.0,931.0,251.0,59.359084915566775,77.606923532213,57.87270059980744,37.9719178864547,17.556486441925436,41.502954342289,42.92806129634111,68.95393554695981,56.15668197787782,87.19053048070482
2025-03-09 20:17:53.246000,1098.0,610.0,346.0,2479.0,929.0,254.0,59.359084915566775,77.606923532213,57.87270059980744,37.9719178864547,17.556486441925436,41.502954342289,42.92806129634111,68.95393554695981,56.15668197787782,87.19053048070482
2025-03-09 20:17:53.254333,1088.0,611.0,347.0,2479.0,928.0,255.0,59.37086260157945,77.62669108172565,58.085255950843724,38.05811020398248,17.553878361837562,41.59135837071781,42.70059161085961,68.93595427677351,56.21956010274854,87.33960409220896
2025-03-09 20:17:53.254333,1093.0,606.0,353.0,2479.0,927.0,254.0,59.37086260157945,77.62669108172565,58.085255950843724,38.05811020398248,17.553878361837562,41.59135837071781,42.70059161085961,68.93595427677351,56.21956010274854,87.33960409220896
2025-03-09 20:17:53.254333,1089.0,612.0,350.0,2477.0,927.0,253.0,59.37086260157945,77.62669108172565,58.085255950843724,38.05811020398248,17.553878361837562,41.59135837071781,42.70059161085961,68.93595427677351,56.21956010274854,87.33960409220896
2025-03-09 20:17:53.254333,1085.0,611.0,346.0,2480.0,926.0,253.0,59.37086260157945,77.62669108172565,58.085255950843724,38.05811020398248,17.553878361837562,41.59135837071781,42.70059161085961,68.93595427677351,56.21956010274854,87.33960409220896
2025-03-09 20:17:53.262667,1090.0,607.0,319.0,2480.0,927.0,253.0,59.37435288800515,77.64076725950056,58.29816724629643,38.14345744148039,17.54982712951984,41.67822284577954,42.4665725642762,68.91191003973944,56.281983806169265,87.48505804140277
2025-03-09 20:17:53.262667,1091.0,606.0,342.0,2479.0,926.0,251.0,59.37435288800515,77.64076725950056,58.29816724629643,38.14345744148039,17.54982712951984,41.67822284577954,42.4665725642762,68.91191003973944,56.281983806169265,87.48505804140277
2025-03-09 20:17:53.262667,1081.0,603.0,350.0,2484.0,927.0,253.0,59.37435288800515,77.64076725950056,58.29816724629643,38.14345744148039,17.54982712951984,41.67822284577954,42.4665725642762,68.91191003973944,56.281983806169265,87.48505804140277
2025-03-09 20:17:53.271000,1066.0,595.0,345.0,2483.0,921.0,255.0,59.369634402926664,77.64755641877612,58.51202470993858,38.22857221365095,17.546271462255408,41.76463113034212,42.22630238452869,68.88050550670926,56.3417188869294,87.62680171972671
2025-03-09 20:17:53.271000,1070.0,595.0,345.0,2481.0,923.0,256.0,59.369634402926664,77.64755641877612,58.51202470993858,38.22857221365095,17.546271462255408,41.76463113034212,42.22630238452869,68.88050550670926,56.3417188869294,87.62680171972671
2025-03-09 20:17:53.271000,1061.0,595.0,337.0,2483.0,919.0,253.0,59.369634402926664,77.64755641877612,58.51202470993858,38.22857221365095,17.546271462255408,41.76463113034212,42.22630238452869,68.88050550670926,56.3417188869294,87.62680171972671
2025-03-09 20:17:53.271000,1062.0,592.0,346.0,2487.0,923.0,254.0,59.369634402926664,77.64755641877612,58.51202470993858,38.22857221365095,17.546271462255408,41.76463113034212,42.22630238452869,68.88050550670926,56.3417188869294,87.62680171972671
2025-03-09 20:17:53.271000,1061.0,592.0,339.0,2491.0,923.0,256.0,59.369634402926664,77.64755641877612,58.51202470993858,38.22857221365095,17.546271462255408,41.76463113034212,42.22630238452869,68.88050550670926,56.3417188869294,87.62680171972671
2025-03-09 20:17:53.279333,1059.0,592.0,342.0,2489.0,922.0,256.0,59.35811774708763,77.64527335961894,58.72622599592927,38.31791830470185,17.543212460341923,41.854043462206114,41.98098936434312,68.84276422935761,56.39977590615213,87.76626745457753
2025-03-09 20:17:53.279333,1058.0,592.0,347.0,2489.0,924.0,256.0,59.35811774708763,77.64527335961894,58.72622599592927,38.31791830470185,17.543212460341923,41.854043462206114,41.98098936434312,68.84276422935761,56.39977590615213,87.76626745457753
2025-03-09 20:17:53.287667,1040.0,586.0,349.0,2492.0,921.0,261.0,59.340599263540305,77.63332121478628,58.94053694117112,38.411787392706785,17.53957695555623,41.94592483192681,41.731537461590804,68.80046076563684,56.456706541366174,87.90407654308726
2025-03-09 20:17:53.287667,1043.0,592.0,336.0,2480.0,922.0,259.0,59.340599263540305,77.63332121478628,58.94053694117112,38.411787392706785,17.53957695555623,41.94592483192681,41.731537461590804,68.80046076563684,56.456706541366174,87.90407654308726
2025-03-09 20:17:53.287667,1040.0,586.0,339.0,2497.0,919.0,258.0,59.340599263540305,77.63332121478628,58.94053694117112,38.411787392706785,17.53957695555623,41.94592483192681,41.731537461590804,68.80046076563684,56.456706541366174,87.90407654308726
2025-03-09 20:17:53.287667,1034.0,589.0,339.0,2496.0,922.0,259.0,59.340599263540305,77.63332121478628,58.94053694117112,38.411787392706785,17.53957695555623,41.94592483192681,41.731537461590804,68.80046076563684,56.456706541366174,87.90407654308726
2025-03-09 20:17:53.296000,1039.0,583.0,346.0,2496.0,919.0,259.0,59.317434243972826,77.61208700568798,59.15493290671555,38.50514674752401,17.536433591518527,42.03639753050435,41.47903850593822,68.75278678098157,56.50863119331338,88.04174922905774
2025-03-09 20:17:53.296000,1036.0,587.0,336.0,2493.0,921.0,261.0,59.317434243972826,77.61208700568798,59.15493290671555,38.50514674752401,17.536433591518527,42.03639753050435,41.47903850593822,68.75278678098157,56.50863119331338,88.04174922905774
2025-03-09 20:17:53.296000,1035.0,576.0,342.0,2496.0,921.0,259.0,59.317434243972826,77.61208700568798,59.15493290671555,38.50514674752401,17.536433591518527,42.03639753050435,41.47903850593822,68.75278678098157,56.50863119331338,88.04174922905774
2025-03-09 20:17:53.296000,1033.0,581.0,354.0,2496.0,923.0,258.0,59.317434243972826,77.61208700568798,59.15493290671555,38.50514674752401,17.536433591518527,42.03639753050435,41.47903850593822,68.75278678098157,56.50863119331338,88.04174922905774
2025-03-09 20:17:53.304333,1014.0,576.0,347.0,2499.0,922.0,267.0,59.29010854720915,77.58202191815754,59.36758321861613,38.592924207806504,17.535764713746612,42.122225289725286,41.22600490123034,68.69755690584863,56.549731761690694,88.1825738266546
2025-03-09 20:17:53.304333,1011.0,571.0,338.0,2501.0,917.0,268.0,59.29010854720915,77.58202191815754,59.36758321861613,38.592924207806504,17.535764713746612,42.122225289725286,41.22600490123034,68.69755690584863,56.549731761690694,88.1825738266546
2025-03-09 20:17:53.304333,1008.0,575.0,342.0,2499.0,919.0,263.0,59.29010854720915,77.58202191815754,59.36758321861613,38.592924207806504,17.535764713746612,42.122225289725286,41.22600490123034,68.69755690584863,56.549731761690694,88.1825738266546
2025-03-09 20:17:53.312667,1012.0,569.0,351.0,2507.0,914.0,265.0,59.26178765555519,77.54328703348244,59.575473241762786,38.675642155010934,17.53785202895709,42.20444793814748,40.974905759954375,68.63386286381943,56.57751549234925,88.33032155581365
2025-03-09 20:17:53.312667,1009.0,570.0,348.0,2504.0,920.0,267.0,59.26178765555519,77.54328703348244,59.575473241762786,38.675642155010934,17.53785202895709,42.20444793814748,40.974905759954375,68.63386286381943,56.57751549234925,88.33032155581365
2025-03-09 20:17:53.312667,1008.0,569.0,337.0,2507.0,918.0,266.0,59.26178765555519,77.54328703348244,59.575473241762786,38.675642155010934,17.53785202895709,42.20444793814748,40.974905759954375,68.63386286381943,56.57751549234925,88.33032155581365
2025-03-09 20:17:53.312667,1008.0,573.0,342.0,2508.0,919.0,267.0,59.26178765555519,77.54328703348244,59.575473241762786,38.675642155010934,17.53785202895709,42.20444793814748,40.974905759954375,68.63386286381943,56.57751549234925,88.33032155581365
2025-03-09 20:17:53.321000,990.0,560.0,338.0,2512.0,913.0,271.0,59.23420579954888,77.49579393733367,59.778025736806484,38.75696590762403,17.541279092918078,42.286063903090046,40.72465092332766,68.56175537741937,56.59358302267784,88.48789541832565
2025-03-09 20:17:53.321000,976.0,570.0,345.0,2514.0,916.0,272.0,59.23420579954888,77.49579393733367,59.778025736806484,38.75696590762403,17.541279092918078,42.286063903090046,40.72465092332766,68.56175537741937,56.59358302267784,88.48789541832565
2025-03-09 20:17:53.321000,983.0,560.0,337.0,2510.0,918.0,270.0,59.23420579954888,77.49579393733367,59.778025736806484,38.75696590762403,17.541279092918078,42.286063903090046,40.72465092332766,68.56175537741937,56.59358302267784,88.48789541832565
2025-03-09 20:17:53.321000,979.0,561.0,349.0,2516.0,919.0,270.0,59.23420579954888,77.49579393733367,59.778025736806484,38.75696590762403,17.541279092918078,42.286063903090046,40.72465092332766,68.56175537741937,56.59358302267784,88.48789541832565
2025-03-09 20:17:53.329333,980.0,560.0,342.0,2514.0,917.0,271.0,59.2067437257292,77.43928992127282,59.97627250129695,38.83984217275384,17.54462229819494,42.369195799348596,40.47263371070625,68.48134734471024,56.60074352494029,88.65603277724097
2025-03-09 20:17:53.329333,977.0,555.0,338.0,2517.0,918.0,272.0,59.2067437257292,77.43928992127282,59.97627250129695,38.83984217275384,17.54462229819494,42.369195799348596,40.47263371070625,68.48134734471024,56.60074352494029,88.65603277724097
2025-03-09 20:17:53.329333,976.0,554.0,351.0,2514.0,917.0,272.0,59.2067437257292,77.43928992127282,59.97627250129695,38.83984217275384,17.54462229819494,42.369195799348596,40.47263371070625,68.48134734471024,56.60074352494029,88.65603277724097
2025-03-09 20:17:53.329333,978.0,560.0,347.0,2518.0,919.0,269.0,59.2067437257292,77.43928992127282,59.97627250129695,38.83984217275384,17.54462229819494,42.369195799348596,40.47263371070625,68.48134734471024,56.60074352494029,88.65603277724097
2025-03-09 20:17:53.337667,954.0,548.0,341.0,2529.0,917.0,276.0,59.18046074113632,77.37392692782332,60.17054520770699,38.92766751653406,17.547374125380884,42.45666611026738,40.218378274200674,68.39339014382101,56.60109073658326,88.83443562988812
2025-03-09 20:17:53.337667,957.0,551.0,341.0,2523.0,919.0,273.0,59.18046074113632,77.37392692782332,60.17054520770699,38.92766751653406,17.547374125380884,42.45666611026738,40.218378274200674,68.39339014382101,56.60109073658326,88.83443562988812
2025-03-09 20:17:53.337667,954.0,546.0,351.0,2521.0,919.0,272.0,59.18046074113632,77.37392692782332,60.17054520770699,38.92766751653406,17.547374125380884,42.45666611026738,40.218378274200674,68.39339014382101,56.60109073658326,88.83443562988812
2025-03-09 20:17:53.346000,950.0,553.0,339.0,2528.0,921.0,277.0,59.156082561305816,77.29845339228423,60.36166233295376,39.02280090676735,17.549338965716977,42.55030954280928,39.96111029923074,68.29796974916619,56.59503639991215,89.02029341250825
2025-03-09 20:17:53.346000,954.0,544.0,354.0,2523.0,921.0,273.0,59.156082561305816,77.29845339228423,60.36166233295376,39.02280090676735,17.549338965716977,42.55030954280928,39.96111029923074,68.29796974916619,56.59503639991215,89.02029341250825
2025-03-09 20:17:53.346000,954.0,554.0,336.0,2531.0,923.0,275.0,59.156082561305816,77.29845339228423,60.36166233295376,39.02280090676735,17.549338965716977,42.55030954280928,39.96111029923074,68.29796974916619,56.59503639991215,89.02029341250825
2025-03-09 20:17:53.346000,949.0,539.0,341.0,2528.0,919.0,281.0,59.156082561305816,77.29845339228423,60.36166233295376,39.02280090676735,17.549338965716977,42.55030954280928,39.96111029923074,68.29796974916619,56.59503639991215,89.02029341250825
2025-03-09 20:17:53.354333,943.0,542.0,345.0,2526.0,918.0,276.0,59.13291115495595,77.21103345374533,60.5507360211902,39.124271163598664,17.549641826097744,42.64874498738657,39.69901720470936,68.19447024630587,56.58159420068356,89.20932060127717
2025-03-09 20:17:53.354333,928.0,546.0,339.0,2533.0,923.0,281.0,59.13291115495595,77.21103345374533,60.5507360211902,39.124271163598664,17.549641826097744,42.64874498738657,39.69901720470936,68.19447024630587,56.58159420068356,89.20932060127717
2025-03-09 20:17:53.354333,927.0,538.0,351.0,2531.0,922.0,279.0,59.13291115495595,77.21103345374533,60.5507360211902,39.124271163598664,17.549641826097744,42.64874498738657,39.69901720470936,68.19447024630587,56.58159420068356,89.20932060127717
2025-03-09 20:17:53.354333,931.0,531.0,342.0,2531.0,923.0,283.0,59.13291115495595,77.21103345374533,60.5507360211902,39.124271163598664,17.549641826097744,42.64874498738657,39.69901720470936,68.19447024630587,56.58159420068356,89.20932060127717
2025-03-09 20:17:53.362667,919.0,538.0,346.0,2529.0,926.0,281.0,59.11097410340702,77.11127056136729,60.73982088204804,39.22961584470391,17.54769382048006,42.74956777355509,39.43024664522631,68.08273931995757,56.559634973883554,89.39898056027256
2025-03-09 20:17:53.362667,922.0,544.0,339.0,2531.0,925.0,279.0,59.11097410340702,77.11127056136729,60.73982088204804,39.22961584470391,17.54769382048006,42.74956777355509,39.43024664522631,68.08273931995757,56.559634973883554,89.39898056027256
2025-03-09 20:17:53.362667,911.0,538.0,342.0,2533.0,926.0,284.0,59.11097410340702,77.11127056136729,60.73982088204804,39.22961584470391,17.54769382048006,42.74956777355509,39.43024664522631,68.08273931995757,56.559634973883554,89.39898056027256
2025-03-09 20:17:53.371000,913.0,531.0,336.0,2535.0,922.0,282.0,59.09018494927251,76.9970331462681,60.92923691851133,39.3418828074167,17.544855967065978,42.85643763245934,39.15232278230119,67.95872124932741,56.5271661231906,89.58551346996806
2025-03-09 20:17:53.371000,916.0,539.0,337.0,2533.0,923.0,283.0,59.09018494927251,76.9970331462681,60.92923691851133,39.3418828074167,17.544855967065978,42.85643763245934,39.15232278230119,67.95872124932741,56.5271661231906,89.58551346996806
2025-03-09 20:17:53.371000,905.0,534.0,336.0,2535.0,927.0,283.0,59.09018494927251,76.9970331462681,60.92923691851133,39.3418828074167,17.544855967065978,42.85643763245934,39.15232278230119,67.95872124932741,56.5271661231906,89.58551346996806
2025-03-09 20:17:53.371000,892.0,528.0,341.0,2544.0,927.0,286.0,59.09018494927251,76.9970331462681,60.92923691851133,39.3418828074167,17.544855967065978,42.85643763245934,39.15232278230119,67.95872124932741,56.5271661231906,89.58551346996806
2025-03-09 20:17:53.379333,895.0,528.0,341.0,2540.0,926.0,287.0,59.072076725409886,76.86423623766045,61.114032162262944,39.470186688665045,17.54393654522209,42.97928016810832,38.86580779006172,67.81541813607872,56.48054389983527,89.76456387292521
2025-03-09 20:17:53.379333,881.0,528.0,339.0,2540.0,926.0,285.0,59.072076725409886,76.86423623766045,61.114032162262944,39.470186688665045,17.54393654522209,42.97928016810832,38.86580779006172,67.81541813607872,56.48054389983527,89.76456387292521
2025-03-09 20:17:53.379333,891.0,511.0,345.0,2538.0,925.0,285.0,59.072076725409886,76.86423623766045,61.114032162262944,39.470186688665045,17.54393654522209,42.97928016810832,38.86580779006172,67.81541813607872,56.48054389983527,89.76456387292521
2025-03-09 20:17:53.379333,885.0,529.0,336.0,2545.0,926.0,288.0,59.072076725409886,76.86423623766045,61.114032162262944,39.470186688665045,17.54393654522209,42.97928016810832,38.86580779006172,67.81541813607872,56.48054389983527,89.76456387292521
2025-03-09 20:17:53.387667,880.0,529.0,342.0,2544.0,926.0,289.0,59.05812260207065,76.71086942093035,61.28900238482394,39.616588563819256,17.544895289637463,43.120304173877614,38.57323521544291,67.65001659005796,56.41663581732683,89.93639476040981
2025-03-09 20:17:53.387667,875.0,533.0,337.0,2543.0,927.0,288.0,59.05812260207065,76.71086942093035,61.28900238482394,39.616588563819256,17.544895289637463,43.120304173877614,38.57323521544291,67.65001659005796,56.41663581732683,89.93639476040981
2025-03-09 20:17:53.387667,869.0,527.0,342.0,2534.0,928.0,288.0,59.05812260207065,76.71086942093035,61.28900238482394,39.616588563819256,17.544895289637463,43.120304173877614,38.57323521544291,67.65001659005796,56.41663581732683,89.93639476040981
2025-03-09 20:17:53.387667,850.0,511.0,348.0,2547.0,934.0,291.0,59.05812260207065,76.71086942093035,61.28900238482394,39.616588563819256,17.544895289637463,43.120304173877614,38.57323521544291,67.65001659005796,56.41663581732683,89.93639476040981
2025-03-09 20:17:53.396000,855.0,522.0,356.0,2547.0,932.0,293.0,59.04663146858798,76.53706384170648,61.45181849461126,39.77778191701543,17.54548060303848,43.27586803803196,38.274722109452064,67.46231128361866,56.33511195133989,90.10436025636017
2025-03-09 20:17:53.396000,848.0,511.0,349.0,2542.0,935.0,294.0,59.04663146858798,76.53706384170648,61.45181849461126,39.77778191701543,17.54548060303848,43.27586803803196,38.274722109452064,67.46231128361866,56.33511195133989,90.10436025636017
2025-03-09 20:17:53.396000,848.0,528.0,345.0,2547.0,937.0,296.0,59.04663146858798,76.53706384170648,61.45181849461126,39.77778191701543,17.54548060303848,43.27586803803196,38.274722109452064,67.46231128361866,56.33511195133989,90.10436025636017
2025-03-09 20:17:53.404333,839.0,511.0,351.0,2547.0,937.0,297.0,59.035750986035886,76.3439638092844,61.60430672676531,39.95302160209597,17.54498623959075,43.445238748758,37.96753821965115,67.25212279785823,56.2376523195195,90.2722938306033
2025-03-09 20:17:53.404333,836.0,509.0,343.0,2547.0,941.0,295.0,59.035750986035886,76.3439638092844,61.60430672676531,39.95302160209597,17.54498623959075,43.445238748758,37.96753821965115,67.25212279785823,56.2376523195195,90.2722938306033
2025-03-09 20:17:53.404333,834.0,511.0,342.0,2550.0,937.0,297.0,59.035750986035886,76.3439638092844,61.60430672676531,39.95302160209597,17.54498623959075,43.445238748758,37.96753821965115,67.25212279785823,56.2376523195195,90.2722938306033
2025-03-09 20:17:53.404333,831.0,511.0,351.0,2550.0,941.0,298.0,59.035750986035886,76.3439638092844,61.60430672676531,39.95302160209597,17.54498623959075,43.445238748758,37.96753821965115,67.25212279785823,56.2376523195195,90.2722938306033
2025-03-09 20:17:53.412667,816.0,511.0,338.0,2556.0,955.0,304.0,59.025897414074485,76.13395876000533,61.75019001305133,40.14082259233109,17.544989626904112,43.627702905835754,37.65101805992671,67.02063031023386,56.124946601779165,90.44516876056386
2025-03-09 20:17:53.412667,801.0,511.0,340.0,2555.0,954.0,305.0,59.025897414074485,76.13395876000533,61.75019001305133,40.14082259233109,17.544989626904112,43.627702905835754,37.65101805992671,67.02063031023386,56.124946601779165,90.44516876056386
2025-03-09 20:17:53.412667,804.0,508.0,346.0,2559.0,955.0,305.0,59.025897414074485,76.13395876000533,61.75019001305133,40.14082259233109,17.544989626904112,43.627702905835754,37.65101805992671,67.02063031023386,56.124946601779165,90.44516876056386
2025-03-09 20:17:53.412667,798.0,510.0,350.0,2559.0,955.0,306.0,59.025897414074485,76.13395876000533,61.75019001305133,40.14082259233109,17.544989626904112,43.627702905835754,37.65101805992671,67.02063031023386,56.124946601779165,90.44516876056386
2025-03-09 20:17:53.421000,795.0,503.0,343.0,2559.0,957.0,305.0,59.01987489080636,75.91066550933459,61.892325278253985,40.33644373996574,17.54855268366901,43.81993586497028,37.32925139001844,66.77097004044795,55.995586781180826,90.62888447804596
2025-03-09 20:17:53.421000,793.0,510.0,353.0,2558.0,960.0,307.0,59.01987489080636,75.91066550933459,61.892325278253985,40.33644373996574,17.54855268366901,43.81993586497028,37.32925139001844,66.77097004044795,55.995586781180826,90.62888447804596
2025-03-09 20:17:53.421000,785.0,506.0,336.0,2559.0,959.0,309.0,59.01987489080636,75.91066550933459,61.892325278253985,40.33644373996574,17.54855268366901,43.81993586497028,37.32925139001844,66.77097004044795,55.995586781180826,90.62888447804596
2025-03-09 20:17:53.421000,788.0,507.0,338.0,2559.0,961.0,308.0,59.01987489080636,75.91066550933459,61.892325278253985,40.33644373996574,17.54855268366901,43.81993586497028,37.32925139001844,66.77097004044795,55.995586781180826,90.62888447804596
2025-03-09 20:17:53.429333,769.0,508.0,341.0,2559.0,977.0,321.0,59.02172580538476,75.67803928299509,62.03321946742805,40.530194888587,17.55981336334678,44.01433081969751,37.00974604172479,66.50727819342634,55.84518802219215,90.8288352680228
2025-03-09 20:17:53.429333,766.0,502.0,336.0,2559.0,976.0,321.0,59.02172580538476,75.67803928299509,62.03321946742805,40.530194888587,17.55981336334678,44.01433081969751,37.00974604172479,66.50727819342634,55.84518802219215,90.8288352680228
2025-03-09 20:17:53.429333,763.0,502.0,347.0,2544.0,983.0,320.0,59.02172580538476,75.67803928299509,62.03321946742805,40.530194888587,17.55981336334678,44.01433081969751,37.00974604172479,66.50727819342634,55.84518802219215,90.8288352680228
2025-03-09 20:17:53.437667,758.0,496.0,336.0,2559.0,984.0,325.0,59.03497765342056,75.43829267489895,62.176036704226966,40.71222192130746,17.581965611177896,44.202671108213615,36.69832106449794,66.23289792882818,55.66897746805151,91.04833700552939
2025-03-09 20:17:53.437667,758.0,508.0,345.0,2559.0,983.0,328.0,59.03497765342056,75.43829267489895,62.176036704226966,40.71222192130746,17.581965611177896,44.202671108213615,36.69832106449794,66.23289792882818,55.66897746805151,91.04833700552939
2025-03-09 20:17:53.437667,757.0,499.0,342.0,2559.0,987.0,325.0,59.03497765342056,75.43829267489895,62.176036704226966,40.71222192130746,17.581965611177896,44.202671108213615,36.69832106449794,66.23289792882818,55.66897746805151,91.04833700552939
2025-03-09 20:17:53.437667,752.0,502.0,342.0,2559.0,989.0,328.0,59.03497765342056,75.43829267489895,62.176036704226966,40.71222192130746,17.581965611177896,44.202671108213615,36.69832106449794,66.23289792882818,55.66897746805151,91.04833700552939
2025-03-09 20:17:53.446000,752.0,496.0,349.0,2559.0,993.0,327.0,59.06363980939407,75.19329595524798,62.32404344648871,40.88109115460374,17.613522609134115,44.382606918167546,36.39666008919903,65.95315584118653,55.46950902866273,91.29007638399608
2025-03-09 20:17:53.446000,720.0,506.0,345.0,2559.0,1021.0,341.0,59.06363980939407,75.19329595524798,62.32404344648871,40.88109115460374,17.613522609134115,44.382606918167546,36.39666008919903,65.95315584118653,55.46950902866273,91.29007638399608
2025-03-09 20:17:53.446000,720.0,505.0,341.0,2583.0,1022.0,342.0,59.06363980939407,75.19329595524798,62.32404344648871,40.88109115460374,17.613522609134115,44.382606918167546,36.39666008919903,65.95315584118653,55.46950902866273,91.29007638399608
2025-03-09 20:17:53.446000,714.0,510.0,341.0,2559.0,1022.0,346.0,59.06363980939407,75.19329595524798,62.32404344648871,40.88109115460374,17.613522609134115,44.382606918167546,36.39666008919903,65.95315584118653,55.46950902866273,91.29007638399608
2025-03-09 20:17:53.454333,718.0,503.0,349.0,2559.0,1023.0,347.0,59.111273327248185,74.94624290885393,62.48088376170169,41.042627782349044,17.650016351939605,44.5571872843073,36.103889991361406,65.67604928219771,55.257030288094,91.55513535734963
2025-03-09 20:17:53.454333,717.0,500.0,338.0,2559.0,1037.0,347.0,59.111273327248185,74.94624290885393,62.48088376170169,41.042627782349044,17.650016351939605,44.5571872843073,36.103889991361406,65.67604928219771,55.257030288094,91.55513535734963
2025-03-09 20:17:53.454333,708.0,506.0,342.0,2559.0,1037.0,349.0,59.111273327248185,74.94624290885393,62.48088376170169,41.042627782349044,17.650016351939605,44.5571872843073,36.103889991361406,65.67604928219771,55.257030288094,91.55513535734963
2025-03-09 20:17:53.462667,717.0,498.0,336.0,2559.0,1040.0,352.0,59.177001002746884,74.6995914388566,62.64731332772045,41.2007963487154,17.687665206338824,44.727767549665145,35.82097725672678,65.40865638354369,55.04164611437293,91.84002290664549
2025-03-09 20:17:53.462667,692.0,496.0,352.0,2559.0,1070.0,368.0,59.177001002746884,74.6995914388566,62.64731332772045,41.2007963487154,17.687665206338824,44.727767549665145,35.82097725672678,65.40865638354369,55.04164611437293,91.84002290664549
2025-03-09 20:17:53.462667,686.0,491.0,346.0,2601.0,1072.0,370.0,59.177001002746884,74.6995914388566,62.64731332772045,41.2007963487154,17.687665206338824,44.727767549665145,35.82097725672678,65.40865638354369,55.04164611437293,91.84002290664549
2025-03-09 20:17:53.462667,677.0,491.0,370.0,2585.0,1073.0,370.0,59.177001002746884,74.6995914388566,62.64731332772045,41.2007963487154,17.687665206338824,44.727767549665145,35.82097725672678,65.40865638354369,55.04164611437293,91.84002290664549
2025-03-09 20:17:53.471000,677.0,487.0,346.0,2586.0,1075.0,376.0,59.25441481327174,74.45379074484721,62.81611617770593,41.35531248457142,17.723162190616346,44.89238448235608,35.55149459798084,65.1532220863404,54.828735553688894,92.13734937520931
2025-03-09 20:17:53.471000,672.0,499.0,357.0,2585.0,1079.0,374.0,59.25441481327174,74.45379074484721,62.81611617770593,41.35531248457142,17.723162190616346,44.89238448235608,35.55149459798084,65.1532220863404,54.828735553688894,92.13734937520931
2025-03-09 20:17:53.471000,676.0,495.0,357.0,2585.0,1083.0,382.0,59.25441481327174,74.45379074484721,62.81611617770593,41.35531248457142,17.723162190616346,44.89238448235608,35.55149459798084,65.1532220863404,54.828735553688894,92.13734937520931
2025-03-09 20:17:53.479333,670.0,506.0,341.0,2581.0,1086.0,380.0,59.33621759208455,74.21062115626533,62.97806678576376,41.510413900274,17.749891061013475,45.052416730159145,35.295663884030525,64.91231370535917,54.62786671866891,92.43873413911506
2025-03-09 20:17:53.479333,666.0,498.0,343.0,2582.0,1090.0,384.0,59.33621759208455,74.21062115626533,62.97806678576376,41.510413900274,17.749891061013475,45.052416730159145,35.295663884030525,64.91231370535917,54.62786671866891,92.43873413911506
2025-03-09 20:17:53.479333,654.0,497.0,349.0,2592.0,1125.0,406.0,59.33621759208455,74.21062115626533,62.97806678576376,41.510413900274,17.749891061013475,45.052416730159145,35.295663884030525,64.91231370535917,54.62786671866891,92.43873413911506
2025-03-09 20:17:53.479333,646.0,496.0,339.0,2595.0,1127.0,415.0,59.33621759208455,74.21062115626533,62.97806678576376,41.510413900274,17.749891061013475,45.052416730159145,35.295663884030525,64.91231370535917,54.62786671866891,92.43873413911506
2025-03-09 20:17:53.487667,646.0,491.0,348.0,2590.0,1133.0,417.0,59.41701533836266,73.97219869585099,63.12704095205222,41.66681987849256,17.76374159632126,45.207154899893375,35.0533548893311,64.68754257764743,54.444547399358136,92.73616360226849
2025-03-09 20:17:53.487667,644.0,496.0,343.0,2591.0,1136.0,421.0,59.41701533836266,73.97219869585099,63.12704095205222,41.66681987849256,17.76374159632126,45.207154899893375,35.0533548893311,64.68754257764743,54.444547399358136,92.73616360226849
2025-03-09 20:17:53.487667,647.0,496.0,345.0,2594.0,1138.0,423.0,59.41701533836266,73.97219869585099,63.12704095205222,41.66681987849256,17.76374159632126,45.207154899893375,35.0533548893311,64.68754257764743,54.444547399358136,92.73616360226849
2025-03-09 20:17:53.496000,642.0,497.0,346.0,2594.0,1146.0,428.0,59.49267608470433,73.74029543909715,63.25752695932394,41.811048819306286,17.77010301194421,45.34694372693767,34.83122505436626,64.47478907332429,54.268985412633256,93.02251310281285
2025-03-09 20:17:53.496000,651.0,496.0,343.0,2598.0,1146.0,426.0,59.49267608470433,73.74029543909715,63.25752695932394,41.811048819306286,17.77010301194421,45.34694372693767,34.83122505436626,64.47478907332429,54.268985412633256,93.02251310281285
2025-03-09 20:17:53.496000,621.0,482.0,352.0,2599.0,1171.0,452.0,59.49267608470433,73.74029543909715,63.25752695932394,41.811048819306286,17.77010301194421,45.34694372693767,34.83122505436626,64.47478907332429,54.268985412633256,93.02251310281285
2025-03-09 20:17:53.496000,619.0,494.0,340.0,2599.0,1175.0,457.0,59.49267608470433,73.74029543909715,63.25752695932394,41.811048819306286,17.77010301194421,45.34694372693767,34.83122505436626,64.47478907332429,54.268985412633256,93.02251310281285
2025-03-09 20:17:53.504333,614.0,544.0,324.0,2598.0,1179.0,455.0,59.559218094450195,73.51585823391665,63.36244720085186,41.93432975742668,17.772986162378718,45.465680094788304,34.63582753009299,64.27073375101364,54.09389889683847,93.29210324666664
2025-03-09 20:17:53.504333,615.0,496.0,348.0,2601.0,1185.0,461.0,59.559218094450195,73.51585823391665,63.36244720085186,41.93432975742668,17.772986162378718,45.465680094788304,34.63582753009299,64.27073375101364,54.09389889683847,93.29210324666664
2025-03-09 20:17:53.504333,619.0,497.0,337.0,2595.0,1184.0,463.0,59.559218094450195,73.51585823391665,63.36244720085186,41.93432975742668,17.772986162378718,45.465680094788304,34.63582753009299,64.27073375101364,54.09389889683847,93.29210324666664
2025-03-09 20:17:53.504333,609.0,452.0,336.0,2605.0,1186.0,463.0,59.559218094450195,73.51585823391665,63.36244720085186,41.93432975742668,17.772986162378718,45.465680094788304,34.63582753009299,64.27073375101364,54.09389889683847,93.29210324666664
2025-03-09 20:17:53.512667,610.0,496.0,335.0,2602.0,1187.0,464.0,59.61262970056824,73.29710641131247,63.434925419238795,42.043768090038,17.768633022761396,45.56846019634781,34.465502460934594,64.0744327149115,53.923105040929684,93.5404673966329
2025-03-09 20:17:53.512667,608.0,496.0,344.0,2585.0,1190.0,463.0,59.61262970056824,73.29710641131247,63.434925419238795,42.043768090038,17.768633022761396,45.56846019634781,34.465502460934594,64.0744327149115,53.923105040929684,93.5404673966329
2025-03-09 20:17:53.512667,587.0,495.0,342.0,2606.0,1218.0,478.0,59.61262970056824,73.29710641131247,63.434925419238795,42.043768090038,17.768633022761396,45.56846019634781,34.465502460934594,64.0744327149115,53.923105040929684,93.5404673966329
2025-03-09 20:17:53.521000,609.0,496.0,338.0,2607.0,1221.0,478.0,59.648983792881765,73.08062100787392,63.47007023379645,42.14432504260231,17.756564728711645,45.65991694918875,34.31754341311373,63.88094860115326,53.7551652223388,93.76384244862255
2025-03-09 20:17:53.521000,585.0,479.0,343.0,2599.0,1220.0,482.0,59.648983792881765,73.08062100787392,63.47007023379645,42.14432504260231,17.756564728711645,45.65991694918875,34.31754341311373,63.88094860115326,53.7551652223388,93.76384244862255
2025-03-09 20:17:53.521000,587.0,502.0,325.0,2610.0,1227.0,482.0,59.648983792881765,73.08062100787392,63.47007023379645,42.14432504260231,17.756564728711645,45.65991694918875,34.31754341311373,63.88094860115326,53.7551652223388,93.76384244862255
2025-03-09 20:17:53.521000,577.0,491.0,353.0,2604.0,1227.0,482.0,59.648983792881765,73.08062100787392,63.47007023379645,42.14432504260231,17.756564728711645,45.65991694918875,34.31754341311373,63.88094860115326,53.7551652223388,93.76384244862255
2025-03-09 20:17:53.529333,615.0,490.0,341.0,2603.0,1231.0,483.0,59.66525575326488,72.86335465328331,63.46552311128031,42.23075615985853,17.742058181288463,45.73737595715744,34.194173744858965,63.684169736038115,53.58090317916211,93.95958676564783
2025-03-09 20:17:53.529333,561.0,478.0,353.0,2617.0,1229.0,487.0,59.66525575326488,72.86335465328331,63.46552311128031,42.23075615985853,17.742058181288463,45.73737595715744,34.194173744858965,63.684169736038115,53.58090317916211,93.95958676564783
2025-03-09 20:17:53.529333,560.0,493.0,351.0,2607.0,1258.0,499.0,59.66525575326488,72.86335465328331,63.46552311128031,42.23075615985853,17.742058181288463,45.73737595715744,34.194173744858965,63.684169736038115,53.58090317916211,93.95958676564783
2025-03-09 20:17:53.537667,559.0,494.0,349.0,2607.0,1262.0,498.0,59.65866951110457,72.64404428698106,63.42388222029644,42.299107187106536,17.726596585073178,45.79724800638926,34.0947015020608,63.48409774981469,53.398979585755356,94.12592636305305
2025-03-09 20:17:53.537667,560.0,506.0,324.0,2608.0,1263.0,503.0,59.65866951110457,72.64404428698106,63.42388222029644,42.299107187106536,17.726596585073178,45.79724800638926,34.0947015020608,63.48409774981469,53.398979585755356,94.12592636305305
2025-03-09 20:17:53.537667,550.0,480.0,342.0,2607.0,1263.0,503.0,59.65866951110457,72.64404428698106,63.42388222029644,42.299107187106536,17.726596585073178,45.79724800638926,34.0947015020608,63.48409774981469,53.398979585755356,94.12592636305305
2025-03-09 20:17:53.537667,541.0,480.0,345.0,2605.0,1265.0,503.0,59.65866951110457,72.64404428698106,63.42388222029644,42.299107187106536,17.726596585073178,45.79724800638926,34.0947015020608,63.48409774981469,53.398979585755356,94.12592636305305
2025-03-09 20:17:53.546000,543.0,493.0,336.0,2606.0,1264.0,506.0,59.62638047654817,72.4242297457023,63.351756622375596,42.3541266511774,17.705654028974713,45.8414524094487,34.01159844567553,63.28637932549172,53.22047956292717,94.26098693811883
2025-03-09 20:17:53.546000,551.0,497.0,345.0,2609.0,1269.0,508.0,59.62638047654817,72.4242297457023,63.351756622375596,42.3541266511774,17.705654028974713,45.8414524094487,34.01159844567553,63.28637932549172,53.22047956292717,94.26098693811883
2025-03-09 20:17:53.546000,549.0,497.0,349.0,2608.0,1269.0,506.0,59.62638047654817,72.4242297457023,63.351756622375596,42.3541266511774,17.705654028974713,45.8414524094487,34.01159844567553,63.28637932549172,53.22047956292717,94.26098693811883
2025-03-09 20:17:53.554333,534.0,501.0,341.0,2608.0,1294.0,531.0,59.56684931393438,72.20850193004874,63.258072232328956,42.400986796895694,17.67566846321524,45.87308419522721,33.93628373865704,63.09724064537982,53.05794269557686,94.36317386701332
2025-03-09 20:17:53.554333,534.0,487.0,347.0,2608.0,1294.0,528.0,59.56684931393438,72.20850193004874,63.258072232328956,42.400986796895694,17.67566846321524,45.87308419522721,33.93628373865704,63.09724064537982,53.05794269557686,94.36317386701332
2025-03-09 20:17:53.554333,543.0,479.0,341.0,2608.0,1294.0,528.0,59.56684931393438,72.20850193004874,63.258072232328956,42.400986796895694,17.67566846321524,45.87308419522721,33.93628373865704,63.09724064537982,53.05794269557686,94.36317386701332
2025-03-09 20:17:53.554333,540.0,471.0,339.0,2608.0,1296.0,530.0,59.56684931393438,72.20850193004874,63.258072232328956,42.400986796895694,17.67566846321524,45.87308419522721,33.93628373865704,63.09724064537982,53.05794269557686,94.36317386701332
2025-03-09 20:17:53.562667,543.0,491.0,333.0,2612.0,1297.0,531.0,59.48305772340326,71.99606481721256,63.144119793346206,42.441013246273585,17.636500986057904,45.89349143164785,33.867965623490434,62.91616501845193,52.91015746210343,94.43369653583316
2025-03-09 20:17:53.562667,511.0,505.0,343.0,2608.0,1296.0,533.0,59.48305772340326,71.99606481721256,63.144119793346206,42.441013246273585,17.636500986057904,45.89349143164785,33.867965623490434,62.91616501845193,52.91015746210343,94.43369653583316
2025-03-09 20:17:53.562667,528.0,477.0,336.0,2611.0,1296.0,532.0,59.48305772340326,71.99606481721256,63.144119793346206,42.441013246273585,17.636500986057904,45.89349143164785,33.867965623490434,62.91616501845193,52.91015746210343,94.43369653583316
2025-03-09 20:17:53.571000,528.0,496.0,342.0,2610.0,1309.0,541.0,59.38167154883644,71.7786453286522,63.002077402512406,42.47641423056896,17.58898503716038,45.90541845709232,33.81206662402053,62.73609384871099,52.76467722278362,94.476747676205
2025-03-09 20:17:53.571000,542.0,481.0,346.0,2608.0,1306.0,544.0,59.38167154883644,71.7786453286522,63.002077402512406,42.47641423056896,17.58898503716038,45.90541845709232,33.81206662402053,62.73609384871099,52.76467722278362,94.476747676205
2025-03-09 20:17:53.571000,530.0,464.0,339.0,2609.0,1305.0,542.0,59.38167154883644,71.7786453286522,63.002077402512406,42.47641423056896,17.58898503716038,45.90541845709232,33.81206662402053,62.73609384871099,52.76467722278362,94.476747676205
2025-03-09 20:17:53.571000,528.0,501.0,339.0,2609.0,1303.0,542.0,59.38167154883644,71.7786453286522,63.002077402512406,42.47641423056896,17.58898503716038,45.90541845709232,33.81206662402053,62.73609384871099,52.76467722278362,94.476747676205
2025-03-09 20:17:53.579333,511.0,486.0,338.0,2609.0,1305.0,545.0,59.267378230870314,71.55535400648019,62.83079824626611,42.507025753636476,17.536144914777378,45.91036164793623,33.77175609259717,62.55408974399145,52.61532138565803,94.49513866111648
2025-03-09 20:17:53.579333,532.0,489.0,355.0,2608.0,1306.0,544.0,59.267378230870314,71.55535400648019,62.83079824626611,42.507025753636476,17.536144914777378,45.91036164793623,33.77175609259717,62.55408974399145,52.61532138565803,94.49513866111648
2025-03-09 20:17:53.579333,511.0,481.0,382.0,2608.0,1311.0,534.0,59.267378230870314,71.55535400648019,62.83079824626611,42.507025753636476,17.536144914777378,45.91036164793623,33.77175609259717,62.55408974399145,52.61532138565803,94.49513866111648
2025-03-09 20:17:53.579333,511.0,500.0,336.0,2607.0,1302.0,544.0,59.267378230870314,71.55535400648019,62.83079824626611,42.507025753636476,17.536144914777378,45.91036164793623,33.77175609259717,62.55408974399145,52.61532138565803,94.49513866111648
2025-03-09 20:17:53.587667,522.0,484.0,355.0,2608.0,1298.0,544.0,59.14303563824266,71.33280354550517,62.63740331511663,42.53134256910792,17.481094974719383,45.90829552896762,33.74699601465009,62.37427664266217,52.465689061101976,94.48981080715055
2025-03-09 20:17:53.587667,511.0,489.0,352.0,2608.0,1298.0,544.0,59.14303563824266,71.33280354550517,62.63740331511663,42.53134256910792,17.481094974719383,45.90829552896762,33.74699601465009,62.37427664266217,52.465689061101976,94.48981080715055
2025-03-09 20:17:53.587667,526.0,494.0,341.0,2608.0,1297.0,543.0,59.14303563824266,71.33280354550517,62.63740331511663,42.53134256910792,17.481094974719383,45.90829552896762,33.74699601465009,62.37427664266217,52.465689061101976,94.48981080715055
2025-03-09 20:17:53.596000,511.0,481.0,356.0,2605.0,1298.0,540.0,59.01200369037542,71.11698705181121,62.427502939055515,42.55102938773962,17.424467530615857,45.90093488319194,33.737892849543265,62.202554766576114,52.32213119447367,94.46243560709198
2025-03-09 20:17:53.596000,511.0,488.0,356.0,2602.0,1305.0,542.0,59.01200369037542,71.11698705181121,62.427502939055515,42.55102938773962,17.424467530615857,45.90093488319194,33.737892849543265,62.202554766576114,52.32213119447367,94.46243560709198
2025-03-09 20:17:53.596000,506.0,480.0,338.0,2609.0,1296.0,543.0,59.01200369037542,71.11698705181121,62.427502939055515,42.55102938773962,17.424467530615857,45.90093488319194,33.737892849543265,62.202554766576114,52.32213119447367,94.46243560709198
2025-03-09 20:17:53.596000,502.0,464.0,342.0,2603.0,1296.0,541.0,59.01200369037542,71.11698705181121,62.427502939055515,42.55102938773962,17.424467530615857,45.90093488319194,33.737892849543265,62.202554766576114,52.32213119447367,94.46243560709198
2025-03-09 20:17:53.604333,509.0,484.0,336.0,2608.0,1294.0,544.0,58.87673224060312,70.9124931800589,62.204158667455346,42.566760823111316,17.366988524890107,45.889163895584154,33.74568516234902,62.0431899355875,52.18880373267648,94.41447152382193
2025-03-09 20:17:53.604333,480.0,486.0,339.0,2624.0,1292.0,537.0,58.87673224060312,70.9124931800589,62.204158667455346,42.566760823111316,17.366988524890107,45.889163895584154,33.74568516234902,62.0431899355875,52.18880373267648,94.41447152382193
2025-03-09 20:17:53.604333,501.0,485.0,341.0,2608.0,1293.0,536.0,58.87673224060312,70.9124931800589,62.204158667455346,42.566760823111316,17.366988524890107,45.889163895584154,33.74568516234902,62.0431899355875,52.18880373267648,94.41447152382193
2025-03-09 20:17:53.612667,503.0,483.0,342.0,2621.0,1279.0,535.0,58.73889072609013,70.72287128919561,61.971040409051206,42.578747569617434,17.309299703316867,45.87344254841857,33.770114726975194,61.89914728425615,52.06903121484882,94.3463171606545
2025-03-09 20:17:53.612667,474.0,487.0,341.0,2608.0,1290.0,538.0,58.73889072609013,70.72287128919561,61.971040409051206,42.578747569617434,17.309299703316867,45.87344254841857,33.770114726975194,61.89914728425615,52.06903121484882,94.3463171606545
2025-03-09 20:17:53.612667,496.0,488.0,350.0,2603.0,1286.0,535.0,58.73889072609013,70.72287128919561,61.971040409051206,42.578747569617434,17.309299703316867,45.87344254841857,33.770114726975194,61.89914728425615,52.06903121484882,94.3463171606545
2025-03-09 20:17:53.612667,507.0,443.0,340.0,2605.0,1287.0,534.0,58.73889072609013,70.72287128919561,61.971040409051206,42.578747569617434,17.309299703316867,45.87344254841857,33.770114726975194,61.89914728425615,52.06903121484882,94.3463171606545
2025-03-09 20:17:53.621000,493.0,483.0,339.0,2608.0,1287.0,534.0,58.60095819015073,70.55022739522612,61.73178261467834,42.58917104946009,17.251329285959738,45.85587105413023,33.80959961842559,61.77220936379002,51.9656054069771,94.25901518083863
2025-03-09 20:17:53.621000,487.0,481.0,336.0,2607.0,1280.0,530.0,58.60095819015073,70.55022739522612,61.73178261467834,42.58917104946009,17.251329285959738,45.85587105413023,33.80959961842559,61.77220936379002,51.9656054069771,94.25901518083863
2025-03-09 20:17:53.621000,491.0,493.0,337.0,2608.0,1280.0,529.0,58.60095819015073,70.55022739522612,61.73178261467834,42.58917104946009,17.251329285959738,45.85587105413023,33.80959961842559,61.77220936379002,51.9656054069771,94.25901518083863
2025-03-09 20:17:53.629333,500.0,467.0,337.0,2602.0,1279.0,528.0,58.46619868952508,70.39544314704574,61.48879317381422,42.60071114080103,17.193134465657447,45.83903468415842,33.86359587670505,61.66341004466302,51.87979387507206,94.15501829663287
2025-03-09 20:17:53.629333,494.0,488.0,337.0,2603.0,1278.0,528.0,58.46619868952508,70.39544314704574,61.48879317381422,42.60071114080103,17.193134465657447,45.83903468415842,33.86359587670505,61.66341004466302,51.87979387507206,94.15501829663287
2025-03-09 20:17:53.629333,496.0,496.0,339.0,2607.0,1279.0,528.0,58.46619868952508,70.39544314704574,61.48879317381422,42.60071114080103,17.193134465657447,45.83903468415842,33.86359587670505,61.66341004466302,51.87979387507206,94.15501829663287
2025-03-09 20:17:53.629333,492.0,424.0,309.0,2607.0,1274.0,527.0,58.46619868952508,70.39544314704574,61.48879317381422,42.60071114080103,17.193134465657447,45.83903468415842,33.86359587670505,61.66341004466302,51.87979387507206,94.15501829663287
2025-03-09 20:17:53.637667,491.0,499.0,342.0,2603.0,1274.0,528.0,58.33804947693334,70.2588469950002,61.24273269257443,42.61600146358356,17.133724918687555,45.82506547834604,33.93247299685933,61.57406855479983,51.81270500362634,94.03787012063218
2025-03-09 20:17:53.637667,479.0,459.0,336.0,2602.0,1271.0,526.0,58.33804947693334,70.2588469950002,61.24273269257443,42.61600146358356,17.133724918687555,45.82506547834604,33.93247299685933,61.57406855479983,51.81270500362634,94.03787012063218
2025-03-09 20:17:53.637667,497.0,483.0,338.0,2605.0,1259.0,510.0,58.33804947693334,70.2588469950002,61.24273269257443,42.61600146358356,17.133724918687555,45.82506547834604,33.93247299685933,61.57406855479983,51.81270500362634,94.03787012063218
2025-03-09 20:17:53.646000,492.0,477.0,338.0,2608.0,1259.0,509.0,58.22011428726812,70.14105010519064,60.9943890508303,42.637144719202254,17.071152332984624,45.81523003328529,34.0164213545855,61.50643517357072,51.76619525722309,93.91216545970214
2025-03-09 20:17:53.646000,467.0,491.0,338.0,2599.0,1253.0,507.0,58.22011428726812,70.14105010519064,60.9943890508303,42.637144719202254,17.071152332984624,45.81523003328529,34.0164213545855,61.50643517357072,51.76619525722309,93.91216545970214
2025-03-09 20:17:53.646000,499.0,479.0,339.0,2602.0,1258.0,505.0,58.22011428726812,70.14105010519064,60.9943890508303,42.637144719202254,17.071152332984624,45.81523003328529,34.0164213545855,61.50643517357072,51.76619525722309,93.91216545970214
2025-03-09 20:17:53.646000,495.0,481.0,336.0,2607.0,1249.0,507.0,58.22011428726812,70.14105010519064,60.9943890508303,42.637144719202254,17.071152332984624,45.81523003328529,34.0164213545855,61.50643517357072,51.76619525722309,93.91216545970214
2025-03-09 20:17:53.654333,484.0,481.0,336.0,2599.0,1251.0,504.0,58.116039610129825,70.04251988553735,60.74420511506967,42.666673177825345,17.002803396182422,45.810797473822575,34.11607206077647,61.46373437877638,51.74298990440735,93.78382269022096
2025-03-09 20:17:53.654333,496.0,477.0,336.0,2601.0,1249.0,505.0,58.116039610129825,70.04251988553735,60.74420511506967,42.666673177825345,17.002803396182422,45.810797473822575,34.11607206077647,61.46373437877638,51.74298990440735,93.78382269022096
2025-03-09 20:17:53.654333,464.0,483.0,334.0,2599.0,1232.0,495.0,58.116039610129825,70.04251988553735,60.74420511506967,42.666673177825345,17.002803396182422,45.810797473822575,34.11607206077647,61.46373437877638,51.74298990440735,93.78382269022096
2025-03-09 20:17:53.654333,490.0,480.0,339.0,2606.0,1233.0,494.0,58.116039610129825,70.04251988553735,60.74420511506967,42.666673177825345,17.002803396182422,45.810797473822575,34.11607206077647,61.46373437877638,51.74298990440735,93.78382269022096
2025-03-09 20:17:53.662667,466.0,481.0,339.0,2595.0,1230.0,495.0,58.02939643509542,69.96480331083995,60.494017949487755,42.70885178283451,16.925133754609853,45.81404683802349,34.23151286568842,61.45169069181326,51.74935374780178,93.65872583117083
2025-03-09 20:17:53.662667,492.0,477.0,336.0,2603.0,1230.0,489.0,58.02939643509542,69.96480331083995,60.494017949487755,42.70885178283451,16.925133754609853,45.81404683802349,34.23151286568842,61.45169069181326,51.74935374780178,93.65872583117083
2025-03-09 20:17:53.662667,487.0,480.0,334.0,2603.0,1230.0,487.0,58.02939643509542,69.96480331083995,60.494017949487755,42.70885178283451,16.925133754609853,45.81404683802349,34.23151286568842,61.45169069181326,51.74935374780178,93.65872583117083
2025-03-09 20:17:53.671000,486.0,481.0,336.0,2601.0,1229.0,487.0,57.96341275216831,69.91082427054543,60.24712829611018,42.76828807215886,16.83450422580503,45.827518167554665,34.362088054485724,61.47738286193088,51.793683770846066,93.54132271297992
2025-03-09 20:17:53.671000,489.0,482.0,339.0,2602.0,1226.0,485.0,57.96341275216831,69.91082427054543,60.24712829611018,42.76828807215886,16.83450422580503,45.827518167554665,34.362088054485724,61.47738286193088,51.793683770846066,93.54132271297992
2025-03-09 20:17:53.671000,476.0,478.0,337.0,2599.0,1223.0,486.0,57.96341275216831,69.91082427054543,60.24712829611018,42.76828807215886,16.83450422580503,45.827518167554665,34.362088054485724,61.47738286193088,51.793683770846066,93.54132271297992
2025-03-09 20:17:53.671000,494.0,483.0,337.0,2597.0,1207.0,477.0,57.96341275216831,69.91082427054543,60.24712829611018,42.76828807215886,16.83450422580503,45.827518167554665,34.362088054485724,61.47738286193088,51.793683770846066,93.54132271297992
2025-03-09 20:17:53.679333,493.0,477.0,339.0,2594.0,1213.0,477.0,57.91950735521132,69.8829074826448,60.00597933587447,42.85018320253274,16.726836118515042,45.85422651975546,34.50616815905061,61.54698055232857,51.88488137057171,93.43398986219421
2025-03-09 20:17:53.679333,487.0,481.0,336.0,2598.0,1207.0,480.0,57.91950735521132,69.8829074826448,60.00597933587447,42.85018320253274,16.726836118515042,45.85422651975546,34.50616815905061,61.54698055232857,51.88488137057171,93.43398986219421
2025-03-09 20:17:53.679333,494.0,487.0,338.0,2599.0,1207.0,471.0,57.91950735521132,69.8829074826448,60.00597933587447,42.85018320253274,16.726836118515042,45.85422651975546,34.50616815905061,61.54698055232857,51.88488137057171,93.43398986219421
2025-03-09 20:17:53.687667,496.0,477.0,343.0,2595.0,1204.0,475.0,57.89722735770836,69.88198124535523,59.77218184904338,42.90984701311335,16.634619939382546,45.86738113642693,34.67623181474228,61.633606189640666,51.97181814050897,93.33698222590347
2025-03-09 20:17:53.687667,499.0,480.0,356.0,2599.0,1206.0,473.0,57.89722735770836,69.88198124535523,59.77218184904338,42.90984701311335,16.634619939382546,45.86738113642693,34.67623181474228,61.633606189640666,51.97181814050897,93.33698222590347
2025-03-09 20:17:53.687667,496.0,487.0,336.0,2598.0,1203.0,471.0,57.89722735770836,69.88198124535523,59.77218184904338,42.90984701311335,16.634619939382546,45.86738113642693,34.67623181474228,61.633606189640666,51.97181814050897,93.33698222590347
2025-03-09 20:17:53.687667,499.0,485.0,336.0,2596.0,1185.0,462.0,57.89722735770836,69.88198124535523,59.77218184904338,42.90984701311335,16.634619939382546,45.86738113642693,34.67623181474228,61.633606189640666,51.97181814050897,93.33698222590347
2025-03-09 20:17:53.696000,503.0,471.0,342.0,2592.0,1185.0,464.0,57.89451142021635,69.90743107319481,59.54701359080978,42.84698480993824,16.630232148327885,45.806378343572625,34.89819656411559,61.67314524617799,51.93576113757896,93.24883247358581
2025-03-09 20:17:53.696000,496.0,479.0,336.0,2589.0,1189.0,457.0,57.89451142021635,69.90743107319481,59.54701359080978,42.84698480993824,16.630232148327885,45.806378343572625,34.89819656411559,61.67314524617799,51.93576113757896,93.24883247358581
2025-03-09 20:17:53.696000,507.0,482.0,336.0,2593.0,1181.0,459.0,57.89451142021635,69.90743107319481,59.54701359080978,42.84698480993824,16.630232148327885,45.806378343572625,34.89819656411559,61.67314524617799,51.93576113757896,93.24883247358581
2025-03-09 20:17:53.696000,502.0,479.0,336.0,2591.0,1184.0,460.0,57.89451142021635,69.90743107319481,59.54701359080978,42.84698480993824,16.630232148327885,45.806378343572625,34.89819656411559,61.67314524617799,51.93576113757896,93.24883247358581
2025-03-09 20:17:53.704333,502.0,485.0,336.0,2588.0,1178.0,459.0,57.90776850659501,69.95804812191943,59.332722164464904,42.66423183786909,16.711519922975032,45.67300094033331,35.16471935330765,61.66456183508478,51.77928476952176,93.16562991535226
2025-03-09 20:17:53.704333,504.0,478.0,336.0,2587.0,1175.0,459.0,57.90776850659501,69.95804812191943,59.332722164464904,42.66423183786909,16.711519922975032,45.67300094033331,35.16471935330765,61.66456183508478,51.77928476952176,93.16562991535226
2025-03-09 20:17:53.704333,507.0,479.0,333.0,2591.0,1173.0,459.0,57.90776850659501,69.95804812191943,59.332722164464904,42.66423183786909,16.711519922975032,45.67300094033331,35.16471935330765,61.66456183508478,51.77928476952176,93.16562991535226
2025-03-09 20:17:53.712667,511.0,486.0,329.0,2583.0,1159.0,448.0,57.93309617775233,70.03193636452407,59.131793157142255,42.46875956891527,16.802541282323027,45.53276447698283,35.439061813086774,61.67025173917001,51.627515151992796,93.08179468043421
2025-03-09 20:17:53.712667,523.0,478.0,338.0,2587.0,1157.0,448.0,57.93309617775233,70.03193636452407,59.131793157142255,42.46875956891527,16.802541282323027,45.53276447698283,35.439061813086774,61.67025173917001,51.627515151992796,93.08179468043421
2025-03-09 20:17:53.712667,511.0,481.0,333.0,2585.0,1158.0,448.0,57.93309617775233,70.03193636452407,59.131793157142255,42.46875956891527,16.802541282323027,45.53276447698283,35.439061813086774,61.67025173917001,51.627515151992796,93.08179468043421
2025-03-09 20:17:53.712667,509.0,486.0,337.0,2587.0,1155.0,447.0,57.93309617775233,70.03193636452407,59.131793157142255,42.46875956891527,16.802541282323027,45.53276447698283,35.439061813086774,61.67025173917001,51.627515151992796,93.08179468043421
2025-03-09 20:17:53.721000,511.0,478.0,330.0,2585.0,1153.0,445.0,57.96681073679165,70.12602854575648,58.944476698793764,42.30782453014813,16.869829996194593,45.41408957804637,35.70452860362231,61.715137865576416,51.534456817055506,92.9921533686007
2025-03-09 20:17:53.721000,511.0,478.0,336.0,2589.0,1153.0,443.0,57.96681073679165,70.12602854575648,58.944476698793764,42.30782453014813,16.869829996194593,45.41408957804637,35.70452860362231,61.715137865576416,51.534456817055506,92.9921533686007
2025-03-09 20:17:53.721000,531.0,479.0,329.0,2585.0,1149.0,443.0,57.96681073679165,70.12602854575648,58.944476698793764,42.30782453014813,16.869829996194593,45.41408957804637,35.70452860362231,61.715137865576416,51.534456817055506,92.9921533686007
2025-03-09 20:17:53.721000,533.0,479.0,352.0,2559.0,1136.0,432.0,57.96681073679165,70.12602854575648,58.944476698793764,42.30782453014813,16.869829996194593,45.41408957804637,35.70452860362231,61.715137865576416,51.534456817055506,92.9921533686007
2025-03-09 20:17:53.729333,530.0,491.0,345.0,2584.0,1137.0,435.0,58.00489065367919,70.23630308092952,58.76925927491275,42.17073349149434,16.920641125996674,45.31010325503067,35.96211786859721,61.78860929119148,51.48563535929853,92.89187956526933
2025-03-09 20:17:53.729333,530.0,486.0,341.0,2583.0,1136.0,432.0,58.00489065367919,70.23630308092952,58.76925927491275,42.17073349149434,16.920641125996674,45.31010325503067,35.96211786859721,61.78860929119148,51.48563535929853,92.89187956526933
2025-03-09 20:17:53.729333,535.0,490.0,343.0,2559.0,1134.0,432.0,58.00489065367919,70.23630308092952,58.76925927491275,42.17073349149434,16.920641125996674,45.31010325503067,35.96211786859721,61.78860929119148,51.48563535929853,92.89187956526933
2025-03-09 20:17:53.737667,535.0,478.0,345.0,2583.0,1133.0,432.0,58.0428203839303,70.3586964975281,58.60391355810503,42.04455498987124,16.962213698355576,45.212124850900786,36.21289546936007,61.879504087335945,51.465132865789876,92.77559113502932
2025-03-09 20:17:53.737667,537.0,479.0,350.0,2559.0,1131.0,431.0,58.0428203839303,70.3586964975281,58.60391355810503,42.04455498987124,16.962213698355576,45.212124850900786,36.21289546936007,61.879504087335945,51.465132865789876,92.77559113502932
2025-03-09 20:17:53.737667,538.0,485.0,350.0,2583.0,1133.0,432.0,58.0428203839303,70.3586964975281,58.60391355810503,42.04455498987124,16.962213698355576,45.212124850900786,36.21289546936007,61.879504087335945,51.465132865789876,92.77559113502932
2025-03-09 20:17:53.746000,542.0,485.0,339.0,2559.0,1130.0,430.0,58.07638175153486,70.48922386119132,58.44740199448367,41.916602240766586,17.001499518190638,45.11168995743713,36.456788474987505,61.976980403130426,51.457442910887025,92.63825194202637
2025-03-09 20:17:53.746000,555.0,490.0,345.0,2559.0,1107.0,417.0,58.07638175153486,70.48922386119132,58.44740199448367,41.916602240766586,17.001499518190638,45.11168995743713,36.456788474987505,61.976980403130426,51.457442910887025,92.63825194202637
2025-03-09 20:17:53.746000,556.0,480.0,347.0,2559.0,1107.0,416.0,58.07638175153486,70.48922386119132,58.44740199448367,41.916602240766586,17.001499518190638,45.11168995743713,36.456788474987505,61.976980403130426,51.457442910887025,92.63825194202637
2025-03-09 20:17:53.746000,555.0,495.0,342.0,2559.0,1106.0,415.0,58.07638175153486,70.48922386119132,58.44740199448367,41.916602240766586,17.001499518190638,45.11168995743713,36.456788474987505,61.976980403130426,51.457442910887025,92.63825194202637
2025-03-09 20:17:53.754333,558.0,487.0,355.0,2559.0,1104.0,415.0,58.102853878389595,70.6247035754315,58.2993443366845,41.78460621234884,17.04169490781477,45.00801387333278,36.692979458311356,62.0754875227825,51.45683467909236,92.47617168260248
2025-03-09 20:17:53.754333,560.0,477.0,350.0,2559.0,1104.0,414.0,58.102853878389595,70.6247035754315,58.2993443366845,41.78460621234884,17.04169490781477,45.00801387333278,36.692979458311356,62.0754875227825,51.45683467909236,92.47617168260248
2025-03-09 20:17:53.754333,560.0,479.0,351.0,2559.0,1104.0,414.0,58.102853878389595,70.6247035754315,58.2993443366845,41.78460621234884,17.04169490781477,45.00801387333278,36.692979458311356,62.0754875227825,51.45683467909236,92.47617168260248
2025-03-09 20:17:53.754333,561.0,485.0,349.0,2559.0,1102.0,412.0,58.102853878389595,70.6247035754315,58.2993443366845,41.78460621234884,17.04169490781477,45.00801387333278,36.692979458311356,62.0754875227825,51.45683467909236,92.47617168260248
2025-03-09 20:17:53.762667,576.0,496.0,345.0,2559.0,1088.0,397.0,58.122802503158084,70.76487158359514,58.16361560872523,41.65576936290773,17.081395746948516,44.90685853644055,36.917973871696724,62.17686598592518,51.4691193139022,92.28894266476073
2025-03-09 20:17:53.762667,576.0,485.0,346.0,2554.0,1083.0,398.0,58.122802503158084,70.76487158359514,58.16361560872523,41.65576936290773,17.081395746948516,44.90685853644055,36.917973871696724,62.17686598592518,51.4691193139022,92.28894266476073
2025-03-09 20:17:53.762667,577.0,489.0,351.0,2559.0,1084.0,398.0,58.122802503158084,70.76487158359514,58.16361560872523,41.65576936290773,17.081395746948516,44.90685853644055,36.917973871696724,62.17686598592518,51.4691193139022,92.28894266476073
2025-03-09 20:17:53.771000,582.0,487.0,346.0,2559.0,1081.0,396.0,58.136365912970284,70.90974067600544,58.04221689955105,41.53417357313296,17.118781696559626,44.81113143685071,37.129331916343574,62.28254989896518,51.49844393495117,92.07742710784139
2025-03-09 20:17:53.771000,582.0,490.0,338.0,2559.0,1079.0,394.0,58.136365912970284,70.90974067600544,58.04221689955105,41.53417357313296,17.118781696559626,44.81113143685071,37.129331916343574,62.28254989896518,51.49844393495117,92.07742710784139
2025-03-09 20:17:53.771000,582.0,483.0,339.0,2559.0,1079.0,394.0,58.136365912970284,70.90974067600544,58.04221689955105,41.53417357313296,17.118781696559626,44.81113143685071,37.129331916343574,62.28254989896518,51.49844393495117,92.07742710784139
2025-03-09 20:17:53.771000,592.0,483.0,340.0,2559.0,1076.0,390.0,58.136365912970284,70.90974067600544,58.04221689955105,41.53417357313296,17.118781696559626,44.81113143685071,37.129331916343574,62.28254989896518,51.49844393495117,92.07742710784139
2025-03-09 20:17:53.779333,590.0,491.0,352.0,2559.0,1077.0,390.0,58.14176342880236,71.05799124707517,57.93343564038576,41.419706525407854,17.153563675675166,44.720567087968114,37.327244813077634,62.39122763483531,51.54431935355328,91.84208252628349
2025-03-09 20:17:53.779333,605.0,494.0,353.0,2549.0,1067.0,381.0,58.14176342880236,71.05799124707517,57.93343564038576,41.419706525407854,17.153563675675166,44.720567087968114,37.327244813077634,62.39122763483531,51.54431935355328,91.84208252628349
2025-03-09 20:17:53.779333,606.0,487.0,353.0,2557.0,1064.0,383.0,58.14176342880236,71.05799124707517,57.93343564038576,41.419706525407854,17.153563675675166,44.720567087968114,37.327244813077634,62.39122763483531,51.54431935355328,91.84208252628349
2025-03-09 20:17:53.779333,602.0,490.0,321.0,2552.0,1061.0,381.0,58.14176342880236,71.05799124707517,57.93343564038576,41.419706525407854,17.153563675675166,44.720567087968114,37.327244813077634,62.39122763483531,51.54431935355328,91.84208252628349
2025-03-09 20:17:53.787667,610.0,490.0,349.0,2550.0,1059.0,379.0,58.14078356920685,71.21020287146051,57.838824295675785,41.31236679364979,17.1855875097564,44.63508922950195,37.511599316565885,62.503949409642146,51.60689789982991,91.58749432276092
2025-03-09 20:17:53.787667,611.0,486.0,352.0,2558.0,1063.0,375.0,58.14078356920685,71.21020287146051,57.838824295675785,41.31236679364979,17.1855875097564,44.63508922950195,37.511599316565885,62.503949409642146,51.60689789982991,91.58749432276092
2025-03-09 20:17:53.787667,615.0,496.0,351.0,2559.0,1057.0,377.0,58.14078356920685,71.21020287146051,57.838824295675785,41.31236679364979,17.1855875097564,44.63508922950195,37.511599316565885,62.503949409642146,51.60689789982991,91.58749432276092
2025-03-09 20:17:53.796000,618.0,497.0,346.0,2555.0,1055.0,378.0,58.137432516333554,71.36741872820426,57.75887267005373,41.2112666158065,17.21449702127652,44.553808256401005,37.68414297120448,62.62265652474551,51.685022058635155,91.32089065577651
2025-03-09 20:17:53.796000,635.0,496.0,345.0,2546.0,1042.0,368.0,58.137432516333554,71.36741872820426,57.75887267005373,41.2112666158065,17.21449702127652,44.553808256401005,37.68414297120448,62.62265652474551,51.685022058635155,91.32089065577651
2025-03-09 20:17:53.796000,637.0,493.0,345.0,2545.0,1041.0,368.0,58.137432516333554,71.36741872820426,57.75887267005373,41.2112666158065,17.21449702127652,44.553808256401005,37.68414297120448,62.62265652474551,51.685022058635155,91.32089065577651
2025-03-09 20:17:53.796000,640.0,496.0,352.0,2541.0,1042.0,368.0,58.137432516333554,71.36741872820426,57.75887267005373,41.2112666158065,17.21449702127652,44.553808256401005,37.68414297120448,62.62265652474551,51.685022058635155,91.32089065577651
2025-03-09 20:17:53.804333,643.0,496.0,355.0,2546.0,1039.0,368.0,58.13585367784853,71.53099498455052,57.69111241795096,41.11242852891316,17.242346444181322,44.47406382507082,37.850468213381866,62.74795679471102,51.77364070159938,91.0506798507551
2025-03-09 20:17:53.804333,646.0,486.0,347.0,2526.0,1040.0,366.0,58.13585367784853,71.53099498455052,57.69111241795096,41.11242852891316,17.242346444181322,44.47406382507082,37.850468213381866,62.74795679471102,51.77364070159938,91.0506798507551
2025-03-09 20:17:53.804333,643.0,490.0,364.0,2544.0,1038.0,366.0,58.13585367784853,71.53099498455052,57.69111241795096,41.11242852891316,17.242346444181322,44.47406382507082,37.850468213381866,62.74795679471102,51.77364070159938,91.0506798507551
2025-03-09 20:17:53.812667,643.0,495.0,362.0,2547.0,1039.0,367.0,58.142763887807575,71.70439990857939,57.63412469216517,41.01029222679021,17.27321362653167,44.39259023771135,38.01846760953688,62.881798470881364,51.86639836920965,90.78985828686274
2025-03-09 20:17:53.812667,650.0,498.0,350.0,2547.0,1035.0,365.0,58.142763887807575,71.70439990857939,57.63412469216517,41.01029222679021,17.27321362653167,44.39259023771135,38.01846760953688,62.881798470881364,51.86639836920965,90.78985828686274
2025-03-09 20:17:53.812667,671.0,496.0,350.0,2542.0,1021.0,356.0,58.142763887807575,71.70439990857939,57.63412469216517,41.01029222679021,17.27321362653167,44.39259023771135,38.01846760953688,62.881798470881364,51.86639836920965,90.78985828686274
2025-03-09 20:17:53.812667,672.0,500.0,342.0,2543.0,1019.0,359.0,58.142763887807575,71.70439990857939,57.63412469216517,41.01029222679021,17.27321362653167,44.39259023771135,38.01846760953688,62.881798470881364,51.86639836920965,90.78985828686274
2025-03-09 20:17:53.821000,674.0,496.0,354.0,2546.0,1015.0,356.0,58.16229174730386,71.88918616570537,57.585459824894095,40.902216398498055,17.30939702569856,44.308043986045256,38.19374813433731,63.024972255304235,51.9590609544053,90.54745692192019
2025-03-09 20:17:53.821000,684.0,497.0,384.0,2539.0,1018.0,357.0,58.16229174730386,71.88918616570537,57.585459824894095,40.902216398498055,17.30939702569856,44.308043986045256,38.19374813433731,63.024972255304235,51.9590609544053,90.54745692192019
2025-03-09 20:17:53.821000,674.0,498.0,353.0,2537.0,1019.0,355.0,58.16229174730386,71.88918616570537,57.585459824894095,40.902216398498055,17.30939702569856,44.308043986045256,38.19374813433731,63.024972255304235,51.9590609544053,90.54745692192019
2025-03-09 20:17:53.821000,672.0,497.0,343.0,2539.0,1018.0,352.0,58.16229174730386,71.88918616570537,57.585459824894095,40.902216398498055,17.30939702569856,44.308043986045256,38.19374813433731,63.024972255304235,51.9590609544053,90.54745692192019
2025-03-09 20:17:53.829333,688.0,496.0,346.0,2537.0,1013.0,353.0,58.19422812163854,72.08414197470526,57.54183148955168,40.79086160520199,17.35088667200967,44.22280117439247,38.37836997154079,63.17677375082885,52.05164269389278,90.32529290498992
2025-03-09 20:17:53.829333,702.0,498.0,325.0,2546.0,1010.0,348.0,58.19422812163854,72.08414197470526,57.54183148955168,40.79086160520199,17.35088667200967,44.22280117439247,38.37836997154079,63.17677375082885,52.05164269389278,90.32529290498992
2025-03-09 20:17:53.829333,704.0,494.0,352.0,2536.0,1008.0,347.0,58.19422812163854,72.08414197470526,57.54183148955168,40.79086160520199,17.35088667200967,44.22280117439247,38.37836997154079,63.17677375082885,52.05164269389278,90.32529290498992
2025-03-09 20:17:53.837667,704.0,505.0,357.0,2526.0,1007.0,346.0,58.24146315487022,72.2895030792282,57.501229228512585,40.683664280587266,17.3957461776373,44.1428933004299,38.573535164740406,63.339212791162815,52.14824159858706,90.12948555291109
2025-03-09 20:17:53.837667,702.0,498.0,345.0,2533.0,1006.0,345.0,58.24146315487022,72.2895030792282,57.501229228512585,40.683664280587266,17.3957461776373,44.1428933004299,38.573535164740406,63.339212791162815,52.14824159858706,90.12948555291109
2025-03-09 20:17:53.837667,709.0,498.0,346.0,2534.0,1006.0,344.0,58.24146315487022,72.2895030792282,57.501229228512585,40.683664280587266,17.3957461776373,44.1428933004299,38.573535164740406,63.339212791162815,52.14824159858706,90.12948555291109
2025-03-09 20:17:53.837667,709.0,500.0,348.0,2531.0,1008.0,345.0,58.24146315487022,72.2895030792282,57.501229228512585,40.683664280587266,17.3957461776373,44.1428933004299,38.573535164740406,63.339212791162815,52.14824159858706,90.12948555291109
2025-03-09 20:17:53.846000,709.0,506.0,353.0,2535.0,1008.0,348.0,58.3072397395465,72.50525241737752,57.46369105564017,40.58731235068678,17.44148136803551,44.07368487598737,38.777361228915275,63.51327749153774,52.25210834051395,89.96484585884971
2025-03-09 20:17:53.846000,709.0,496.0,354.0,2529.0,1008.0,345.0,58.3072397395465,72.50525241737752,57.46369105564017,40.58731235068678,17.44148136803551,44.07368487598737,38.777361228915275,63.51327749153774,52.25210834051395,89.96484585884971
2025-03-09 20:17:53.846000,727.0,511.0,353.0,2528.0,998.0,337.0,58.3072397395465,72.50525241737752,57.46369105564017,40.58731235068678,17.44148136803551,44.07368487598737,38.777361228915275,63.51327749153774,52.25210834051395,89.96484585884971
2025-03-09 20:17:53.854333,729.0,489.0,351.0,2534.0,998.0,336.0,58.389708452087795,72.72748736692853,57.42892119371845,40.50082553765404,17.487511269380796,44.014337112655845,38.9857561572671,63.694172700872706,52.359069835168974,89.82734479690947
2025-03-09 20:17:53.854333,732.0,509.0,351.0,2526.0,995.0,336.0,58.389708452087795,72.72748736692853,57.42892119371845,40.50082553765404,17.487511269380796,44.014337112655845,38.9857561572671,63.694172700872706,52.359069835168974,89.82734479690947
2025-03-09 20:17:53.854333,731.0,510.0,347.0,2525.0,994.0,336.0,58.389708452087795,72.72748736692853,57.42892119371845,40.50082553765404,17.487511269380796,44.014337112655845,38.9857561572671,63.694172700872706,52.359069835168974,89.82734479690947
2025-03-09 20:17:53.854333,733.0,511.0,351.0,2522.0,996.0,336.0,58.389708452087795,72.72748736692853,57.42892119371845,40.50082553765404,17.487511269380796,44.014337112655845,38.9857561572671,63.694172700872706,52.359069835168974,89.82734479690947
2025-03-09 20:17:53.862667,733.0,501.0,350.0,2529.0,998.0,336.0,58.48616742127666,72.95094793698166,57.39555820667733,40.418691829612726,17.534309060639096,43.960029811137,39.19677392047306,63.876582496832356,52.46114313105898,89.7102663146367
2025-03-09 20:17:53.862667,737.0,506.0,350.0,2526.0,995.0,335.0,58.48616742127666,72.95094793698166,57.39555820667733,40.418691829612726,17.534309060639096,43.960029811137,39.19677392047306,63.876582496832356,52.46114313105898,89.7102663146367
2025-03-09 20:17:53.862667,738.0,560.0,355.0,2530.0,994.0,334.0,58.48616742127666,72.95094793698166,57.39555820667733,40.418691829612726,17.534309060639096,43.960029811137,39.19677392047306,63.876582496832356,52.46114313105898,89.7102663146367
2025-03-09 20:17:53.862667,752.0,507.0,351.0,2531.0,988.0,326.0,58.48616742127666,72.95094793698166,57.39555820667733,40.418691829612726,17.534309060639096,43.960029811137,39.19677392047306,63.876582496832356,52.46114313105898,89.7102663146367
2025-03-09 20:17:53.871000,758.0,505.0,358.0,2523.0,991.0,326.0,58.59429081058258,73.17173311124813,57.3624852925542,40.33921449396171,17.581389360227966,43.908881411606934,39.408821203882596,64.05757348521975,52.55481581816221,89.6070810649629
2025-03-09 20:17:53.871000,755.0,511.0,355.0,2512.0,989.0,327.0,58.59429081058258,73.17173311124813,57.3624852925542,40.33921449396171,17.581389360227966,43.908881411606934,39.408821203882596,64.05757348521975,52.55481581816221,89.6070810649629
2025-03-09 20:17:53.871000,754.0,510.0,362.0,2515.0,990.0,325.0,58.59429081058258,73.17173311124813,57.3624852925542,40.33921449396171,17.581389360227966,43.908881411606934,39.408821203882596,64.05757348521975,52.55481581816221,89.6070810649629
2025-03-09 20:17:53.871000,767.0,511.0,352.0,2519.0,987.0,324.0,58.59429081058258,73.17173311124813,57.3624852925542,40.33921449396171,17.581389360227966,43.908881411606934,39.408821203882596,64.05757348521975,52.55481581816221,89.6070810649629
2025-03-09 20:17:53.879333,761.0,507.0,350.0,2501.0,987.0,323.0,58.71042469770818,73.38807850124665,57.33103217388285,40.26418393021641,17.62725611177267,43.8618563545154,39.6174111881313,64.23559302930131,52.642291301126946,89.51270927393071
2025-03-09 20:17:53.879333,762.0,509.0,335.0,2519.0,985.0,323.0,58.71042469770818,73.38807850124665,57.33103217388285,40.26418393021641,17.62725611177267,43.8618563545154,39.6174111881313,64.23559302930131,52.642291301126946,89.51270927393071
2025-03-09 20:17:53.879333,766.0,511.0,352.0,2522.0,983.0,322.0,58.71042469770818,73.38807850124665,57.33103217388285,40.26418393021641,17.62725611177267,43.8618563545154,39.6174111881313,64.23559302930131,52.642291301126946,89.51270927393071
2025-03-09 20:17:53.887667,788.0,511.0,346.0,2514.0,978.0,319.0,58.829023365063975,73.5987895859439,57.301169189843115,40.192338022582675,17.670412005776566,43.81690871989396,39.82012874219611,64.41005327081986,52.726013764735704,89.42346904172192
2025-03-09 20:17:53.887667,789.0,511.0,349.0,2518.0,976.0,317.0,58.829023365063975,73.5987895859439,57.301169189843115,40.192338022582675,17.670412005776566,43.81690871989396,39.82012874219611,64.41005327081986,52.726013764735704,89.42346904172192
2025-03-09 20:17:53.887667,795.0,527.0,349.0,2515.0,977.0,318.0,58.829023365063975,73.5987895859439,57.301169189843115,40.192338022582675,17.670412005776566,43.81690871989396,39.82012874219611,64.41005327081986,52.726013764735704,89.42346904172192
2025-03-09 20:17:53.887667,801.0,511.0,336.0,2515.0,976.0,319.0,58.829023365063975,73.5987895859439,57.301169189843115,40.192338022582675,17.670412005776566,43.81690871989396,39.82012874219611,64.41005327081986,52.726013764735704,89.42346904172192
2025-03-09 20:17:53.896000,801.0,507.0,361.0,2514.0,976.0,319.0,58.943957694123476,73.80124288937917,57.27027973739014,40.12003707586789,17.710461618753623,43.77012386083916,40.01741429965095,64.57919845459213,52.80519600420054,89.33477449642287
2025-03-09 20:17:53.896000,797.0,527.0,336.0,2512.0,976.0,317.0,58.943957694123476,73.80124288937917,57.27027973739014,40.12003707586789,17.710461618753623,43.77012386083916,40.01741429965095,64.57919845459213,52.80519600420054,89.33477449642287
2025-03-09 20:17:53.896000,805.0,529.0,351.0,2513.0,976.0,319.0,58.943957694123476,73.80124288937917,57.27027973739014,40.12003707586789,17.710461618753623,43.77012386083916,40.01741429965095,64.57919845459213,52.80519600420054,89.33477449642287
2025-03-09 20:17:53.896000,811.0,529.0,353.0,2513.0,976.0,317.0,58.943957694123476,73.80124288937917,57.27027973739014,40.12003707586789,17.710461618753623,43.77012386083916,40.01741429965095,64.57919845459213,52.80519600420054,89.33477449642287
2025-03-09 20:17:53.904333,832.0,528.0,357.0,2515.0,974.0,310.0,59.05103142366596,73.99320173656928,57.237468014503115,40.0478353395413,17.74809417379351,43.7221784813484,40.20782564355086,64.73997182597566,52.8795815308698,89.24253071519125
2025-03-09 20:17:53.904333,835.0,528.0,363.0,2510.0,974.0,313.0,59.05103142366596,73.99320173656928,57.237468014503115,40.0478353395413,17.74809417379351,43.7221784813484,40.20782564355086,64.73997182597566,52.8795815308698,89.24253071519125
2025-03-09 20:17:53.904333,839.0,528.0,354.0,2512.0,973.0,313.0,59.05103142366596,73.99320173656928,57.237468014503115,40.0478353395413,17.74809417379351,43.7221784813484,40.20782564355086,64.73997182597566,52.8795815308698,89.24253071519125
2025-03-09 20:17:53.912667,844.0,563.0,357.0,2511.0,971.0,314.0,59.14988889734894,74.17366456978996,57.20077102123444,39.978129310297774,17.785317384608234,43.67623808202962,40.39232524150527,64.88952804791153,52.94770301411387,89.14459675174069
2025-03-09 20:17:53.912667,840.0,535.0,358.0,2512.0,971.0,310.0,59.14988889734894,74.17366456978996,57.20077102123444,39.978129310297774,17.785317384608234,43.67623808202962,40.39232524150527,64.88952804791153,52.94770301411387,89.14459675174069
2025-03-09 20:17:53.912667,846.0,528.0,349.0,2503.0,971.0,315.0,59.14988889734894,74.17366456978996,57.20077102123444,39.978129310297774,17.785317384608234,43.67623808202962,40.39232524150527,64.88952804791153,52.94770301411387,89.14459675174069
2025-03-09 20:17:53.912667,843.0,576.0,349.0,2511.0,972.0,309.0,59.14988889734894,74.17366456978996,57.20077102123444,39.978129310297774,17.785317384608234,43.67623808202962,40.39232524150527,64.88952804791153,52.94770301411387,89.14459675174069
2025-03-09 20:17:53.921000,847.0,532.0,352.0,2539.0,976.0,307.0,59.2424175641262,74.34073557485567,57.15418365969803,39.90758516866226,17.824530635905354,43.63014782553581,40.57806587011938,65.02629723527043,53.00264069745919,89.03867907532572
2025-03-09 20:17:53.921000,861.0,528.0,325.0,2503.0,971.0,309.0,59.2424175641262,74.34073557485567,57.15418365969803,39.90758516866226,17.824530635905354,43.63014782553581,40.57806587011938,65.02629723527043,53.00264069745919,89.03867907532572
2025-03-09 20:17:53.921000,874.0,531.0,354.0,2512.0,971.0,307.0,59.2424175641262,74.34073557485567,57.15418365969803,39.90758516866226,17.824530635905354,43.63014782553581,40.57806587011938,65.02629723527043,53.00264069745919,89.03867907532572
2025-03-09 20:17:53.921000,868.0,535.0,355.0,2505.0,970.0,304.0,59.2424175641262,74.34073557485567,57.15418365969803,39.90758516866226,17.824530635905354,43.63014782553581,40.57806587011938,65.02629723527043,53.00264069745919,89.03867907532572
2025-03-09 20:17:53.929333,816.0,534.0,346.0,2505.0,972.0,307.0,59.33040525081702,74.49258466434941,57.093559824643286,39.83297927274885,17.865702849760826,43.5807296055349,40.76996562452665,65.15066554539828,53.03980402934356,88.92200453445619
2025-03-09 20:17:53.929333,874.0,539.0,351.0,2508.0,970.0,307.0,59.33040525081702,74.49258466434941,57.093559824643286,39.83297927274885,17.865702849760826,43.5807296055349,40.76996562452665,65.15066554539828,53.03980402934356,88.92200453445619
2025-03-09 20:17:53.929333,871.0,534.0,350.0,2480.0,965.0,307.0,59.33040525081702,74.49258466434941,57.093559824643286,39.83297927274885,17.865702849760826,43.5807296055349,40.76996562452665,65.15066554539828,53.03980402934356,88.92200453445619
2025-03-09 20:17:53.929333,871.0,532.0,357.0,2503.0,971.0,304.0,59.33040525081702,74.49258466434941,57.093559824643286,39.83297927274885,17.865702849760826,43.5807296055349,40.76996562452665,65.15066554539828,53.03980402934356,88.92200453445619
2025-03-09 20:17:53.937667,846.0,533.0,365.0,2503.0,972.0,306.0,59.415894572276535,74.62961775388185,57.01873910099292,39.75536729575823,17.90629501757197,43.527724031411225,40.96859563167578,65.26577453863848,53.06127844907655,88.79318511132398
2025-03-09 20:17:53.937667,896.0,527.0,352.0,2507.0,971.0,300.0,59.415894572276535,74.62961775388185,57.01873910099292,39.75536729575823,17.90629501757197,43.527724031411225,40.96859563167578,65.26577453863848,53.06127844907655,88.79318511132398
2025-03-09 20:17:53.937667,912.0,541.0,343.0,2499.0,972.0,304.0,59.415894572276535,74.62961775388185,57.01873910099292,39.75536729575823,17.90629501757197,43.527724031411225,40.96859563167578,65.26577453863848,53.06127844907655,88.79318511132398
2025-03-09 20:17:53.946000,895.0,547.0,352.0,2517.0,971.0,304.0,59.50208046700658,74.75386537248173,56.93151264798826,39.676735608630054,17.944113729217616,43.47169068855596,41.17481726927567,65.37691820365642,53.07111019819293,88.65207460660457
2025-03-09 20:17:53.946000,895.0,542.0,352.0,2506.0,967.0,304.0,59.50208046700658,74.75386537248173,56.93151264798826,39.676735608630054,17.944113729217616,43.47169068855596,41.17481726927567,65.37691820365642,53.07111019819293,88.65207460660457
2025-03-09 20:17:53.946000,895.0,555.0,351.0,2501.0,971.0,303.0,59.50208046700658,74.75386537248173,56.93151264798826,39.676735608630054,17.944113729217616,43.47169068855596,41.17481726927567,65.37691820365642,53.07111019819293,88.65207460660457
2025-03-09 20:17:53.946000,889.0,527.0,353.0,2502.0,970.0,303.0,59.50208046700658,74.75386537248173,56.93151264798826,39.676735608630054,17.944113729217616,43.47169068855596,41.17481726927567,65.37691820365642,53.07111019819293,88.65207460660457
2025-03-09 20:17:53.954333,891.0,545.0,349.0,2506.0,969.0,304.0,59.59195714084923,74.86932924380027,56.835483106544714,39.59894354530472,17.977589022744343,43.4133010157277,41.38922954821137,65.49064480611123,53.075256580014646,88.49917504516495
2025-03-09 20:17:53.954333,905.0,531.0,346.0,2501.0,971.0,303.0,59.59195714084923,74.86932924380027,56.835483106544714,39.59894354530472,17.977589022744343,43.4133010157277,41.38922954821137,65.49064480611123,53.075256580014646,88.49917504516495
2025-03-09 20:17:53.954333,928.0,559.0,355.0,2497.0,966.0,299.0,59.59195714084923,74.86932924380027,56.835483106544714,39.59894354530472,17.977589022744343,43.4133010157277,41.38922954821137,65.49064480611123,53.075256580014646,88.49917504516495
2025-03-09 20:17:53.954333,929.0,549.0,369.0,2489.0,969.0,301.0,59.59195714084923,74.86932924380027,56.835483106544714,39.59894354530472,17.977589022744343,43.4133010157277,41.38922954821137,65.49064480611123,53.075256580014646,88.49917504516495
2025-03-09 20:17:53.962667,943.0,561.0,351.0,2496.0,969.0,299.0,59.68576048170754,74.98078604738163,56.73442721454127,39.523714772376145,18.006078093311178,43.353611273321064,41.611426337746444,65.612094573653,53.08099487282454,88.33473933581703
2025-03-09 20:17:53.962667,937.0,550.0,363.0,2495.0,965.0,300.0,59.68576048170754,74.98078604738163,56.73442721454127,39.523714772376145,18.006078093311178,43.353611273321064,41.611426337746444,65.612094573653,53.08099487282454,88.33473933581703
2025-03-09 20:17:53.962667,944.0,533.0,352.0,2495.0,967.0,300.0,59.68576048170754,74.98078604738163,56.73442721454127,39.523714772376145,18.006078093311178,43.353611273321064,41.611426337746444,65.612094573653,53.08099487282454,88.33473933581703
2025-03-09 20:17:53.971000,960.0,531.0,350.0,2495.0,965.0,301.0,59.78193333502895,75.09268203618569,56.63363803269522,39.452460562295244,18.030643848443173,43.29447524063028,41.83806648016759,65.74295131119338,53.09419078329915,88.16026857910732
2025-03-09 20:17:53.971000,941.0,555.0,352.0,2493.0,965.0,299.0,59.78193333502895,75.09268203618569,56.63363803269522,39.452460562295244,18.030643848443173,43.29447524063028,41.83806648016759,65.74295131119338,53.09419078329915,88.16026857910732
2025-03-09 20:17:53.971000,949.0,560.0,349.0,2496.0,969.0,297.0,59.78193333502895,75.09268203618569,56.63363803269522,39.452460562295244,18.030643848443173,43.29447524063028,41.83806648016759,65.74295131119338,53.09419078329915,88.16026857910732
2025-03-09 20:17:53.971000,991.0,557.0,353.0,2494.0,961.0,293.0,59.78193333502895,75.09268203618569,56.63363803269522,39.452460562295244,18.030643848443173,43.29447524063028,41.83806648016759,65.74295131119338,53.09419078329915,88.16026857910732
2025-03-09 20:17:53.979333,976.0,559.0,352.0,2493.0,962.0,298.0,59.87896084815714,75.21025205993377,56.541539444633976,39.38494841208747,18.053436894352128,43.237003325774864,42.06313784911304,65.88376396905078,53.119521292388406,87.98002565407404
2025-03-09 20:17:53.979333,993.0,554.0,353.0,2492.0,964.0,297.0,59.87896084815714,75.21025205993377,56.541539444633976,39.38494841208747,18.053436894352128,43.237003325774864,42.06313784911304,65.88376396905078,53.119521292388406,87.98002565407404
2025-03-09 20:17:53.979333,992.0,560.0,354.0,2493.0,965.0,293.0,59.87896084815714,75.21025205993377,56.541539444633976,39.38494841208747,18.053436894352128,43.237003325774864,42.06313784911304,65.88376396905078,53.119521292388406,87.98002565407404
2025-03-09 20:17:53.979333,989.0,560.0,349.0,2494.0,962.0,297.0,59.87896084815714,75.21025205993377,56.541539444633976,39.38494841208747,18.053436894352128,43.237003325774864,42.06313784911304,65.88376396905078,53.119521292388406,87.98002565407404
2025-03-09 20:17:53.987667,992.0,561.0,354.0,2493.0,962.0,291.0,59.975208072742255,75.33779706645015,56.46552329342027,39.32201119547849,18.07572071104681,43.18302870846482,42.27995669446047,66.03418958973948,53.16164090399069,87.80049499639853
2025-03-09 20:17:53.987667,991.0,551.0,340.0,2491.0,960.0,295.0,59.975208072742255,75.33779706645015,56.46552329342027,39.32201119547849,18.07572071104681,43.18302870846482,42.27995669446047,66.03418958973948,53.16164090399069,87.80049499639853
2025-03-09 20:17:53.987667,997.0,560.0,348.0,2498.0,1009.0,295.0,59.975208072742255,75.33779706645015,56.46552329342027,39.32201119547849,18.07572071104681,43.18302870846482,42.27995669446047,66.03418958973948,53.16164090399069,87.80049499639853
2025-03-09 20:17:53.996000,1007.0,560.0,325.0,2492.0,960.0,294.0,60.07103192409249,75.47841884934132,56.41144852123959,39.26503783804465,18.098694910359928,43.134882720753005,42.48323381603405,66.1935687515488,53.22304190065786,87.63099693162007
2025-03-09 20:17:53.996000,1019.0,570.0,351.0,2495.0,959.0,291.0,60.07103192409249,75.47841884934132,56.41144852123959,39.26503783804465,18.098694910359928,43.134882720753005,42.48323381603405,66.1935687515488,53.22304190065786,87.63099693162007
2025-03-09 20:17:53.996000,1041.0,560.0,344.0,2490.0,960.0,292.0,60.07103192409249,75.47841884934132,56.41144852123959,39.26503783804465,18.098694910359928,43.134882720753005,42.48323381603405,66.1935687515488,53.22304190065786,87.63099693162007
2025-03-09 20:17:53.996000,1042.0,576.0,344.0,2498.0,959.0,292.0,60.07103192409249,75.47841884934132,56.41144852123959,39.26503783804465,18.098694910359928,43.134882720753005,42.48323381603405,66.1935687515488,53.22304190065786,87.63099693162007
2025-03-09 20:17:54.004333,1071.0,566.0,340.0,2492.0,959.0,291.0,60.167602877945676,75.6326721915648,56.38161958472026,39.20969278662067,18.12572081473647,43.090569302327744,42.6719954224608,66.3589636273897,53.29790654053468,87.48052984138447
2025-03-09 20:17:54.004333,1046.0,576.0,346.0,2491.0,963.0,295.0,60.167602877945676,75.6326721915648,56.38161958472026,39.20969278662067,18.12572081473647,43.090569302327744,42.6719954224608,66.3589636273897,53.29790654053468,87.48052984138447
2025-03-09 20:17:54.004333,1056.0,577.0,354.0,2491.0,961.0,292.0,60.167602877945676,75.6326721915648,56.38161958472026,39.20969278662067,18.12572081473647,43.090569302327744,42.6719954224608,66.3589636273897,53.29790654053468,87.48052984138447
2025-03-09 20:17:54.012667,1047.0,576.0,365.0,2491.0,958.0,291.0,60.26457324447089,75.79862187871738,56.37523635375411,39.15146200785438,18.160085546091114,43.04780642519732,42.84653785880144,66.52554939800379,53.37844368988391,87.35595677372787
2025-03-09 20:17:54.012667,1073.0,592.0,348.0,2486.0,957.0,291.0,60.26457324447089,75.79862187871738,56.37523635375411,39.15146200785438,18.160085546091114,43.04780642519732,42.84653785880144,66.52554939800379,53.37844368988391,87.35595677372787
2025-03-09 20:17:54.012667,1076.0,587.0,351.0,2494.0,958.0,291.0,60.26457324447089,75.79862187871738,56.37523635375411,39.15146200785438,18.160085546091114,43.04780642519732,42.84653785880144,66.52554939800379,53.37844368988391,87.35595677372787
2025-03-09 20:17:54.012667,1056.0,574.0,356.0,2489.0,955.0,290.0,60.26457324447089,75.79862187871738,56.37523635375411,39.15146200785438,18.160085546091114,43.04780642519732,42.84653785880144,66.52554939800379,53.37844368988391,87.35595677372787
2025-03-09 20:17:54.021000,1077.0,579.0,359.0,2485.0,955.0,290.0,60.35954283038935,75.97248706380655,56.38837014952259,39.09033389483053,18.20134350764698,43.00645001246041,43.00711317768935,66.68972082000803,53.46177282067014,87.26320667061512
2025-03-09 20:17:54.021000,1075.0,601.0,345.0,2492.0,959.0,290.0,60.35954283038935,75.97248706380655,56.38837014952259,39.09033389483053,18.20134350764698,43.00645001246041,43.00711317768935,66.68972082000803,53.46177282067014,87.26320667061512
2025-03-09 20:17:54.021000,1079.0,577.0,357.0,2490.0,960.0,290.0,60.35954283038935,75.97248706380655,56.38837014952259,39.09033389483053,18.20134350764698,43.00645001246041,43.00711317768935,66.68972082000803,53.46177282067014,87.26320667061512
2025-03-09 20:17:54.021000,1083.0,566.0,347.0,2491.0,959.0,291.0,60.35954283038935,75.97248706380655,56.38837014952259,39.09033389483053,18.20134350764698,43.00645001246041,43.00711317768935,66.68972082000803,53.46177282067014,87.26320667061512
2025-03-09 20:17:54.029333,1101.0,567.0,351.0,2487.0,963.0,289.0,60.4488623560435,76.14981665110383,56.41432203841393,39.02696989552542,18.247165000702353,42.96579027235157,43.155993253210426,66.84943345482205,53.54724870438708,87.20681738026542
2025-03-09 20:17:54.029333,1093.0,592.0,354.0,2486.0,969.0,287.0,60.4488623560435,76.14981665110383,56.41432203841393,39.02696989552542,18.247165000702353,42.96579027235157,43.155993253210426,66.84943345482205,53.54724870438708,87.20681738026542
2025-03-09 20:17:54.029333,1097.0,578.0,361.0,2490.0,957.0,290.0,60.4488623560435,76.14981665110383,56.41432203841393,39.02696989552542,18.247165000702353,42.96579027235157,43.155993253210426,66.84943345482205,53.54724870438708,87.20681738026542
2025-03-09 20:17:54.037667,1071.0,583.0,352.0,2481.0,967.0,291.0,60.530088312193534,76.32724661645827,56.44644554629173,38.96214987220303,18.293884081685583,42.924479035401205,43.296411494009085,67.00524350761076,53.63605399565263,87.18684993526773
2025-03-09 20:17:54.037667,1099.0,586.0,349.0,2487.0,965.0,290.0,60.530088312193534,76.32724661645827,56.44644554629173,38.96214987220303,18.293884081685583,42.924479035401205,43.296411494009085,67.00524350761076,53.63605399565263,87.18684993526773
2025-03-09 20:17:54.037667,1099.0,592.0,351.0,2485.0,967.0,288.0,60.530088312193534,76.32724661645827,56.44644554629173,38.96214987220303,18.293884081685583,42.924479035401205,43.296411494009085,67.00524350761076,53.63605399565263,87.18684993526773
2025-03-09 20:17:54.037667,1099.0,593.0,353.0,2486.0,970.0,288.0,60.530088312193534,76.32724661645827,56.44644554629173,38.96214987220303,18.293884081685583,42.924479035401205,43.296411494009085,67.00524350761076,53.63605399565263,87.18684993526773
2025-03-09 20:17:54.046000,1097.0,585.0,353.0,2483.0,973.0,289.0,60.60213354218593,76.50200393602296,56.477340317674305,38.89499579489039,18.338948303221656,42.88021917340191,43.43348537215735,67.15765773462122,53.727230684788864,87.19886540928496
2025-03-09 20:17:54.046000,1119.0,582.0,351.0,2486.0,978.0,290.0,60.60213354218593,76.50200393602296,56.477340317674305,38.89499579489039,18.338948303221656,42.88021917340191,43.43348537215735,67.15765773462122,53.727230684788864,87.19886540928496
2025-03-09 20:17:54.046000,1117.0,587.0,346.0,2480.0,981.0,289.0,60.60213354218593,76.50200393602296,56.477340317674305,38.89499579489039,18.338948303221656,42.88021917340191,43.43348537215735,67.15765773462122,53.727230684788864,87.19886540928496
2025-03-09 20:17:54.054333,1106.0,577.0,342.0,2482.0,978.0,287.0,60.66430426327388,76.67150955072314,56.49954394524533,38.82272901697898,18.381423167952104,42.82996272842598,43.57258909812993,67.30546756797337,53.81697107827407,87.23661550409334
2025-03-09 20:17:54.054333,1134.0,581.0,351.0,2482.0,981.0,289.0,60.66430426327388,76.67150955072314,56.49954394524533,38.82272901697898,18.381423167952104,42.82996272842598,43.57258909812993,67.30546756797337,53.81697107827407,87.23661550409334
2025-03-09 20:17:54.054333,1095.0,580.0,346.0,2480.0,985.0,289.0,60.66430426327388,76.67150955072314,56.49954394524533,38.82272901697898,18.381423167952104,42.82996272842598,43.57258909812993,67.30546756797337,53.81697107827407,87.23661550409334
2025-03-09 20:17:54.054333,1133.0,582.0,351.0,2481.0,979.0,288.0,60.66430426327388,76.67150955072314,56.49954394524533,38.82272901697898,18.381423167952104,42.82996272842598,43.57258909812993,67.30546756797337,53.81697107827407,87.23661550409334
2025-03-09 20:17:54.062667,1116.0,592.0,342.0,2467.0,978.0,288.0,60.71580122375642,76.8337564321917,56.508797458175046,38.74188076144501,18.42100887617465,42.77055968675487,43.716073915642276,67.44658479042054,53.90105879937437,87.2934351580034
2025-03-09 20:17:54.062667,1142.0,583.0,342.0,2483.0,987.0,287.0,60.71580122375642,76.8337564321917,56.508797458175046,38.74188076144501,18.42100887617465,42.77055968675487,43.716073915642276,67.44658479042054,53.90105879937437,87.2934351580034
2025-03-09 20:17:54.062667,1116.0,581.0,338.0,2484.0,987.0,285.0,60.71580122375642,76.8337564321917,56.508797458175046,38.74188076144501,18.42100887617465,42.77055968675487,43.716073915642276,67.44658479042054,53.90105879937437,87.2934351580034
2025-03-09 20:17:54.071000,1152.0,579.0,349.0,2480.0,991.0,288.0,60.755157002500994,76.98696201849201,56.50474348592034,38.650967557490894,18.45757235868264,42.700820391374684,43.86221832432377,67.57837921902505,53.977139158902474,87.36239969373608
2025-03-09 20:17:54.071000,1152.0,577.0,339.0,2485.0,989.0,289.0,60.755157002500994,76.98696201849201,56.50474348592034,38.650967557490894,18.45757235868264,42.700820391374684,43.86221832432377,67.57837921902505,53.977139158902474,87.36239969373608
2025-03-09 20:17:54.071000,1169.0,577.0,346.0,2483.0,990.0,288.0,60.755157002500994,76.98696201849201,56.50474348592034,38.650967557490894,18.45757235868264,42.700820391374684,43.86221832432377,67.57837921902505,53.977139158902474,87.36239969373608
2025-03-09 20:17:54.071000,1152.0,583.0,334.0,2490.0,987.0,287.0,60.755157002500994,76.98696201849201,56.50474348592034,38.650967557490894,18.45757235868264,42.700820391374684,43.86221832432377,67.57837921902505,53.977139158902474,87.36239969373608
2025-03-09 20:17:54.079333,1163.0,576.0,344.0,2483.0,989.0,288.0,60.780294093007,77.12904042688041,56.489374589024685,38.55142659509312,18.490908636856737,42.622168175553924,44.00634124824449,67.6976902893059,54.04488717056258,87.43743206685421
2025-03-09 20:17:54.079333,1157.0,577.0,336.0,2487.0,991.0,285.0,60.780294093007,77.12904042688041,56.489374589024685,38.55142659509312,18.490908636856737,42.622168175553924,44.00634124824449,67.6976902893059,54.04488717056258,87.43743206685421
2025-03-09 20:17:54.079333,1199.0,580.0,342.0,2483.0,992.0,285.0,60.780294093007,77.12904042688041,56.489374589024685,38.55142659509312,18.490908636856737,42.622168175553924,44.00634124824449,67.6976902893059,54.04488717056258,87.43743206685421
2025-03-09 20:17:54.087667,1205.0,589.0,352.0,2481.0,993.0,285.0,60.79072178943264,77.25838555990053,56.46581463308345,38.445508747400154,18.52103790332767,42.536723276234575,44.14413070463609,67.80271571108216,54.104295042930886,87.51482028953662
2025-03-09 20:17:54.087667,1211.0,583.0,342.0,2480.0,991.0,288.0,60.79072178943264,77.25838555990053,56.46581463308345,38.445508747400154,18.52103790332767,42.536723276234575,44.14413070463609,67.80271571108216,54.104295042930886,87.51482028953662
2025-03-09 20:17:54.087667,1219.0,582.0,349.0,2480.0,994.0,286.0,60.79072178943264,77.25838555990053,56.46581463308345,38.445508747400154,18.52103790332767,42.536723276234575,44.14413070463609,67.80271571108216,54.104295042930886,87.51482028953662
2025-03-09 20:17:54.087667,1221.0,573.0,349.0,2435.0,992.0,287.0,60.79072178943264,77.25838555990053,56.46581463308345,38.445508747400154,18.52103790332767,42.536723276234575,44.14413070463609,67.80271571108216,54.104295042930886,87.51482028953662
2025-03-09 20:17:54.096000,1229.0,582.0,346.0,2482.0,995.0,285.0,60.78797803564386,77.3744173225018,56.43710535713391,38.33464495375276,18.54783553766851,42.445635404238814,44.27334866135964,67.89398592944374,54.155204075060155,87.59272778719911
2025-03-09 20:17:54.096000,1232.0,584.0,338.0,2481.0,992.0,283.0,60.78797803564386,77.3744173225018,56.43710535713391,38.33464495375276,18.54783553766851,42.445635404238814,44.27334866135964,67.89398592944374,54.155204075060155,87.59272778719911
2025-03-09 20:17:54.096000,1296.0,597.0,336.0,2480.0,992.0,279.0,60.78797803564386,77.3744173225018,56.43710535713391,38.33464495375276,18.54783553766851,42.445635404238814,44.27334866135964,67.89398592944374,54.155204075060155,87.59272778719911
2025-03-09 20:17:54.096000,1296.0,599.0,339.0,2481.0,991.0,281.0,60.78797803564386,77.3744173225018,56.43710535713391,38.33464495375276,18.54783553766851,42.445635404238814,44.27334866135964,67.89398592944374,54.155204075060155,87.59272778719911
2025-03-09 20:17:54.104333,1303.0,601.0,337.0,2479.0,991.0,283.0,60.77336352585879,77.47582030460188,56.40350537944636,38.21926304089233,18.570915891569925,42.34900000547465,44.39379662744235,67.9716606022335,54.19615990927879,87.66884534783253
2025-03-09 20:17:54.104333,1309.0,603.0,342.0,2480.0,993.0,282.0,60.77336352585879,77.47582030460188,56.40350537944636,38.21926304089233,18.570915891569925,42.34900000547465,44.39379662744235,67.9716606022335,54.19615990927879,87.66884534783253
2025-03-09 20:17:54.104333,1315.0,604.0,321.0,2482.0,989.0,277.0,60.77336352585879,77.47582030460188,56.40350537944636,38.21926304089233,18.570915891569925,42.34900000547465,44.39379662744235,67.9716606022335,54.19615990927879,87.66884534783253
2025-03-09 20:17:54.112667,1323.0,607.0,342.0,2480.0,989.0,282.0,60.74883710811631,77.56147563030882,56.36385423546513,38.10134905658533,18.59021795088307,42.24823461492422,44.507522316178,68.03686452041477,54.226621913423934,87.74113706676322
2025-03-09 20:17:54.112667,1324.0,613.0,336.0,2480.0,991.0,279.0,60.74883710811631,77.56147563030882,56.36385423546513,38.10134905658533,18.59021795088307,42.24823461492422,44.507522316178,68.03686452041477,54.226621913423934,87.74113706676322
2025-03-09 20:17:54.112667,1333.0,611.0,335.0,2480.0,989.0,278.0,60.74883710811631,77.56147563030882,56.36385423546513,38.10134905658533,18.59021795088307,42.24823461492422,44.507522316178,68.03686452041477,54.226621913423934,87.74113706676322
2025-03-09 20:17:54.112667,1379.0,622.0,336.0,2475.0,985.0,277.0,60.74883710811631,77.56147563030882,56.36385423546513,38.10134905658533,18.59021795088307,42.24823461492422,44.507522316178,68.03686452041477,54.226621913423934,87.74113706676322
2025-03-09 20:17:54.121000,1383.0,624.0,336.0,2478.0,983.0,275.0,60.71731520327739,77.63062327813611,56.315348938778214,37.98423490271901,18.606517017396584,42.146347117850745,44.61855517414443,68.09064027409903,54.24602354846485,87.80710645345025
2025-03-09 20:17:54.121000,1391.0,624.0,339.0,2476.0,981.0,277.0,60.71731520327739,77.63062327813611,56.315348938778214,37.98423490271901,18.606517017396584,42.146347117850745,44.61855517414443,68.09064027409903,54.24602354846485,87.80710645345025
2025-03-09 20:17:54.121000,1392.0,630.0,342.0,2478.0,982.0,277.0,60.71731520327739,77.63062327813611,56.315348938778214,37.98423490271901,18.606517017396584,42.146347117850745,44.61855517414443,68.09064027409903,54.24602354846485,87.80710645345025
2025-03-09 20:17:54.129333,1393.0,637.0,337.0,2475.0,983.0,275.0,60.681785429276715,77.68301510168314,56.25279290717804,37.867890912079524,18.61976845387285,42.04318296750569,44.732590108502954,68.1340720182369,54.25219493913779,87.86315166956967
2025-03-09 20:17:54.129333,1397.0,624.0,334.0,2474.0,983.0,274.0,60.681785429276715,77.68301510168314,56.25279290717804,37.867890912079524,18.61976845387285,42.04318296750569,44.732590108502954,68.1340720182369,54.25219493913779,87.86315166956967
2025-03-09 20:17:54.129333,1408.0,629.0,342.0,2477.0,982.0,275.0,60.681785429276715,77.68301510168314,56.25279290717804,37.867890912079524,18.61976845387285,42.04318296750569,44.732590108502954,68.1340720182369,54.25219493913779,87.86315166956967
2025-03-09 20:17:54.129333,1429.0,640.0,341.0,2478.0,977.0,272.0,60.681785429276715,77.68301510168314,56.25279290717804,37.867890912079524,18.61976845387285,42.04318296750569,44.732590108502954,68.1340720182369,54.25219493913779,87.86315166956967
2025-03-09 20:17:54.137667,1430.0,643.0,340.0,2478.0,976.0,272.0,60.64475127426664,77.71837941984316,56.17086595672724,37.75435580526375,18.62895843657178,41.94017122102626,44.85379708831486,68.16777462417649,54.24485932472713,87.90525995027095
2025-03-09 20:17:54.137667,1430.0,635.0,348.0,2475.0,977.0,271.0,60.64475127426664,77.71837941984316,56.17086595672724,37.75435580526375,18.62895843657178,41.94017122102626,44.85379708831486,68.16777462417649,54.24485932472713,87.90525995027095
2025-03-09 20:17:54.137667,1437.0,640.0,342.0,2475.0,976.0,272.0,60.64475127426664,77.71837941984316,56.17086595672724,37.75435580526375,18.62895843657178,41.94017122102626,44.85379708831486,68.16777462417649,54.24485932472713,87.90525995027095
2025-03-09 20:17:54.137667,1446.0,643.0,339.0,2475.0,976.0,272.0,60.64475127426664,77.71837941984316,56.17086595672724,37.75435580526375,18.62895843657178,41.94017122102626,44.85379708831486,68.16777462417649,54.24485932472713,87.90525995027095
2025-03-09 20:17:54.146000,1437.0,640.0,355.0,2474.0,976.0,272.0,60.608561000982924,77.73824337267267,56.070160888713495,37.65011096085188,18.63263505354795,41.842445892312114,44.9814980785933,68.19415178654972,54.22942339084267,87.93158670414039
2025-03-09 20:17:54.146000,1440.0,640.0,336.0,2475.0,974.0,272.0,60.608561000982924,77.73824337267267,56.070160888713495,37.65011096085188,18.63263505354795,41.842445892312114,44.9814980785933,68.19415178654972,54.22942339084267,87.93158670414039
2025-03-09 20:17:54.146000,1449.0,650.0,337.0,2475.0,975.0,271.0,60.608561000982924,77.73824337267267,56.070160888713495,37.65011096085188,18.63263505354795,41.842445892312114,44.9814980785933,68.19415178654972,54.22942339084267,87.93158670414039
2025-03-09 20:17:54.154333,1471.0,656.0,335.0,2470.0,972.0,272.0,60.5761527469164,77.74620403163932,55.955348110958155,37.557561805709476,18.630412682986528,41.751980916567064,45.113938346814855,68.21711020604927,54.21014369611391,87.94196051651653
2025-03-09 20:17:54.154333,1479.0,657.0,338.0,2472.0,970.0,270.0,60.5761527469164,77.74620403163932,55.955348110958155,37.557561805709476,18.630412682986528,41.751980916567064,45.113938346814855,68.21711020604927,54.21014369611391,87.94196051651653
2025-03-09 20:17:54.154333,1481.0,659.0,337.0,2470.0,970.0,272.0,60.5761527469164,77.74620403163932,55.955348110958155,37.557561805709476,18.630412682986528,41.751980916567064,45.113938346814855,68.21711020604927,54.21014369611391,87.94196051651653
2025-03-09 20:17:54.162667,1488.0,656.0,336.0,2466.0,971.0,269.0,60.54860837873483,77.74394032163133,55.827983309198,37.47452795341307,18.62289367440773,41.66723359724594,45.25101373150665,68.23750127119264,54.18622107616732,87.93434946720375
2025-03-09 20:17:54.162667,1486.0,653.0,345.0,2469.0,967.0,271.0,60.54860837873483,77.74394032163133,55.827983309198,37.47452795341307,18.62289367440773,41.66723359724594,45.25101373150665,68.23750127119264,54.18622107616732,87.93434946720375
2025-03-09 20:17:54.162667,1487.0,693.0,341.0,2466.0,967.0,270.0,60.54860837873483,77.74394032163133,55.827983309198,37.47452795341307,18.62289367440773,41.66723359724594,45.25101373150665,68.23750127119264,54.18622107616732,87.93434946720375
2025-03-09 20:17:54.162667,1488.0,667.0,346.0,2470.0,967.0,270.0,60.54860837873483,77.74394032163133,55.827983309198,37.47452795341307,18.62289367440773,41.66723359724594,45.25101373150665,68.23750127119264,54.18622107616732,87.93434946720375
2025-03-09 20:17:54.171000,1502.0,661.0,336.0,2465.0,961.0,268.0,60.524511189672864,77.73048324844947,55.687388698369546,37.399790644159864,18.610181938809745,41.587334771450195,45.39172800254778,68.25333248218149,54.1561560236435,87.90556759694533
2025-03-09 20:17:54.171000,1504.0,682.0,338.0,2465.0,962.0,262.0,60.524511189672864,77.73048324844947,55.687388698369546,37.399790644159864,18.610181938809745,41.587334771450195,45.39172800254778,68.25333248218149,54.1561560236435,87.90556759694533
2025-03-09 20:17:54.171000,1520.0,685.0,336.0,2469.0,962.0,267.0,60.524511189672864,77.73048324844947,55.687388698369546,37.399790644159864,18.610181938809745,41.587334771450195,45.39172800254778,68.25333248218149,54.1561560236435,87.90556759694533
2025-03-09 20:17:54.171000,1518.0,688.0,330.0,2463.0,962.0,265.0,60.524511189672864,77.73048324844947,55.687388698369546,37.399790644159864,18.610181938809745,41.587334771450195,45.39172800254778,68.25333248218149,54.1561560236435,87.90556759694533
2025-03-09 20:17:54.171000,1527.0,688.0,336.0,2464.0,959.0,267.0,60.524511189672864,77.73048324844947,55.687388698369546,37.399790644159864,18.610181938809745,41.587334771450195,45.39172800254778,68.25333248218149,54.1561560236435,87.90556759694533
2025-03-09 20:17:54.179333,1522.0,685.0,330.0,2463.0,958.0,267.0,60.50185096762691,77.7044871967781,55.53400672260755,37.33266021940419,18.59213754437356,41.511536436620275,45.53445519742518,68.26327804146462,54.11940662296186,87.8539456394126
2025-03-09 20:17:54.179333,1525.0,688.0,330.0,2465.0,963.0,267.0,60.50185096762691,77.7044871967781,55.53400672260755,37.33266021940419,18.59213754437356,41.511536436620275,45.53445519742518,68.26327804146462,54.11940662296186,87.8539456394126
2025-03-09 20:17:54.187667,1529.0,686.0,318.0,2463.0,961.0,266.0,60.47983531684606,77.6654048350652,55.36902309251773,37.270989044335515,18.568988901892507,41.437827018316234,45.678664421022944,68.26747853796846,54.07465290568179,87.77867041104797
2025-03-09 20:17:54.187667,1563.0,703.0,319.0,2465.0,953.0,262.0,60.47983531684606,77.6654048350652,55.36902309251773,37.270989044335515,18.568988901892507,41.437827018316234,45.678664421022944,68.26747853796846,54.07465290568179,87.77867041104797
2025-03-09 20:17:54.187667,1535.0,702.0,321.0,2469.0,953.0,261.0,60.47983531684606,77.6654048350652,55.36902309251773,37.270989044335515,18.568988901892507,41.437827018316234,45.678664421022944,68.26747853796846,54.07465290568179,87.77867041104797
2025-03-09 20:17:54.187667,1535.0,703.0,320.0,2465.0,951.0,266.0,60.47983531684606,77.6654048350652,55.36902309251773,37.270989044335515,18.568988901892507,41.437827018316234,45.678664421022944,68.26747853796846,54.07465290568179,87.77867041104797
2025-03-09 20:17:54.196000,1563.0,705.0,322.0,2466.0,950.0,262.0,60.45905020090988,77.61371541592293,55.193012629024196,37.211137591013994,18.541197486918204,41.362999209185745,45.82559533151191,68.26714007432018,54.0196494941769,87.67956048006401
2025-03-09 20:17:54.196000,1558.0,706.0,318.0,2476.0,958.0,262.0,60.45905020090988,77.61371541592293,55.193012629024196,37.211137591013994,18.541197486918204,41.362999209185745,45.82559533151191,68.26714007432018,54.0196494941769,87.67956048006401
2025-03-09 20:17:54.196000,1554.0,695.0,323.0,2463.0,951.0,262.0,60.45905020090988,77.61371541592293,55.193012629024196,37.211137591013994,18.541197486918204,41.362999209185745,45.82559533151191,68.26714007432018,54.0196494941769,87.67956048006401
2025-03-09 20:17:54.196000,1565.0,704.0,321.0,2465.0,950.0,263.0,60.45905020090988,77.61371541592293,55.193012629024196,37.211137591013994,18.541197486918204,41.362999209185745,45.82559533151191,68.26714007432018,54.0196494941769,87.67956048006401
2025-03-09 20:17:54.204333,1559.0,710.0,320.0,2459.0,944.0,257.0,60.43986422749482,77.550219115976,55.00623908761277,37.14969824084368,18.50924606529246,41.28393814304167,45.97725781462137,68.26406237603445,53.952975333289935,87.55798645050449
2025-03-09 20:17:54.204333,1535.0,719.0,317.0,2462.0,945.0,258.0,60.43986422749482,77.550219115976,55.00623908761277,37.14969824084368,18.50924606529246,41.28393814304167,45.97725781462137,68.26406237603445,53.952975333289935,87.55798645050449
2025-03-09 20:17:54.204333,1557.0,720.0,323.0,2458.0,943.0,258.0,60.43986422749482,77.550219115976,55.00623908761277,37.14969824084368,18.50924606529246,41.28393814304167,45.97725781462137,68.26406237603445,53.952975333289935,87.55798645050449
2025-03-09 20:17:54.204333,1559.0,717.0,318.0,2459.0,944.0,257.0,60.43986422749482,77.550219115976,55.00623908761277,37.14969824084368,18.50924606529246,41.28393814304167,45.97725781462137,68.26406237603445,53.952975333289935,87.55798645050449
2025-03-09 20:17:54.212667,1557.0,721.0,329.0,2459.0,943.0,256.0,60.421372573475814,77.47582051903714,54.8101863327845,37.08615046168153,18.474156845411393,41.200768294036585,46.132476026681815,68.25759672329797,53.874922188396724,87.41625215353667
2025-03-09 20:17:54.212667,1535.0,734.0,317.0,2451.0,944.0,261.0,60.421372573475814,77.47582051903714,54.8101863327845,37.08615046168153,18.474156845411393,41.200768294036585,46.132476026681815,68.25759672329797,53.874922188396724,87.41625215353667
2025-03-09 20:17:54.212667,1535.0,715.0,321.0,2451.0,944.0,256.0,60.421372573475814,77.47582051903714,54.8101863327845,37.08615046168153,18.474156845411393,41.200768294036585,46.132476026681815,68.25759672329797,53.874922188396724,87.41625215353667
2025-03-09 20:17:54.221000,1535.0,719.0,317.0,2459.0,943.0,256.0,60.40115725479515,77.39124221732739,54.60666311921916,37.022320325168096,18.436347152778488,41.115999544573945,46.28660280331218,68.24447236048299,53.787536001595186,87.25680054155556
2025-03-09 20:17:54.221000,1531.0,721.0,320.0,2455.0,939.0,256.0,60.40115725479515,77.39124221732739,54.60666311921916,37.022320325168096,18.436347152778488,41.115999544573945,46.28660280331218,68.24447236048299,53.787536001595186,87.25680054155556
2025-03-09 20:17:54.221000,1535.0,726.0,317.0,2450.0,939.0,254.0,60.40115725479515,77.39124221732739,54.60666311921916,37.022320325168096,18.436347152778488,41.115999544573945,46.28660280331218,68.24447236048299,53.787536001595186,87.25680054155556
2025-03-09 20:17:54.221000,1533.0,723.0,318.0,2457.0,939.0,252.0,60.40115725479515,77.39124221732739,54.60666311921916,37.022320325168096,18.436347152778488,41.115999544573945,46.28660280331218,68.24447236048299,53.787536001595186,87.25680054155556
2025-03-09 20:17:54.229333,1527.0,723.0,314.0,2455.0,938.0,253.0,60.37604473067068,77.29678089350604,54.39733788102587,36.958445325086004,18.39609820108966,41.030342815734414,46.436069283910975,68.22226406168369,53.69259337409244,87.08226613739636
2025-03-09 20:17:54.229333,1533.0,734.0,325.0,2448.0,937.0,256.0,60.37604473067068,77.29678089350604,54.39733788102587,36.958445325086004,18.39609820108966,41.030342815734414,46.436069283910975,68.22226406168369,53.69259337409244,87.08226613739636
2025-03-09 20:17:54.229333,1535.0,730.0,326.0,2451.0,939.0,256.0,60.37604473067068,77.29678089350604,54.39733788102587,36.958445325086004,18.39609820108966,41.030342815734414,46.436069283910975,68.22226406168369,53.69259337409244,87.08226613739636
2025-03-09 20:17:54.237667,1535.0,725.0,319.0,2453.0,936.0,253.0,60.34319279293174,77.19334550845885,54.183724850336375,36.89325839730707,18.353938883350242,40.942812004534034,46.57995515652713,68.19083299165935,53.5921370449596,86.89710292449867
2025-03-09 20:17:54.237667,1534.0,725.0,321.0,2448.0,937.0,257.0,60.34319279293174,77.19334550845885,54.183724850336375,36.89325839730707,18.353938883350242,40.942812004534034,46.57995515652713,68.19083299165935,53.5921370449596,86.89710292449867
2025-03-09 20:17:54.237667,1535.0,733.0,329.0,2448.0,934.0,249.0,60.34319279293174,77.19334550845885,54.183724850336375,36.89325839730707,18.353938883350242,40.942812004534034,46.57995515652713,68.19083299165935,53.5921370449596,86.89710292449867
2025-03-09 20:17:54.237667,1533.0,734.0,322.0,2450.0,937.0,253.0,60.34319279293174,77.19334550845885,54.183724850336375,36.89325839730707,18.353938883350242,40.942812004534034,46.57995515652713,68.19083299165935,53.5921370449596,86.89710292449867
2025-03-09 20:17:54.246000,1531.0,732.0,336.0,2447.0,937.0,253.0,60.30048439045789,77.0826788435948,53.96752944041582,36.82575155007177,18.31048919293202,40.85261544719147,46.718184181880915,68.15112005644448,53.489020222642516,86.70717324721421
2025-03-09 20:17:54.246000,1529.0,730.0,315.0,2449.0,933.0,251.0,60.30048439045789,77.0826788435948,53.96752944041582,36.82575155007177,18.31048919293202,40.85261544719147,46.718184181880915,68.15112005644448,53.489020222642516,86.70717324721421
2025-03-09 20:17:54.246000,1534.0,737.0,322.0,2448.0,935.0,253.0,60.30048439045789,77.0826788435948,53.96752944041582,36.82575155007177,18.31048919293202,40.85261544719147,46.718184181880915,68.15112005644448,53.489020222642516,86.70717324721421
2025-03-09 20:17:54.254333,1530.0,741.0,330.0,2448.0,938.0,251.0,60.24638898893437,76.96685175253747,53.75300980127135,36.75456279174759,18.26613500559675,40.758672583190496,46.84830362254694,68.10427421125353,53.385807026536746,86.51870062326046
2025-03-09 20:17:54.254333,1523.0,739.0,330.0,2449.0,936.0,251.0,60.24638898893437,76.96685175253747,53.75300980127135,36.75456279174759,18.26613500559675,40.758672583190496,46.84830362254694,68.10427421125353,53.385807026536746,86.51870062326046
2025-03-09 20:17:54.254333,1527.0,753.0,320.0,2448.0,933.0,247.0,60.24638898893437,76.96685175253747,53.75300980127135,36.75456279174759,18.26613500559675,40.758672583190496,46.84830362254694,68.10427421125353,53.385807026536746,86.51870062326046
2025-03-09 20:17:54.254333,1527.0,751.0,326.0,2449.0,933.0,250.0,60.24638898893437,76.96685175253747,53.75300980127135,36.75456279174759,18.26613500559675,40.758672583190496,46.84830362254694,68.10427421125353,53.385807026536746,86.51870062326046
2025-03-09 20:17:54.262667,1525.0,751.0,330.0,2449.0,934.0,249.0,60.179545721271666,76.84722271084912,53.54601419472712,36.67835238927506,18.220814630432578,40.659880399467376,46.96534245314027,68.05072176464694,53.28409970311371,86.3378979543737
2025-03-09 20:17:54.262667,1522.0,749.0,321.0,2450.0,935.0,247.0,60.179545721271666,76.84722271084912,53.54601419472712,36.67835238927506,18.220814630432578,40.659880399467376,46.96534245314027,68.05072176464694,53.28409970311371,86.3378979543737
2025-03-09 20:17:54.262667,1529.0,737.0,333.0,2451.0,935.0,246.0,60.179545721271666,76.84722271084912,53.54601419472712,36.67835238927506,18.220814630432578,40.659880399467376,46.96534245314027,68.05072176464694,53.28409970311371,86.3378979543737
2025-03-09 20:17:54.262667,1527.0,749.0,320.0,2451.0,929.0,246.0,60.179545721271666,76.84722271084912,53.54601419472712,36.67835238927506,18.220814630432578,40.659880399467376,46.96534245314027,68.05072176464694,53.28409970311371,86.3378979543737
2025-03-09 20:17:54.271000,1527.0,750.0,324.0,2453.0,933.0,247.0,60.09998566928974,76.7254238313782,53.35089088273819,36.596830112732206,18.173707196706697,40.55565857108239,47.0660284389635,67.99218155303102,53.18615869824258,86.16964501081611
2025-03-09 20:17:54.271000,1523.0,752.0,321.0,2451.0,932.0,245.0,60.09998566928974,76.7254238313782,53.35089088273819,36.596830112732206,18.173707196706697,40.55565857108239,47.0660284389635,67.99218155303102,53.18615869824258,86.16964501081611
2025-03-09 20:17:54.271000,1527.0,753.0,325.0,2450.0,931.0,242.0,60.09998566928974,76.7254238313782,53.35089088273819,36.596830112732206,18.173707196706697,40.55565857108239,47.0660284389635,67.99218155303102,53.18615869824258,86.16964501081611
2025-03-09 20:17:54.279333,1533.0,768.0,336.0,2448.0,930.0,243.0,60.00916540558842,76.60372367857286,53.17017697877139,36.51205448869761,18.126061140628693,40.44849677845549,47.149936967067546,67.92980959846477,53.094184594169334,86.01703015174553
2025-03-09 20:17:54.279333,1533.0,768.0,315.0,2450.0,929.0,243.0,60.00916540558842,76.60372367857286,53.17017697877139,36.51205448869761,18.126061140628693,40.44849677845549,47.149936967067546,67.92980959846477,53.094184594169334,86.01703015174553
2025-03-09 20:17:54.279333,1526.0,774.0,323.0,2448.0,929.0,242.0,60.00916540558842,76.60372367857286,53.17017697877139,36.51205448869761,18.126061140628693,40.44849677845549,47.149936967067546,67.92980959846477,53.094184594169334,86.01703015174553
2025-03-09 20:17:54.279333,1531.0,765.0,326.0,2446.0,924.0,241.0,60.00916540558842,76.60372367857286,53.17017697877139,36.51205448869761,18.126061140628693,40.44849677845549,47.149936967067546,67.92980959846477,53.094184594169334,86.01703015174553
2025-03-09 20:17:54.287667,1535.0,774.0,336.0,2448.0,929.0,243.0,59.90856690814354,76.48402903754277,53.00692644900731,36.42862568367374,18.080814683722533,40.34412968011528,47.215647571726294,67.86264974801666,53.01016918094911,85.8822709000902
2025-03-09 20:17:54.287667,1526.0,768.0,336.0,2446.0,930.0,242.0,59.90856690814354,76.48402903754277,53.00692644900731,36.42862568367374,18.080814683722533,40.34412968011528,47.215647571726294,67.86264974801666,53.01016918094911,85.8822709000902
2025-03-09 20:17:54.287667,1535.0,784.0,347.0,2445.0,925.0,243.0,59.90856690814354,76.48402903754277,53.00692644900731,36.42862568367374,18.080814683722533,40.34412968011528,47.215647571726294,67.86264974801666,53.01016918094911,85.8822709000902
2025-03-09 20:17:54.287667,1535.0,807.0,319.0,2447.0,926.0,240.0,59.90856690814354,76.48402903754277,53.00692644900731,36.42862568367374,18.080814683722533,40.34412968011528,47.215647571726294,67.86264974801666,53.01016918094911,85.8822709000902
2025-03-09 20:17:54.296000,1535.0,788.0,326.0,2446.0,932.0,242.0,59.79976642318879,76.36746604701622,52.86444337483167,36.35040606387209,18.03957998790152,40.246928506996134,47.260982108422084,67.79045158758129,52.935589894472265,85.76592629018648
2025-03-09 20:17:54.296000,1555.0,791.0,326.0,2470.0,926.0,240.0,59.79976642318879,76.36746604701622,52.86444337483167,36.35040606387209,18.03957998790152,40.246928506996134,47.260982108422084,67.79045158758129,52.935589894472265,85.76592629018648
2025-03-09 20:17:54.296000,1535.0,797.0,346.0,2448.0,923.0,240.0,59.79976642318879,76.36746604701622,52.86444337483167,36.35040606387209,18.03957998790152,40.246928506996134,47.260982108422084,67.79045158758129,52.935589894472265,85.76592629018648
2025-03-09 20:17:54.304333,1555.0,798.0,338.0,2448.0,923.0,240.0,59.68544323838844,76.25608923248811,52.74586562401677,36.27895773628917,18.002538083721145,40.158427123124554,47.28494629617433,67.71550412456325,52.87181933476949,85.66838248440756
2025-03-09 20:17:54.304333,1535.0,776.0,321.0,2446.0,922.0,240.0,59.68544323838844,76.25608923248811,52.74586562401677,36.27895773628917,18.002538083721145,40.158427123124554,47.28494629617433,67.71550412456325,52.87181933476949,85.66838248440756
2025-03-09 20:17:54.304333,1558.0,799.0,320.0,2439.0,919.0,240.0,59.68544323838844,76.25608923248811,52.74586562401677,36.27895773628917,18.002538083721145,40.158427123124554,47.28494629617433,67.71550412456325,52.87181933476949,85.66838248440756
2025-03-09 20:17:54.312667,1578.0,818.0,339.0,2437.0,912.0,240.0,59.568433693190045,76.15206194801105,52.65285577548419,36.21442365599039,17.969841827183863,40.078885192768766,47.28809080776373,67.64022685109003,52.81927213903893,85.59129150189678
2025-03-09 20:17:54.312667,1570.0,822.0,351.0,2436.0,914.0,240.0,59.568433693190045,76.15206194801105,52.65285577548419,36.21442365599039,17.969841827183863,40.078885192768766,47.28809080776373,67.64022685109003,52.81927213903893,85.59129150189678
2025-03-09 20:17:54.312667,1578.0,815.0,342.0,2443.0,914.0,237.0,59.568433693190045,76.15206194801105,52.65285577548419,36.21442365599039,17.969841827183863,40.078885192768766,47.28809080776373,67.64022685109003,52.81927213903893,85.59129150189678
2025-03-09 20:17:54.312667,1575.0,827.0,348.0,2439.0,915.0,237.0,59.568433693190045,76.15206194801105,52.65285577548419,36.21442365599039,17.969841827183863,40.078885192768766,47.28809080776373,67.64022685109003,52.81927213903893,85.59129150189678
2025-03-09 20:17:54.321000,1578.0,819.0,351.0,2443.0,913.0,239.0,59.45119292544109,76.05623781083779,52.58555099968517,36.15666741271621,17.942348537765522,40.00864353451442,47.27164879941304,67.56543517202255,52.77634650943551,85.5354925402486
2025-03-09 20:17:54.321000,1579.0,821.0,340.0,2443.0,913.0,239.0,59.45119292544109,76.05623781083779,52.58555099968517,36.15666741271621,17.942348537765522,40.00864353451442,47.27164879941304,67.56543517202255,52.77634650943551,85.5354925402486
2025-03-09 20:17:54.321000,1580.0,841.0,343.0,2435.0,912.0,240.0,59.45119292544109,76.05623781083779,52.58555099968517,36.15666741271621,17.942348537765522,40.00864353451442,47.27164879941304,67.56543517202255,52.77634650943551,85.5354925402486
2025-03-09 20:17:54.321000,1598.0,848.0,343.0,2437.0,907.0,239.0,59.45119292544109,76.05623781083779,52.58555099968517,36.15666741271621,17.942348537765522,40.00864353451442,47.27164879941304,67.56543517202255,52.77634650943551,85.5354925402486
2025-03-09 20:17:54.329333,1595.0,851.0,356.0,2439.0,909.0,233.0,59.336702122745514,75.96901620910216,52.54258938637947,36.105783274506365,17.921053001871012,39.94853056347256,47.237332146046356,67.49085348699785,52.74022832584481,85.5006482459564
2025-03-09 20:17:54.329333,1583.0,834.0,351.0,2436.0,907.0,234.0,59.336702122745514,75.96901620910216,52.54258938637947,36.105783274506365,17.921053001871012,39.94853056347256,47.237332146046356,67.49085348699785,52.74022832584481,85.5006482459564
2025-03-09 20:17:54.329333,1599.0,848.0,335.0,2435.0,910.0,236.0,59.336702122745514,75.96901620910216,52.54258938637947,36.105783274506365,17.921053001871012,39.94853056347256,47.237332146046356,67.49085348699785,52.74022832584481,85.5006482459564
2025-03-09 20:17:54.337667,1579.0,849.0,356.0,2439.0,912.0,240.0,59.22864978665872,75.89154276332789,52.52215976438116,36.06171696659223,17.906539052698655,39.89906002368797,47.18775725210482,67.41721886822954,52.70870119851332,85.48604796292413
2025-03-09 20:17:54.337667,1598.0,852.0,339.0,2439.0,906.0,232.0,59.22864978665872,75.89154276332789,52.52215976438116,36.06171696659223,17.906539052698655,39.89906002368797,47.18775725210482,67.41721886822954,52.70870119851332,85.48604796292413
2025-03-09 20:17:54.337667,1604.0,848.0,367.0,2438.0,902.0,234.0,59.22864978665872,75.89154276332789,52.52215976438116,36.06171696659223,17.906539052698655,39.89906002368797,47.18775725210482,67.41721886822954,52.70870119851332,85.48604796292413
2025-03-09 20:17:54.337667,1593.0,852.0,359.0,2436.0,903.0,235.0,59.22864978665872,75.89154276332789,52.52215976438116,36.06171696659223,17.906539052698655,39.89906002368797,47.18775725210482,67.41721886822954,52.70870119851332,85.48604796292413
2025-03-09 20:17:54.346000,1607.0,863.0,361.0,2441.0,896.0,234.0,59.13125851800151,75.82543226839884,52.52250900006037,36.0245073081353,17.898585164202753,39.86027793209495,47.12620685361425,67.34694122150951,52.68065407592402,85.4898341575898
2025-03-09 20:17:54.346000,1600.0,865.0,356.0,2433.0,894.0,233.0,59.13125851800151,75.82543226839884,52.52250900006037,36.0245073081353,17.898585164202753,39.86027793209495,47.12620685361425,67.34694122150951,52.68065407592402,85.4898341575898
2025-03-09 20:17:54.346000,1584.0,855.0,365.0,2436.0,896.0,233.0,59.13125851800151,75.82543226839884,52.52250900006037,36.0245073081353,17.898585164202753,39.86027793209495,47.12620685361425,67.34694122150951,52.68065407592402,85.4898341575898
2025-03-09 20:17:54.354333,1599.0,869.0,377.0,2437.0,898.0,232.0,59.04742999559642,75.77121660355529,52.54238501046495,35.994595587268975,17.8960715248778,39.83206705157325,47.054428962725474,67.2820975870744,52.6556558023783,85.51007813617319
2025-03-09 20:17:54.354333,1632.0,880.0,368.0,2434.0,894.0,230.0,59.04742999559642,75.77121660355529,52.54238501046495,35.994595587268975,17.8960715248778,39.83206705157325,47.054428962725474,67.2820975870744,52.6556558023783,85.51007813617319
2025-03-09 20:17:54.354333,1602.0,859.0,358.0,2438.0,895.0,230.0,59.04742999559642,75.77121660355529,52.54238501046495,35.994595587268975,17.8960715248778,39.83206705157325,47.054428962725474,67.2820975870744,52.6556558023783,85.51007813617319
2025-03-09 20:17:54.354333,1594.0,869.0,372.0,2440.0,895.0,233.0,59.04742999559642,75.77121660355529,52.54238501046495,35.994595587268975,17.8960715248778,39.83206705157325,47.054428962725474,67.2820975870744,52.6556558023783,85.51007813617319
2025-03-09 20:17:54.362667,1586.0,877.0,365.0,2433.0,885.0,231.0,58.9782456985611,75.72837134896751,52.58009435830464,35.971759831491504,17.897573945269954,39.81339988758807,46.97395121431305,67.22413723363634,52.63338498116809,85.54462545366947
2025-03-09 20:17:54.362667,1599.0,878.0,368.0,2431.0,887.0,234.0,58.9782456985611,75.72837134896751,52.58009435830464,35.971759831491504,17.897573945269954,39.81339988758807,46.97395121431305,67.22413723363634,52.63338498116809,85.54462545366947
2025-03-09 20:17:54.362667,1591.0,877.0,321.0,2435.0,886.0,234.0,58.9782456985611,75.72837134896751,52.58009435830464,35.971759831491504,17.897573945269954,39.81339988758807,46.97395121431305,67.22413723363634,52.63338498116809,85.54462545366947
2025-03-09 20:17:54.362667,1585.0,889.0,389.0,2435.0,883.0,232.0,58.9782456985611,75.72837134896751,52.58009435830464,35.971759831491504,17.897573945269954,39.81339988758807,46.97395121431305,67.22413723363634,52.63338498116809,85.54462545366947
2025-03-09 20:17:54.371000,1584.0,880.0,369.0,2437.0,886.0,228.0,58.92403004125754,75.69649488863548,52.63444511531537,35.955374821167396,17.902414053173928,39.803150865359996,46.88634193463979,67.17417162936319,52.613617557576575,85.59008857178196
2025-03-09 20:17:54.371000,1589.0,880.0,361.0,2437.0,888.0,229.0,58.92403004125754,75.69649488863548,52.63444511531537,35.955374821167396,17.902414053173928,39.803150865359996,46.88634193463979,67.17417162936319,52.613617557576575,85.59008857178196
2025-03-09 20:17:54.371000,1584.0,880.0,354.0,2434.0,883.0,230.0,58.92403004125754,75.69649488863548,52.63444511531537,35.955374821167396,17.902414053173928,39.803150865359996,46.88634193463979,67.17417162936319,52.613617557576575,85.59008857178196
2025-03-09 20:17:54.379333,1581.0,878.0,384.0,2431.0,880.0,234.0,58.88396755416816,75.67430533351344,52.702637252744985,35.94501899008907,17.91008806423633,39.80050796034016,46.79364494359524,67.13185072142109,52.59589461454764,85.64252953715759
2025-03-09 20:17:54.379333,1584.0,867.0,370.0,2434.0,875.0,229.0,58.88396755416816,75.67430533351344,52.702637252744985,35.94501899008907,17.91008806423633,39.80050796034016,46.79364494359524,67.13185072142109,52.59589461454764,85.64252953715759
2025-03-09 20:17:54.379333,1582.0,862.0,374.0,2432.0,881.0,229.0,58.88396755416816,75.67430533351344,52.702637252744985,35.94501899008907,17.91008806423633,39.80050796034016,46.79364494359524,67.13185072142109,52.59589461454764,85.64252953715759
2025-03-09 20:17:54.379333,1584.0,880.0,377.0,2434.0,879.0,231.0,58.88396755416816,75.67430533351344,52.702637252744985,35.94501899008907,17.91008806423633,39.80050796034016,46.79364494359524,67.13185072142109,52.59589461454764,85.64252953715759
2025-03-09 20:17:54.387667,1583.0,878.0,375.0,2421.0,880.0,228.0,58.85700987518486,75.65948099759981,52.77943431676325,35.94015481862683,17.920146330441746,39.80472965856758,46.69892469348957,67.0952943838261,52.57836204715268,85.69799696657346
2025-03-09 20:17:54.387667,1581.0,875.0,375.0,2432.0,876.0,229.0,58.85700987518486,75.65948099759981,52.77943431676325,35.94015481862683,17.920146330441746,39.80472965856758,46.69892469348957,67.0952943838261,52.57836204715268,85.69799696657346
2025-03-09 20:17:54.387667,1571.0,859.0,381.0,2431.0,875.0,229.0,58.85700987518486,75.65948099759981,52.77943431676325,35.94015481862683,17.920146330441746,39.80472965856758,46.69892469348957,67.0952943838261,52.57836204715268,85.69799696657346
2025-03-09 20:17:54.396000,1574.0,880.0,379.0,2435.0,874.0,231.0,58.84382525607694,75.65102340630045,52.86168246232587,35.94058034507112,17.932069580350134,39.81555808343768,46.603909059313004,67.0635733097606,52.559419704697575,85.75326849686024
2025-03-09 20:17:54.396000,1557.0,880.0,371.0,2429.0,864.0,227.0,58.84382525607694,75.65102340630045,52.86168246232587,35.94058034507112,17.932069580350134,39.81555808343768,46.603909059313004,67.0635733097606,52.559419704697575,85.75326849686024
2025-03-09 20:17:54.396000,1573.0,869.0,370.0,2443.0,863.0,227.0,58.84382525607694,75.65102340630045,52.86168246232587,35.94058034507112,17.932069580350134,39.81555808343768,46.603909059313004,67.0635733097606,52.559419704697575,85.75326849686024
2025-03-09 20:17:54.396000,1574.0,880.0,351.0,2430.0,866.0,230.0,58.84382525607694,75.65102340630045,52.86168246232587,35.94058034507112,17.932069580350134,39.81555808343768,46.603909059313004,67.0635733097606,52.559419704697575,85.75326849686024
2025-03-09 20:17:54.404333,1584.0,893.0,375.0,2431.0,864.0,228.0,58.84612971869493,75.64893960521,52.94833971187088,35.94792455434608,17.94526150005221,39.83429545129763,46.50923781381823,67.03705436668933,52.539252716204025,85.80687827248394
2025-03-09 20:17:54.404333,1573.0,869.0,368.0,2431.0,863.0,226.0,58.84612971869493,75.64893960521,52.94833971187088,35.94792455434608,17.94526150005221,39.83429545129763,46.50923781381823,67.03705436668933,52.539252716204025,85.80687827248394
2025-03-09 20:17:54.404333,1586.0,872.0,383.0,2432.0,862.0,231.0,58.84612971869493,75.64893960521,52.94833971187088,35.94792455434608,17.94526150005221,39.83429545129763,46.50923781381823,67.03705436668933,52.539252716204025,85.80687827248394
2025-03-09 20:17:54.412667,1575.0,866.0,370.0,2433.0,863.0,227.0,58.864097473124936,75.65323631715658,53.04015272372266,35.965253523971334,17.95872427120683,39.86313760589526,46.41385776145098,67.01650130443377,52.52068595874381,85.859629601809
2025-03-09 20:17:54.412667,1587.0,866.0,384.0,2429.0,860.0,227.0,58.864097473124936,75.65323631715658,53.04015272372266,35.965253523971334,17.95872427120683,39.86313760589526,46.41385776145098,67.01650130443377,52.52068595874381,85.859629601809
2025-03-09 20:17:54.412667,1555.0,874.0,384.0,2427.0,881.0,225.0,58.864097473124936,75.65323631715658,53.04015272372266,35.965253523971334,17.95872427120683,39.86313760589526,46.41385776145098,67.01650130443377,52.52068595874381,85.859629601809
2025-03-09 20:17:54.412667,1535.0,881.0,372.0,2429.0,855.0,228.0,58.864097473124936,75.65323631715658,53.04015272372266,35.965253523971334,17.95872427120683,39.86313760589526,46.41385776145098,67.01650130443377,52.52068595874381,85.859629601809
2025-03-09 20:17:54.421000,1569.0,861.0,381.0,2430.0,852.0,227.0,58.89559198012582,75.66398211523651,53.139613160778865,35.993058001558296,17.972413845579677,39.90229304528668,46.315643309319874,67.00196424727943,52.50608428416397,85.91306281928544
2025-03-09 20:17:54.421000,1568.0,865.0,365.0,2431.0,855.0,230.0,58.89559198012582,75.66398211523651,53.139613160778865,35.993058001558296,17.972413845579677,39.90229304528668,46.315643309319874,67.00196424727943,52.50608428416397,85.91306281928544
2025-03-09 20:17:54.421000,1563.0,865.0,375.0,2429.0,853.0,228.0,58.89559198012582,75.66398211523651,53.139613160778865,35.993058001558296,17.972413845579677,39.90229304528668,46.315643309319874,67.00196424727943,52.50608428416397,85.91306281928544
2025-03-09 20:17:54.429333,1535.0,865.0,376.0,2430.0,855.0,229.0,58.937939401072704,75.68098368316282,53.247533236486554,36.02924681817172,17.986985518007803,39.94985057573006,46.214707856364555,66.99325223032179,52.49593601731305,85.96789537830162
2025-03-09 20:17:54.429333,1535.0,857.0,379.0,2429.0,852.0,229.0,58.937939401072704,75.68098368316282,53.247533236486554,36.02924681817172,17.986985518007803,39.94985057573006,46.214707856364555,66.99325223032179,52.49593601731305,85.96789537830162
2025-03-09 20:17:54.429333,1535.0,831.0,378.0,2431.0,848.0,229.0,58.937939401072704,75.68098368316282,53.247533236486554,36.02924681817172,17.986985518007803,39.94985057573006,46.214707856364555,66.99325223032179,52.49593601731305,85.96789537830162
2025-03-09 20:17:54.429333,1535.0,847.0,376.0,2433.0,850.0,227.0,58.937939401072704,75.68098368316282,53.247533236486554,36.02924681817172,17.986985518007803,39.94985057573006,46.214707856364555,66.99325223032179,52.49593601731305,85.96789537830162
2025-03-09 20:17:54.437667,1531.0,849.0,377.0,2427.0,848.0,231.0,58.989361082156144,75.70416806283862,53.36392176689123,36.071930914753665,18.003122060786193,40.00416880739425,46.11195180888848,66.99027908679606,52.49024179117358,86.02438640855813
2025-03-09 20:17:54.437667,1523.0,845.0,372.0,2433.0,848.0,228.0,58.989361082156144,75.70416806283862,53.36392176689123,36.071930914753665,18.003122060786193,40.00416880739425,46.11195180888848,66.99027908679606,52.49024179117358,86.02438640855813
2025-03-09 20:17:54.437667,1523.0,841.0,370.0,2432.0,848.0,229.0,58.989361082156144,75.70416806283862,53.36392176689123,36.071930914753665,18.003122060786193,40.00416880739425,46.11195180888848,66.99027908679606,52.49024179117358,86.02438640855813
2025-03-09 20:17:54.437667,1520.0,785.0,375.0,2431.0,848.0,229.0,58.989361082156144,75.70416806283862,53.36392176689123,36.071930914753665,18.003122060786193,40.00416880739425,46.11195180888848,66.99027908679606,52.49024179117358,86.02438640855813
2025-03-09 20:17:54.446000,1534.0,815.0,369.0,2432.0,848.0,230.0,59.04857138592889,75.7338508384636,53.48932458875765,36.119142530646336,18.020733842064192,40.06326036437719,46.0076323016128,66.99365846976669,52.489460514889224,86.08257079365701
2025-03-09 20:17:54.446000,1520.0,834.0,368.0,2435.0,848.0,231.0,59.04857138592889,75.7338508384636,53.48932458875765,36.119142530646336,18.020733842064192,40.06326036437719,46.0076323016128,66.99365846976669,52.489460514889224,86.08257079365701
2025-03-09 20:17:54.446000,1488.0,814.0,372.0,2435.0,848.0,233.0,59.04857138592889,75.7338508384636,53.48932458875765,36.119142530646336,18.020733842064192,40.06326036437719,46.0076323016128,66.99365846976669,52.489460514889224,86.08257079365701
2025-03-09 20:17:54.454333,1487.0,809.0,377.0,2432.0,848.0,232.0,59.11402342153879,75.76938342922058,53.620357063620354,36.168933755321746,18.03855968172157,40.124754634917124,45.90386454894048,67.00323670201081,52.493613870212535,86.1415753508983
2025-03-09 20:17:54.454333,1505.0,814.0,368.0,2433.0,848.0,237.0,59.11402342153879,75.76938342922058,53.620357063620354,36.168933755321746,18.03855968172157,40.124754634917124,45.90386454894048,67.00323670201081,52.493613870212535,86.1415753508983
2025-03-09 20:17:54.454333,1481.0,803.0,368.0,2437.0,848.0,234.0,59.11402342153879,75.76938342922058,53.620357063620354,36.168933755321746,18.03855968172157,40.124754634917124,45.90386454894048,67.00323670201081,52.493613870212535,86.1415753508983
2025-03-09 20:17:54.454333,1488.0,801.0,370.0,2437.0,849.0,233.0,59.11402342153879,75.76938342922058,53.620357063620354,36.168933755321746,18.03855968172157,40.124754634917124,45.90386454894048,67.00323670201081,52.493613870212535,86.1415753508983
2025-03-09 20:17:54.462667,1473.0,807.0,359.0,2433.0,848.0,236.0,59.1835372504425,75.80867098955781,53.75049074847457,36.220457966844066,18.055728123851367,40.187567732204194,45.803965347785535,67.01668198564275,52.50155619725197,86.20047264304046
2025-03-09 20:17:54.462667,1472.0,797.0,366.0,2434.0,848.0,235.0,59.1835372504425,75.80867098955781,53.75049074847457,36.220457966844066,18.055728123851367,40.187567732204194,45.803965347785535,67.01668198564275,52.50155619725197,86.20047264304046
2025-03-09 20:17:54.462667,1408.0,773.0,358.0,2437.0,847.0,237.0,59.1835372504425,75.80867098955781,53.75049074847457,36.220457966844066,18.055728123851367,40.187567732204194,45.803965347785535,67.01668198564275,52.50155619725197,86.20047264304046
2025-03-09 20:17:54.471000,1422.0,774.0,367.0,2441.0,848.0,239.0,59.25444224170107,75.84989464980696,53.8767246905111,36.273079186553616,18.072505549329133,40.25140600255797,45.70822328777666,67.03085803089033,52.5119566925132,86.25959430316175
2025-03-09 20:17:54.471000,1412.0,772.0,368.0,2432.0,849.0,235.0,59.25444224170107,75.84989464980696,53.8767246905111,36.273079186553616,18.072505549329133,40.25140600255797,45.70822328777666,67.03085803089033,52.5119566925132,86.25959430316175
2025-03-09 20:17:54.471000,1392.0,773.0,371.0,2438.0,848.0,240.0,59.25444224170107,75.84989464980696,53.8767246905111,36.273079186553616,18.072505549329133,40.25140600255797,45.70822328777666,67.03085803089033,52.5119566925132,86.25959430316175
2025-03-09 20:17:54.471000,1408.0,765.0,369.0,2439.0,848.0,238.0,59.25444224170107,75.84989464980696,53.8767246905111,36.273079186553616,18.072505549329133,40.25140600255797,45.70822328777666,67.03085803089033,52.5119566925132,86.25959430316175
2025-03-09 20:17:54.479333,1399.0,758.0,367.0,2438.0,848.0,239.0,59.32379394466713,75.89195526863071,54.00226004999281,36.32682848750262,18.089280359637385,40.31672527574854,45.611401077367276,67.04283596364236,52.52475447785216,86.31841144698744
2025-03-09 20:17:54.479333,1431.0,757.0,361.0,2438.0,848.0,239.0,59.32379394466713,75.89195526863071,54.00226004999281,36.32682848750262,18.089280359637385,40.31672527574854,45.611401077367276,67.04283596364236,52.52475447785216,86.31841144698744
2025-03-09 20:17:54.479333,1393.0,761.0,369.0,2438.0,848.0,239.0,59.32379394466713,75.89195526863071,54.00226004999281,36.32682848750262,18.089280359637385,40.31672527574854,45.611401077367276,67.04283596364236,52.52475447785216,86.31841144698744
2025-03-09 20:17:54.487667,1355.0,734.0,367.0,2438.0,847.0,240.0,59.38926338240689,75.93446004869627,54.13333346985971,36.38329518715239,18.105599586459164,40.38500587033424,45.50558765853709,67.05086493521875,52.5419487470279,86.37557725002996
2025-03-09 20:17:54.487667,1354.0,720.0,363.0,2442.0,848.0,240.0,59.38926338240689,75.93446004869627,54.13333346985971,36.38329518715239,18.105599586459164,40.38500587033424,45.50558765853709,67.05086493521875,52.5419487470279,86.37557725002996
2025-03-09 20:17:54.487667,1344.0,731.0,379.0,2439.0,848.0,242.0,59.38926338240689,75.93446004869627,54.13333346985971,36.38329518715239,18.105599586459164,40.38500587033424,45.50558765853709,67.05086493521875,52.5419487470279,86.37557725002996
2025-03-09 20:17:54.487667,1340.0,737.0,368.0,2439.0,848.0,240.0,59.38926338240689,75.93446004869627,54.13333346985971,36.38329518715239,18.105599586459164,40.38500587033424,45.50558765853709,67.05086493521875,52.5419487470279,86.37557725002996
2025-03-09 20:17:54.496000,1339.0,736.0,368.0,2439.0,848.0,240.0,59.44930129725672,75.97690332301435,54.27481204692824,36.443255308881646,18.12047747935274,40.45660065690236,45.38470976828917,67.0542558912103,52.56500965634845,86.43054379071474
2025-03-09 20:17:54.496000,1334.0,733.0,366.0,2439.0,848.0,240.0,59.44930129725672,75.97690332301435,54.27481204692824,36.443255308881646,18.12047747935274,40.45660065690236,45.38470976828917,67.0542558912103,52.56500965634845,86.43054379071474
2025-03-09 20:17:54.496000,1337.0,726.0,369.0,2437.0,848.0,240.0,59.44930129725672,75.97690332301435,54.27481204692824,36.443255308881646,18.12047747935274,40.45660065690236,45.38470976828917,67.0542558912103,52.56500965634845,86.43054379071474
2025-03-09 20:17:54.504333,1297.0,719.0,369.0,2413.0,848.0,242.0,59.50269771150816,76.01714997927185,54.42607696652847,36.505805605488014,18.1334479854244,40.530293794493076,45.24818392656034,67.05196348684842,52.592257184678886,86.481083105518
2025-03-09 20:17:54.504333,1293.0,719.0,368.0,2443.0,848.0,240.0,59.50269771150816,76.01714997927185,54.42607696652847,36.505805605488014,18.1334479854244,40.530293794493076,45.24818392656034,67.05196348684842,52.592257184678886,86.481083105518
2025-03-09 20:17:54.504333,1291.0,713.0,367.0,2443.0,847.0,240.0,59.50269771150816,76.01714997927185,54.42607696652847,36.505805605488014,18.1334479854244,40.530293794493076,45.24818392656034,67.05196348684842,52.592257184678886,86.481083105518
2025-03-09 20:17:54.504333,1289.0,709.0,368.0,2440.0,848.0,241.0,59.50269771150816,76.01714997927185,54.42607696652847,36.505805605488014,18.1334479854244,40.530293794493076,45.24818392656034,67.05196348684842,52.592257184678886,86.481083105518
2025-03-09 20:17:54.512667,1283.0,709.0,368.0,2443.0,847.0,242.0,59.54875538973915,76.05181819353385,54.58113158359935,36.57097427907423,18.14502235356031,40.60603244866177,45.10023390296659,67.041829725183,52.620185968326,86.52337760387476
2025-03-09 20:17:54.512667,1281.0,705.0,368.0,2447.0,847.0,241.0,59.54875538973915,76.05181819353385,54.58113158359935,36.57097427907423,18.14502235356031,40.60603244866177,45.10023390296659,67.041829725183,52.620185968326,86.52337760387476
2025-03-09 20:17:54.512667,1280.0,704.0,363.0,2442.0,848.0,240.0,59.54875538973915,76.05181819353385,54.58113158359935,36.57097427907423,18.14502235356031,40.60603244866177,45.10023390296659,67.041829725183,52.620185968326,86.52337760387476
2025-03-09 20:17:54.512667,1275.0,698.0,368.0,2442.0,848.0,241.0,59.54875538973915,76.05181819353385,54.58113158359935,36.57097427907423,18.14502235356031,40.60603244866177,45.10023390296659,67.041829725183,52.620185968326,86.52337760387476
2025-03-09 20:17:54.521000,1244.0,690.0,367.0,2446.0,848.0,241.0,59.58699039024245,76.07882691492786,54.73737286345033,36.639795503684994,18.155747043755973,40.68457569809791,44.94326793590513,67.0232505681952,52.64759673652622,86.55623083001389
2025-03-09 20:17:54.521000,1242.0,690.0,355.0,2443.0,847.0,243.0,59.58699039024245,76.07882691492786,54.73737286345033,36.639795503684994,18.155747043755973,40.68457569809791,44.94326793590513,67.0232505681952,52.64759673652622,86.55623083001389
2025-03-09 20:17:54.521000,1235.0,688.0,368.0,2445.0,847.0,242.0,59.58699039024245,76.07882691492786,54.73737286345033,36.639795503684994,18.155747043755973,40.68457569809791,44.94326793590513,67.0232505681952,52.64759673652622,86.55623083001389
2025-03-09 20:17:54.529333,1235.0,687.0,369.0,2447.0,848.0,243.0,59.61650156851485,76.09735615131741,54.89423743336725,36.712251116778454,18.165926991853507,40.76571808168418,44.778318967403884,66.99640743277912,52.674450619599014,86.58009346307769
2025-03-09 20:17:54.529333,1232.0,688.0,363.0,2447.0,847.0,241.0,59.61650156851485,76.09735615131741,54.89423743336725,36.712251116778454,18.165926991853507,40.76571808168418,44.778318967403884,66.99640743277912,52.674450619599014,86.58009346307769
2025-03-09 20:17:54.529333,1232.0,688.0,368.0,2445.0,847.0,243.0,59.61650156851485,76.09735615131741,54.89423743336725,36.712251116778454,18.165926991853507,40.76571808168418,44.778318967403884,66.99640743277912,52.674450619599014,86.58009346307769
2025-03-09 20:17:54.529333,1227.0,685.0,369.0,2445.0,847.0,243.0,59.61650156851485,76.09735615131741,54.89423743336725,36.712251116778454,18.165926991853507,40.76571808168418,44.778318967403884,66.99640743277912,52.674450619599014,86.58009346307769
2025-03-09 20:17:54.537667,1197.0,662.0,368.0,2448.0,845.0,242.0,59.63653367374911,76.10869441572883,55.05138829378069,36.7870737387472,18.175383195787433,40.84813584736508,44.60667266114369,66.96263879535898,52.70218288548246,86.59758014881666
2025-03-09 20:17:54.537667,1194.0,669.0,362.0,2446.0,845.0,245.0,59.63653367374911,76.10869441572883,55.05138829378069,36.7870737387472,18.175383195787433,40.84813584736508,44.60667266114369,66.96263879535898,52.70218288548246,86.59758014881666
2025-03-09 20:17:54.537667,1189.0,667.0,366.0,2446.0,847.0,243.0,59.63653367374911,76.10869441572883,55.05138829378069,36.7870737387472,18.175383195787433,40.84813584736508,44.60667266114369,66.96263879535898,52.70218288548246,86.59758014881666
2025-03-09 20:17:54.546000,1194.0,668.0,363.0,2449.0,846.0,245.0,59.647487921134704,76.11476021375384,55.210277266976355,36.86376965007027,18.18383940417831,40.93130495814298,44.42810369794862,66.92364906310102,52.732564711777215,86.61261657082964
2025-03-09 20:17:54.546000,1189.0,667.0,365.0,2447.0,848.0,245.0,59.647487921134704,76.11476021375384,55.210277266976355,36.86376965007027,18.18383940417831,40.93130495814298,44.42810369794862,66.92364906310102,52.732564711777215,86.61261657082964
2025-03-09 20:17:54.546000,1185.0,666.0,350.0,2448.0,847.0,246.0,59.647487921134704,76.11476021375384,55.210277266976355,36.86376965007027,18.18383940417831,40.93130495814298,44.42810369794862,66.92364906310102,52.732564711777215,86.61261657082964
2025-03-09 20:17:54.546000,1183.0,657.0,341.0,2448.0,845.0,245.0,59.647487921134704,76.11476021375384,55.210277266976355,36.86376965007027,18.18383940417831,40.93130495814298,44.42810369794862,66.92364906310102,52.732564711777215,86.61261657082964
2025-03-09 20:17:54.554333,1177.0,662.0,363.0,2446.0,848.0,255.0,59.651464500704435,76.11683755260017,55.37260495069631,36.94247960904626,18.191361069251993,41.015661456848285,44.241553251052196,66.88005274543214,52.765305099112496,86.62726229236846
2025-03-09 20:17:54.554333,1153.0,650.0,355.0,2448.0,846.0,247.0,59.651464500704435,76.11683755260017,55.37260495069631,36.94247960904626,18.191361069251993,41.015661456848285,44.241553251052196,66.88005274543214,52.765305099112496,86.62726229236846
2025-03-09 20:17:54.554333,1152.0,645.0,358.0,2448.0,847.0,253.0,59.651464500704435,76.11683755260017,55.37260495069631,36.94247960904626,18.191361069251993,41.015661456848285,44.241553251052196,66.88005274543214,52.765305099112496,86.62726229236846
2025-03-09 20:17:54.562667,1151.0,651.0,364.0,2448.0,846.0,250.0,59.65208036850783,76.11672519961816,55.54021490380136,37.022926832293294,18.198587009015156,41.101543299189714,44.04691958751756,66.8329617946231,52.79911947335192,86.64262873494407
2025-03-09 20:17:54.562667,1151.0,649.0,358.0,2451.0,846.0,249.0,59.65208036850783,76.11672519961816,55.54021490380136,37.022926832293294,18.198587009015156,41.101543299189714,44.04691958751756,66.8329617946231,52.79911947335192,86.64262873494407
2025-03-09 20:17:54.562667,1142.0,665.0,363.0,2453.0,845.0,251.0,59.65208036850783,76.11672519961816,55.54021490380136,37.022926832293294,18.198587009015156,41.101543299189714,44.04691958751756,66.8329617946231,52.79911947335192,86.64262873494407
2025-03-09 20:17:54.562667,1139.0,649.0,364.0,2457.0,843.0,252.0,59.65208036850783,76.11672519961816,55.54021490380136,37.022926832293294,18.198587009015156,41.101543299189714,44.04691958751756,66.8329617946231,52.79911947335192,86.64262873494407
2025-03-09 20:17:54.571000,1145.0,652.0,366.0,2450.0,845.0,250.0,59.65315886598689,76.11559212579184,55.71218961924677,37.1049446110879,18.205771556573204,41.18904906811235,43.84665316437648,66.78383869114342,52.83241405788504,86.66085823660377
2025-03-09 20:17:54.571000,1136.0,643.0,361.0,2455.0,846.0,253.0,59.65315886598689,76.11559212579184,55.71218961924677,37.1049446110879,18.205771556573204,41.18904906811235,43.84665316437648,66.78383869114342,52.83241405788504,86.66085823660377
2025-03-09 20:17:54.571000,1111.0,628.0,365.0,2454.0,841.0,255.0,59.65315886598689,76.11559212579184,55.71218961924677,37.1049446110879,18.205771556573204,41.18904906811235,43.84665316437648,66.78383869114342,52.83241405788504,86.66085823660377
2025-03-09 20:17:54.571000,1098.0,635.0,360.0,2456.0,845.0,256.0,59.65315886598689,76.11559212579184,55.71218961924677,37.1049446110879,18.205771556573204,41.18904906811235,43.84665316437648,66.78383869114342,52.83241405788504,86.66085823660377
2025-03-09 20:17:54.579333,1106.0,631.0,361.0,2455.0,843.0,256.0,59.65743235283713,76.1142526568992,55.88590754491051,37.189518042309835,18.212369958698627,41.27902809452578,43.64320172023976,66.73347429534788,52.864856851928664,86.68459740043284
2025-03-09 20:17:54.579333,1110.0,628.0,362.0,2458.0,846.0,256.0,59.65743235283713,76.1142526568992,55.88590754491051,37.189518042309835,18.212369958698627,41.27902809452578,43.64320172023976,66.73347429534788,52.864856851928664,86.68459740043284
2025-03-09 20:17:54.579333,1105.0,630.0,368.0,2458.0,843.0,256.0,59.65743235283713,76.1142526568992,55.88590754491051,37.189518042309835,18.212369958698627,41.27902809452578,43.64320172023976,66.73347429534788,52.864856851928664,86.68459740043284
2025-03-09 20:17:54.587667,1101.0,629.0,355.0,2455.0,845.0,256.0,59.665807977959844,76.11341614742128,56.06166042429291,37.27676388232511,18.218026319653976,41.37123829544118,43.437616159132475,66.68366024975118,52.89744705403066,86.7153840003369
2025-03-09 20:17:54.587667,1104.0,640.0,368.0,2458.0,842.0,256.0,59.665807977959844,76.11341614742128,56.06166042429291,37.27676388232511,18.218026319653976,41.37123829544118,43.437616159132475,66.68366024975118,52.89744705403066,86.7153840003369
2025-03-09 20:17:54.587667,1075.0,622.0,355.0,2461.0,839.0,259.0,59.665807977959844,76.11341614742128,56.06166042429291,37.27676388232511,18.218026319653976,41.37123829544118,43.437616159132475,66.68366024975118,52.89744705403066,86.7153840003369
2025-03-09 20:17:54.587667,1073.0,625.0,356.0,2465.0,841.0,260.0,59.665807977959844,76.11341614742128,56.06166042429291,37.27676388232511,18.218026319653976,41.37123829544118,43.437616159132475,66.68366024975118,52.89744705403066,86.7153840003369
2025-03-09 20:17:54.596000,1072.0,623.0,357.0,2465.0,842.0,256.0,59.67793714641296,76.11342957527293,56.241846975230004,37.366498248325286,18.221824964930974,41.46450965524248,43.230031776379626,66.63768163291523,52.93278733001277,86.75323102609593
2025-03-09 20:17:54.596000,1075.0,622.0,367.0,2464.0,839.0,258.0,59.67793714641296,76.11342957527293,56.241846975230004,37.366498248325286,18.221824964930974,41.46450965524248,43.230031776379626,66.63768163291523,52.93278733001277,86.75323102609593
2025-03-09 20:17:54.596000,1078.0,619.0,351.0,2469.0,843.0,256.0,59.67793714641296,76.11342957527293,56.241846975230004,37.366498248325286,18.221824964930974,41.46450965524248,43.230031776379626,66.63768163291523,52.93278733001277,86.75323102609593
2025-03-09 20:17:54.596000,1067.0,620.0,350.0,2473.0,843.0,259.0,59.67793714641296,76.11342957527293,56.241846975230004,37.366498248325286,18.221824964930974,41.46450965524248,43.230031776379626,66.63768163291523,52.93278733001277,86.75323102609593
2025-03-09 20:17:54.604333,1072.0,624.0,368.0,2466.0,843.0,259.0,59.694506735991595,76.11478996753671,56.42585566237638,37.460710328187396,18.223914443528905,41.56058371117332,43.02177381684013,66.59646704703174,52.97243766293037,86.79841612712592
2025-03-09 20:17:54.604333,1059.0,610.0,359.0,2464.0,840.0,258.0,59.694506735991595,76.11478996753671,56.42585566237638,37.460710328187396,18.223914443528905,41.56058371117332,43.02177381684013,66.59646704703174,52.97243766293037,86.79841612712592
2025-03-09 20:17:54.604333,1041.0,599.0,364.0,2470.0,838.0,261.0,59.694506735991595,76.11478996753671,56.42585566237638,37.460710328187396,18.223914443528905,41.56058371117332,43.02177381684013,66.59646704703174,52.97243766293037,86.79841612712592
2025-03-09 20:17:54.604333,1045.0,619.0,354.0,2469.0,838.0,260.0,59.694506735991595,76.11478996753671,56.42585566237638,37.460710328187396,18.223914443528905,41.56058371117332,43.02177381684013,66.59646704703174,52.97243766293037,86.79841612712592
2025-03-09 20:17:54.612667,1041.0,610.0,352.0,2471.0,842.0,256.0,59.716273199831384,76.11785169701797,56.60948857359494,37.56603611153954,18.222677283955626,41.66482223293406,42.81456672093844,66.56051400679746,53.0209298261383,86.85136624055748
2025-03-09 20:17:54.612667,1023.0,592.0,357.0,2473.0,836.0,261.0,59.716273199831384,76.11785169701797,56.60948857359494,37.56603611153954,18.222677283955626,41.66482223293406,42.81456672093844,66.56051400679746,53.0209298261383,86.85136624055748
2025-03-09 20:17:54.621000,1037.0,603.0,358.0,2469.0,838.0,257.0,59.741340621518326,76.12280905427212,56.793978278240374,37.68816827352297,18.215707608607396,41.78142697029473,42.60405085025887,66.52985927700504,53.084393425606606,86.91077049062194
2025-03-09 20:17:54.621000,1034.0,602.0,355.0,2471.0,838.0,261.0,59.741340621518326,76.12280905427212,56.793978278240374,37.68816827352297,18.215707608607396,41.78142697029473,42.60405085025887,66.52985927700504,53.084393425606606,86.91077049062194
2025-03-09 20:17:54.621000,1040.0,597.0,356.0,2474.0,837.0,259.0,59.741340621518326,76.12280905427212,56.793978278240374,37.68816827352297,18.215707608607396,41.78142697029473,42.60405085025887,66.52985927700504,53.084393425606606,86.91077049062194
2025-03-09 20:17:54.621000,1011.0,591.0,359.0,2478.0,836.0,265.0,59.741340621518326,76.12280905427212,56.793978278240374,37.68816827352297,18.215707608607396,41.78142697029473,42.60405085025887,66.52985927700504,53.084393425606606,86.91077049062194
2025-03-09 20:17:54.621000,1005.0,590.0,354.0,2477.0,834.0,262.0,59.741340621518326,76.12280905427212,56.793978278240374,37.68816827352297,18.215707608607396,41.78142697029473,42.60405085025887,66.52985927700504,53.084393425606606,86.91077049062194
2025-03-09 20:17:54.629333,1008.0,592.0,357.0,2474.0,837.0,265.0,59.76712653363869,76.12896481546227,56.982647392581654,37.81721864054105,18.20639977730058,41.903232501227905,42.38844874247262,66.50103751430483,53.15508850774533,86.97520865799
2025-03-09 20:17:54.629333,1004.0,592.0,364.0,2480.0,837.0,265.0,59.76712653363869,76.12896481546227,56.982647392581654,37.81721864054105,18.20639977730058,41.903232501227905,42.38844874247262,66.50103751430483,53.15508850774533,86.97520865799
2025-03-09 20:17:54.629333,999.0,594.0,363.0,2489.0,835.0,263.0,59.76712653363869,76.12896481546227,56.982647392581654,37.81721864054105,18.20639977730058,41.903232501227905,42.38844874247262,66.50103751430483,53.15508850774533,86.97520865799
2025-03-09 20:17:54.637667,999.0,591.0,343.0,2477.0,835.0,266.0,59.79290355914739,76.13516417900706,57.176217042433606,37.93998628545759,18.20046476603734,42.02094497904164,42.170960270749895,66.47022546857782,53.22034208816545,87.0451185644632
2025-03-09 20:17:54.637667,999.0,592.0,359.0,2483.0,837.0,263.0,59.79290355914739,76.13516417900706,57.176217042433606,37.93998628545759,18.20046476603734,42.02094497904164,42.170960270749895,66.47022546857782,53.22034208816545,87.0451185644632
2025-03-09 20:17:54.637667,994.0,590.0,347.0,2477.0,837.0,265.0,59.79290355914739,76.13516417900706,57.176217042433606,37.93998628545759,18.20046476603734,42.02094497904164,42.170960270749895,66.47022546857782,53.22034208816545,87.0451185644632
2025-03-09 20:17:54.646000,977.0,587.0,345.0,2483.0,834.0,266.0,59.82050279486141,76.14083780551036,57.37415112406739,38.057813818767514,18.1981499506852,42.13568292559619,41.95321135559071,66.43815395965991,53.279597483591225,87.12158264656394
2025-03-09 20:17:54.646000,976.0,575.0,355.0,2483.0,838.0,266.0,59.82050279486141,76.14083780551036,57.37415112406739,38.057813818767514,18.1981499506852,42.13568292559619,41.95321135559071,66.43815395965991,53.279597483591225,87.12158264656394
2025-03-09 20:17:54.646000,974.0,579.0,367.0,2485.0,836.0,269.0,59.82050279486141,76.14083780551036,57.37415112406739,38.057813818767514,18.1981499506852,42.13568292559619,41.95321135559071,66.43815395965991,53.279597483591225,87.12158264656394
2025-03-09 20:17:54.646000,974.0,577.0,366.0,2487.0,838.0,269.0,59.82050279486141,76.14083780551036,57.37415112406739,38.057813818767514,18.1981499506852,42.13568292559619,41.95321135559071,66.43815395965991,53.279597483591225,87.12158264656394
2025-03-09 20:17:54.646000,973.0,579.0,354.0,2490.0,835.0,269.0,59.82050279486141,76.14083780551036,57.37415112406739,38.057813818767514,18.1981499506852,42.13568292559619,41.95321135559071,66.43815395965991,53.279597483591225,87.12158264656394
2025-03-09 20:17:54.654333,971.0,581.0,349.0,2483.0,838.0,267.0,59.85314896301845,76.14468172438838,57.57393889283238,38.174557319687075,18.1990824773759,42.25058190489025,41.737931855193665,66.40553302267178,53.332449657433905,87.20494030722801
2025-03-09 20:17:54.654333,965.0,580.0,377.0,2485.0,836.0,270.0,59.85314896301845,76.14468172438838,57.57393889283238,38.174557319687075,18.1990824773759,42.25058190489025,41.737931855193665,66.40553302267178,53.332449657433905,87.20494030722801
2025-03-09 20:17:54.654333,962.0,577.0,361.0,2486.0,834.0,271.0,59.85314896301845,76.14468172438838,57.57393889283238,38.174557319687075,18.1990824773759,42.25058190489025,41.737931855193665,66.40553302267178,53.332449657433905,87.20494030722801
2025-03-09 20:17:54.662667,942.0,574.0,361.0,2487.0,836.0,271.0,59.89212512306918,76.14355937738766,57.77137282129012,38.29076990384346,18.203698240320037,42.36630032075524,41.527954034742,66.37005813702187,53.374601303694,87.29442103240402
2025-03-09 20:17:54.662667,944.0,566.0,354.0,2496.0,835.0,270.0,59.89212512306918,76.14355937738766,57.77137282129012,38.29076990384346,18.203698240320037,42.36630032075524,41.527954034742,66.37005813702187,53.374601303694,87.29442103240402
2025-03-09 20:17:54.662667,942.0,576.0,357.0,2501.0,837.0,272.0,59.89212512306918,76.14355937738766,57.77137282129012,38.29076990384346,18.203698240320037,42.36630032075524,41.527954034742,66.37005813702187,53.374601303694,87.29442103240402
2025-03-09 20:17:54.671000,943.0,563.0,363.0,2501.0,835.0,271.0,59.937347931670296,76.13434941991949,57.96164406572527,38.408499392566036,18.211363451715062,42.48450557888085,41.324715150571556,66.32887679193303,53.403723066496184,87.39067805295211
2025-03-09 20:17:54.671000,933.0,578.0,359.0,2496.0,835.0,272.0,59.937347931670296,76.13434941991949,57.96164406572527,38.408499392566036,18.211363451715062,42.48450557888085,41.324715150571556,66.32887679193303,53.403723066496184,87.39067805295211
2025-03-09 20:17:54.671000,935.0,570.0,356.0,2499.0,835.0,272.0,59.937347931670296,76.13434941991949,57.96164406572527,38.408499392566036,18.211363451715062,42.48450557888085,41.324715150571556,66.32887679193303,53.403723066496184,87.39067805295211
2025-03-09 20:17:54.671000,934.0,570.0,354.0,2499.0,833.0,272.0,59.937347931670296,76.13434941991949,57.96164406572527,38.408499392566036,18.211363451715062,42.48450557888085,41.324715150571556,66.32887679193303,53.403723066496184,87.39067805295211
2025-03-09 20:17:54.671000,930.0,570.0,362.0,2496.0,833.0,272.0,59.937347931670296,76.13434941991949,57.96164406572527,38.408499392566036,18.211363451715062,42.48450557888085,41.324715150571556,66.32887679193303,53.403723066496184,87.39067805295211
2025-03-09 20:17:54.679333,912.0,558.0,351.0,2505.0,832.0,273.0,59.989838942454185,76.115192247445,58.141773577992325,38.53029865431799,18.22208641497078,42.60766281426932,41.12915074659107,66.27986021209287,53.41810939701847,87.49669607222498
2025-03-09 20:17:54.679333,899.0,561.0,320.0,2502.0,837.0,274.0,59.989838942454185,76.115192247445,58.141773577992325,38.53029865431799,18.22208641497078,42.60766281426932,41.12915074659107,66.27986021209287,53.41810939701847,87.49669607222498
2025-03-09 20:17:54.679333,914.0,558.0,357.0,2507.0,837.0,274.0,59.989838942454185,76.115192247445,58.141773577992325,38.53029865431799,18.22208641497078,42.60766281426932,41.12915074659107,66.27986021209287,53.41810939701847,87.49669607222498
2025-03-09 20:17:54.679333,911.0,581.0,352.0,2507.0,837.0,276.0,59.989838942454185,76.115192247445,58.141773577992325,38.53029865431799,18.22208641497078,42.60766281426932,41.12915074659107,66.27986021209287,53.41810939701847,87.49669607222498
2025-03-09 20:17:54.687667,909.0,565.0,366.0,2512.0,841.0,274.0,60.051113565728485,76.08551593981028,58.31393590313232,38.66001437575871,18.23541154089698,42.73912503788245,40.93867228644316,66.22270104499933,53.419009436614296,87.61498438334854
2025-03-09 20:17:54.687667,906.0,557.0,372.0,2505.0,842.0,275.0,60.051113565728485,76.08551593981028,58.31393590313232,38.66001437575871,18.23541154089698,42.73912503788245,40.93867228644316,66.22270104499933,53.419009436614296,87.61498438334854
2025-03-09 20:17:54.687667,906.0,549.0,342.0,2508.0,841.0,281.0,60.051113565728485,76.08551593981028,58.31393590313232,38.66001437575871,18.23541154089698,42.73912503788245,40.93867228644316,66.22270104499933,53.419009436614296,87.61498438334854
2025-03-09 20:17:54.696000,896.0,560.0,349.0,2511.0,845.0,277.0,60.11959297545395,76.0436088654266,58.4811130352624,38.799832208441835,18.248944523522837,42.879647390975336,40.748787815368864,66.15760424746014,53.4092338792281,87.74449313762925
2025-03-09 20:17:54.696000,879.0,551.0,365.0,2512.0,847.0,285.0,60.11959297545395,76.0436088654266,58.4811130352624,38.799832208441835,18.248944523522837,42.879647390975336,40.748787815368864,66.15760424746014,53.4092338792281,87.74449313762925
2025-03-09 20:17:54.696000,881.0,547.0,365.0,2512.0,848.0,284.0,60.11959297545395,76.0436088654266,58.4811130352624,38.799832208441835,18.248944523522837,42.879647390975336,40.748787815368864,66.15760424746014,53.4092338792281,87.74449313762925
2025-03-09 20:17:54.704333,886.0,554.0,326.0,2517.0,847.0,287.0,60.19243640389557,75.98823950684184,58.64643734019583,38.9463927281003,18.2597181934124,43.02453311330414,40.55642254549834,66.08637208273046,53.39061250314157,87.88497908407743
2025-03-09 20:17:54.704333,882.0,551.0,369.0,2517.0,849.0,288.0,60.19243640389557,75.98823950684184,58.64643734019583,38.9463927281003,18.2597181934124,43.02453311330414,40.55642254549834,66.08637208273046,53.39061250314157,87.88497908407743
2025-03-09 20:17:54.704333,886.0,545.0,359.0,2517.0,848.0,287.0,60.19243640389557,75.98823950684184,58.64643734019583,38.9463927281003,18.2597181934124,43.02453311330414,40.55642254549834,66.08637208273046,53.39061250314157,87.88497908407743
2025-03-09 20:17:54.704333,877.0,544.0,349.0,2516.0,848.0,285.0,60.19243640389557,75.98823950684184,58.64643734019583,38.9463927281003,18.2597181934124,43.02453311330414,40.55642254549834,66.08637208273046,53.39061250314157,87.88497908407743
2025-03-09 20:17:54.704333,880.0,547.0,357.0,2519.0,851.0,287.0,60.19243640389557,75.98823950684184,58.64643734019583,38.9463927281003,18.2597181934124,43.02453311330414,40.55642254549834,66.08637208273046,53.39061250314157,87.88497908407743
2025-03-09 20:17:54.712667,871.0,543.0,362.0,2519.0,850.0,289.0,60.269151363856494,75.92019084516548,58.81052973589655,39.094722759556284,18.26600274827134,43.16829088206333,40.36299310541907,66.01197720733168,53.363615828368914,88.03948937088302
2025-03-09 20:17:54.712667,862.0,544.0,358.0,2527.0,862.0,293.0,60.269151363856494,75.92019084516548,58.81052973589655,39.094722759556284,18.26600274827134,43.16829088206333,40.36299310541907,66.01197720733168,53.363615828368914,88.03948937088302
2025-03-09 20:17:54.712667,859.0,485.0,358.0,2523.0,863.0,294.0,60.269151363856494,75.92019084516548,58.81052973589655,39.094722759556284,18.26600274827134,43.16829088206333,40.36299310541907,66.01197720733168,53.363615828368914,88.03948937088302
2025-03-09 20:17:54.721000,863.0,524.0,355.0,2528.0,863.0,294.0,60.35117091535578,75.84134526065134,58.96971421687439,39.2418349993176,18.268632862684537,43.30879136539194,40.17343187004816,65.93507770080207,53.326489793264024,88.21133176370607
2025-03-09 20:17:54.721000,870.0,545.0,357.0,2523.0,862.0,293.0,60.35117091535578,75.84134526065134,58.96971421687439,39.2418349993176,18.268632862684537,43.30879136539194,40.17343187004816,65.93507770080207,53.326489793264024,88.21133176370607
2025-03-09 20:17:54.721000,857.0,545.0,351.0,2528.0,869.0,293.0,60.35117091535578,75.84134526065134,58.96971421687439,39.2418349993176,18.268632862684537,43.30879136539194,40.17343187004816,65.93507770080207,53.326489793264024,88.21133176370607
2025-03-09 20:17:54.721000,857.0,543.0,351.0,2527.0,865.0,298.0,60.35117091535578,75.84134526065134,58.96971421687439,39.2418349993176,18.268632862684537,43.30879136539194,40.17343187004816,65.93507770080207,53.326489793264024,88.21133176370607
2025-03-09 20:17:54.729333,853.0,562.0,368.0,2531.0,870.0,300.0,60.44147187979203,75.75488162990251,59.122508424697486,39.38723834804526,18.269937996632695,43.44681279764257,39.99227319470596,65.8568904079345,53.27862036522319,88.40389021139907
2025-03-09 20:17:54.729333,855.0,541.0,354.0,2529.0,869.0,298.0,60.44147187979203,75.75488162990251,59.122508424697486,39.38723834804526,18.269937996632695,43.44681279764257,39.99227319470596,65.8568904079345,53.27862036522319,88.40389021139907
2025-03-09 20:17:54.729333,836.0,544.0,365.0,2539.0,885.0,304.0,60.44147187979203,75.75488162990251,59.122508424697486,39.38723834804526,18.269937996632695,43.44681279764257,39.99227319470596,65.8568904079345,53.27862036522319,88.40389021139907
2025-03-09 20:17:54.729333,832.0,531.0,358.0,2535.0,890.0,304.0,60.44147187979203,75.75488162990251,59.122508424697486,39.38723834804526,18.269937996632695,43.44681279764257,39.99227319470596,65.8568904079345,53.27862036522319,88.40389021139907
2025-03-09 20:17:54.737667,834.0,540.0,347.0,2533.0,887.0,305.0,60.54294138155573,75.6636538146839,59.270921716472365,39.53200207904977,18.270113089704665,43.58319105011092,39.82179970456068,65.78163430254637,53.22308729676831,88.6207950001936
2025-03-09 20:17:54.737667,832.0,531.0,359.0,2539.0,891.0,306.0,60.54294138155573,75.6636538146839,59.270921716472365,39.53200207904977,18.270113089704665,43.58319105011092,39.82179970456068,65.78163430254637,53.22308729676831,88.6207950001936
2025-03-09 20:17:54.737667,822.0,541.0,357.0,2538.0,894.0,305.0,60.54294138155573,75.6636538146839,59.270921716472365,39.53200207904977,18.270113089704665,43.58319105011092,39.82179970456068,65.78163430254637,53.22308729676831,88.6207950001936
2025-03-09 20:17:54.737667,823.0,528.0,361.0,2535.0,893.0,308.0,60.54294138155573,75.6636538146839,59.270921716472365,39.53200207904977,18.270113089704665,43.58319105011092,39.82179970456068,65.78163430254637,53.22308729676831,88.6207950001936
2025-03-09 20:17:54.746000,821.0,539.0,343.0,2542.0,894.0,306.0,60.65713292600944,75.57054387178262,59.41411822764599,39.674244569119836,18.26792001980995,43.7153867136821,39.66643383697362,65.71453131566206,53.16288110886508,88.86587214002732
2025-03-09 20:17:54.746000,817.0,542.0,357.0,2542.0,898.0,307.0,60.65713292600944,75.57054387178262,59.41411822764599,39.674244569119836,18.26792001980995,43.7153867136821,39.66643383697362,65.71453131566206,53.16288110886508,88.86587214002732
2025-03-09 20:17:54.746000,791.0,525.0,336.0,2539.0,922.0,320.0,60.65713292600944,75.57054387178262,59.41411822764599,39.674244569119836,18.26792001980995,43.7153867136821,39.66643383697362,65.71453131566206,53.16288110886508,88.86587214002732
2025-03-09 20:17:54.754333,786.0,544.0,354.0,2546.0,914.0,320.0,60.78905872663288,75.48065857165444,59.551514034290086,39.81536093807847,18.26355493342326,43.84490335911102,39.53077895899656,65.66046004102634,53.10119312149054,89.14345346340463
2025-03-09 20:17:54.754333,788.0,511.0,354.0,2548.0,912.0,322.0,60.78905872663288,75.48065857165444,59.551514034290086,39.81536093807847,18.26355493342326,43.84490335911102,39.53077895899656,65.66046004102634,53.10119312149054,89.14345346340463
2025-03-09 20:17:54.754333,784.0,525.0,343.0,2543.0,917.0,320.0,60.78905872663288,75.48065857165444,59.551514034290086,39.81536093807847,18.26355493342326,43.84490335911102,39.53077895899656,65.66046004102634,53.10119312149054,89.14345346340463
2025-03-09 20:17:54.754333,790.0,511.0,361.0,2547.0,919.0,322.0,60.78905872663288,75.48065857165444,59.551514034290086,39.81536093807847,18.26355493342326,43.84490335911102,39.53077895899656,65.66046004102634,53.10119312149054,89.14345346340463
2025-03-09 20:17:54.762667,779.0,528.0,357.0,2545.0,921.0,327.0,60.94959882552148,75.40111858946015,59.688502709045565,39.96187375709057,18.259189787921674,43.979049578509205,39.4166970171417,65.62489115400088,53.042004469968546,89.46202283949245
2025-03-09 20:17:54.762667,789.0,511.0,354.0,2547.0,922.0,325.0,60.94959882552148,75.40111858946015,59.688502709045565,39.96187375709057,18.259189787921674,43.979049578509205,39.4166970171417,65.62489115400088,53.042004469968546,89.46202283949245
2025-03-09 20:17:54.762667,754.0,511.0,350.0,2547.0,923.0,325.0,60.94959882552148,75.40111858946015,59.688502709045565,39.96187375709057,18.259189787921674,43.979049578509205,39.4166970171417,65.62489115400088,53.042004469968546,89.46202283949245
2025-03-09 20:17:54.762667,751.0,503.0,353.0,2555.0,943.0,336.0,60.94959882552148,75.40111858946015,59.688502709045565,39.96187375709057,18.259189787921674,43.979049578509205,39.4166970171417,65.62489115400088,53.042004469968546,89.46202283949245
2025-03-09 20:17:54.771000,751.0,511.0,336.0,2553.0,944.0,337.0,61.1510165022843,75.33917343111739,59.83107952937573,40.11388091046129,18.2564529926151,44.11896829311403,39.3282351888278,65.61495454676619,52.986234599191896,89.83765490541869
2025-03-09 20:17:54.771000,749.0,530.0,356.0,2549.0,945.0,336.0,61.1510165022843,75.33917343111739,59.83107952937573,40.11388091046129,18.2564529926151,44.11896829311403,39.3282351888278,65.61495454676619,52.986234599191896,89.83765490541869
2025-03-09 20:17:54.771000,745.0,511.0,375.0,2549.0,946.0,336.0,61.1510165022843,75.33917343111739,59.83107952937573,40.11388091046129,18.2564529926151,44.11896829311403,39.3282351888278,65.61495454676619,52.986234599191896,89.83765490541869
2025-03-09 20:17:54.779333,739.0,499.0,359.0,2557.0,949.0,338.0,61.39464447040578,75.29828782474327,59.98139987964292,40.26278671230436,18.25611757843764,44.25731837867876,39.26815833681007,65.63323046304906,52.93204944220989,90.27830690364743
2025-03-09 20:17:54.779333,735.0,506.0,341.0,2556.0,949.0,339.0,61.39464447040578,75.29828782474327,59.98139987964292,40.26278671230436,18.25611757843764,44.25731837867876,39.26815833681007,65.63323046304906,52.93204944220989,90.27830690364743
2025-03-09 20:17:54.779333,741.0,523.0,347.0,2555.0,953.0,341.0,61.39464447040578,75.29828782474327,59.98139987964292,40.26278671230436,18.25611757843764,44.25731837867876,39.26815833681007,65.63323046304906,52.93204944220989,90.27830690364743
2025-03-09 20:17:54.779333,734.0,501.0,345.0,2555.0,955.0,341.0,61.39464447040578,75.29828782474327,59.98139987964292,40.26278671230436,18.25611757843764,44.25731837867876,39.26815833681007,65.63323046304906,52.93204944220989,90.27830690364743
2025-03-09 20:17:54.787667,709.0,524.0,353.0,2559.0,973.0,354.0,61.66502526619365,75.27235791258845,60.13643963747129,40.40326193555493,18.25708559236066,44.388678952739085,39.230003052864454,65.67126049699802,52.878332761962746,90.76845366839848
2025-03-09 20:17:54.787667,705.0,511.0,356.0,2559.0,976.0,354.0,61.66502526619365,75.27235791258845,60.13643963747129,40.40326193555493,18.25708559236066,44.388678952739085,39.230003052864454,65.67126049699802,52.878332761962746,90.76845366839848
2025-03-09 20:17:54.787667,717.0,507.0,363.0,2559.0,978.0,355.0,61.66502526619365,75.27235791258845,60.13643963747129,40.40326193555493,18.25708559236066,44.388678952739085,39.230003052864454,65.67126049699802,52.878332761962746,90.76845366839848
2025-03-09 20:17:54.787667,710.0,511.0,364.0,2559.0,977.0,356.0,61.66502526619365,75.27235791258845,60.13643963747129,40.40326193555493,18.25708559236066,44.388678952739085,39.230003052864454,65.67126049699802,52.878332761962746,90.76845366839848
2025-03-09 20:17:54.796000,706.0,511.0,363.0,2555.0,979.0,355.0,61.94531413303411,75.25175779066764,60.291238820183224,40.5396834770743,18.25632736263235,44.51551930880224,39.203598745243625,65.71842442520436,52.827245018033345,91.28512231447392
2025-03-09 20:17:54.796000,707.0,501.0,357.0,2559.0,981.0,358.0,61.94531413303411,75.25175779066764,60.291238820183224,40.5396834770743,18.25632736263235,44.51551930880224,39.203598745243625,65.71842442520436,52.827245018033345,91.28512231447392
2025-03-09 20:17:54.796000,698.0,494.0,361.0,2559.0,979.0,359.0,61.94531413303411,75.25175779066764,60.291238820183224,40.5396834770743,18.25632736263235,44.51551930880224,39.203598745243625,65.71842442520436,52.827245018033345,91.28512231447392
2025-03-09 20:17:54.804333,703.0,533.0,353.0,2559.0,983.0,362.0,62.22603715516521,75.23012142038826,60.444256670119934,40.676296263271766,18.2507458548145,44.64019322535708,39.18093767033558,65.76901200924979,52.781313967968295,91.81247944694645
2025-03-09 20:17:54.804333,687.0,507.0,346.0,2559.0,1003.0,373.0,62.22603715516521,75.23012142038826,60.444256670119934,40.676296263271766,18.2507458548145,44.64019322535708,39.18093767033558,65.76901200924979,52.781313967968295,91.81247944694645
2025-03-09 20:17:54.804333,683.0,502.0,356.0,2559.0,1005.0,373.0,62.22603715516521,75.23012142038826,60.444256670119934,40.676296263271766,18.2507458548145,44.64019322535708,39.18093767033558,65.76901200924979,52.781313967968295,91.81247944694645
2025-03-09 20:17:54.804333,685.0,500.0,361.0,2559.0,1008.0,376.0,62.22603715516521,75.23012142038826,60.444256670119934,40.676296263271766,18.2507458548145,44.64019322535708,39.18093767033558,65.76901200924979,52.781313967968295,91.81247944694645
2025-03-09 20:17:54.812667,702.0,497.0,354.0,2559.0,1008.0,378.0,62.49980757353463,75.20228735634154,60.596206839613544,40.811106737995985,18.239508495295937,44.760352066607965,39.156309605635016,65.81800153892269,52.73889089348691,92.33885033746182
2025-03-09 20:17:54.812667,688.0,496.0,357.0,2559.0,1010.0,378.0,62.49980757353463,75.20228735634154,60.596206839613544,40.811106737995985,18.239508495295937,44.760352066607965,39.156309605635016,65.81800153892269,52.73889089348691,92.33885033746182
2025-03-09 20:17:54.812667,686.0,507.0,345.0,2559.0,1011.0,375.0,62.49980757353463,75.20228735634154,60.596206839613544,40.811106737995985,18.239508495295937,44.760352066607965,39.156309605635016,65.81800153892269,52.73889089348691,92.33885033746182
2025-03-09 20:17:54.812667,688.0,501.0,362.0,2559.0,1014.0,382.0,62.49980757353463,75.20228735634154,60.596206839613544,40.811106737995985,18.239508495295937,44.760352066607965,39.156309605635016,65.81800153892269,52.73889089348691,92.33885033746182
2025-03-09 20:17:54.821000,687.0,497.0,365.0,2559.0,1013.0,379.0,62.76085881260471,75.16432935039911,60.747231664230426,40.94088189228917,18.225200151099447,44.87401236297099,39.1274102781553,65.85988511205282,52.695481901407085,92.85519335487598
2025-03-09 20:17:54.821000,653.0,499.0,353.0,2559.0,1046.0,390.0,62.76085881260471,75.16432935039911,60.747231664230426,40.94088189228917,18.225200151099447,44.87401236297099,39.1274102781553,65.85988511205282,52.695481901407085,92.85519335487598
2025-03-09 20:17:54.821000,654.0,503.0,349.0,2559.0,1043.0,393.0,62.76085881260471,75.16432935039911,60.747231664230426,40.94088189228917,18.225200151099447,44.87401236297099,39.1274102781553,65.85988511205282,52.695481901407085,92.85519335487598
2025-03-09 20:17:54.829333,637.0,500.0,355.0,2559.0,1042.0,396.0,63.00629009916046,75.11450077554657,60.897332379322975,41.063449968898915,18.212248777513107,44.981097154434785,39.094144437855334,65.88989548037276,52.64614103709475,93.35399999428927
2025-03-09 20:17:54.829333,648.0,526.0,362.0,2583.0,1053.0,393.0,63.00629009916046,75.11450077554657,60.897332379322975,41.063449968898915,18.212248777513107,44.981097154434785,39.094144437855334,65.88989548037276,52.64614103709475,93.35399999428927
2025-03-09 20:17:54.829333,657.0,496.0,346.0,2559.0,1051.0,396.0,63.00629009916046,75.11450077554657,60.897332379322975,41.063449968898915,18.212248777513107,44.981097154434785,39.094144437855334,65.88989548037276,52.64614103709475,93.35399999428927
2025-03-09 20:17:54.829333,592.0,502.0,354.0,2559.0,1052.0,399.0,63.00629009916046,75.11450077554657,60.897332379322975,41.063449968898915,18.212248777513107,44.981097154434785,39.094144437855334,65.88989548037276,52.64614103709475,93.35399999428927
2025-03-09 20:17:54.837667,656.0,503.0,352.0,2559.0,1055.0,400.0,63.23338500590462,75.05136850228094,61.046055374593955,41.18214620860825,18.1995940133217,45.08424817952105,39.0528500629875,65.90606829412712,52.59272908817621,93.82799480815599
2025-03-09 20:17:54.837667,624.0,527.0,349.0,2585.0,1074.0,403.0,63.23338500590462,75.05136850228094,61.046055374593955,41.18214620860825,18.1995940133217,45.08424817952105,39.0528500629875,65.90606829412712,52.59272908817621,93.82799480815599
2025-03-09 20:17:54.837667,624.0,496.0,354.0,2582.0,1074.0,406.0,63.23338500590462,75.05136850228094,61.046055374593955,41.18214620860825,18.1995940133217,45.08424817952105,39.0528500629875,65.90606829412712,52.59272908817621,93.82799480815599
2025-03-09 20:17:54.846000,623.0,494.0,359.0,2583.0,1078.0,406.0,63.43869197839718,74.97383919565993,61.19075210131886,41.30106334696684,18.18271922952163,45.18550390335062,38.99860620194733,65.9074657552896,52.53961745359784,94.2712472868762
2025-03-09 20:17:54.846000,622.0,496.0,345.0,2583.0,1079.0,407.0,63.43869197839718,74.97383919565993,61.19075210131886,41.30106334696684,18.18271922952163,45.18550390335062,38.99860620194733,65.9074657552896,52.53961745359784,94.2712472868762
2025-03-09 20:17:54.846000,611.0,495.0,353.0,2583.0,1082.0,409.0,63.43869197839718,74.97383919565993,61.19075210131886,41.30106334696684,18.18271922952163,45.18550390335062,38.99860620194733,65.9074657552896,52.53961745359784,94.2712472868762
2025-03-09 20:17:54.846000,619.0,500.0,347.0,2586.0,1078.0,413.0,63.43869197839718,74.97383919565993,61.19075210131886,41.30106334696684,18.18271922952163,45.18550390335062,38.99860620194733,65.9074657552896,52.53961745359784,94.2712472868762
2025-03-09 20:17:54.854333,614.0,489.0,351.0,2559.0,1083.0,409.0,63.61908325089995,74.88144062481179,61.32818938859272,41.415721321504755,18.162446613089166,45.28158348932897,38.930844718905504,65.89004220002893,52.48245248236652,94.67917815819229
2025-03-09 20:17:54.854333,613.0,496.0,352.0,2613.0,1088.0,414.0,63.61908325089995,74.88144062481179,61.32818938859272,41.415721321504755,18.162446613089166,45.28158348932897,38.930844718905504,65.89004220002893,52.48245248236652,94.67917815819229
2025-03-09 20:17:54.854333,607.0,505.0,351.0,2593.0,1104.0,421.0,63.61908325089995,74.88144062481179,61.32818938859272,41.415721321504755,18.162446613089166,45.28158348932897,38.930844718905504,65.89004220002893,52.48245248236652,94.67917815819229
2025-03-09 20:17:54.862667,592.0,496.0,349.0,2590.0,1104.0,417.0,63.7724851554621,74.77376269837282,61.45688339870841,41.524769979679874,18.14022751659042,45.3718507384186,38.84999427759253,65.85219520106243,52.41934560231098,95.04912491625127
2025-03-09 20:17:54.862667,591.0,496.0,346.0,2592.0,1107.0,420.0,63.7724851554621,74.77376269837282,61.45688339870841,41.524769979679874,18.14022751659042,45.3718507384186,38.84999427759253,65.85219520106243,52.41934560231098,95.04912491625127
2025-03-09 20:17:54.862667,592.0,511.0,349.0,2593.0,1106.0,420.0,63.7724851554621,74.77376269837282,61.45688339870841,41.524769979679874,18.14022751659042,45.3718507384186,38.84999427759253,65.85219520106243,52.41934560231098,95.04912491625127
2025-03-09 20:17:54.862667,597.0,497.0,332.0,2590.0,1107.0,421.0,63.7724851554621,74.77376269837282,61.45688339870841,41.524769979679874,18.14022751659042,45.3718507384186,38.84999427759253,65.85219520106243,52.41934560231098,95.04912491625127
2025-03-09 20:17:54.871000,588.0,496.0,349.0,2585.0,1110.0,426.0,63.89796125077998,74.65056520875987,61.575702427446465,41.63148550950958,18.116096224673086,45.45889653369513,38.75690296368129,65.79555876344806,52.35267493893886,95.3807470731677
2025-03-09 20:17:54.871000,587.0,493.0,346.0,2593.0,1110.0,422.0,63.89796125077998,74.65056520875987,61.575702427446465,41.63148550950958,18.116096224673086,45.45889653369513,38.75690296368129,65.79555876344806,52.35267493893886,95.3807470731677
2025-03-09 20:17:54.871000,575.0,496.0,357.0,2592.0,1133.0,433.0,63.89796125077998,74.65056520875987,61.575702427446465,41.63148550950958,18.116096224673086,45.45889653369513,38.75690296368129,65.79555876344806,52.35267493893886,95.3807470731677
2025-03-09 20:17:54.879333,579.0,490.0,357.0,2589.0,1133.0,434.0,63.993945934013354,74.5114509314058,61.68092899874397,41.735002348661546,18.09060794146799,45.541862787498374,38.65475873454063,65.7208030764546,52.28145689582947,95.67392718677308
2025-03-09 20:17:54.879333,550.0,495.0,349.0,2590.0,1135.0,434.0,63.993945934013354,74.5114509314058,61.68092899874397,41.735002348661546,18.09060794146799,45.541862787498374,38.65475873454063,65.7208030764546,52.28145689582947,95.67392718677308
2025-03-09 20:17:54.879333,573.0,502.0,348.0,2583.0,1135.0,432.0,63.993945934013354,74.5114509314058,61.68092899874397,41.735002348661546,18.09060794146799,45.541862787498374,38.65475873454063,65.7208030764546,52.28145689582947,95.67392718677308
2025-03-09 20:17:54.879333,573.0,487.0,351.0,2595.0,1135.0,432.0,63.993945934013354,74.5114509314058,61.68092899874397,41.735002348661546,18.09060794146799,45.541862787498374,38.65475873454063,65.7208030764546,52.28145689582947,95.67392718677308
2025-03-09 20:17:54.887667,582.0,499.0,343.0,2591.0,1135.0,433.0,64.05902571545914,74.35635114745247,61.768006708800954,41.83006102855207,18.06526828515518,45.61632500740259,38.54902117040296,65.62831294339155,52.2016965455418,95.92892585102797
2025-03-09 20:17:54.887667,562.0,511.0,360.0,2592.0,1137.0,435.0,64.05902571545914,74.35635114745247,61.768006708800954,41.83006102855207,18.06526828515518,45.61632500740259,38.54902117040296,65.62831294339155,52.2016965455418,95.92892585102797
2025-03-09 20:17:54.887667,574.0,489.0,336.0,2593.0,1137.0,436.0,64.05902571545914,74.35635114745247,61.768006708800954,41.83006102855207,18.06526828515518,45.61632500740259,38.54902117040296,65.62831294339155,52.2016965455418,95.92892585102797
2025-03-09 20:17:54.887667,555.0,487.0,345.0,2599.0,1152.0,448.0,64.05902571545914,74.35635114745247,61.768006708800954,41.83006102855207,18.06526828515518,45.61632500740259,38.54902117040296,65.62831294339155,52.2016965455418,95.92892585102797
2025-03-09 20:17:54.896000,554.0,491.0,346.0,2586.0,1152.0,449.0,64.09379653489256,74.18719523195162,61.83505007815067,41.9102597724433,18.04236106138854,45.67747524668797,38.444118093104365,65.51842129483452,52.109059017251916,96.14794395917335
2025-03-09 20:17:54.896000,555.0,494.0,340.0,2595.0,1152.0,449.0,64.09379653489256,74.18719523195162,61.83505007815067,41.9102597724433,18.04236106138854,45.67747524668797,38.444118093104365,65.51842129483452,52.109059017251916,96.14794395917335
2025-03-09 20:17:54.896000,551.0,491.0,336.0,2595.0,1155.0,450.0,64.09379653489256,74.18719523195162,61.83505007815067,41.9102597724433,18.04236106138854,45.67747524668797,38.444118093104365,65.51842129483452,52.109059017251916,96.14794395917335
2025-03-09 20:17:54.904333,549.0,496.0,339.0,2598.0,1153.0,452.0,64.09975878152896,74.00743600215175,61.88236343929073,41.97578825244624,18.020707454487955,45.725272937427256,38.339590001368286,65.39348899232732,52.00616254835155,96.3334078500887
2025-03-09 20:17:54.904333,554.0,494.0,345.0,2596.0,1155.0,450.0,64.09975878152896,74.00743600215175,61.88236343929073,41.97578825244624,18.020707454487955,45.725272937427256,38.339590001368286,65.39348899232732,52.00616254835155,96.3334078500887
2025-03-09 20:17:54.904333,552.0,493.0,338.0,2599.0,1159.0,451.0,64.09975878152896,74.00743600215175,61.88236343929073,41.97578825244624,18.020707454487955,45.725272937427256,38.339590001368286,65.39348899232732,52.00616254835155,96.3334078500887
2025-03-09 20:17:54.904333,541.0,489.0,352.0,2594.0,1171.0,462.0,64.09975878152896,74.00743600215175,61.88236343929073,41.97578825244624,18.020707454487955,45.725272937427256,38.339590001368286,65.39348899232732,52.00616254835155,96.3334078500887
2025-03-09 20:17:54.912667,537.0,491.0,346.0,2599.0,1174.0,464.0,64.07868572502967,73.82077205010637,61.910433746397814,42.0342492170724,17.995914048673175,45.76490921654534,38.23257139849328,65.25880544742499,51.902473527589734,96.48728095037508
2025-03-09 20:17:54.912667,534.0,491.0,350.0,2594.0,1174.0,464.0,64.07868572502967,73.82077205010637,61.910433746397814,42.0342492170724,17.995914048673175,45.76490921654534,38.23257139849328,65.25880544742499,51.902473527589734,96.48728095037508
2025-03-09 20:17:54.912667,534.0,483.0,352.0,2601.0,1174.0,464.0,64.07868572502967,73.82077205010637,61.910433746397814,42.0342492170724,17.995914048673175,45.76490921654534,38.23257139849328,65.25880544742499,51.902473527589734,96.48728095037508
2025-03-09 20:17:54.921000,535.0,492.0,340.0,2595.0,1174.0,465.0,64.03231925280154,73.62998049206725,61.919961404631756,42.092257834296426,17.96641730597194,45.80201062808862,38.12059008721365,65.11667020601293,51.80359707804376,96.6106386259413
2025-03-09 20:17:54.921000,532.0,490.0,355.0,2596.0,1178.0,466.0,64.03231925280154,73.62998049206725,61.919961404631756,42.092257834296426,17.96641730597194,45.80201062808862,38.12059008721365,65.11667020601293,51.80359707804376,96.6106386259413
2025-03-09 20:17:54.921000,542.0,496.0,358.0,2598.0,1178.0,464.0,64.03231925280154,73.62998049206725,61.919961404631756,42.092257834296426,17.96641730597194,45.80201062808862,38.12059008721365,65.11667020601293,51.80359707804376,96.6106386259413
2025-03-09 20:17:54.921000,531.0,487.0,346.0,2598.0,1180.0,465.0,64.03231925280154,73.62998049206725,61.919961404631756,42.092257834296426,17.96641730597194,45.80201062808862,38.12059008721365,65.11667020601293,51.80359707804376,96.6106386259413
2025-03-09 20:17:54.929333,524.0,487.0,352.0,2593.0,1187.0,476.0,63.96177881649299,73.43720286824696,61.912534489603175,42.151312124521446,17.934020303388838,45.83897006181695,38.00279602285723,64.96683212925855,51.70993434793054,96.70347099095298
2025-03-09 20:17:54.929333,528.0,485.0,349.0,2599.0,1190.0,477.0,63.96177881649299,73.43720286824696,61.912534489603175,42.151312124521446,17.934020303388838,45.83897006181695,38.00279602285723,64.96683212925855,51.70993434793054,96.70347099095298
2025-03-09 20:17:54.929333,525.0,490.0,341.0,2597.0,1190.0,474.0,63.96177881649299,73.43720286824696,61.912534489603175,42.151312124521446,17.934020303388838,45.83897006181695,38.00279602285723,64.96683212925855,51.70993434793054,96.70347099095298
2025-03-09 20:17:54.937667,528.0,495.0,343.0,2594.0,1190.0,477.0,63.86768344788526,73.24467866425238,61.891139558657436,42.21143304630159,17.900233152468367,45.876481697694445,37.878470460040184,64.81032084849635,51.62281923532142,96.76559772997948
2025-03-09 20:17:54.937667,511.0,489.0,351.0,2595.0,1193.0,476.0,63.86768344788526,73.24467866425238,61.891139558657436,42.21143304630159,17.900233152468367,45.876481697694445,37.878470460040184,64.81032084849635,51.62281923532142,96.76559772997948
2025-03-09 20:17:54.937667,511.0,496.0,345.0,2598.0,1194.0,477.0,63.86768344788526,73.24467866425238,61.891139558657436,42.21143304630159,17.900233152468367,45.876481697694445,37.878470460040184,64.81032084849635,51.62281923532142,96.76559772997948
2025-03-09 20:17:54.937667,511.0,490.0,343.0,2595.0,1194.0,479.0,63.86768344788526,73.24467866425238,61.891139558657436,42.21143304630159,17.900233152468367,45.876481697694445,37.878470460040184,64.81032084849635,51.62281923532142,96.76559772997948
2025-03-09 20:17:54.946000,511.0,485.0,345.0,2592.0,1193.0,478.0,63.750352072417016,73.05400167915157,61.85833604795087,42.270954182179764,17.866618421867646,45.913706494770786,37.74744133509742,64.64758399333044,51.542208367188756,96.79735610614576
2025-03-09 20:17:54.946000,509.0,486.0,340.0,2599.0,1199.0,482.0,63.750352072417016,73.05400167915157,61.85833604795087,42.270954182179764,17.866618421867646,45.913706494770786,37.74744133509742,64.64758399333044,51.542208367188756,96.79735610614576
2025-03-09 20:17:54.946000,507.0,486.0,338.0,2595.0,1189.0,481.0,63.750352072417016,73.05400167915157,61.85833604795087,42.270954182179764,17.866618421867646,45.913706494770786,37.74744133509742,64.64758399333044,51.542208367188756,96.79735610614576
2025-03-09 20:17:54.954333,511.0,493.0,339.0,2598.0,1197.0,484.0,63.610872300079976,72.86603867002418,61.81527499465929,42.32821730520275,17.834626661843306,45.94994042312697,37.610046925798144,64.47784035019545,51.46628025573147,96.80049772557938
2025-03-09 20:17:54.954333,509.0,484.0,336.0,2594.0,1195.0,482.0,63.610872300079976,72.86603867002418,61.81527499465929,42.32821730520275,17.834626661843306,45.94994042312697,37.610046925798144,64.47784035019545,51.46628025573147,96.80049772557938
2025-03-09 20:17:54.954333,500.0,506.0,339.0,2583.0,1197.0,481.0,63.610872300079976,72.86603867002418,61.81527499465929,42.32821730520275,17.834626661843306,45.94994042312697,37.610046925798144,64.47784035019545,51.46628025573147,96.80049772557938
2025-03-09 20:17:54.954333,502.0,486.0,336.0,2598.0,1195.0,482.0,63.610872300079976,72.86603867002418,61.81527499465929,42.32821730520275,17.834626661843306,45.94994042312697,37.610046925798144,64.47784035019545,51.46628025573147,96.80049772557938
2025-03-09 20:17:54.962667,502.0,481.0,337.0,2598.0,1195.0,479.0,63.451259036978314,72.68172571401026,61.76264361748573,42.38505920348073,17.802075689253734,45.98603819399596,37.46578631837883,64.30327982802837,51.39772390805886,96.7778542255683
2025-03-09 20:17:54.962667,496.0,481.0,332.0,2597.0,1195.0,483.0,63.451259036978314,72.68172571401026,61.76264361748573,42.38505920348073,17.802075689253734,45.98603819399596,37.46578631837883,64.30327982802837,51.39772390805886,96.7778542255683
2025-03-09 20:17:54.962667,497.0,492.0,335.0,2593.0,1198.0,482.0,63.451259036978314,72.68172571401026,61.76264361748573,42.38505920348073,17.802075689253734,45.98603819399596,37.46578631837883,64.30327982802837,51.39772390805886,96.7778542255683
2025-03-09 20:17:54.962667,496.0,480.0,333.0,2596.0,1197.0,482.0,63.451259036978314,72.68172571401026,61.76264361748573,42.38505920348073,17.802075689253734,45.98603819399596,37.46578631837883,64.30327982802837,51.39772390805886,96.7778542255683
2025-03-09 20:17:54.971000,498.0,482.0,333.0,2599.0,1196.0,484.0,63.273607444031825,72.50227643414719,61.69939490039292,42.439996944793535,17.767484749958903,46.01985905886021,37.318100138591156,64.12747602702552,51.33766500747818,96.7320094374186
2025-03-09 20:17:54.971000,496.0,486.0,337.0,2597.0,1198.0,481.0,63.273607444031825,72.50227643414719,61.69939490039292,42.439996944793535,17.767484749958903,46.01985905886021,37.318100138591156,64.12747602702552,51.33766500747818,96.7320094374186
2025-03-09 20:17:54.971000,496.0,481.0,336.0,2597.0,1200.0,483.0,63.273607444031825,72.50227643414719,61.69939490039292,42.439996944793535,17.767484749958903,46.01985905886021,37.318100138591156,64.12747602702552,51.33766500747818,96.7320094374186
2025-03-09 20:17:54.979333,497.0,484.0,335.0,2592.0,1197.0,482.0,63.07961356178578,72.32864757647087,61.6228533542092,42.484267802696365,17.73399885489639,46.044480886352424,37.17537578915688,63.95143991398934,51.279732442827466,96.6651325552183
2025-03-09 20:17:54.979333,496.0,482.0,335.0,2593.0,1199.0,483.0,63.07961356178578,72.32864757647087,61.6228533542092,42.484267802696365,17.73399885489639,46.044480886352424,37.17537578915688,63.95143991398934,51.279732442827466,96.6651325552183
2025-03-09 20:17:54.979333,489.0,482.0,325.0,2596.0,1206.0,487.0,63.07961356178578,72.32864757647087,61.6228533542092,42.484267802696365,17.73399885489639,46.044480886352424,37.17537578915688,63.95143991398934,51.279732442827466,96.6651325552183
2025-03-09 20:17:54.979333,493.0,496.0,327.0,2599.0,1206.0,486.0,63.07961356178578,72.32864757647087,61.6228533542092,42.484267802696365,17.73399885489639,46.044480886352424,37.17537578915688,63.95143991398934,51.279732442827466,96.6651325552183
2025-03-09 20:17:54.987667,489.0,458.0,320.0,2595.0,1207.0,486.0,62.87149923079274,72.16159927434956,61.531342863660925,42.51346900487848,17.70408028222759,46.056910611926476,37.04286322610638,63.77513301172141,51.219371033712626,96.57915991681715
2025-03-09 20:17:54.987667,486.0,479.0,330.0,2597.0,1209.0,487.0,62.87149923079274,72.16159927434956,61.531342863660925,42.51346900487848,17.70408028222759,46.056910611926476,37.04286322610638,63.77513301172141,51.219371033712626,96.57915991681715
2025-03-09 20:17:54.987667,485.0,486.0,336.0,2593.0,1209.0,491.0,62.87149923079274,72.16159927434956,61.531342863660925,42.51346900487848,17.70408028222759,46.056910611926476,37.04286322610638,63.77513301172141,51.219371033712626,96.57915991681715
2025-03-09 20:17:54.996000,486.0,481.0,325.0,2596.0,1211.0,486.0,62.65176244822117,72.00179159126488,61.42597855004216,42.531096694704374,17.676476381207255,46.059966130771954,36.91961625553624,63.59971958188077,51.158943875371605,96.47601229100817
2025-03-09 20:17:54.996000,496.0,486.0,336.0,2597.0,1213.0,489.0,62.65176244822117,72.00179159126488,61.42597855004216,42.531096694704374,17.676476381207255,46.059966130771954,36.91961625553624,63.59971958188077,51.158943875371605,96.47601229100817
2025-03-09 20:17:54.996000,478.0,483.0,341.0,2595.0,1216.0,494.0,62.65176244822117,72.00179159126488,61.42597855004216,42.531096694704374,17.676476381207255,46.059966130771954,36.91961625553624,63.59971958188077,51.158943875371605,96.47601229100817
2025-03-09 20:17:54.996000,484.0,482.0,334.0,2595.0,1218.0,494.0,62.65176244822117,72.00179159126488,61.42597855004216,42.531096694704374,17.676476381207255,46.059966130771954,36.91961625553624,63.59971958188077,51.158943875371605,96.47601229100817
2025-03-09 20:17:55.004333,491.0,479.0,337.0,2594.0,1218.0,496.0,62.42274376418924,71.85039818196823,61.30879515828055,42.539711017746384,17.650352924819757,46.05574343687874,36.80471505065492,63.42673993485431,51.10098002522721,96.35738879518156
2025-03-09 20:17:55.004333,481.0,484.0,336.0,2594.0,1219.0,491.0,62.42274376418924,71.85039818196823,61.30879515828055,42.539711017746384,17.650352924819757,46.05574343687874,36.80471505065492,63.42673993485431,51.10098002522721,96.35738879518156
2025-03-09 20:17:55.004333,477.0,486.0,331.0,2593.0,1219.0,496.0,62.42274376418924,71.85039818196823,61.30879515828055,42.539711017746384,17.650352924819757,46.05574343687874,36.80471505065492,63.42673993485431,51.10098002522721,96.35738879518156
2025-03-09 20:17:55.012667,478.0,495.0,325.0,2596.0,1217.0,493.0,62.18585808160506,71.70789300614466,61.17992001418128,42.539855179256236,17.626427393388852,46.04503345564766,36.69950836240931,63.25660087895533,51.045310449305305,96.2246528341393
2025-03-09 20:17:55.012667,483.0,486.0,333.0,2598.0,1218.0,496.0,62.18585808160506,71.70789300614466,61.17992001418128,42.539855179256236,17.626427393388852,46.04503345564766,36.69950836240931,63.25660087895533,51.045310449305305,96.2246528341393
2025-03-09 20:17:55.012667,483.0,486.0,330.0,2597.0,1218.0,495.0,62.18585808160506,71.70789300614466,61.17992001418128,42.539855179256236,17.626427393388852,46.04503345564766,36.69950836240931,63.25660087895533,51.045310449305305,96.2246528341393
2025-03-09 20:17:55.012667,485.0,479.0,326.0,2593.0,1218.0,494.0,62.18585808160506,71.70789300614466,61.17992001418128,42.539855179256236,17.626427393388852,46.04503345564766,36.69950836240931,63.25660087895533,51.045310449305305,96.2246528341393
2025-03-09 20:17:55.021000,475.0,471.0,330.0,2595.0,1214.0,496.0,61.94251034074734,71.57429459200642,61.040281278707134,42.533172653999834,17.60488207391937,46.029364572044365,36.604293443253496,63.08981628401735,50.9926529985065,96.07926242156054
2025-03-09 20:17:55.021000,480.0,486.0,327.0,2596.0,1218.0,495.0,61.94251034074734,71.57429459200642,61.040281278707134,42.533172653999834,17.60488207391937,46.029364572044365,36.604293443253496,63.08981628401735,50.9926529985065,96.07926242156054
2025-03-09 20:17:55.021000,481.0,481.0,334.0,2599.0,1214.0,493.0,61.94251034074734,71.57429459200642,61.040281278707134,42.533172653999834,17.60488207391937,46.029364572044365,36.604293443253496,63.08981628401735,50.9926529985065,96.07926242156054
2025-03-09 20:17:55.021000,470.0,481.0,330.0,2592.0,1216.0,493.0,61.94251034074734,71.57429459200642,61.040281278707134,42.533172653999834,17.60488207391937,46.029364572044365,36.604293443253496,63.08981628401735,50.9926529985065,96.07926242156054
2025-03-09 20:17:55.029333,475.0,481.0,324.0,2593.0,1216.0,495.0,61.69524792616535,71.44956892319595,60.89153126605821,42.52028269834451,17.586094549713696,46.0096028600349,36.51894512647576,62.92607672426015,50.94219526841697,95.92326922695659
2025-03-09 20:17:55.029333,479.0,479.0,320.0,2592.0,1212.0,491.0,61.69524792616535,71.44956892319595,60.89153126605821,42.52028269834451,17.586094549713696,46.0096028600349,36.51894512647576,62.92607672426015,50.94219526841697,95.92326922695659
2025-03-09 20:17:55.029333,476.0,484.0,325.0,2601.0,1210.0,491.0,61.69524792616535,71.44956892319595,60.89153126605821,42.52028269834451,17.586094549713696,46.0096028600349,36.51894512647576,62.92607672426015,50.94219526841697,95.92326922695659
2025-03-09 20:17:55.037667,482.0,479.0,325.0,2593.0,1205.0,491.0,61.447575834094714,71.33432908942963,60.73400974458027,42.49931539610152,17.570237441225643,45.9843345314688,36.44527142925489,62.765701614026604,50.89173513249553,95.75856326101419
2025-03-09 20:17:55.037667,479.0,481.0,322.0,2594.0,1206.0,490.0,61.447575834094714,71.33432908942963,60.73400974458027,42.49931539610152,17.570237441225643,45.9843345314688,36.44527142925489,62.765701614026604,50.89173513249553,95.75856326101419
2025-03-09 20:17:55.037667,476.0,484.0,336.0,2599.0,1206.0,489.0,61.447575834094714,71.33432908942963,60.73400974458027,42.49931539610152,17.570237441225643,45.9843345314688,36.44527142925489,62.765701614026604,50.89173513249553,95.75856326101419
2025-03-09 20:17:55.037667,482.0,469.0,330.0,2594.0,1204.0,489.0,61.447575834094714,71.33432908942963,60.73400974458027,42.49931539610152,17.570237441225643,45.9843345314688,36.44527142925489,62.765701614026604,50.89173513249553,95.75856326101419
2025-03-09 20:17:55.046000,475.0,478.0,324.0,2593.0,1202.0,487.0,61.20265325426725,71.22947225658835,60.56850732019079,42.46769741714256,17.55791137106045,45.95144333738686,36.3858608880859,62.61007067776524,50.83954612713591,95.58579679074505
2025-03-09 20:17:55.046000,481.0,481.0,325.0,2594.0,1202.0,493.0,61.20265325426725,71.22947225658835,60.56850732019079,42.46769741714256,17.55791137106045,45.95144333738686,36.3858608880859,62.61007067776524,50.83954612713591,95.58579679074505
2025-03-09 20:17:55.046000,485.0,479.0,330.0,2589.0,1205.0,485.0,61.20265325426725,71.22947225658835,60.56850732019079,42.46769741714256,17.55791137106045,45.95144333738686,36.3858608880859,62.61007067776524,50.83954612713591,95.58579679074505
2025-03-09 20:17:55.046000,495.0,477.0,323.0,2595.0,1199.0,479.0,61.20265325426725,71.22947225658835,60.56850732019079,42.46769741714256,17.55791137106045,45.95144333738686,36.3858608880859,62.61007067776524,50.83954612713591,95.58579679074505
2025-03-09 20:17:55.054333,487.0,477.0,325.0,2592.0,1198.0,478.0,60.96271729918637,71.13554502396026,60.39649793696052,42.425489596774156,17.549011942569916,45.910659709078914,36.342311282834174,62.461725902248745,50.78668129856232,95.4048146660483
2025-03-09 20:17:55.054333,487.0,482.0,319.0,2593.0,1199.0,478.0,60.96271729918637,71.13554502396026,60.39649793696052,42.425489596774156,17.549011942569916,45.910659709078914,36.342311282834174,62.461725902248745,50.78668129856232,95.4048146660483
2025-03-09 20:17:55.054333,481.0,479.0,330.0,2588.0,1196.0,479.0,60.96271729918637,71.13554502396026,60.39649793696052,42.425489596774156,17.549011942569916,45.910659709078914,36.342311282834174,62.461725902248745,50.78668129856232,95.4048146660483
2025-03-09 20:17:55.054333,490.0,487.0,314.0,2593.0,1193.0,479.0,60.96271729918637,71.13554502396026,60.39649793696052,42.425489596774156,17.549011942569916,45.910659709078914,36.342311282834174,62.461725902248745,50.78668129856232,95.4048146660483
2025-03-09 20:17:55.062667,491.0,477.0,326.0,2593.0,1194.0,477.0,60.729272272616825,71.05336776114996,60.220243396632156,42.37630219578597,17.541599393453627,45.86429848458147,36.31331467133296,62.3237686619407,50.73783129928579,95.21502334629103
2025-03-09 20:17:55.062667,493.0,479.0,368.0,2591.0,1195.0,475.0,60.729272272616825,71.05336776114996,60.220243396632156,42.37630219578597,17.541599393453627,45.86429848458147,36.31331467133296,62.3237686619407,50.73783129928579,95.21502334629103
2025-03-09 20:17:55.062667,496.0,475.0,336.0,2592.0,1185.0,470.0,60.729272272616825,71.05336776114996,60.220243396632156,42.37630219578597,17.541599393453627,45.86429848458147,36.31331467133296,62.3237686619407,50.73783129928579,95.21502334629103
2025-03-09 20:17:55.071000,503.0,476.0,321.0,2591.0,1182.0,471.0,60.50218797111291,70.98328286737146,60.04217376377692,42.323018153295905,17.533851657136104,45.81418970705969,36.29590706360179,62.19766096419245,50.69705290815345,95.01478857835609
2025-03-09 20:17:55.071000,497.0,479.0,325.0,2590.0,1183.0,471.0,60.50218797111291,70.98328286737146,60.04217376377692,42.323018153295905,17.533851657136104,45.81418970705969,36.29590706360179,62.19766096419245,50.69705290815345,95.01478857835609
2025-03-09 20:17:55.071000,498.0,476.0,327.0,2590.0,1182.0,466.0,60.50218797111291,70.98328286737146,60.04217376377692,42.323018153295905,17.533851657136104,45.81418970705969,36.29590706360179,62.19766096419245,50.69705290815345,95.01478857835609
2025-03-09 20:17:55.071000,500.0,477.0,323.0,2592.0,1179.0,469.0,60.50218797111291,70.98328286737146,60.04217376377692,42.323018153295905,17.533851657136104,45.81418970705969,36.29590706360179,62.19766096419245,50.69705290815345,95.01478857835609
2025-03-09 20:17:55.079333,503.0,484.0,322.0,2590.0,1179.0,469.0,60.27979066053205,70.9248153596234,59.862915427461196,42.264925442758056,17.52590650387849,45.75963413995443,36.28912941780513,62.082896576574015,50.66461854741543,94.80243756067298
2025-03-09 20:17:55.079333,505.0,503.0,329.0,2593.0,1180.0,464.0,60.27979066053205,70.9248153596234,59.862915427461196,42.264925442758056,17.52590650387849,45.75963413995443,36.28912941780513,62.082896576574015,50.66461854741543,94.80243756067298
2025-03-09 20:17:55.079333,507.0,482.0,323.0,2593.0,1177.0,465.0,60.27979066053205,70.9248153596234,59.862915427461196,42.264925442758056,17.52590650387849,45.75963413995443,36.28912941780513,62.082896576574015,50.66461854741543,94.80243756067298
2025-03-09 20:17:55.087667,523.0,475.0,323.0,2590.0,1168.0,459.0,60.06034494660248,70.87704473362942,59.682446160616784,42.20072600267999,17.5172356514146,45.69910454302072,36.29229309178898,61.979104310595496,50.640525376098566,94.57765739595753
2025-03-09 20:17:55.087667,528.0,478.0,320.0,2583.0,1167.0,461.0,60.06034494660248,70.87704473362942,59.682446160616784,42.20072600267999,17.5172356514146,45.69910454302072,36.29229309178898,61.979104310595496,50.640525376098566,94.57765739595753
2025-03-09 20:17:55.087667,528.0,477.0,321.0,2592.0,1167.0,463.0,60.06034494660248,70.87704473362942,59.682446160616784,42.20072600267999,17.5172356514146,45.69910454302072,36.29229309178898,61.979104310595496,50.640525376098566,94.57765739595753
2025-03-09 20:17:55.096000,530.0,470.0,319.0,2587.0,1165.0,459.0,59.843290435448466,70.83958311773154,59.50096188849135,42.13037948802654,17.505708830275925,45.63166661873636,36.30407518612941,61.88714510324471,50.62643324793599,94.34112075388018
2025-03-09 20:17:55.096000,532.0,495.0,336.0,2587.0,1165.0,459.0,59.843290435448466,70.83958311773154,59.50096188849135,42.13037948802654,17.505708830275925,45.63166661873636,36.30407518612941,61.88714510324471,50.62643324793599,94.34112075388018
2025-03-09 20:17:55.096000,544.0,483.0,321.0,2583.0,1163.0,460.0,59.843290435448466,70.83958311773154,59.50096188849135,42.13037948802654,17.505708830275925,45.63166661873636,36.30407518612941,61.88714510324471,50.62643324793599,94.34112075388018
2025-03-09 20:17:55.096000,531.0,479.0,323.0,2583.0,1161.0,460.0,59.843290435448466,70.83958311773154,59.50096188849135,42.13037948802654,17.505708830275925,45.63166661873636,36.30407518612941,61.88714510324471,50.62643324793599,94.34112075388018
2025-03-09 20:17:55.104333,555.0,481.0,324.0,2559.0,1150.0,453.0,59.63322915885041,70.81444550874946,59.32564697590485,42.05646220886576,17.498999977673048,45.56252053342426,36.3261102985581,61.806833349296305,50.62013408233699,94.09469653194412
2025-03-09 20:17:55.104333,560.0,479.0,334.0,2583.0,1149.0,452.0,59.63322915885041,70.81444550874946,59.32564697590485,42.05646220886576,17.498999977673048,45.56252053342426,36.3261102985581,61.806833349296305,50.62013408233699,94.09469653194412
2025-03-09 20:17:55.104333,558.0,479.0,320.0,2583.0,1146.0,448.0,59.63322915885041,70.81444550874946,59.32564697590485,42.05646220886576,17.498999977673048,45.56252053342426,36.3261102985581,61.806833349296305,50.62013408233699,94.09469653194412
2025-03-09 20:17:55.104333,562.0,485.0,321.0,2559.0,1147.0,448.0,59.63322915885041,70.81444550874946,59.32564697590485,42.05646220886576,17.498999977673048,45.56252053342426,36.3261102985581,61.806833349296305,50.62013408233699,94.09469653194412
2025-03-09 20:17:55.112667,550.0,479.0,336.0,2582.0,1143.0,449.0,59.4369855118474,70.80425608608445,59.16673198038955,41.98272716840182,17.50849113433897,45.49916882568013,36.36166192377197,61.738393328993745,50.61817684067331,93.84111498794715
2025-03-09 20:17:55.112667,563.0,478.0,324.0,2559.0,1140.0,448.0,59.4369855118474,70.80425608608445,59.16673198038955,41.98272716840182,17.50849113433897,45.49916882568013,36.36166192377197,61.738393328993745,50.61817684067331,93.84111498794715
2025-03-09 20:17:55.112667,570.0,483.0,329.0,2559.0,1141.0,449.0,59.4369855118474,70.80425608608445,59.16673198038955,41.98272716840182,17.50849113433897,45.49916882568013,36.36166192377197,61.738393328993745,50.61817684067331,93.84111498794715
2025-03-09 20:17:55.112667,569.0,485.0,326.0,2559.0,1140.0,448.0,59.4369855118474,70.80425608608445,59.16673198038955,41.98272716840182,17.50849113433897,45.49916882568013,36.36166192377197,61.738393328993745,50.61817684067331,93.84111498794715
2025-03-09 20:17:55.121000,594.0,487.0,323.0,2559.0,1127.0,439.0,59.25390801366991,70.80693258413348,59.01816742889604,41.90729296008274,17.528965180580485,45.43787823756593,36.41211063556329,61.6825958439447,50.620209870467406,93.58306693802189
2025-03-09 20:17:55.121000,578.0,479.0,321.0,2559.0,1127.0,438.0,59.25390801366991,70.80693258413348,59.01816742889604,41.90729296008274,17.528965180580485,45.43787823756593,36.41211063556329,61.6825958439447,50.620209870467406,93.58306693802189
2025-03-09 20:17:55.121000,590.0,494.0,326.0,2559.0,1123.0,435.0,59.25390801366991,70.80693258413348,59.01816742889604,41.90729296008274,17.528965180580485,45.43787823756593,36.41211063556329,61.6825958439447,50.620209870467406,93.58306693802189
2025-03-09 20:17:55.129333,583.0,482.0,326.0,2559.0,1123.0,437.0,59.08063587218428,70.81906992981583,58.869395748328,41.82611495252066,17.55023957504236,45.3713050832416,36.476878357231,61.63927297974376,50.62643832268683,93.3229266978768
2025-03-09 20:17:55.129333,589.0,485.0,323.0,2559.0,1122.0,435.0,59.08063587218428,70.81906992981583,58.869395748328,41.82611495252066,17.55023957504236,45.3713050832416,36.476878357231,61.63927297974376,50.62643832268683,93.3229266978768
2025-03-09 20:17:55.129333,592.0,497.0,325.0,2559.0,1120.0,435.0,59.08063587218428,70.81906992981583,58.869395748328,41.82611495252066,17.55023957504236,45.3713050832416,36.476878357231,61.63927297974376,50.62643832268683,93.3229266978768
2025-03-09 20:17:55.129333,589.0,478.0,320.0,2559.0,1122.0,435.0,59.08063587218428,70.81906992981583,58.869395748328,41.82611495252066,17.55023957504236,45.3713050832416,36.476878357231,61.63927297974376,50.62643832268683,93.3229266978768
2025-03-09 20:17:55.137667,605.0,466.0,324.0,2559.0,1106.0,431.0,58.917232525087705,70.83958238537068,58.7194306498662,41.73905007374397,17.570988477792003,45.299000179225224,36.554655007507726,61.60718033468527,50.63582708132118,93.06200531402234
2025-03-09 20:17:55.137667,606.0,481.0,322.0,2559.0,1105.0,429.0,58.917232525087705,70.83958238537068,58.7194306498662,41.73905007374397,17.570988477792003,45.299000179225224,36.554655007507726,61.60718033468527,50.63582708132118,93.06200531402234
2025-03-09 20:17:55.137667,606.0,500.0,320.0,2559.0,1104.0,427.0,58.917232525087705,70.83958238537068,58.7194306498662,41.73905007374397,17.570988477792003,45.299000179225224,36.554655007507726,61.60718033468527,50.63582708132118,93.06200531402234
2025-03-09 20:17:55.146000,613.0,495.0,326.0,2559.0,1104.0,427.0,58.764287378753444,70.86735991101634,58.57013087034862,41.64760146877951,17.592370074504338,45.22270056298101,36.6443754042608,61.58537832766487,50.647508004670485,92.8007465641287
2025-03-09 20:17:55.146000,615.0,486.0,325.0,2559.0,1102.0,428.0,58.764287378753444,70.86735991101634,58.57013087034862,41.64760146877951,17.592370074504338,45.22270056298101,36.6443754042608,61.58537832766487,50.647508004670485,92.8007465641287
2025-03-09 20:17:55.146000,615.0,486.0,327.0,2586.0,1105.0,426.0,58.764287378753444,70.86735991101634,58.57013087034862,41.64760146877951,17.592370074504338,45.22270056298101,36.6443754042608,61.58537832766487,50.647508004670485,92.8007465641287
2025-03-09 20:17:55.146000,613.0,485.0,331.0,2559.0,1104.0,430.0,58.764287378753444,70.86735991101634,58.57013087034862,41.64760146877951,17.592370074504338,45.22270056298101,36.6443754042608,61.58537832766487,50.647508004670485,92.8007465641287
2025-03-09 20:17:55.154333,618.0,464.0,336.0,2559.0,1101.0,423.0,58.62129961121639,70.90074147843504,58.421012689715646,41.55325619320677,17.61339681834041,45.14323696715772,36.74526609248004,61.57350848411807,50.66174625332658,92.53910490743698
2025-03-09 20:17:55.154333,640.0,480.0,325.0,2559.0,1088.0,415.0,58.62129961121639,70.90074147843504,58.421012689715646,41.55325619320677,17.61339681834041,45.14323696715772,36.74526609248004,61.57350848411807,50.66174625332658,92.53910490743698
2025-03-09 20:17:55.154333,624.0,491.0,325.0,2559.0,1086.0,417.0,58.62129961121639,70.90074147843504,58.421012689715646,41.55325619320677,17.61339681834041,45.14323696715772,36.74526609248004,61.57350848411807,50.66174625332658,92.53910490743698
2025-03-09 20:17:55.162667,652.0,471.0,325.0,2559.0,1085.0,413.0,58.48818449294976,70.93940768449805,58.27225431822991,41.457263177050265,17.63291611549965,45.06130052463229,36.85606148664688,61.5717674442452,50.679654638268545,92.27755917579886
2025-03-09 20:17:55.162667,649.0,491.0,326.0,2559.0,1087.0,415.0,58.48818449294976,70.93940768449805,58.27225431822991,41.457263177050265,17.63291611549965,45.06130052463229,36.85606148664688,61.5717674442452,50.679654638268545,92.27755917579886
2025-03-09 20:17:55.162667,657.0,493.0,327.0,2559.0,1081.0,414.0,58.48818449294976,70.93940768449805,58.27225431822991,41.457263177050265,17.63291611549965,45.06130052463229,36.85606148664688,61.5717674442452,50.679654638268545,92.27755917579886
2025-03-09 20:17:55.162667,684.0,486.0,328.0,2559.0,1081.0,413.0,58.48818449294976,70.93940768449805,58.27225431822991,41.457263177050265,17.63291611549965,45.06130052463229,36.85606148664688,61.5717674442452,50.679654638268545,92.27755917579886
2025-03-09 20:17:55.171000,669.0,485.0,323.0,2559.0,1079.0,413.0,58.36586317165699,70.98390975736812,58.12478400811961,41.357578280792865,17.653909014856126,44.97653205665142,36.976791754143434,61.57774089164135,50.69734128023316,92.01735027270148
2025-03-09 20:17:55.171000,687.0,496.0,336.0,2558.0,1071.0,403.0,58.36586317165699,70.98390975736812,58.12478400811961,41.357578280792865,17.653909014856126,44.97653205665142,36.976791754143434,61.57774089164135,50.69734128023316,92.01735027270148
2025-03-09 20:17:55.171000,683.0,496.0,320.0,2556.0,1070.0,402.0,58.36586317165699,70.98390975736812,58.12478400811961,41.357578280792865,17.653909014856126,44.97653205665142,36.976791754143434,61.57774089164135,50.69734128023316,92.01735027270148
2025-03-09 20:17:55.171000,687.0,511.0,326.0,2549.0,1065.0,400.0,58.36586317165699,70.98390975736812,58.12478400811961,41.357578280792865,17.653909014856126,44.97653205665142,36.976791754143434,61.57774089164135,50.69734128023316,92.01735027270148
2025-03-09 20:17:55.179333,685.0,496.0,341.0,2553.0,1067.0,400.0,58.25388547060913,71.03329353060494,57.97793299978128,41.252370624317244,17.678724925307844,44.888380331247134,37.107801083086684,61.58847200985641,50.710728692486754,91.75854934999718
2025-03-09 20:17:55.179333,689.0,497.0,323.0,2557.0,1065.0,400.0,58.25388547060913,71.03329353060494,57.97793299978128,41.252370624317244,17.678724925307844,44.888380331247134,37.107801083086684,61.58847200985641,50.710728692486754,91.75854934999718
2025-03-09 20:17:55.179333,697.0,493.0,326.0,2558.0,1062.0,399.0,58.25388547060913,71.03329353060494,57.97793299978128,41.252370624317244,17.678724925307844,44.888380331247134,37.107801083086684,61.58847200985641,50.710728692486754,91.75854934999718
2025-03-09 20:17:55.187667,693.0,511.0,327.0,2554.0,1062.0,400.0,58.152303968538945,71.08630600037817,57.83293304571222,41.146388914721456,17.703503362665902,44.79938299364187,37.24599190646097,61.60609923530398,50.72457651028238,91.50096667562272
2025-03-09 20:17:55.187667,701.0,495.0,323.0,2554.0,1062.0,399.0,58.152303968538945,71.08630600037817,57.83293304571222,41.146388914721456,17.703503362665902,44.79938299364187,37.24599190646097,61.60609923530398,50.72457651028238,91.50096667562272
2025-03-09 20:17:55.187667,721.0,507.0,331.0,2559.0,1047.0,391.0,58.152303968538945,71.08630600037817,57.83293304571222,41.146388914721456,17.703503362665902,44.79938299364187,37.24599190646097,61.60609923530398,50.72457651028238,91.50096667562272
2025-03-09 20:17:55.187667,726.0,496.0,320.0,2550.0,1046.0,391.0,58.152303968538945,71.08630600037817,57.83293304571222,41.146388914721456,17.703503362665902,44.79938299364187,37.24599190646097,61.60609923530398,50.72457651028238,91.50096667562272
2025-03-09 20:17:55.196000,705.0,503.0,327.0,2551.0,1047.0,390.0,58.063485281056025,71.14329234338669,57.69321485478651,41.042641631582306,17.72520634255666,44.71087014609369,37.38855921344183,61.63400727492044,50.74273894787237,91.24714144887689
2025-03-09 20:17:55.196000,724.0,496.0,327.0,2554.0,1045.0,387.0,58.063485281056025,71.14329234338669,57.69321485478651,41.042641631582306,17.72520634255666,44.71087014609369,37.38855921344183,61.63400727492044,50.74273894787237,91.24714144887689
2025-03-09 20:17:55.196000,727.0,503.0,329.0,2549.0,1041.0,391.0,58.063485281056025,71.14329234338669,57.69321485478651,41.042641631582306,17.72520634255666,44.71087014609369,37.38855921344183,61.63400727492044,50.74273894787237,91.24714144887689
2025-03-09 20:17:55.204333,712.0,498.0,325.0,2551.0,1040.0,389.0,57.986901866735316,71.20421898561241,57.560341219929995,40.9393331655328,17.743232020827552,44.62086996816967,37.53401940817118,61.67273465297098,50.765079904385765,90.9974524096094
2025-03-09 20:17:55.204333,747.0,501.0,322.0,2549.0,1041.0,388.0,57.986901866735316,71.20421898561241,57.560341219929995,40.9393331655328,17.743232020827552,44.62086996816967,37.53401940817118,61.67273465297098,50.765079904385765,90.9974524096094
2025-03-09 20:17:55.204333,746.0,503.0,327.0,2544.0,1033.0,382.0,57.986901866735316,71.20421898561241,57.560341219929995,40.9393331655328,17.743232020827552,44.62086996816967,37.53401940817118,61.67273465297098,50.765079904385765,90.9974524096094
2025-03-09 20:17:55.204333,755.0,507.0,325.0,2541.0,1023.0,384.0,57.986901866735316,71.20421898561241,57.560341219929995,40.9393331655328,17.743232020827552,44.62086996816967,37.53401940817118,61.67273465297098,50.765079904385765,90.9974524096094
2025-03-09 20:17:55.212667,778.0,498.0,330.0,2544.0,1034.0,378.0,57.916459688045585,71.2676385877408,57.43310444584283,40.834698696705374,17.75691434893072,44.52750982215251,37.679495908002764,61.7195315627791,50.79208724085341,90.74645314117525
2025-03-09 20:17:55.212667,769.0,506.0,325.0,2545.0,1023.0,377.0,57.916459688045585,71.2676385877408,57.43310444584283,40.834698696705374,17.75691434893072,44.52750982215251,37.679495908002764,61.7195315627791,50.79208724085341,90.74645314117525
2025-03-09 20:17:55.212667,769.0,501.0,325.0,2544.0,1023.0,379.0,57.916459688045585,71.2676385877408,57.43310444584283,40.834698696705374,17.75691434893072,44.52750982215251,37.679495908002764,61.7195315627791,50.79208724085341,90.74645314117525
2025-03-09 20:17:55.221000,775.0,498.0,323.0,2549.0,1023.0,380.0,57.85022384068731,71.33521791552404,57.31162371345515,40.73053165969289,17.766223719323538,44.4325961867645,37.82355658439882,61.77415564166163,50.82681813335482,90.49418123563527
2025-03-09 20:17:55.221000,768.0,496.0,325.0,2543.0,1023.0,379.0,57.85022384068731,71.33521791552404,57.31162371345515,40.73053165969289,17.766223719323538,44.4325961867645,37.82355658439882,61.77415564166163,50.82681813335482,90.49418123563527
2025-03-09 20:17:55.221000,773.0,511.0,311.0,2540.0,1023.0,375.0,57.85022384068731,71.33521791552404,57.31162371345515,40.73053165969289,17.766223719323538,44.4325961867645,37.82355658439882,61.77415564166163,50.82681813335482,90.49418123563527
2025-03-09 20:17:55.221000,753.0,526.0,328.0,2541.0,1018.0,371.0,57.85022384068731,71.33521791552404,57.31162371345515,40.73053165969289,17.766223719323538,44.4325961867645,37.82355658439882,61.77415564166163,50.82681813335482,90.49418123563527
2025-03-09 20:17:55.229333,803.0,511.0,333.0,2535.0,1017.0,368.0,57.79708346043682,71.41214954841008,57.200182328613415,40.635131918016235,17.77374876535331,44.34509014571914,37.96763483534814,61.840181566903745,50.87270303446913,90.25059602208704
2025-03-09 20:17:55.229333,810.0,511.0,330.0,2537.0,1015.0,368.0,57.79708346043682,71.41214954841008,57.200182328613415,40.635131918016235,17.77374876535331,44.34509014571914,37.96763483534814,61.840181566903745,50.87270303446913,90.25059602208704
2025-03-09 20:17:55.229333,811.0,509.0,334.0,2535.0,1014.0,368.0,57.79708346043682,71.41214954841008,57.200182328613415,40.635131918016235,17.77374876535331,44.34509014571914,37.96763483534814,61.840181566903745,50.87270303446913,90.25059602208704
2025-03-09 20:17:55.237667,818.0,502.0,332.0,2542.0,1014.0,368.0,57.763281877504305,71.50209791542187,57.101137125515514,40.55189492782869,17.78174214823748,44.26909446468516,38.114460166575334,61.92073399303552,50.93078820730188,90.02636335278837
2025-03-09 20:17:55.237667,806.0,525.0,337.0,2535.0,1012.0,368.0,57.763281877504305,71.50209791542187,57.101137125515514,40.55189492782869,17.78174214823748,44.26909446468516,38.114460166575334,61.92073399303552,50.93078820730188,90.02636335278837
2025-03-09 20:17:55.237667,810.0,511.0,325.0,2533.0,1011.0,368.0,57.763281877504305,71.50209791542187,57.101137125515514,40.55189492782869,17.78174214823748,44.26909446468516,38.114460166575334,61.92073399303552,50.93078820730188,90.02636335278837
2025-03-09 20:17:55.237667,822.0,496.0,325.0,2525.0,1008.0,363.0,57.763281877504305,71.50209791542187,57.101137125515514,40.55189492782869,17.78174214823748,44.26909446468516,38.114460166575334,61.92073399303552,50.93078820730188,90.02636335278837
2025-03-09 20:17:55.246000,832.0,523.0,327.0,2519.0,1007.0,363.0,57.744103303126415,71.60623162769951,57.011108635285,40.47380883833236,17.788697374665972,44.19739011753045,38.26646652902811,62.017413501649344,51.00184114644208,89.82830401973297
2025-03-09 20:17:55.246000,828.0,528.0,325.0,2527.0,1008.0,362.0,57.744103303126415,71.60623162769951,57.011108635285,40.47380883833236,17.788697374665972,44.19739011753045,38.26646652902811,62.017413501649344,51.00184114644208,89.82830401973297
2025-03-09 20:17:55.246000,830.0,527.0,325.0,2527.0,1006.0,363.0,57.744103303126415,71.60623162769951,57.011108635285,40.47380883833236,17.788697374665972,44.19739011753045,38.26646652902811,62.017413501649344,51.00184114644208,89.82830401973297
2025-03-09 20:17:55.246000,831.0,534.0,335.0,2522.0,1006.0,361.0,57.744103303126415,71.60623162769951,57.011108635285,40.47380883833236,17.788697374665972,44.19739011753045,38.26646652902811,62.017413501649344,51.00184114644208,89.82830401973297
2025-03-09 20:17:55.254333,833.0,528.0,336.0,2527.0,1005.0,359.0,57.73446694159999,71.72352651885024,56.92788828315962,40.3976215885524,17.792882956853045,44.126103557321876,38.42323712358851,62.129798218817726,51.086891623882266,89.65997605820797
2025-03-09 20:17:55.254333,832.0,511.0,331.0,2528.0,1004.0,356.0,57.73446694159999,71.72352651885024,56.92788828315962,40.3976215885524,17.792882956853045,44.126103557321876,38.42323712358851,62.129798218817726,51.086891623882266,89.65997605820797
2025-03-09 20:17:55.254333,841.0,528.0,327.0,2523.0,1002.0,355.0,57.73446694159999,71.72352651885024,56.92788828315962,40.3976215885524,17.792882956853045,44.126103557321876,38.42323712358851,62.129798218817726,51.086891623882266,89.65997605820797
2025-03-09 20:17:55.262667,848.0,538.0,329.0,2522.0,994.0,351.0,57.73180657078219,71.85029022304398,56.852068624554825,40.32433948006723,17.79536821710972,44.05650184203258,38.5819909925349,62.25381799810274,51.18334579589262,89.52012065601438
2025-03-09 20:17:55.262667,848.0,531.0,342.0,2523.0,996.0,351.0,57.73180657078219,71.85029022304398,56.852068624554825,40.32433948006723,17.79536821710972,44.05650184203258,38.5819909925349,62.25381799810274,51.18334579589262,89.52012065601438
2025-03-09 20:17:55.262667,855.0,538.0,352.0,2517.0,993.0,351.0,57.73180657078219,71.85029022304398,56.852068624554825,40.32433948006723,17.79536821710972,44.05650184203258,38.5819909925349,62.25381799810274,51.18334579589262,89.52012065601438
2025-03-09 20:17:55.262667,853.0,529.0,334.0,2522.0,993.0,351.0,57.73180657078219,71.85029022304398,56.852068624554825,40.32433948006723,17.79536821710972,44.05650184203258,38.5819909925349,62.25381799810274,51.18334579589262,89.52012065601438
2025-03-09 20:17:55.271000,852.0,533.0,332.0,2518.0,994.0,350.0,57.73278610448408,71.98316695476133,56.78507017654152,40.25347923610629,17.798207691378963,43.98910764980457,38.738762929665874,62.38397251355026,51.287385282688255,89.40221206711426
2025-03-09 20:17:55.271000,858.0,541.0,336.0,2525.0,988.0,349.0,57.73278610448408,71.98316695476133,56.78507017654152,40.25347923610629,17.798207691378963,43.98910764980457,38.738762929665874,62.38397251355026,51.287385282688255,89.40221206711426
2025-03-09 20:17:55.271000,859.0,534.0,329.0,2519.0,987.0,347.0,57.73278610448408,71.98316695476133,56.78507017654152,40.25347923610629,17.798207691378963,43.98910764980457,38.738762929665874,62.38397251355026,51.287385282688255,89.40221206711426
2025-03-09 20:17:55.271000,878.0,543.0,334.0,2515.0,987.0,346.0,57.73278610448408,71.98316695476133,56.78507017654152,40.25347923610629,17.798207691378963,43.98910764980457,38.738762929665874,62.38397251355026,51.287385282688255,89.40221206711426
2025-03-09 20:17:55.279333,886.0,511.0,336.0,2511.0,985.0,341.0,57.73528768491886,72.12115414584845,56.728938781072365,40.186246653965824,17.80185853465132,43.925440754642615,38.889307912566984,62.517331718365526,51.398941698650816,89.29974828747476
2025-03-09 20:17:55.279333,897.0,546.0,334.0,2512.0,983.0,337.0,57.73528768491886,72.12115414584845,56.728938781072365,40.186246653965824,17.80185853465132,43.925440754642615,38.889307912566984,62.517331718365526,51.398941698650816,89.29974828747476
2025-03-09 20:17:55.279333,889.0,541.0,329.0,2511.0,979.0,338.0,57.73528768491886,72.12115414584845,56.728938781072365,40.186246653965824,17.80185853465132,43.925440754642615,38.889307912566984,62.517331718365526,51.398941698650816,89.29974828747476
2025-03-09 20:17:55.287667,896.0,551.0,331.0,2513.0,980.0,337.0,57.737075431697484,72.2627484810547,56.68456767147533,40.119712841466665,17.807667644078517,43.86372348744533,39.03059457904734,62.6497807073377,51.5141421412215,89.20788651193217
2025-03-09 20:17:55.287667,935.0,543.0,332.0,2514.0,978.0,336.0,57.737075431697484,72.2627484810547,56.68456767147533,40.119712841466665,17.807667644078517,43.86372348744533,39.03059457904734,62.6497807073377,51.5141421412215,89.20788651193217
2025-03-09 20:17:55.287667,922.0,549.0,331.0,2510.0,979.0,336.0,57.737075431697484,72.2627484810547,56.68456767147533,40.119712841466665,17.807667644078517,43.86372348744533,39.03059457904734,62.6497807073377,51.5141421412215,89.20788651193217
2025-03-09 20:17:55.287667,901.0,546.0,336.0,2512.0,979.0,336.0,57.737075431697484,72.2627484810547,56.68456767147533,40.119712841466665,17.807667644078517,43.86372348744533,39.03059457904734,62.6497807073377,51.5141421412215,89.20788651193217
2025-03-09 20:17:55.296000,903.0,548.0,336.0,2512.0,981.0,336.0,57.73436801389797,72.40521502504706,56.65068263636677,40.04621945645825,17.818844179268407,43.79871577100444,39.16140032373818,62.7746418337794,51.62422719011121,89.12283845610627
2025-03-09 20:17:55.296000,929.0,559.0,334.0,2509.0,975.0,330.0,57.73436801389797,72.40521502504706,56.65068263636677,40.04621945645825,17.818844179268407,43.79871577100444,39.16140032373818,62.7746418337794,51.62422719011121,89.12283845610627
2025-03-09 20:17:55.296000,930.0,560.0,335.0,2509.0,976.0,331.0,57.73436801389797,72.40521502504706,56.65068263636677,40.04621945645825,17.818844179268407,43.79871577100444,39.16140032373818,62.7746418337794,51.62422719011121,89.12283845610627
2025-03-09 20:17:55.296000,935.0,557.0,336.0,2509.0,975.0,329.0,57.73436801389797,72.40521502504706,56.65068263636677,40.04621945645825,17.818844179268407,43.79871577100444,39.16140032373818,62.7746418337794,51.62422719011121,89.12283845610627
2025-03-09 20:17:55.304333,937.0,561.0,335.0,2509.0,976.0,329.0,57.72256184122337,72.54532554363864,56.62590240115631,39.967863748528515,17.833679393417952,43.731549113986226,39.27871637220676,62.88916643416283,51.73055871421218,89.04173636620304
2025-03-09 20:17:55.304333,939.0,557.0,335.0,2509.0,975.0,330.0,57.72256184122337,72.54532554363864,56.62590240115631,39.967863748528515,17.833679393417952,43.731549113986226,39.27871637220676,62.88916643416283,51.73055871421218,89.04173636620304
2025-03-09 20:17:55.304333,944.0,558.0,334.0,2506.0,974.0,329.0,57.72256184122337,72.54532554363864,56.62590240115631,39.967863748528515,17.833679393417952,43.731549113986226,39.27871637220676,62.88916643416283,51.73055871421218,89.04173636620304
2025-03-09 20:17:55.312667,944.0,547.0,338.0,2503.0,970.0,329.0,57.6976056574421,72.68077294421612,56.61131209253071,39.89130689708635,17.848603251112337,43.666397929517515,39.37817383319477,62.99388668917902,51.84018425148666,88.96239490287233
2025-03-09 20:17:55.312667,946.0,558.0,336.0,2506.0,973.0,325.0,57.6976056574421,72.68077294421612,56.61131209253071,39.89130689708635,17.848603251112337,43.666397929517515,39.37817383319477,62.99388668917902,51.84018425148666,88.96239490287233
2025-03-09 20:17:55.312667,976.0,573.0,333.0,2499.0,975.0,321.0,57.6976056574421,72.68077294421612,56.61131209253071,39.89130689708635,17.848603251112337,43.666397929517515,39.37817383319477,62.99388668917902,51.84018425148666,88.96239490287233
2025-03-09 20:17:55.312667,978.0,571.0,334.0,2496.0,969.0,320.0,57.6976056574421,72.68077294421612,56.61131209253071,39.89130689708635,17.848603251112337,43.666397929517515,39.37817383319477,62.99388668917902,51.84018425148666,88.96239490287233
2025-03-09 20:17:55.321000,982.0,567.0,342.0,2501.0,966.0,320.0,57.65683640287794,72.80909918761587,56.60560063035944,39.81578768874772,17.862826356768785,43.60204984947767,39.45922933284352,63.08739628239729,51.95229497028202,88.88285106952686
2025-03-09 20:17:55.321000,983.0,566.0,336.0,2499.0,969.0,321.0,57.65683640287794,72.80909918761587,56.60560063035944,39.81578768874772,17.862826356768785,43.60204984947767,39.45922933284352,63.08739628239729,51.95229497028202,88.88285106952686
2025-03-09 20:17:55.321000,985.0,562.0,324.0,2494.0,969.0,318.0,57.65683640287794,72.80909918761587,56.60560063035944,39.81578768874772,17.862826356768785,43.60204984947767,39.45922933284352,63.08739628239729,51.95229497028202,88.88285106952686
2025-03-09 20:17:55.321000,985.0,566.0,336.0,2496.0,971.0,321.0,57.65683640287794,72.80909918761587,56.60560063035944,39.81578768874772,17.862826356768785,43.60204984947767,39.45922933284352,63.08739628239729,51.95229497028202,88.88285106952686
2025-03-09 20:17:55.329333,994.0,562.0,336.0,2498.0,971.0,319.0,57.59858650686795,72.92641140032445,56.60166541126249,39.740019225215256,17.875872491401562,43.53702626732912,39.525943094495645,63.16690704668054,52.06282729871243,88.80053511770171
2025-03-09 20:17:55.329333,995.0,570.0,336.0,2498.0,970.0,320.0,57.59858650686795,72.92641140032445,56.60166541126249,39.740019225215256,17.875872491401562,43.53702626732912,39.525943094495645,63.16690704668054,52.06282729871243,88.80053511770171
2025-03-09 20:17:55.329333,1014.0,595.0,325.0,2496.0,966.0,311.0,57.59858650686795,72.92641140032445,56.60166541126249,39.740019225215256,17.875872491401562,43.53702626732912,39.525943094495645,63.16690704668054,52.06282729871243,88.80053511770171
2025-03-09 20:17:55.337667,1015.0,573.0,326.0,2489.0,965.0,313.0,57.52058453654731,73.02946851887928,56.59496958485723,39.66553929385549,17.88599131857565,43.471759671215004,39.57986105928891,63.23109344945851,52.17181691496025,88.71174607383207
2025-03-09 20:17:55.337667,1035.0,605.0,331.0,2494.0,963.0,314.0,57.52058453654731,73.02946851887928,56.59496958485723,39.66553929385549,17.88599131857565,43.471759671215004,39.57986105928891,63.23109344945851,52.17181691496025,88.71174607383207
2025-03-09 20:17:55.337667,1023.0,582.0,335.0,2493.0,969.0,314.0,57.52058453654731,73.02946851887928,56.59496958485723,39.66553929385549,17.88599131857565,43.471759671215004,39.57986105928891,63.23109344945851,52.17181691496025,88.71174607383207
2025-03-09 20:17:55.337667,1023.0,578.0,333.0,2493.0,967.0,311.0,57.52058453654731,73.02946851887928,56.59496958485723,39.66553929385549,17.88599131857565,43.471759671215004,39.57986105928891,63.23109344945851,52.17181691496025,88.71174607383207
2025-03-09 20:17:55.346000,1023.0,585.0,334.0,2495.0,963.0,313.0,57.420091595754485,73.11681813637459,56.58501265252278,39.59444449753818,17.891810518183163,43.407272697731685,39.62021544021826,63.280000897679926,52.28207217785051,88.61279554247783
2025-03-09 20:17:55.346000,1031.0,576.0,338.0,2493.0,965.0,311.0,57.420091595754485,73.11681813637459,56.58501265252278,39.59444449753818,17.891810518183163,43.407272697731685,39.62021544021826,63.280000897679926,52.28207217785051,88.61279554247783
2025-03-09 20:17:55.346000,1037.0,582.0,336.0,2495.0,962.0,313.0,57.420091595754485,73.11681813637459,56.58501265252278,39.59444449753818,17.891810518183163,43.407272697731685,39.62021544021826,63.280000897679926,52.28207217785051,88.61279554247783
2025-03-09 20:17:55.354333,1062.0,589.0,336.0,2490.0,962.0,306.0,57.29440074988954,73.18928745945125,56.572086000826665,39.52866703782796,17.891730869093124,43.344615131565966,39.64555890788297,63.314360094019605,52.39835774480081,88.5015798345132
2025-03-09 20:17:55.354333,1065.0,589.0,327.0,2491.0,961.0,304.0,57.29440074988954,73.18928745945125,56.572086000826665,39.52866703782796,17.891730869093124,43.344615131565966,39.64555890788297,63.314360094019605,52.39835774480081,88.5015798345132
2025-03-09 20:17:55.354333,1066.0,587.0,336.0,2494.0,961.0,304.0,57.29440074988954,73.18928745945125,56.572086000826665,39.52866703782796,17.891730869093124,43.344615131565966,39.64555890788297,63.314360094019605,52.39835774480081,88.5015798345132
2025-03-09 20:17:55.354333,1070.0,586.0,336.0,2495.0,960.0,304.0,57.29440074988954,73.18928745945125,56.572086000826665,39.52866703782796,17.891730869093124,43.344615131565966,39.64555890788297,63.314360094019605,52.39835774480081,88.5015798345132
2025-03-09 20:17:55.362667,1073.0,587.0,340.0,2495.0,962.0,305.0,57.1421370136337,73.24832878288112,56.55670220727164,39.47017364568337,17.884066937320583,43.28516843261402,39.653675209309256,63.33433256826442,52.52472303612053,88.3783816695518
2025-03-09 20:17:55.362667,1076.0,592.0,337.0,2493.0,960.0,306.0,57.1421370136337,73.24832878288112,56.55670220727164,39.47017364568337,17.884066937320583,43.28516843261402,39.653675209309256,63.33433256826442,52.52472303612053,88.3783816695518
2025-03-09 20:17:55.362667,1078.0,590.0,336.0,2490.0,960.0,304.0,57.1421370136337,73.24832878288112,56.55670220727164,39.47017364568337,17.884066937320583,43.28516843261402,39.653675209309256,63.33433256826442,52.52472303612053,88.3783816695518
2025-03-09 20:17:55.362667,1119.0,603.0,336.0,2483.0,957.0,302.0,57.1421370136337,73.24832878288112,56.55670220727164,39.47017364568337,17.884066937320583,43.28516843261402,39.653675209309256,63.33433256826442,52.52472303612053,88.3783816695518
2025-03-09 20:17:55.371000,1126.0,595.0,339.0,2491.0,959.0,304.0,56.96349311921114,73.29300376811531,56.53840625178137,39.39687003282163,17.879611047362435,43.213828533283724,39.650438442502,63.33220915651343,52.638709233227495,88.24406544056961
2025-03-09 20:17:55.371000,1127.0,599.0,336.0,2486.0,956.0,301.0,56.96349311921114,73.29300376811531,56.53840625178137,39.39687003282163,17.879611047362435,43.213828533283724,39.650438442502,63.33220915651343,52.638709233227495,88.24406544056961
2025-03-09 20:17:55.371000,1131.0,605.0,337.0,2485.0,959.0,301.0,56.96349311921114,73.29300376811531,56.53840625178137,39.39687003282163,17.879611047362435,43.213828533283724,39.650438442502,63.33220915651343,52.638709233227495,88.24406544056961
2025-03-09 20:17:55.379333,1134.0,602.0,339.0,2481.0,958.0,301.0,56.758690242178886,73.32071276025738,56.5175727697473,39.28452269174084,17.89077870930975,43.113954215974985,39.642060034682295,63.299531947178124,52.71431363622435,88.09842918202503
2025-03-09 20:17:55.379333,1141.0,601.0,336.0,2485.0,954.0,303.0,56.758690242178886,73.32071276025738,56.5175727697473,39.28452269174084,17.89077870930975,43.113954215974985,39.642060034682295,63.299531947178124,52.71431363622435,88.09842918202503
2025-03-09 20:17:55.379333,1142.0,596.0,337.0,2486.0,953.0,301.0,56.758690242178886,73.32071276025738,56.5175727697473,39.28452269174084,17.89077870930975,43.113954215974985,39.642060034682295,63.299531947178124,52.71431363622435,88.09842918202503
2025-03-09 20:17:55.379333,1151.0,591.0,335.0,2489.0,955.0,297.0,56.758690242178886,73.32071276025738,56.5175727697473,39.28452269174084,17.89077870930975,43.113954215974985,39.642060034682295,63.299531947178124,52.71431363622435,88.09842918202503
2025-03-09 20:17:55.387667,1200.0,625.0,355.0,2482.0,948.0,297.0,56.52887547526389,73.32939101649531,56.49395454168375,39.15617510325512,17.907165626515464,43.001503331886674,39.62350675864319,63.24276002706629,52.77080362324462,87.94191704359868
2025-03-09 20:17:55.387667,1200.0,613.0,347.0,2483.0,946.0,294.0,56.52887547526389,73.32939101649531,56.49395454168375,39.15617510325512,17.907165626515464,43.001503331886674,39.62350675864319,63.24276002706629,52.77080362324462,87.94191704359868
2025-03-09 20:17:55.387667,1205.0,620.0,346.0,2485.0,945.0,295.0,56.52887547526389,73.32939101649531,56.49395454168375,39.15617510325512,17.907165626515464,43.001503331886674,39.62350675864319,63.24276002706629,52.77080362324462,87.94191704359868
2025-03-09 20:17:55.396000,1215.0,622.0,347.0,2484.0,944.0,291.0,56.275803064763785,73.31834457228238,56.466870631410416,39.03522263502303,17.91613738744499,42.89177038746471,39.59015159316041,63.170760973570275,52.83029060556267,87.77679271504365
2025-03-09 20:17:55.396000,1214.0,627.0,350.0,2487.0,945.0,291.0,56.275803064763785,73.31834457228238,56.466870631410416,39.03522263502303,17.91613738744499,42.89177038746471,39.59015159316041,63.170760973570275,52.83029060556267,87.77679271504365
2025-03-09 20:17:55.396000,1221.0,625.0,354.0,2479.0,944.0,291.0,56.275803064763785,73.31834457228238,56.466870631410416,39.03522263502303,17.91613738744499,42.89177038746471,39.59015159316041,63.170760973570275,52.83029060556267,87.77679271504365
2025-03-09 20:17:55.396000,1227.0,638.0,353.0,2483.0,944.0,291.0,56.275803064763785,73.31834457228238,56.466870631410416,39.03522263502303,17.91613738744499,42.89177038746471,39.59015159316041,63.170760973570275,52.83029060556267,87.77679271504365
2025-03-09 20:17:55.404333,1285.0,647.0,364.0,2480.0,940.0,287.0,56.00074147385773,73.28773148463121,56.43399833122652,38.9194290417874,17.91618962372458,42.782037606926124,39.544482263628055,63.08511230074664,52.89194334807334,87.6048551736362
2025-03-09 20:17:55.404333,1291.0,653.0,365.0,2480.0,942.0,284.0,56.00074147385773,73.28773148463121,56.43399833122652,38.9194290417874,17.91618962372458,42.782037606926124,39.544482263628055,63.08511230074664,52.89194334807334,87.6048551736362
2025-03-09 20:17:55.404333,1309.0,653.0,367.0,2480.0,939.0,285.0,56.00074147385773,73.28773148463121,56.43399833122652,38.9194290417874,17.91618962372458,42.782037606926124,39.544482263628055,63.08511230074664,52.89194334807334,87.6048551736362
2025-03-09 20:17:55.412667,1301.0,652.0,359.0,2481.0,939.0,288.0,55.70518046202463,73.23802623766518,56.392906531934464,38.80488365445023,17.907645057024205,42.66891191656141,39.490082092260565,62.98646734311162,52.95283081962431,87.42779551583762
2025-03-09 20:17:55.412667,1313.0,658.0,368.0,2474.0,941.0,286.0,55.70518046202463,73.23802623766518,56.392906531934464,38.80488365445023,17.907645057024205,42.66891191656141,39.490082092260565,62.98646734311162,52.95283081962431,87.42779551583762
2025-03-09 20:17:55.412667,1317.0,658.0,371.0,2478.0,940.0,288.0,55.70518046202463,73.23802623766518,56.392906531934464,38.80488365445023,17.907645057024205,42.66891191656141,39.490082092260565,62.98646734311162,52.95283081962431,87.42779551583762
2025-03-09 20:17:55.412667,1328.0,659.0,364.0,2481.0,935.0,284.0,55.70518046202463,73.23802623766518,56.392906531934464,38.80488365445023,17.907645057024205,42.66891191656141,39.490082092260565,62.98646734311162,52.95283081962431,87.42779551583762
2025-03-09 20:17:55.421000,1326.0,673.0,365.0,2480.0,938.0,285.0,55.39221300890618,73.17076256827484,56.34268243767003,38.68815188448351,17.891466721558842,42.54958368672921,39.4310557517501,62.87702950643191,53.01053123315436,87.24876002298221
2025-03-09 20:17:55.421000,1391.0,693.0,368.0,2477.0,931.0,282.0,55.39221300890618,73.17076256827484,56.34268243767003,38.68815188448351,17.891466721558842,42.54958368672921,39.4310557517501,62.87702950643191,53.01053123315436,87.24876002298221
2025-03-09 20:17:55.421000,1399.0,694.0,369.0,2467.0,928.0,285.0,55.39221300890618,73.17076256827484,56.34268243767003,38.68815188448351,17.891466721558842,42.54958368672921,39.4310557517501,62.87702950643191,53.01053123315436,87.24876002298221
2025-03-09 20:17:55.429333,1403.0,691.0,383.0,2473.0,933.0,283.0,55.06625104299419,73.08899890836295,56.28282123210329,38.56698692813712,17.86894084101687,42.422431030953355,39.37259573106809,62.760499032931364,53.06420063832689,87.07173894617398
2025-03-09 20:17:55.429333,1407.0,703.0,370.0,2469.0,929.0,282.0,55.06625104299419,73.08899890836295,56.28282123210329,38.56698692813712,17.86894084101687,42.422431030953355,39.37259573106809,62.760499032931364,53.06420063832689,87.07173894617398
2025-03-09 20:17:55.429333,1409.0,704.0,383.0,2470.0,930.0,280.0,55.06625104299419,73.08899890836295,56.28282123210329,38.56698692813712,17.86894084101687,42.422431030953355,39.37259573106809,62.760499032931364,53.06420063832689,87.07173894617398
2025-03-09 20:17:55.429333,1422.0,699.0,378.0,2470.0,929.0,278.0,55.06625104299419,73.08899890836295,56.28282123210329,38.56698692813712,17.86894084101687,42.422431030953355,39.37259573106809,62.760499032931364,53.06420063832689,87.07173894617398
2025-03-09 20:17:55.437667,1425.0,708.0,382.0,2470.0,932.0,282.0,54.73141219794206,72.9962658756794,56.21120586311692,38.43824994696736,17.84232536709544,42.28552329125525,39.321767770171064,62.63988241361546,53.11239050723316,86.89984539317021
2025-03-09 20:17:55.437667,1478.0,731.0,382.0,2461.0,927.0,278.0,54.73141219794206,72.9962658756794,56.21120586311692,38.43824994696736,17.84232536709544,42.28552329125525,39.321767770171064,62.63988241361546,53.11239050723316,86.89984539317021
2025-03-09 20:17:55.437667,1481.0,738.0,390.0,2465.0,928.0,276.0,54.73141219794206,72.9962658756794,56.21120586311692,38.43824994696736,17.84232536709544,42.28552329125525,39.321767770171064,62.63988241361546,53.11239050723316,86.89984539317021
2025-03-09 20:17:55.437667,1486.0,733.0,386.0,2459.0,925.0,278.0,54.73141219794206,72.9962658756794,56.21120586311692,38.43824994696736,17.84232536709544,42.28552329125525,39.321767770171064,62.63988241361546,53.11239050723316,86.89984539317021
2025-03-09 20:17:55.446000,1488.0,742.0,390.0,2464.0,925.0,278.0,54.39146345384402,72.89479943731634,56.124536560185874,38.29828358726806,17.814435652674906,42.13686974517595,39.28538378797201,62.515928539117745,53.15140632842725,86.7342861208454
2025-03-09 20:17:55.446000,1494.0,739.0,387.0,2461.0,926.0,275.0,54.39146345384402,72.89479943731634,56.124536560185874,38.29828358726806,17.814435652674906,42.13686974517595,39.28538378797201,62.515928539117745,53.15140632842725,86.7342861208454
2025-03-09 20:17:55.446000,1510.0,752.0,390.0,2461.0,924.0,277.0,54.39146345384402,72.89479943731634,56.124536560185874,38.29828358726806,17.814435652674906,42.13686974517595,39.28538378797201,62.515928539117745,53.15140632842725,86.7342861208454
2025-03-09 20:17:55.446000,1503.0,751.0,399.0,2465.0,924.0,273.0,54.39146345384402,72.89479943731634,56.124536560185874,38.29828358726806,17.814435652674906,42.13686974517595,39.28538378797201,62.515928539117745,53.15140632842725,86.7342861208454
2025-03-09 20:17:55.454333,1518.0,753.0,386.0,2463.0,923.0,277.0,54.0504710194635,72.78609787564582,56.023291618153145,38.14681966704025,17.787254103805562,41.977337259078396,39.26489565447092,62.388681694380544,53.17876991889469,86.57636438320661
2025-03-09 20:17:55.454333,1567.0,795.0,398.0,2459.0,917.0,273.0,54.0504710194635,72.78609787564582,56.023291618153145,38.14681966704025,17.787254103805562,41.977337259078396,39.26489565447092,62.388681694380544,53.17876991889469,86.57636438320661
2025-03-09 20:17:55.454333,1571.0,803.0,337.0,2458.0,915.0,274.0,54.0504710194635,72.78609787564582,56.023291618153145,38.14681966704025,17.787254103805562,41.977337259078396,39.26489565447092,62.388681694380544,53.17876991889469,86.57636438320661
2025-03-09 20:17:55.462667,1574.0,809.0,401.0,2455.0,915.0,272.0,53.71196398426588,72.67199665377191,55.911522543145885,37.98541973178054,17.762027788575384,41.80913181503525,39.25778351862119,62.25877481968315,53.19413221275893,86.42794886625336
2025-03-09 20:17:55.462667,1581.0,814.0,401.0,2449.0,915.0,272.0,53.71196398426588,72.67199665377191,55.911522543145885,37.98541973178054,17.762027788575384,41.80913181503525,39.25778351862119,62.25877481968315,53.19413221275893,86.42794886625336
2025-03-09 20:17:55.462667,1591.0,816.0,400.0,2454.0,912.0,273.0,53.71196398426588,72.67199665377191,55.911522543145885,37.98541973178054,17.762027788575384,41.80913181503525,39.25778351862119,62.25877481968315,53.19413221275893,86.42794886625336
2025-03-09 20:17:55.471000,1602.0,814.0,406.0,2457.0,912.0,272.0,53.37864531289951,72.55207179911909,55.79056617779867,37.81584933212229,17.73863459203985,41.63401169408522,39.26184907978444,62.125810055194314,53.196108612112106,86.28896655441191
2025-03-09 20:17:55.471000,1598.0,817.0,400.0,2459.0,912.0,272.0,53.37864531289951,72.55207179911909,55.79056617779867,37.81584933212229,17.73863459203985,41.63401169408522,39.26184907978444,62.125810055194314,53.196108612112106,86.28896655441191
2025-03-09 20:17:55.471000,1655.0,880.0,409.0,2458.0,907.0,271.0,53.37864531289951,72.55207179911909,55.79056617779867,37.81584933212229,17.73863459203985,41.63401169408522,39.26184907978444,62.125810055194314,53.196108612112106,86.28896655441191
2025-03-09 20:17:55.471000,1665.0,889.0,413.0,2455.0,903.0,271.0,53.37864531289951,72.55207179911909,55.79056617779867,37.81584933212229,17.73863459203985,41.63401169408522,39.26184907978444,62.125810055194314,53.196108612112106,86.28896655441191
2025-03-09 20:17:55.471000,1665.0,895.0,412.0,2455.0,902.0,266.0,53.37864531289951,72.55207179911909,55.79056617779867,37.81584933212229,17.73863459203985,41.63401169408522,39.26184907978444,62.125810055194314,53.196108612112106,86.28896655441191
2025-03-09 20:17:55.479333,1680.0,895.0,409.0,2455.0,903.0,269.0,53.053553620083925,72.42447005172464,55.659388348061434,37.64184560286428,17.714485959898816,41.45449350469362,39.2748420404467,61.989646047358825,53.184240151237326,86.15845347167935
2025-03-09 20:17:55.479333,1680.0,907.0,422.0,2454.0,901.0,266.0,53.053553620083925,72.42447005172464,55.659388348061434,37.64184560286428,17.714485959898816,41.45449350469362,39.2748420404467,61.989646047358825,53.184240151237326,86.15845347167935
2025-03-09 20:17:55.479333,1692.0,917.0,415.0,2455.0,899.0,271.0,53.053553620083925,72.42447005172464,55.659388348061434,37.64184560286428,17.714485959898816,41.45449350469362,39.2748420404467,61.989646047358825,53.184240151237326,86.15845347167935
2025-03-09 20:17:55.487667,1698.0,912.0,423.0,2450.0,899.0,269.0,52.73940707320467,72.28822086225543,55.51684748527097,37.46917770120915,17.68717585867829,41.27502097848395,39.29507472916371,61.85049538912376,53.160362482882164,86.03562386907004
2025-03-09 20:17:55.487667,1708.0,926.0,416.0,2453.0,897.0,267.0,52.73940707320467,72.28822086225543,55.51684748527097,37.46917770120915,17.68717585867829,41.27502097848395,39.29507472916371,61.85049538912376,53.160362482882164,86.03562386907004
2025-03-09 20:17:55.487667,1779.0,1016.0,430.0,2448.0,884.0,263.0,52.73940707320467,72.28822086225543,55.51684748527097,37.46917770120915,17.68717585867829,41.27502097848395,39.29507472916371,61.85049538912376,53.160362482882164,86.03562386907004
2025-03-09 20:17:55.496000,1781.0,1012.0,432.0,2448.0,886.0,263.0,52.43795055426676,72.14319882864012,55.363556588966055,37.304190568169766,17.655416629692795,41.100989128173715,39.3201819473811,61.70846375347125,53.12746173818077,85.91973609988149
2025-03-09 20:17:55.496000,1792.0,1034.0,432.0,2448.0,883.0,261.0,52.43795055426676,72.14319882864012,55.363556588966055,37.304190568169766,17.655416629692795,41.100989128173715,39.3201819473811,61.70846375347125,53.12746173818077,85.91973609988149
2025-03-09 20:17:55.496000,1795.0,1051.0,423.0,2448.0,880.0,258.0,52.43795055426676,72.14319882864012,55.363556588966055,37.304190568169766,17.655416629692795,41.100989128173715,39.3201819473811,61.70846375347125,53.12746173818077,85.91973609988149
2025-03-09 20:17:55.496000,1805.0,1053.0,431.0,2454.0,880.0,259.0,52.43795055426676,72.14319882864012,55.363556588966055,37.304190568169766,17.655416629692795,41.100989128173715,39.3201819473811,61.70846375347125,53.12746173818077,85.91973609988149
2025-03-09 20:17:55.504333,1810.0,1067.0,434.0,2445.0,878.0,259.0,52.15045156072418,71.98934840034775,55.201985103357735,37.150021174808,17.61924889930978,40.93520286872229,39.34755900390649,61.564028106389856,53.08633406904134,85.80939623222962
2025-03-09 20:17:55.504333,1827.0,1063.0,432.0,2448.0,880.0,259.0,52.15045156072418,71.98934840034775,55.201985103357735,37.150021174808,17.61924889930978,40.93520286872229,39.34755900390649,61.564028106389856,53.08633406904134,85.80939623222962
2025-03-09 20:17:55.504333,1875.0,1168.0,439.0,2445.0,862.0,256.0,52.15045156072418,71.98934840034775,55.201985103357735,37.150021174808,17.61924889930978,40.93520286872229,39.34755900390649,61.564028106389856,53.08633406904134,85.80939623222962
2025-03-09 20:17:55.504333,1901.0,1170.0,443.0,2444.0,862.0,257.0,52.15045156072418,71.98934840034775,55.201985103357735,37.150021174808,17.61924889930978,40.93520286872229,39.34755900390649,61.564028106389856,53.08633406904134,85.80939623222962
2025-03-09 20:17:55.512667,1862.0,1182.0,432.0,2445.0,862.0,256.0,51.877087496715845,71.82664958667637,55.034324711911324,37.00617255842075,17.5789203271748,40.77689627551529,39.37628286360967,61.418883574529374,53.03677854285035,85.70342373629482
2025-03-09 20:17:55.512667,1895.0,1188.0,441.0,2441.0,861.0,257.0,51.877087496715845,71.82664958667637,55.034324711911324,37.00617255842075,17.5789203271748,40.77689627551529,39.37628286360967,61.418883574529374,53.03677854285035,85.70342373629482
2025-03-09 20:17:55.521000,1904.0,1206.0,442.0,2438.0,855.0,254.0,51.61840344812884,71.65697748527529,54.86203964520891,36.8708179079435,17.535472259053627,40.62443136362897,39.40810702985904,61.275877327535184,52.97936042072318,85.60273599108923
2025-03-09 20:17:55.521000,1931.0,1203.0,452.0,2443.0,854.0,253.0,51.61840344812884,71.65697748527529,54.86203964520891,36.8708179079435,17.535472259053627,40.62443136362897,39.40810702985904,61.275877327535184,52.97936042072318,85.60273599108923
2025-03-09 20:17:55.521000,1904.0,1215.0,448.0,2445.0,855.0,255.0,51.61840344812884,71.65697748527529,54.86203964520891,36.8708179079435,17.535472259053627,40.62443136362897,39.40810702985904,61.275877327535184,52.97936042072318,85.60273599108923
2025-03-09 20:17:55.521000,1946.0,1291.0,464.0,2440.0,839.0,251.0,51.61840344812884,71.65697748527529,54.86203964520891,36.8708179079435,17.535472259053627,40.62443136362897,39.40810702985904,61.275877327535184,52.97936042072318,85.60273599108923
2025-03-09 20:17:55.521000,1943.0,1296.0,453.0,2441.0,837.0,253.0,51.61840344812884,71.65697748527529,54.86203964520891,36.8708179079435,17.535472259053627,40.62443136362897,39.40810702985904,61.275877327535184,52.97936042072318,85.60273599108923
2025-03-09 20:17:55.529333,1951.0,1307.0,462.0,2445.0,834.0,249.0,51.37613902333094,71.48389256381266,54.68547650985262,36.742059559995425,17.49117371220375,40.47687518144031,39.44714922625125,61.137762160633486,52.914762925111155,85.50835712129341
2025-03-09 20:17:55.529333,1959.0,1328.0,460.0,2438.0,832.0,247.0,51.37613902333094,71.48389256381266,54.68547650985262,36.742059559995425,17.49117371220375,40.47687518144031,39.44714922625125,61.137762160633486,52.914762925111155,85.50835712129341
2025-03-09 20:17:55.529333,1964.0,1328.0,462.0,2435.0,831.0,251.0,51.37613902333094,71.48389256381266,54.68547650985262,36.742059559995425,17.49117371220375,40.47687518144031,39.44714922625125,61.137762160633486,52.914762925111155,85.50835712129341
2025-03-09 20:17:55.537667,1962.0,1314.0,467.0,2433.0,831.0,251.0,51.15133155782164,71.31063712065426,54.504549323234286,36.6191142880131,17.448665055169602,40.33485335218475,39.496362238339195,61.004970933716436,52.84352211198561,85.4198160207201
2025-03-09 20:17:55.537667,1968.0,1335.0,464.0,2441.0,829.0,247.0,51.15133155782164,71.31063712065426,54.504549323234286,36.6191142880131,17.448665055169602,40.33485335218475,39.496362238339195,61.004970933716436,52.84352211198561,85.4198160207201
2025-03-09 20:17:55.537667,1994.0,1392.0,474.0,2431.0,816.0,242.0,51.15133155782164,71.31063712065426,54.504549323234286,36.6191142880131,17.448665055169602,40.33485335218475,39.496362238339195,61.004970933716436,52.84352211198561,85.4198160207201
2025-03-09 20:17:55.537667,1997.0,1383.0,478.0,2429.0,816.0,245.0,51.15133155782164,71.31063712065426,54.504549323234286,36.6191142880131,17.448665055169602,40.33485335218475,39.496362238339195,61.004970933716436,52.84352211198561,85.4198160207201
2025-03-09 20:17:55.546000,1995.0,1406.0,485.0,2432.0,815.0,243.0,50.94356576643303,71.13945489395483,54.32045546605053,36.50263258191738,17.409817203437633,40.20017181029898,39.555250330264975,60.87634412574193,52.766774888662795,85.33670916058736
2025-03-09 20:17:55.546000,2001.0,1390.0,486.0,2434.0,815.0,241.0,50.94356576643303,71.13945489395483,54.32045546605053,36.50263258191738,17.409817203437633,40.20017181029898,39.555250330264975,60.87634412574193,52.766774888662795,85.33670916058736
2025-03-09 20:17:55.546000,2000.0,1414.0,486.0,2432.0,812.0,243.0,50.94356576643303,71.13945489395483,54.32045546605053,36.50263258191738,17.409817203437633,40.20017181029898,39.555250330264975,60.87634412574193,52.766774888662795,85.33670916058736
2025-03-09 20:17:55.554333,2002.0,1418.0,477.0,2432.0,813.0,243.0,50.75189249046418,70.97166846956003,54.13486773369852,36.394020568044056,17.3749830080609,40.07456384393559,39.62180047111516,60.751202032899336,52.68652710527458,85.25902222061872
2025-03-09 20:17:55.554333,2007.0,1414.0,490.0,2432.0,811.0,240.0,50.75189249046418,70.97166846956003,54.13486773369852,36.394020568044056,17.3749830080609,40.07456384393559,39.62180047111516,60.751202032899336,52.68652710527458,85.25902222061872
2025-03-09 20:17:55.554333,2019.0,1476.0,502.0,2426.0,789.0,240.0,50.75189249046418,70.97166846956003,54.13486773369852,36.394020568044056,17.3749830080609,40.07456384393559,39.62180047111516,60.751202032899336,52.68652710527458,85.25902222061872
2025-03-09 20:17:55.562667,2031.0,1472.0,496.0,2427.0,798.0,240.0,50.5756449102582,70.80748795960125,53.947961954905026,36.29390370708179,17.342757660729237,39.958096847997254,39.69478627477977,60.62999642565266,52.60450339773723,85.18758523490098
2025-03-09 20:17:55.562667,2026.0,1479.0,496.0,2425.0,799.0,239.0,50.5756449102582,70.80748795960125,53.947961954905026,36.29390370708179,17.342757660729237,39.958096847997254,39.69478627477977,60.62999642565266,52.60450339773723,85.18758523490098
2025-03-09 20:17:55.562667,2028.0,1471.0,497.0,2422.0,797.0,240.0,50.5756449102582,70.80748795960125,53.947961954905026,36.29390370708179,17.342757660729237,39.958096847997254,39.69478627477977,60.62999642565266,52.60450339773723,85.18758523490098
2025-03-09 20:17:55.562667,2023.0,1487.0,507.0,2423.0,797.0,240.0,50.5756449102582,70.80748795960125,53.947961954905026,36.29390370708179,17.342757660729237,39.958096847997254,39.69478627477977,60.62999642565266,52.60450339773723,85.18758523490098
2025-03-09 20:17:55.571000,2027.0,1486.0,501.0,2421.0,791.0,240.0,50.414439362335926,70.64727753123996,53.7597345242316,36.201686484967375,17.31204309696738,39.849725039477505,39.77403861266666,60.513795680548256,52.52177131197905,85.1247608381122
2025-03-09 20:17:55.571000,2032.0,1488.0,503.0,2423.0,794.0,240.0,50.414439362335926,70.64727753123996,53.7597345242316,36.201686484967375,17.31204309696738,39.849725039477505,39.77403861266666,60.513795680548256,52.52177131197905,85.1247608381122
2025-03-09 20:17:55.571000,2032.0,1554.0,511.0,2417.0,784.0,239.0,50.414439362335926,70.64727753123996,53.7597345242316,36.201686484967375,17.31204309696738,39.849725039477505,39.77403861266666,60.513795680548256,52.52177131197905,85.1247608381122
2025-03-09 20:17:55.579333,2043.0,1526.0,524.0,2419.0,784.0,239.0,50.26839409412575,70.49169393895346,53.570183921757526,36.117130715421716,17.282057529185153,39.748906642795916,39.859695433908946,60.40367044344156,52.43937459034134,85.07122641888348
2025-03-09 20:17:55.579333,2064.0,1525.0,522.0,2418.0,784.0,238.0,50.26839409412575,70.49169393895346,53.570183921757526,36.117130715421716,17.282057529185153,39.748906642795916,39.859695433908946,60.40367044344156,52.43937459034134,85.07122641888348
2025-03-09 20:17:55.579333,2039.0,1535.0,511.0,2416.0,782.0,238.0,50.26839409412575,70.49169393895346,53.570183921757526,36.117130715421716,17.282057529185153,39.748906642795916,39.859695433908946,60.40367044344156,52.43937459034134,85.07122641888348
2025-03-09 20:17:55.579333,2062.0,1535.0,529.0,2418.0,782.0,239.0,50.26839409412575,70.49169393895346,53.570183921757526,36.117130715421716,17.282057529185153,39.748906642795916,39.859695433908946,60.40367044344156,52.43937459034134,85.07122641888348
2025-03-09 20:17:55.587667,2037.0,1565.0,511.0,2416.0,781.0,237.0,50.13830588891357,70.34166319922282,53.38040250810432,36.04065183831085,17.25288870413297,39.6561514281566,39.951072957339605,60.30026932405369,52.35772153299149,85.0250523117118
2025-03-09 20:17:55.587667,2000.0,1535.0,527.0,2417.0,782.0,235.0,50.13830588891357,70.34166319922282,53.38040250810432,36.04065183831085,17.25288870413297,39.6561514281566,39.951072957339605,60.30026932405369,52.35772153299149,85.0250523117118
2025-03-09 20:17:55.587667,2059.0,1588.0,533.0,2413.0,772.0,233.0,50.13830588891357,70.34166319922282,53.38040250810432,36.04065183831085,17.25288870413297,39.6561514281566,39.951072957339605,60.30026932405369,52.35772153299149,85.0250523117118
2025-03-09 20:17:55.596000,2061.0,1557.0,539.0,2411.0,769.0,233.0,50.02459561545511,70.19827631069454,53.19324437021545,35.9720450660247,17.224956418987826,39.57149694230661,40.04594316426018,60.20435492376456,52.27682322933947,84.98366655792105
2025-03-09 20:17:55.596000,2062.0,1589.0,544.0,2416.0,771.0,234.0,50.02459561545511,70.19827631069454,53.19324437021545,35.9720450660247,17.224956418987826,39.57149694230661,40.04594316426018,60.20435492376456,52.27682322933947,84.98366655792105
2025-03-09 20:17:55.596000,2055.0,1584.0,535.0,2416.0,771.0,229.0,50.02459561545511,70.19827631069454,53.19324437021545,35.9720450660247,17.224956418987826,39.57149694230661,40.04594316426018,60.20435492376456,52.27682322933947,84.98366655792105
2025-03-09 20:17:55.596000,2061.0,1599.0,540.0,2416.0,769.0,233.0,50.02459561545511,70.19827631069454,53.19324437021545,35.9720450660247,17.224956418987826,39.57149694230661,40.04594316426018,60.20435492376456,52.27682322933947,84.98366655792105
2025-03-09 20:17:55.604333,2044.0,1591.0,527.0,2413.0,769.0,234.0,49.92620892745402,70.06236868581027,53.0101793596572,35.910323009564394,17.198331775148656,39.494234332871535,40.1427344401822,60.11581679529131,52.197170926713305,84.94556795526655
2025-03-09 20:17:55.604333,2058.0,1594.0,543.0,2434.0,767.0,231.0,49.92620892745402,70.06236868581027,53.0101793596572,35.910323009564394,17.198331775148656,39.494234332871535,40.1427344401822,60.11581679529131,52.197170926713305,84.94556795526655
2025-03-09 20:17:55.604333,2061.0,1594.0,540.0,2405.0,767.0,233.0,49.92620892745402,70.06236868581027,53.0101793596572,35.910323009564394,17.198331775148656,39.494234332871535,40.1427344401822,60.11581679529131,52.197170926713305,84.94556795526655
2025-03-09 20:17:55.612667,2060.0,1610.0,549.0,2411.0,765.0,231.0,49.84133458458744,69.93443068384728,52.830577840344596,35.85401978048621,17.172755028368837,39.4230081847638,40.24202652656059,60.034418315913854,52.11983016626626,84.9097883844957
2025-03-09 20:17:55.612667,2065.0,1607.0,556.0,2409.0,766.0,229.0,49.84133458458744,69.93443068384728,52.830577840344596,35.85401978048621,17.172755028368837,39.4230081847638,40.24202652656059,60.034418315913854,52.11983016626626,84.9097883844957
2025-03-09 20:17:55.612667,2047.0,1616.0,551.0,2409.0,763.0,233.0,49.84133458458744,69.93443068384728,52.830577840344596,35.85401978048621,17.172755028368837,39.4230081847638,40.24202652656059,60.034418315913854,52.11983016626626,84.9097883844957
2025-03-09 20:17:55.621000,2073.0,1616.0,551.0,2407.0,765.0,231.0,49.768577349636196,69.8143378660211,52.65409050058357,35.801298270148585,17.148146734471126,39.35598236436032,40.34440366292189,59.96028804742826,52.04475192952638,84.87468780177619
2025-03-09 20:17:55.621000,2065.0,1635.0,567.0,2403.0,766.0,228.0,49.768577349636196,69.8143378660211,52.65409050058357,35.801298270148585,17.148146734471126,39.35598236436032,40.34440366292189,59.96028804742826,52.04475192952638,84.87468780177619
2025-03-09 20:17:55.621000,2063.0,1616.0,552.0,2407.0,762.0,227.0,49.768577349636196,69.8143378660211,52.65409050058357,35.801298270148585,17.148146734471126,39.35598236436032,40.34440366292189,59.96028804742826,52.04475192952638,84.87468780177619
2025-03-09 20:17:55.621000,2064.0,1639.0,560.0,2401.0,758.0,226.0,49.768577349636196,69.8143378660211,52.65409050058357,35.801298270148585,17.148146734471126,39.35598236436032,40.34440366292189,59.96028804742826,52.04475192952638,84.87468780177619
2025-03-09 20:17:55.629333,2064.0,1639.0,555.0,2405.0,757.0,230.0,49.706931148777095,69.7021775699042,52.4825798940412,35.75067431625098,17.124423254267786,39.291700944045026,40.44792500504769,59.89370127545543,51.971540442476254,84.83952083059928
2025-03-09 20:17:55.629333,2065.0,1641.0,561.0,2402.0,762.0,227.0,49.706931148777095,69.7021775699042,52.4825798940412,35.75067431625098,17.124423254267786,39.291700944045026,40.44792500504769,59.89370127545543,51.971540442476254,84.83952083059928
2025-03-09 20:17:55.629333,2063.0,1647.0,560.0,2402.0,759.0,229.0,49.706931148777095,69.7021775699042,52.4825798940412,35.75067431625098,17.124423254267786,39.291700944045026,40.44792500504769,59.89370127545543,51.971540442476254,84.83952083059928
2025-03-09 20:17:55.637667,2064.0,1648.0,571.0,2405.0,758.0,229.0,49.6556898379612,69.59784094762053,52.3176525438484,35.70221621824495,17.101341367794667,39.23017066503673,40.55030365101869,59.83443102800539,51.90023765581002,84.80373000201816
2025-03-09 20:17:55.637667,2062.0,1647.0,560.0,2402.0,757.0,227.0,49.6556898379612,69.59784094762053,52.3176525438484,35.70221621824495,17.101341367794667,39.23017066503673,40.55030365101869,59.83443102800539,51.90023765581002,84.80373000201816
2025-03-09 20:17:55.637667,2043.0,1648.0,560.0,2403.0,762.0,228.0,49.6556898379612,69.59784094762053,52.3176525438484,35.70221621824495,17.101341367794667,39.23017066503673,40.55030365101869,59.83443102800539,51.90023765581002,84.80373000201816
2025-03-09 20:17:55.637667,2063.0,1638.0,565.0,2402.0,758.0,227.0,49.6556898379612,69.59784094762053,52.3176525438484,35.70221621824495,17.101341367794667,39.23017066503673,40.55030365101869,59.83443102800539,51.90023765581002,84.80373000201816
2025-03-09 20:17:55.646000,2064.0,1648.0,567.0,2400.0,754.0,227.0,49.61432009803251,69.50121220091526,52.15918329142784,35.65741239195388,17.07900442645879,39.17290118043349,40.65122142691275,59.78166073083598,51.8317174169838,84.76715342422992
2025-03-09 20:17:55.646000,2046.0,1648.0,576.0,2396.0,754.0,225.0,49.61432009803251,69.50121220091526,52.15918329142784,35.65741239195388,17.07900442645879,39.17290118043349,40.65122142691275,59.78166073083598,51.8317174169838,84.76715342422992
2025-03-09 20:17:55.646000,2055.0,1650.0,590.0,2385.0,754.0,225.0,49.61432009803251,69.50121220091526,52.15918329142784,35.65741239195388,17.07900442645879,39.17290118043349,40.65122142691275,59.78166073083598,51.8317174169838,84.76715342422992
2025-03-09 20:17:55.654333,2046.0,1650.0,582.0,2395.0,752.0,226.0,49.58181421602372,69.41217754610864,52.00652390702216,35.6162646071625,17.057815445855486,39.12002581828623,40.75158845526539,59.734837462477145,51.766466873466555,84.7309354544407
2025-03-09 20:17:55.654333,2053.0,1635.0,571.0,2401.0,753.0,225.0,49.58181421602372,69.41217754610864,52.00652390702216,35.6162646071625,17.057815445855486,39.12002581828623,40.75158845526539,59.734837462477145,51.766466873466555,84.7309354544407
2025-03-09 20:17:55.654333,2039.0,1653.0,582.0,2400.0,752.0,227.0,49.58181421602372,69.41217754610864,52.00652390702216,35.6162646071625,17.057815445855486,39.12002581828623,40.75158845526539,59.734837462477145,51.766466873466555,84.7309354544407
2025-03-09 20:17:55.654333,2090.0,1648.0,578.0,2398.0,752.0,225.0,49.58181421602372,69.41217754610864,52.00652390702216,35.6162646071625,17.057815445855486,39.12002581828623,40.75158845526539,59.734837462477145,51.766466873466555,84.7309354544407
2025-03-09 20:17:55.662667,2037.0,1664.0,579.0,2399.0,752.0,224.0,49.55749131632293,69.3310781354316,51.86034813786709,35.577886645579675,17.03763483039999,39.07049051497548,40.851477188880835,59.694843730021375,51.70509309851159,84.69619920144333
2025-03-09 20:17:55.662667,2034.0,1658.0,587.0,2397.0,752.0,226.0,49.55749131632293,69.3310781354316,51.86034813786709,35.577886645579675,17.03763483039999,39.07049051497548,40.851477188880835,59.694843730021375,51.70509309851159,84.69619920144333
2025-03-09 20:17:55.662667,2034.0,1650.0,587.0,2398.0,752.0,224.0,49.55749131632293,69.3310781354316,51.86034813786709,35.577886645579675,17.03763483039999,39.07049051497548,40.851477188880835,59.694843730021375,51.70509309851159,84.69619920144333
2025-03-09 20:17:55.671000,2032.0,1655.0,582.0,2401.0,752.0,225.0,49.54082226349129,69.25862293803156,51.72331708600919,35.54303791043634,17.01820875657961,39.02489245154654,40.94833580278488,59.66222725588971,51.64893400652262,84.66311101541609
2025-03-09 20:17:55.671000,2023.0,1647.0,582.0,2397.0,752.0,225.0,49.54082226349129,69.25862293803156,51.72331708600919,35.54303791043634,17.01820875657961,39.02489245154654,40.94833580278488,59.66222725588971,51.64893400652262,84.66311101541609
2025-03-09 20:17:55.671000,2017.0,1634.0,583.0,2399.0,752.0,226.0,49.54082226349129,69.25862293803156,51.72331708600919,35.54303791043634,17.01820875657961,39.02489245154654,40.94833580278488,59.66222725588971,51.64893400652262,84.66311101541609
2025-03-09 20:17:55.679333,2032.0,1648.0,577.0,2401.0,752.0,224.0,49.53072641600741,69.19409051873092,51.596692793112034,35.51273876992317,16.99988746394659,38.98446448847236,41.03965150349806,59.63532637464612,51.59764113663204,84.6313475214297
2025-03-09 20:17:55.679333,2023.0,1663.0,579.0,2393.0,750.0,219.0,49.53072641600741,69.19409051873092,51.596692793112034,35.51273876992317,16.99988746394659,38.98446448847236,41.03965150349806,59.63532637464612,51.59764113663204,84.6313475214297
2025-03-09 20:17:55.679333,2087.0,1651.0,587.0,2389.0,751.0,222.0,49.53072641600741,69.19409051873092,51.596692793112034,35.51273876992317,16.99988746394659,38.98446448847236,41.03965150349806,59.63532637464612,51.59764113663204,84.6313475214297
2025-03-09 20:17:55.679333,2021.0,1650.0,587.0,2395.0,751.0,221.0,49.53072641600741,69.19409051873092,51.596692793112034,35.51273876992317,16.99988746394659,38.98446448847236,41.03965150349806,59.63532637464612,51.59764113663204,84.6313475214297
2025-03-09 20:17:55.687667,1990.0,1652.0,588.0,2390.0,751.0,224.0,49.5261695094354,69.13552341572485,51.4798788195947,35.48730934132216,16.98310683420731,38.949634269591385,41.12455337092423,59.61218626590768,51.5493790954821,84.60032257491193
2025-03-09 20:17:55.687667,2021.0,1650.0,590.0,2394.0,751.0,222.0,49.5261695094354,69.13552341572485,51.4798788195947,35.48730934132216,16.98310683420731,38.949634269591385,41.12455337092423,59.61218626590768,51.5493790954821,84.60032257491193
2025-03-09 20:17:55.687667,2023.0,1650.0,589.0,2397.0,750.0,225.0,49.5261695094354,69.13552341572485,51.4798788195947,35.48730934132216,16.98310683420731,38.949634269591385,41.12455337092423,59.61218626590768,51.5493790954821,84.60032257491193
2025-03-09 20:17:55.696000,2012.0,1652.0,587.0,2395.0,750.0,222.0,49.5268263266068,69.08213283592703,51.37278546508,35.46712810964104,16.968499554753528,38.920886401120505,41.203077902426124,59.592133695586334,51.50331500575413,84.57020631556831
2025-03-09 20:17:55.696000,2023.0,1664.0,592.0,2394.0,746.0,222.0,49.5268263266068,69.08213283592703,51.37278546508,35.46712810964104,16.968499554753528,38.920886401120505,41.203077902426124,59.592133695586334,51.50331500575413,84.57020631556831
2025-03-09 20:17:55.696000,2031.0,1664.0,592.0,2391.0,749.0,223.0,49.5268263266068,69.08213283592703,51.37278546508,35.46712810964104,16.968499554753528,38.920886401120505,41.203077902426124,59.592133695586334,51.50331500575413,84.57020631556831
2025-03-09 20:17:55.696000,2023.0,1670.0,597.0,2391.0,746.0,223.0,49.5268263266068,69.08213283592703,51.37278546508,35.46712810964104,16.968499554753528,38.920886401120505,41.203077902426124,59.592133695586334,51.50331500575413,84.57020631556831
2025-03-09 20:17:55.704333,2013.0,1664.0,592.0,2393.0,749.0,221.0,49.53273030225519,69.03441262006854,51.27596335274598,35.450811701326366,16.956352904656523,38.896915368264175,41.27570583345324,59.57609439908615,51.4591117589475,84.54132116707358
2025-03-09 20:17:55.704333,2011.0,1662.0,592.0,2393.0,750.0,221.0,49.53273030225519,69.03441262006854,51.27596335274598,35.450811701326366,16.956352904656523,38.896915368264175,41.27570583345324,59.57609439908615,51.4591117589475,84.54132116707358
2025-03-09 20:17:55.704333,2013.0,1667.0,586.0,2394.0,749.0,222.0,49.53273030225519,69.03441262006854,51.27596335274598,35.450811701326366,16.956352904656523,38.896915368264175,41.27570583345324,59.57609439908615,51.4591117589475,84.54132116707358
2025-03-09 20:17:55.712667,2011.0,1667.0,594.0,2393.0,749.0,225.0,49.54429656789381,68.9929748053623,51.190347591382064,35.435839299987194,16.94615636710363,38.8751647887157,41.34180764772741,59.56540777259621,51.415765609875805,84.51208136038876
2025-03-09 20:17:55.712667,2006.0,1664.0,601.0,2396.0,750.0,221.0,49.54429656789381,68.9929748053623,51.190347591382064,35.435839299987194,16.94615636710363,38.8751647887157,41.34180764772741,59.56540777259621,51.415765609875805,84.51208136038876
2025-03-09 20:17:55.712667,2005.0,1670.0,592.0,2391.0,746.0,221.0,49.54429656789381,68.9929748053623,51.190347591382064,35.435839299987194,16.94615636710363,38.8751647887157,41.34180764772741,59.56540777259621,51.415765609875805,84.51208136038876
2025-03-09 20:17:55.712667,2006.0,1667.0,602.0,2387.0,747.0,219.0,49.54429656789381,68.9929748053623,51.190347591382064,35.435839299987194,16.94615636710363,38.8751647887157,41.34180764772741,59.56540777259621,51.415765609875805,84.51208136038876
2025-03-09 20:17:55.721000,2001.0,1671.0,601.0,2394.0,747.0,219.0,49.562919160030525,68.95849932837886,51.116697085990516,35.421690335707005,16.936940674069884,38.85481157282477,41.40055121047525,59.56155526157924,51.373078548411456,84.48162012452956
2025-03-09 20:17:55.721000,2002.0,1674.0,593.0,2391.0,749.0,218.0,49.562919160030525,68.95849932837886,51.116697085990516,35.421690335707005,16.936940674069884,38.85481157282477,41.40055121047525,59.56155526157924,51.373078548411456,84.48162012452956
2025-03-09 20:17:55.721000,2001.0,1665.0,596.0,2389.0,746.0,221.0,49.562919160030525,68.95849932837886,51.116697085990516,35.421690335707005,16.936940674069884,38.85481157282477,41.40055121047525,59.56155526157924,51.373078548411456,84.48162012452956
2025-03-09 20:17:55.729333,2001.0,1651.0,597.0,2386.0,738.0,222.0,49.58956163345259,68.93169528450085,51.05593086946827,35.409925446021916,16.928248445953614,38.8371663454423,41.45118043542931,59.56532745883546,51.332222836023114,84.45060646917861
2025-03-09 20:17:55.729333,2000.0,1655.0,603.0,2391.0,746.0,222.0,49.58956163345259,68.93169528450085,51.05593086946827,35.409925446021916,16.928248445953614,38.8371663454423,41.45118043542931,59.56532745883546,51.332222836023114,84.45060646917861
2025-03-09 20:17:55.729333,1997.0,1664.0,605.0,2390.0,742.0,219.0,49.58956163345259,68.93169528450085,51.05593086946827,35.409925446021916,16.928248445953614,38.8371663454423,41.45118043542931,59.56532745883546,51.332222836023114,84.45060646917861
2025-03-09 20:17:55.737667,1998.0,1650.0,601.0,2389.0,745.0,217.0,49.62449937509593,68.9132620849716,51.008635988171186,35.40306172839315,16.9199390389552,38.82462265289717,41.49325304800284,59.57670203681872,51.295329427834005,84.41940031118206
2025-03-09 20:17:55.737667,2001.0,1654.0,599.0,2392.0,747.0,219.0,49.62449937509593,68.9132620849716,51.008635988171186,35.40306172839315,16.9199390389552,38.82462265289717,41.49325304800284,59.57670203681872,51.295329427834005,84.41940031118206
2025-03-09 20:17:55.737667,2003.0,1657.0,597.0,2394.0,747.0,222.0,49.62449937509593,68.9132620849716,51.008635988171186,35.40306172839315,16.9199390389552,38.82462265289717,41.49325304800284,59.57670203681872,51.295329427834005,84.41940031118206
2025-03-09 20:17:55.737667,2000.0,1651.0,598.0,2391.0,744.0,221.0,49.62449937509593,68.9132620849716,51.008635988171186,35.40306172839315,16.9199390389552,38.82462265289717,41.49325304800284,59.57670203681872,51.295329427834005,84.41940031118206
2025-03-09 20:17:55.746000,1998.0,1648.0,594.0,2390.0,745.0,223.0,49.66750006094141,68.90352748162233,50.9751742296344,35.40211812164323,16.912653782934132,38.81857657549786,41.5264312455886,59.59470764025508,51.26294869937075,84.38782117672015
2025-03-09 20:17:55.746000,1991.0,1647.0,605.0,2392.0,743.0,222.0,49.66750006094141,68.90352748162233,50.9751742296344,35.40211812164323,16.912653782934132,38.81857657549786,41.5264312455886,59.59470764025508,51.26294869937075,84.38782117672015
2025-03-09 20:17:55.746000,1994.0,1645.0,598.0,2390.0,742.0,218.0,49.66750006094141,68.90352748162233,50.9751742296344,35.40211812164323,16.912653782934132,38.81857657549786,41.5264312455886,59.59470764025508,51.26294869937075,84.38782117672015
2025-03-09 20:17:55.754333,1988.0,1639.0,599.0,2385.0,745.0,218.0,49.718524024535434,68.9033742680711,50.95572555409422,35.40722628239094,16.906386005450283,38.81934031215461,41.55083479473799,59.61931573246933,51.23616315223175,84.35672421709852
2025-03-09 20:17:55.754333,1999.0,1641.0,598.0,2391.0,744.0,219.0,49.718524024535434,68.9033742680711,50.95572555409422,35.40722628239094,16.906386005450283,38.81934031215461,41.55083479473799,59.61931573246933,51.23616315223175,84.35672421709852
2025-03-09 20:17:55.754333,1985.0,1645.0,592.0,2391.0,743.0,217.0,49.718524024535434,68.9033742680711,50.95572555409422,35.40722628239094,16.906386005450283,38.81934031215461,41.55083479473799,59.61931573246933,51.23616315223175,84.35672421709852
2025-03-09 20:17:55.754333,1991.0,1647.0,592.0,2391.0,743.0,221.0,49.718524024535434,68.9033742680711,50.95572555409422,35.40722628239094,16.906386005450283,38.81934031215461,41.55083479473799,59.61931573246933,51.23616315223175,84.35672421709852
2025-03-09 20:17:55.762667,1987.0,1648.0,598.0,2390.0,747.0,219.0,49.77764847127931,68.91324591049516,50.94944842026626,35.418561103699616,16.90107476651843,38.827304447726185,41.567106934672694,59.64997675092685,51.215567193176675,84.3267534363106
2025-03-09 20:17:55.762667,1969.0,1621.0,590.0,2389.0,745.0,219.0,49.77764847127931,68.91324591049516,50.94944842026626,35.418561103699616,16.90107476651843,38.827304447726185,41.567106934672694,59.64997675092685,51.215567193176675,84.3267534363106
2025-03-09 20:17:55.762667,1973.0,1630.0,601.0,2387.0,742.0,218.0,49.77764847127931,68.91324591049516,50.94944842026626,35.418561103699616,16.90107476651843,38.827304447726185,41.567106934672694,59.64997675092685,51.215567193176675,84.3267534363106
2025-03-09 20:17:55.771000,1977.0,1621.0,589.0,2387.0,746.0,220.0,49.84525979600652,68.9332267261809,50.95582924373606,35.43594060931335,16.89677281846876,38.84230225160372,41.57608753397121,59.6869045783193,51.20105321201195,84.29845629986589
2025-03-09 20:17:55.771000,1973.0,1629.0,609.0,2387.0,747.0,219.0,49.84525979600652,68.9332267261809,50.95582924373606,35.43594060931335,16.89677281846876,38.84230225160372,41.57608753397121,59.6869045783193,51.20105321201195,84.29845629986589
2025-03-09 20:17:55.771000,1970.0,1617.0,598.0,2389.0,743.0,217.0,49.84525979600652,68.9332267261809,50.95582924373606,35.43594060931335,16.89677281846876,38.84230225160372,41.57608753397121,59.6869045783193,51.20105321201195,84.29845629986589
2025-03-09 20:17:55.771000,1966.0,1621.0,595.0,2386.0,741.0,217.0,49.84525979600652,68.9332267261809,50.95582924373606,35.43594060931335,16.89677281846876,38.84230225160372,41.57608753397121,59.6869045783193,51.20105321201195,84.29845629986589
2025-03-09 20:17:55.779333,1971.0,1619.0,592.0,2391.0,747.0,218.0,49.92189516013348,68.96301600896747,50.97431299487286,35.458910173839406,16.89332030142548,38.86367901290239,41.57866692168922,59.73073672139961,51.19205979158603,84.2719907786571
2025-03-09 20:17:55.779333,1959.0,1606.0,589.0,2386.0,747.0,218.0,49.92189516013348,68.96301600896747,50.97431299487286,35.458910173839406,16.89332030142548,38.86367901290239,41.57866692168922,59.73073672139961,51.19205979158603,84.2719907786571
2025-03-09 20:17:55.779333,1959.0,1612.0,592.0,2389.0,749.0,219.0,49.92189516013348,68.96301600896747,50.97431299487286,35.458910173839406,16.89332030142548,38.86367901290239,41.57866692168922,59.73073672139961,51.19205979158603,84.2719907786571
2025-03-09 20:17:55.787667,1954.0,1595.0,592.0,2397.0,746.0,215.0,50.00902273029235,69.00342458863604,51.00480752281018,35.48657460234866,16.891123492282293,38.89056069820868,41.57674137092966,59.78315920305965,51.18818595660396,84.24792680848537
2025-03-09 20:17:55.787667,1953.0,1601.0,593.0,2387.0,746.0,219.0,50.00902273029235,69.00342458863604,51.00480752281018,35.48657460234866,16.891123492282293,38.89056069820868,41.57674137092966,59.78315920305965,51.18818595660396,84.24792680848537
2025-03-09 20:17:55.787667,1950.0,1609.0,591.0,2389.0,748.0,222.0,50.00902273029235,69.00342458863604,51.00480752281018,35.48657460234866,16.891123492282293,38.89056069820868,41.57674137092966,59.78315920305965,51.18818595660396,84.24792680848537
2025-03-09 20:17:55.796000,1946.0,1611.0,591.0,2394.0,747.0,219.0,50.10870867409776,69.0556651194284,51.04728285000941,35.51694729874762,16.891583149343894,38.921527235646124,41.57290229100356,59.845750779268194,51.18771763085779,84.22644257985935
2025-03-09 20:17:55.796000,1951.0,1603.0,592.0,2387.0,746.0,217.0,50.10870867409776,69.0556651194284,51.04728285000941,35.51694729874762,16.891583149343894,38.921527235646124,41.57290229100356,59.845750779268194,51.18771763085779,84.22644257985935
2025-03-09 20:17:55.796000,1932.0,1586.0,589.0,2390.0,750.0,221.0,50.10870867409776,69.0556651194284,51.04728285000941,35.51694729874762,16.891583149343894,38.921527235646124,41.57290229100356,59.845750779268194,51.18771763085779,84.22644257985935
2025-03-09 20:17:55.796000,1934.0,1575.0,590.0,2389.0,751.0,215.0,50.10870867409776,69.0556651194284,51.04728285000941,35.51694729874762,16.891583149343894,38.921527235646124,41.57290229100356,59.845750779268194,51.18771763085779,84.22644257985935
2025-03-09 20:17:55.804333,1925.0,1584.0,587.0,2390.0,749.0,220.0,50.22152837276337,69.11959427212834,51.1016810735173,35.547541539613036,16.89617683435105,38.95474774060848,41.56846303672274,59.91852068672641,51.18785745559433,84.20704049278946
2025-03-09 20:17:55.804333,1919.0,1586.0,587.0,2394.0,746.0,218.0,50.22152837276337,69.11959427212834,51.1016810735173,35.547541539613036,16.89617683435105,38.95474774060848,41.56846303672274,59.91852068672641,51.18785745559433,84.20704049278946
2025-03-09 20:17:55.804333,1923.0,1574.0,578.0,2388.0,750.0,222.0,50.22152837276337,69.11959427212834,51.1016810735173,35.547541539613036,16.89617683435105,38.95474774060848,41.56846303672274,59.91852068672641,51.18785745559433,84.20704049278946
2025-03-09 20:17:55.812667,1914.0,1571.0,587.0,2393.0,751.0,218.0,50.34628640111829,69.19406072401088,51.16815043351537,35.577340677515004,16.905827857762684,38.98952523330069,41.56321677477548,60.00025369996489,51.18706725324787,84.18907350280895
2025-03-09 20:17:55.812667,1919.0,1573.0,587.0,2391.0,750.0,222.0,50.34628640111829,69.19406072401088,51.16815043351537,35.577340677515004,16.905827857762684,38.98952523330069,41.56321677477548,60.00025369996489,51.18706725324787,84.18907350280895
2025-03-09 20:17:55.812667,1897.0,1535.0,581.0,2394.0,752.0,220.0,50.34628640111829,69.19406072401088,51.16815043351537,35.577340677515004,16.905827857762684,38.98952523330069,41.56321677477548,60.00025369996489,51.18706725324787,84.18907350280895
2025-03-09 20:17:55.812667,1890.0,1535.0,576.0,2391.0,752.0,221.0,50.34628640111829,69.19406072401088,51.16815043351537,35.577340677515004,16.905827857762684,38.98952523330069,41.56321677477548,60.00025369996489,51.18706725324787,84.18907350280895
2025-03-09 20:17:55.821000,1886.0,1535.0,577.0,2395.0,753.0,219.0,50.48168537383767,69.27874241450182,51.24728246988579,35.607721266375,16.920717090741295,39.027197218427375,41.55641262057037,60.09003069450001,51.18675120462474,84.17273041572781
2025-03-09 20:17:55.821000,1886.0,1529.0,570.0,2398.0,752.0,218.0,50.48168537383767,69.27874241450182,51.24728246988579,35.607721266375,16.920717090741295,39.027197218427375,41.55641262057037,60.09003069450001,51.18675120462474,84.17273041572781
2025-03-09 20:17:55.821000,1891.0,1523.0,567.0,2395.0,752.0,222.0,50.48168537383767,69.27874241450182,51.24728246988579,35.607721266375,16.920717090741295,39.027197218427375,41.55641262057037,60.09003069450001,51.18675120462474,84.17273041572781
2025-03-09 20:17:55.829333,1882.0,1533.0,578.0,2394.0,753.0,223.0,50.62605136429983,69.373284690087,51.33926077341703,35.640930645204136,16.9396044957871,39.0695088220586,41.546345379120716,60.18682115283598,51.18978548109831,84.15802683514875
2025-03-09 20:17:55.829333,1884.0,1520.0,575.0,2398.0,752.0,221.0,50.62605136429983,69.373284690087,51.33926077341703,35.640930645204136,16.9396044957871,39.0695088220586,41.546345379120716,60.18682115283598,51.18978548109831,84.15802683514875
2025-03-09 20:17:55.829333,1855.0,1493.0,562.0,2401.0,758.0,222.0,50.62605136429983,69.373284690087,51.33926077341703,35.640930645204136,16.9396044957871,39.0695088220586,41.546345379120716,60.18682115283598,51.18978548109831,84.15802683514875
2025-03-09 20:17:55.829333,1851.0,1486.0,574.0,2399.0,755.0,221.0,50.62605136429983,69.373284690087,51.33926077341703,35.640930645204136,16.9396044957871,39.0695088220586,41.546345379120716,60.18682115283598,51.18978548109831,84.15802683514875
2025-03-09 20:17:55.837667,1842.0,1487.0,561.0,2400.0,762.0,223.0,50.77745560816221,69.47614801960421,51.44183318768658,35.67741663610665,16.960871150926597,39.11623560997105,41.53320345454197,60.289463874787245,51.19741261694209,84.14363776228615
2025-03-09 20:17:55.837667,1835.0,1482.0,564.0,2402.0,761.0,222.0,50.77745560816221,69.47614801960421,51.44183318768658,35.67741663610665,16.960871150926597,39.11623560997105,41.53320345454197,60.289463874787245,51.19741261694209,84.14363776228615
2025-03-09 20:17:55.837667,1837.0,1473.0,570.0,2397.0,764.0,221.0,50.77745560816221,69.47614801960421,51.44183318768658,35.67741663610665,16.960871150926597,39.11623560997105,41.53320345454197,60.289463874787245,51.19741261694209,84.14363776228615
2025-03-09 20:17:55.846000,1839.0,1474.0,563.0,2400.0,763.0,223.0,50.934330325867435,69.58470206859515,51.55044569027116,35.71600901089006,16.9844472777856,39.16602263153165,41.52038792809524,60.39627205165083,51.20793394016523,84.1280076904752
2025-03-09 20:17:55.846000,1837.0,1461.0,565.0,2402.0,763.0,223.0,50.934330325867435,69.58470206859515,51.55044569027116,35.71600901089006,16.9844472777856,39.16602263153165,41.52038792809524,60.39627205165083,51.20793394016523,84.1280076904752
2025-03-09 20:17:55.846000,1795.0,1422.0,560.0,2410.0,765.0,222.0,50.934330325867435,69.58470206859515,51.55044569027116,35.71600901089006,16.9844472777856,39.16602263153165,41.52038792809524,60.39627205165083,51.20793394016523,84.1280076904752
2025-03-09 20:17:55.854333,1802.0,1418.0,553.0,2407.0,768.0,223.0,51.095598041137464,69.69651019639953,51.66150986669174,35.75487032126872,17.010524171885425,39.21682644994913,41.511183001019944,60.506505228673305,51.21901021756612,84.11025889392204
2025-03-09 20:17:55.854333,1792.0,1426.0,555.0,2403.0,769.0,223.0,51.095598041137464,69.69651019639953,51.66150986669174,35.75487032126872,17.010524171885425,39.21682644994913,41.511183001019944,60.506505228673305,51.21901021756612,84.11025889392204
2025-03-09 20:17:55.854333,1786.0,1415.0,556.0,2407.0,767.0,223.0,51.095598041137464,69.69651019639953,51.66150986669174,35.75487032126872,17.010524171885425,39.21682644994913,41.511183001019944,60.506505228673305,51.21901021756612,84.11025889392204
2025-03-09 20:17:55.854333,1792.0,1413.0,551.0,2411.0,768.0,226.0,51.095598041137464,69.69651019639953,51.66150986669174,35.75487032126872,17.010524171885425,39.21682644994913,41.511183001019944,60.506505228673305,51.21901021756612,84.11025889392204
2025-03-09 20:17:55.862667,1777.0,1407.0,553.0,2406.0,767.0,223.0,51.2601756326234,69.81087960365647,51.77646074217326,35.79418956489266,17.03751952414332,39.26820849867599,41.50248343711875,60.6200948882645,51.231389023405214,84.0908903631359
2025-03-09 20:17:55.862667,1776.0,1407.0,549.0,2410.0,766.0,225.0,51.2601756326234,69.81087960365647,51.77646074217326,35.79418956489266,17.03751952414332,39.26820849867599,41.50248343711875,60.6200948882645,51.231389023405214,84.0908903631359
2025-03-09 20:17:55.862667,1733.0,1360.0,533.0,2414.0,778.0,225.0,51.2601756326234,69.81087960365647,51.77646074217326,35.79418956489266,17.03751952414332,39.26820849867599,41.50248343711875,60.6200948882645,51.231389023405214,84.0908903631359
2025-03-09 20:17:55.862667,1740.0,1359.0,545.0,2414.0,777.0,227.0,51.2601756326234,69.81087960365647,51.77646074217326,35.79418956489266,17.03751952414332,39.26820849867599,41.50248343711875,60.6200948882645,51.231389023405214,84.0908903631359
2025-03-09 20:17:55.871000,1737.0,1355.0,543.0,2411.0,778.0,224.0,51.42801761453724,69.92954260485466,51.9006524415109,35.8365019700457,17.063260846418824,39.32247617897793,41.48605288041774,60.736433318215035,51.2481593858442,84.07203877256337
2025-03-09 20:17:55.871000,1738.0,1355.0,550.0,2413.0,779.0,228.0,51.42801761453724,69.92954260485466,51.9006524415109,35.8365019700457,17.063260846418824,39.32247617897793,41.48605288041774,60.736433318215035,51.2481593858442,84.07203877256337
2025-03-09 20:17:55.871000,1728.0,1344.0,545.0,2413.0,779.0,226.0,51.42801761453724,69.92954260485466,51.9006524415109,35.8365019700457,17.063260846418824,39.32247617897793,41.48605288041774,60.736433318215035,51.2481593858442,84.07203877256337
2025-03-09 20:17:55.871000,1727.0,1344.0,544.0,2410.0,781.0,227.0,51.42801761453724,69.92954260485466,51.9006524415109,35.8365019700457,17.063260846418824,39.32247617897793,41.48605288041774,60.736433318215035,51.2481593858442,84.07203877256337
2025-03-09 20:17:55.879333,1722.0,1342.0,539.0,2414.0,781.0,227.0,51.6008984937784,70.05412572530071,52.036713531612605,35.883225264073765,17.087066054685703,39.38132855967339,41.4581028936278,60.85524365354873,51.27010317284304,84.05508366152634
2025-03-09 20:17:55.879333,1686.0,1299.0,531.0,2417.0,784.0,229.0,51.6008984937784,70.05412572530071,52.036713531612605,35.883225264073765,17.087066054685703,39.38132855967339,41.4581028936278,60.85524365354873,51.27010317284304,84.05508366152634
2025-03-09 20:17:55.887667,1683.0,1296.0,535.0,2416.0,785.0,231.0,51.78002511499789,70.1850020354335,52.184163093110485,35.934958289526385,17.109195062572486,39.44534731998223,41.42000749943364,60.97715030440571,51.297407353565646,84.04104681174091
2025-03-09 20:17:55.887667,1682.0,1289.0,526.0,2416.0,785.0,231.0,51.78002511499789,70.1850020354335,52.184163093110485,35.934958289526385,17.109195062572486,39.44534731998223,41.42000749943364,60.97715030440571,51.297407353565646,84.04104681174091
2025-03-09 20:17:55.887667,1695.0,1287.0,528.0,2418.0,787.0,229.0,51.78002511499789,70.1850020354335,52.184163093110485,35.934958289526385,17.109195062572486,39.44534731998223,41.42000749943364,60.97715030440571,51.297407353565646,84.04104681174091
2025-03-09 20:17:55.887667,1679.0,1285.0,528.0,2415.0,789.0,227.0,51.78002511499789,70.1850020354335,52.184163093110485,35.934958289526385,17.109195062572486,39.44534731998223,41.42000749943364,60.97715030440571,51.297407353565646,84.04104681174091
2025-03-09 20:17:55.896000,1680.0,1276.0,526.0,2413.0,787.0,230.0,51.96529783901169,70.32280638019824,52.34253433049951,35.99129734538173,17.13087464484125,39.51431856113729,41.37459659546944,61.10307036237883,51.33074457722638,84.0317129139224
2025-03-09 20:17:55.896000,1670.0,1279.0,528.0,2415.0,788.0,227.0,51.96529783901169,70.32280638019824,52.34253433049951,35.99129734538173,17.13087464484125,39.51431856113729,41.37459659546944,61.10307036237883,51.33074457722638,84.0317129139224
2025-03-09 20:17:55.896000,1671.0,1269.0,528.0,2417.0,791.0,230.0,51.96529783901169,70.32280638019824,52.34253433049951,35.99129734538173,17.13087464484125,39.51431856113729,41.37459659546944,61.10307036237883,51.33074457722638,84.0317129139224
2025-03-09 20:17:55.896000,1636.0,1228.0,511.0,2423.0,797.0,231.0,51.96529783901169,70.32280638019824,52.34253433049951,35.99129734538173,17.13087464484125,39.51431856113729,41.37459659546944,61.10307036237883,51.33074457722638,84.0317129139224
2025-03-09 20:17:55.904333,1642.0,1220.0,506.0,2421.0,797.0,231.0,52.15560153635537,70.46731735584729,52.511895516028055,36.04933494049369,17.154859424235593,39.585824634145794,41.32602526112925,61.23434095971662,51.36870945634152,84.02707726842165
2025-03-09 20:17:55.904333,1632.0,1211.0,509.0,2422.0,797.0,231.0,52.15560153635537,70.46731735584729,52.511895516028055,36.04933494049369,17.154859424235593,39.585824634145794,41.32602526112925,61.23434095971662,51.36870945634152,84.02707726842165
2025-03-09 20:17:55.912667,1633.0,1215.0,523.0,2421.0,798.0,234.0,52.35001988016861,70.61744454706746,52.69117008015442,36.10558205671886,17.18262720592562,39.65625060902679,41.27898622605332,61.37304374719725,51.40952862702455,84.02470491667698
2025-03-09 20:17:55.912667,1627.0,1215.0,511.0,2423.0,798.0,236.0,52.35001988016861,70.61744454706746,52.69117008015442,36.10558205671886,17.18262720592562,39.65625060902679,41.27898622605332,61.37304374719725,51.40952862702455,84.02470491667698
2025-03-09 20:17:55.912667,1627.0,1216.0,509.0,2421.0,798.0,232.0,52.35001988016861,70.61744454706746,52.69117008015442,36.10558205671886,17.18262720592562,39.65625060902679,41.27898622605332,61.37304374719725,51.40952862702455,84.02470491667698
2025-03-09 20:17:55.912667,1625.0,1227.0,501.0,2423.0,800.0,233.0,52.35001988016861,70.61744454706746,52.69117008015442,36.10558205671886,17.18262720592562,39.65625060902679,41.27898622605332,61.37304374719725,51.40952862702455,84.02470491667698
2025-03-09 20:17:55.921000,1590.0,1167.0,503.0,2425.0,802.0,237.0,52.54883593697881,70.77334636781994,52.879960401409626,36.1598996185515,17.213885058334277,39.72560336382141,41.23329349601685,61.51871684856158,51.45313120300164,84.02401989558541
2025-03-09 20:17:55.921000,1585.0,1158.0,506.0,2416.0,801.0,236.0,52.54883593697881,70.77334636781994,52.879960401409626,36.1598996185515,17.213885058334277,39.72560336382141,41.23329349601685,61.51871684856158,51.45313120300164,84.02401989558541
2025-03-09 20:17:55.921000,1584.0,1153.0,496.0,2425.0,802.0,237.0,52.54883593697881,70.77334636781994,52.879960401409626,36.1598996185515,17.213885058334277,39.72560336382141,41.23329349601685,61.51871684856158,51.45313120300164,84.02401989558541
2025-03-09 20:17:55.921000,1590.0,1152.0,502.0,2429.0,803.0,238.0,52.54883593697881,70.77334636781994,52.879960401409626,36.1598996185515,17.213885058334277,39.72560336382141,41.23329349601685,61.51871684856158,51.45313120300164,84.02401989558541
2025-03-09 20:17:55.929333,1583.0,1151.0,496.0,2427.0,802.0,239.0,52.75210643218417,70.93504889310718,53.078520854632785,36.2151495401945,17.248554151928694,39.79753838023248,41.184973321096344,61.66733399642919,51.49961589530761,84.02693359492065
2025-03-09 20:17:55.929333,1579.0,1147.0,495.0,2429.0,804.0,238.0,52.75210643218417,70.93504889310718,53.078520854632785,36.2151495401945,17.248554151928694,39.79753838023248,41.184973321096344,61.66733399642919,51.49961589530761,84.02693359492065
2025-03-09 20:17:55.929333,1566.0,1137.0,499.0,2427.0,805.0,237.0,52.75210643218417,70.93504889310718,53.078520854632785,36.2151495401945,17.248554151928694,39.79753838023248,41.184973321096344,61.66733399642919,51.49961589530761,84.02693359492065
2025-03-09 20:17:55.929333,1535.0,1110.0,490.0,2435.0,815.0,240.0,52.75210643218417,70.93504889310718,53.078520854632785,36.2151495401945,17.248554151928694,39.79753838023248,41.184973321096344,61.66733399642919,51.49961589530761,84.02693359492065
2025-03-09 20:17:55.937667,1525.0,1104.0,486.0,2434.0,811.0,240.0,52.95997784404123,71.10144432592665,53.286257277790796,36.273492845162785,17.28596468924602,39.87408826601142,41.13224251139948,61.81701181677693,51.54886281471199,84.03501132067093
2025-03-09 20:17:55.937667,1521.0,1097.0,487.0,2434.0,809.0,239.0,52.95997784404123,71.10144432592665,53.286257277790796,36.273492845162785,17.28596468924602,39.87408826601142,41.13224251139948,61.81701181677693,51.54886281471199,84.03501132067093
2025-03-09 20:17:55.946000,1535.0,1106.0,470.0,2435.0,814.0,241.0,53.17224222636937,71.27228237786227,53.50319935684507,36.33525605729005,17.324743765306597,39.954934222304296,41.07436080188326,61.96835269281685,51.60200236919135,84.04938118543375
2025-03-09 20:17:55.946000,1521.0,1088.0,486.0,2437.0,814.0,240.0,53.17224222636937,71.27228237786227,53.50319935684507,36.33525605729005,17.324743765306597,39.954934222304296,41.07436080188326,61.96835269281685,51.60200236919135,84.04938118543375
2025-03-09 20:17:55.946000,1519.0,1088.0,480.0,2442.0,815.0,239.0,53.17224222636937,71.27228237786227,53.50319935684507,36.33525605729005,17.324743765306597,39.954934222304296,41.07436080188326,61.96835269281685,51.60200236919135,84.04938118543375
2025-03-09 20:17:55.946000,1517.0,1087.0,482.0,2435.0,813.0,240.0,53.17224222636937,71.27228237786227,53.50319935684507,36.33525605729005,17.324743765306597,39.954934222304296,41.07436080188326,61.96835269281685,51.60200236919135,84.04938118543375
2025-03-09 20:17:55.954333,1487.0,1053.0,478.0,2443.0,816.0,242.0,53.38784841891575,71.44761105406938,53.728757367092584,36.39996633051172,17.36289439548556,40.038934060247016,41.01038073856028,62.12166938364861,51.66072795541886,84.07098936163203
2025-03-09 20:17:55.954333,1481.0,1031.0,470.0,2447.0,816.0,242.0,53.38784841891575,71.44761105406938,53.728757367092584,36.39996633051172,17.36289439548556,40.038934060247016,41.01038073856028,62.12166938364861,51.66072795541886,84.07098936163203
2025-03-09 20:17:55.954333,1478.0,1033.0,471.0,2443.0,816.0,242.0,53.38784841891575,71.44761105406938,53.728757367092584,36.39996633051172,17.36289439548556,40.038934060247016,41.01038073856028,62.12166938364861,51.66072795541886,84.07098936163203
2025-03-09 20:17:55.954333,1478.0,1009.0,475.0,2443.0,816.0,242.0,53.38784841891575,71.44761105406938,53.728757367092584,36.39996633051172,17.36289439548556,40.038934060247016,41.01038073856028,62.12166938364861,51.66072795541886,84.07098936163203
2025-03-09 20:17:55.962667,1473.0,1015.0,464.0,2447.0,819.0,241.0,53.606986399299636,71.62694467677822,53.961964006912964,36.467868897325125,17.398163912877965,40.125528244394914,40.9392293431537,62.27717838411878,51.72578662277782,84.10083637986463
2025-03-09 20:17:55.962667,1472.0,1021.0,464.0,2448.0,818.0,242.0,53.606986399299636,71.62694467677822,53.961964006912964,36.467868897325125,17.398163912877965,40.125528244394914,40.9392293431537,62.27717838411878,51.72578662277782,84.10083637986463
2025-03-09 20:17:55.962667,1463.0,1040.0,464.0,2444.0,817.0,246.0,53.606986399299636,71.62694467677822,53.961964006912964,36.467868897325125,17.398163912877965,40.125528244394914,40.9392293431537,62.27717838411878,51.72578662277782,84.10083637986463
2025-03-09 20:17:55.962667,1473.0,980.0,455.0,2448.0,823.0,246.0,53.606986399299636,71.62694467677822,53.961964006912964,36.467868897325125,17.398163912877965,40.125528244394914,40.9392293431537,62.27717838411878,51.72578662277782,84.10083637986463
2025-03-09 20:17:55.971000,1446.0,981.0,458.0,2450.0,829.0,246.0,53.83008631583468,71.80878019929507,54.2011247611282,36.539184979863116,17.429590919603754,40.214451046769376,40.86126976629905,62.43445518081996,51.796110428831234,84.14020197499013
2025-03-09 20:17:55.971000,1424.0,977.0,457.0,2453.0,829.0,247.0,53.83008631583468,71.80878019929507,54.2011247611282,36.539184979863116,17.429590919603754,40.214451046769376,40.86126976629905,62.43445518081996,51.796110428831234,84.14020197499013
2025-03-09 20:17:55.971000,1424.0,976.0,458.0,2450.0,830.0,247.0,53.83008631583468,71.80878019929507,54.2011247611282,36.539184979863116,17.429590919603754,40.214451046769376,40.86126976629905,62.43445518081996,51.796110428831234,84.14020197499013
2025-03-09 20:17:55.979333,1421.0,965.0,454.0,2455.0,828.0,247.0,54.05673555665743,71.98998798664961,54.44291599561854,36.61404659071637,17.45742596571831,40.305635710717084,40.778532628386635,62.591681592606996,51.868848333247406,84.19028463341544
2025-03-09 20:17:55.979333,1421.0,985.0,455.0,2455.0,830.0,246.0,54.05673555665743,71.98998798664961,54.44291599561854,36.61404659071637,17.45742596571831,40.305635710717084,40.778532628386635,62.591681592606996,51.868848333247406,84.19028463341544
2025-03-09 20:17:55.979333,1424.0,965.0,458.0,2475.0,830.0,247.0,54.05673555665743,71.98998798664961,54.44291599561854,36.61404659071637,17.45742596571831,40.305635710717084,40.778532628386635,62.591681592606996,51.868848333247406,84.19028463341544
2025-03-09 20:17:55.979333,1377.0,937.0,441.0,2463.0,831.0,251.0,54.05673555665743,71.98998798664961,54.44291599561854,36.61404659071637,17.45742596571831,40.305635710717084,40.778532628386635,62.591681592606996,51.868848333247406,84.19028463341544
2025-03-09 20:17:55.987667,1389.0,933.0,402.0,2465.0,828.0,247.0,54.286934010534246,72.16721164006586,54.68536597635033,36.693687647012396,17.483097006600836,40.40042443454578,40.692552115278154,62.746654651048495,51.940651933647835,84.25266579165853
2025-03-09 20:17:55.987667,1385.0,919.0,443.0,2458.0,832.0,250.0,54.286934010534246,72.16721164006586,54.68536597635033,36.693687647012396,17.483097006600836,40.40042443454578,40.692552115278154,62.746654651048495,51.940651933647835,84.25266579165853
2025-03-09 20:17:55.987667,1382.0,930.0,442.0,2465.0,832.0,251.0,54.286934010534246,72.16721164006586,54.68536597635033,36.693687647012396,17.483097006600836,40.40042443454578,40.692552115278154,62.746654651048495,51.940651933647835,84.25266579165853
2025-03-09 20:17:55.996000,1377.0,917.0,447.0,2469.0,832.0,251.0,54.520196253926805,72.33848881563964,54.92994672662944,36.779829104573636,17.507752614981417,40.50048027290755,40.60234393557681,62.89835575734306,52.01062005626569,84.32973414824484
2025-03-09 20:17:55.996000,1379.0,916.0,446.0,2482.0,833.0,251.0,54.520196253926805,72.33848881563964,54.92994672662944,36.779829104573636,17.507752614981417,40.50048027290755,40.60234393557681,62.89835575734306,52.01062005626569,84.32973414824484
2025-03-09 20:17:55.996000,1375.0,930.0,442.0,2468.0,832.0,251.0,54.520196253926805,72.33848881563964,54.92994672662944,36.779829104573636,17.507752614981417,40.50048027290755,40.60234393557681,62.89835575734306,52.01062005626569,84.32973414824484
2025-03-09 20:17:55.996000,1377.0,913.0,448.0,2468.0,834.0,250.0,54.520196253926805,72.33848881563964,54.92994672662944,36.779829104573636,17.507752614981417,40.50048027290755,40.60234393557681,62.89835575734306,52.01062005626569,84.32973414824484
2025-03-09 20:17:56.004333,1353.0,882.0,437.0,2479.0,835.0,254.0,54.756158109631826,72.50386497459341,55.17905167996346,36.87402588531001,17.5308419841835,40.60677233817351,40.506103507955096,63.04772008378749,52.0809298220414,84.4242912779703
2025-03-09 20:17:56.004333,1355.0,882.0,434.0,2478.0,835.0,254.0,54.756158109631826,72.50386497459341,55.17905167996346,36.87402588531001,17.5308419841835,40.60677233817351,40.506103507955096,63.04772008378749,52.0809298220414,84.4242912779703
2025-03-09 20:17:56.004333,1349.0,874.0,430.0,2477.0,838.0,256.0,54.756158109631826,72.50386497459341,55.17905167996346,36.87402588531001,17.5308419841835,40.60677233817351,40.506103507955096,63.04772008378749,52.0809298220414,84.4242912779703
2025-03-09 20:17:56.012667,1343.0,864.0,429.0,2480.0,838.0,254.0,54.99617336665127,72.66451993941766,55.43190676014302,36.976327130246034,17.55159681182986,40.718888386022144,40.40609505196925,63.19702843633393,52.1531966552557,84.53859606413462
2025-03-09 20:17:56.012667,1331.0,878.0,432.0,2480.0,838.0,256.0,54.99617336665127,72.66451993941766,55.43190676014302,36.976327130246034,17.55159681182986,40.718888386022144,40.40609505196925,63.19702843633393,52.1531966552557,84.53859606413462
2025-03-09 20:17:56.012667,1335.0,847.0,435.0,2479.0,842.0,256.0,54.99617336665127,72.66451993941766,55.43190676014302,36.976327130246034,17.55159681182986,40.718888386022144,40.40609505196925,63.19702843633393,52.1531966552557,84.53859606413462
2025-03-09 20:17:56.012667,1315.0,861.0,427.0,2482.0,840.0,257.0,54.99617336665127,72.66451993941766,55.43190676014302,36.976327130246034,17.55159681182986,40.718888386022144,40.40609505196925,63.19702843633393,52.1531966552557,84.53859606413462
2025-03-09 20:17:56.021000,1301.0,831.0,416.0,2487.0,847.0,259.0,55.24128744054886,72.82055347437438,55.68469100859691,37.08614359552723,17.56929897135818,40.83583630320228,40.306811284583745,63.34769428115264,52.22753113593976,84.6731098539225
2025-03-09 20:17:56.021000,1313.0,832.0,420.0,2494.0,848.0,261.0,55.24128744054886,72.82055347437438,55.68469100859691,37.08614359552723,17.56929897135818,40.83583630320228,40.306811284583745,63.34769428115264,52.22753113593976,84.6731098539225
2025-03-09 20:17:56.021000,1299.0,826.0,412.0,2483.0,849.0,259.0,55.24128744054886,72.82055347437438,55.68469100859691,37.08614359552723,17.56929897135818,40.83583630320228,40.306811284583745,63.34769428115264,52.22753113593976,84.6731098539225
2025-03-09 20:17:56.029333,1280.0,823.0,426.0,2487.0,850.0,265.0,55.490710396326904,72.97171647056943,55.93332028846862,37.2011924148992,17.58293456772309,40.95493618453178,40.21230822343408,63.50069679587821,52.30385798863011,84.82803226454041
2025-03-09 20:17:56.029333,1307.0,833.0,419.0,2491.0,848.0,258.0,55.490710396326904,72.97171647056943,55.93332028846862,37.2011924148992,17.58293456772309,40.95493618453178,40.21230822343408,63.50069679587821,52.30385798863011,84.82803226454041
2025-03-09 20:17:56.029333,1296.0,757.0,413.0,2491.0,851.0,263.0,55.490710396326904,72.97171647056943,55.93332028846862,37.2011924148992,17.58293456772309,40.95493618453178,40.21230822343408,63.50069679587821,52.30385798863011,84.82803226454041
2025-03-09 20:17:56.029333,1287.0,823.0,418.0,2493.0,854.0,259.0,55.490710396326904,72.97171647056943,55.93332028846862,37.2011924148992,17.58293456772309,40.95493618453178,40.21230822343408,63.50069679587821,52.30385798863011,84.82803226454041
2025-03-09 20:17:56.037667,1279.0,815.0,415.0,2495.0,853.0,264.0,55.74350770776668,73.11776914334287,56.176849225431006,37.3187956137359,17.593116123315223,41.0737619035835,40.12479294799368,63.65650734025242,52.38103271438868,85.00324304286711
2025-03-09 20:17:56.037667,1251.0,783.0,429.0,2498.0,867.0,269.0,55.74350770776668,73.11776914334287,56.176849225431006,37.3187956137359,17.593116123315223,41.0737619035835,40.12479294799368,63.65650734025242,52.38103271438868,85.00324304286711
2025-03-09 20:17:56.037667,1249.0,798.0,396.0,2501.0,866.0,267.0,55.74350770776668,73.11776914334287,56.176849225431006,37.3187956137359,17.593116123315223,41.0737619035835,40.12479294799368,63.65650734025242,52.38103271438868,85.00324304286711
2025-03-09 20:17:56.037667,1250.0,784.0,401.0,2496.0,866.0,267.0,55.74350770776668,73.11776914334287,56.176849225431006,37.3187956137359,17.593116123315223,41.0737619035835,40.12479294799368,63.65650734025242,52.38103271438868,85.00324304286711
2025-03-09 20:17:56.046000,1245.0,784.0,415.0,2498.0,868.0,267.0,56.00088255813551,73.25764981920672,56.41558381988956,37.43904866739852,17.602540313527513,41.193505753850054,40.04534868331973,63.81342440954368,52.45558446462788,85.19705271318853
2025-03-09 20:17:56.046000,1239.0,768.0,403.0,2501.0,870.0,268.0,56.00088255813551,73.25764981920672,56.41558381988956,37.43904866739852,17.602540313527513,41.193505753850054,40.04534868331973,63.81342440954368,52.45558446462788,85.19705271318853
2025-03-09 20:17:56.046000,1236.0,781.0,407.0,2501.0,873.0,272.0,56.00088255813551,73.25764981920672,56.41558381988956,37.43904866739852,17.602540313527513,41.193505753850054,40.04534868331973,63.81342440954368,52.45558446462788,85.19705271318853
2025-03-09 20:17:56.054333,1247.0,778.0,400.0,2498.0,873.0,271.0,56.26463200159364,73.39075218972755,56.64882653111242,37.562380536096114,17.612255474760197,41.31530643181098,39.9743605464337,63.96975944833828,52.524811291300146,85.40732786862937
2025-03-09 20:17:56.054333,1195.0,738.0,394.0,2512.0,883.0,274.0,56.26463200159364,73.39075218972755,56.64882653111242,37.562380536096114,17.612255474760197,41.31530643181098,39.9743605464337,63.96975944833828,52.524811291300146,85.40732786862937
2025-03-09 20:17:56.054333,1191.0,733.0,397.0,2512.0,885.0,274.0,56.26463200159364,73.39075218972755,56.64882653111242,37.562380536096114,17.612255474760197,41.31530643181098,39.9743605464337,63.96975944833828,52.524811291300146,85.40732786862937
2025-03-09 20:17:56.054333,1196.0,749.0,395.0,2507.0,888.0,272.0,56.26463200159364,73.39075218972755,56.64882653111242,37.562380536096114,17.612255474760197,41.31530643181098,39.9743605464337,63.96975944833828,52.524811291300146,85.40732786862937
2025-03-09 20:17:56.062667,1200.0,737.0,392.0,2511.0,885.0,272.0,56.534240749714776,73.51672520048928,56.87595463525762,37.686623433266405,17.621467467551586,41.43717104868311,39.91097911787331,64.12442990107033,52.587318672087825,85.63237698057922
2025-03-09 20:17:56.062667,1187.0,748.0,394.0,2511.0,883.0,273.0,56.534240749714776,73.51672520048928,56.87595463525762,37.686623433266405,17.621467467551586,41.43717104868311,39.91097911787331,64.12442990107033,52.587318672087825,85.63237698057922
2025-03-09 20:17:56.062667,1189.0,752.0,399.0,2512.0,885.0,273.0,56.534240749714776,73.51672520048928,56.87595463525762,37.686623433266405,17.621467467551586,41.43717104868311,39.91097911787331,64.12442990107033,52.587318672087825,85.63237698057922
2025-03-09 20:17:56.071000,1183.0,727.0,392.0,2512.0,890.0,272.0,56.80942021514227,73.63493896660465,57.09483478262034,37.810523185171306,17.629573622389366,41.557997837077195,39.8556364216713,64.27605630022998,52.6415616517411,85.87205826638906
2025-03-09 20:17:56.071000,1179.0,746.0,391.0,2501.0,885.0,273.0,56.80942021514227,73.63493896660465,57.09483478262034,37.810523185171306,17.629573622389366,41.557997837077195,39.8556364216713,64.27605630022998,52.6415616517411,85.87205826638906
2025-03-09 20:17:56.071000,1147.0,699.0,387.0,2517.0,895.0,279.0,56.80942021514227,73.63493896660465,57.09483478262034,37.810523185171306,17.629573622389366,41.557997837077195,39.8556364216713,64.27605630022998,52.6415616517411,85.87205826638906
2025-03-09 20:17:56.071000,1135.0,675.0,385.0,2522.0,896.0,278.0,56.80942021514227,73.63493896660465,57.09483478262034,37.810523185171306,17.629573622389366,41.557997837077195,39.8556364216713,64.27605630022998,52.6415616517411,85.87205826638906
2025-03-09 20:17:56.079333,1140.0,702.0,386.0,2520.0,899.0,279.0,57.091415498569795,73.74482135740827,57.30305383171936,37.93553818642974,17.634623108855052,41.67792448961241,39.811138167357775,64.42707557258292,52.68905322775013,86.12787233498392
2025-03-09 20:17:56.079333,1131.0,693.0,381.0,2519.0,901.0,278.0,57.091415498569795,73.74482135740827,57.30305383171936,37.93553818642974,17.634623108855052,41.67792448961241,39.811138167357775,64.42707557258292,52.68905322775013,86.12787233498392
2025-03-09 20:17:56.079333,1136.0,694.0,384.0,2519.0,902.0,278.0,57.091415498569795,73.74482135740827,57.30305383171936,37.93553818642974,17.634623108855052,41.67792448961241,39.811138167357775,64.42707557258292,52.68905322775013,86.12787233498392
2025-03-09 20:17:56.087667,1130.0,697.0,390.0,2526.0,902.0,281.0,57.37949265522258,73.84586189935311,57.504519433052906,38.063626498688215,17.633423537302292,41.79648686218047,39.77546904845781,64.58234838242235,52.735357903813295,86.39954583546188
2025-03-09 20:17:56.087667,1132.0,686.0,384.0,2523.0,902.0,283.0,57.37949265522258,73.84586189935311,57.504519433052906,38.063626498688215,17.633423537302292,41.79648686218047,39.77546904845781,64.58234838242235,52.735357903813295,86.39954583546188
2025-03-09 20:17:56.087667,1099.0,669.0,380.0,2531.0,914.0,286.0,57.37949265522258,73.84586189935311,57.504519433052906,38.063626498688215,17.633423537302292,41.79648686218047,39.77546904845781,64.58234838242235,52.735357903813295,86.39954583546188
2025-03-09 20:17:56.087667,1085.0,668.0,379.0,2529.0,915.0,287.0,57.37949265522258,73.84586189935311,57.504519433052906,38.063626498688215,17.633423537302292,41.79648686218047,39.77546904845781,64.58234838242235,52.735357903813295,86.39954583546188
2025-03-09 20:17:56.096000,1087.0,662.0,379.0,2527.0,918.0,286.0,57.671585090274405,73.93745565785073,57.7030233845647,38.197393727307265,17.623902127759994,41.91480308723629,39.74450489609301,64.74344671796322,52.78523996650925,86.68359864089646
2025-03-09 20:17:56.096000,1098.0,665.0,373.0,2530.0,918.0,288.0,57.671585090274405,73.93745565785073,57.7030233845647,38.197393727307265,17.623902127759994,41.91480308723629,39.74450489609301,64.74344671796322,52.78523996650925,86.68359864089646
2025-03-09 20:17:56.096000,1081.0,625.0,381.0,2523.0,922.0,290.0,57.671585090274405,73.93745565785073,57.7030233845647,38.197393727307265,17.623902127759994,41.91480308723629,39.74450489609301,64.74344671796322,52.78523996650925,86.68359864089646
2025-03-09 20:17:56.104333,1067.0,658.0,384.0,2538.0,922.0,286.0,57.96903734385405,74.01950243353348,57.898477017620635,38.33888956408691,17.606098991716955,42.03457199023584,39.719479167009325,64.91148172259646,52.83970706609545,86.97768962858062
2025-03-09 20:17:56.104333,1083.0,651.0,382.0,2538.0,923.0,290.0,57.96903734385405,74.01950243353348,57.898477017620635,38.33888956408691,17.606098991716955,42.03457199023584,39.719479167009325,64.91148172259646,52.83970706609545,86.97768962858062
2025-03-09 20:17:56.104333,1070.0,656.0,368.0,2535.0,926.0,289.0,57.96903734385405,74.01950243353348,57.898477017620635,38.33888956408691,17.606098991716955,42.03457199023584,39.719479167009325,64.91148172259646,52.83970706609545,86.97768962858062
2025-03-09 20:17:56.104333,1023.0,639.0,381.0,2544.0,942.0,298.0,57.96903734385405,74.01950243353348,57.898477017620635,38.33888956408691,17.606098991716955,42.03457199023584,39.719479167009325,64.91148172259646,52.83970706609545,86.97768962858062
2025-03-09 20:17:56.112667,1045.0,634.0,372.0,2545.0,943.0,301.0,58.275999600975204,74.09362069313168,58.09236391925164,38.48778220818936,17.57999592568366,42.15523971319965,39.70310029959061,65.09030702114302,52.89929098550855,87.28184764007307
2025-03-09 20:17:56.112667,1022.0,637.0,372.0,2543.0,942.0,299.0,58.275999600975204,74.09362069313168,58.09236391925164,38.48778220818936,17.57999592568366,42.15523971319965,39.70310029959061,65.09030702114302,52.89929098550855,87.28184764007307
2025-03-09 20:17:56.112667,1023.0,627.0,379.0,2544.0,944.0,298.0,58.275999600975204,74.09362069313168,58.09236391925164,38.48778220818936,17.57999592568366,42.15523971319965,39.70310029959061,65.09030702114302,52.89929098550855,87.28184764007307
2025-03-09 20:17:56.112667,1010.0,640.0,372.0,2544.0,946.0,301.0,58.275999600975204,74.09362069313168,58.09236391925164,38.48778220818936,17.57999592568366,42.15523971319965,39.70310029959061,65.09030702114302,52.89929098550855,87.28184764007307
2025-03-09 20:17:56.121000,1008.0,624.0,371.0,2543.0,946.0,302.0,58.593674012725636,74.16204599979703,58.28570303037835,38.64062007775873,17.54349297830009,42.27281193250375,39.69614820471142,65.28352163839405,52.9658470591837,87.59540453085658
2025-03-09 20:17:56.121000,1008.0,630.0,371.0,2544.0,947.0,303.0,58.593674012725636,74.16204599979703,58.28570303037835,38.64062007775873,17.54349297830009,42.27281193250375,39.69614820471142,65.28352163839405,52.9658470591837,87.59540453085658
2025-03-09 20:17:56.121000,961.0,611.0,375.0,2551.0,970.0,308.0,58.593674012725636,74.16204599979703,58.28570303037835,38.64062007775873,17.54349297830009,42.27281193250375,39.69614820471142,65.28352163839405,52.9658470591837,87.59540453085658
2025-03-09 20:17:56.129333,957.0,596.0,403.0,2549.0,973.0,307.0,58.92035083068433,74.22668871801116,58.47836901424255,38.79156360692852,17.495606937054323,42.38173787892857,39.699303432780994,65.49240123181845,53.03975615552079,87.91701943793736
2025-03-09 20:17:56.129333,955.0,607.0,373.0,2549.0,976.0,310.0,58.92035083068433,74.22668871801116,58.47836901424255,38.79156360692852,17.495606937054323,42.38173787892857,39.699303432780994,65.49240123181845,53.03975615552079,87.91701943793736
2025-03-09 20:17:56.129333,951.0,610.0,368.0,2553.0,975.0,307.0,58.92035083068433,74.22668871801116,58.47836901424255,38.79156360692852,17.495606937054323,42.38173787892857,39.699303432780994,65.49240123181845,53.03975615552079,87.91701943793736
2025-03-09 20:17:56.129333,946.0,607.0,371.0,2555.0,976.0,311.0,58.92035083068433,74.22668871801116,58.47836901424255,38.79156360692852,17.495606937054323,42.38173787892857,39.699303432780994,65.49240123181845,53.03975615552079,87.91701943793736
2025-03-09 20:17:56.137667,947.0,608.0,373.0,2555.0,978.0,311.0,59.255936003883804,74.2892421243616,58.668907859223914,38.93695926724119,17.43735352613784,42.479025939017106,39.71639352891039,65.7183583133137,53.12046620134,88.24595793008146
2025-03-09 20:17:56.137667,942.0,605.0,375.0,2553.0,978.0,310.0,59.255936003883804,74.2892421243616,58.668907859223914,38.93695926724119,17.43735352613784,42.479025939017106,39.71639352891039,65.7183583133137,53.12046620134,88.24595793008146
2025-03-09 20:17:56.137667,937.0,603.0,368.0,2554.0,982.0,317.0,59.255936003883804,74.2892421243616,58.668907859223914,38.93695926724119,17.43735352613784,42.479025939017106,39.71639352891039,65.7183583133137,53.12046620134,88.24595793008146
2025-03-09 20:17:56.137667,934.0,608.0,368.0,2557.0,985.0,314.0,59.255936003883804,74.2892421243616,58.668907859223914,38.93695926724119,17.43735352613784,42.479025939017106,39.71639352891039,65.7183583133137,53.12046620134,88.24595793008146
2025-03-09 20:17:56.146000,895.0,594.0,368.0,2559.0,1008.0,321.0,59.60434576957524,74.35285497227324,58.85588344936347,39.07546442844663,17.36800583342258,42.56286110159203,39.75323685704002,65.96686395124314,53.20989365089552,88.58444366993554
2025-03-09 20:17:56.146000,885.0,590.0,368.0,2559.0,1010.0,322.0,59.60434576957524,74.35285497227324,58.85588344936347,39.07546442844663,17.36800583342258,42.56286110159203,39.75323685704002,65.96686395124314,53.20989365089552,88.58444366993554
2025-03-09 20:17:56.146000,885.0,577.0,370.0,2559.0,1013.0,321.0,59.60434576957524,74.35285497227324,58.85588344936347,39.07546442844663,17.36800583342258,42.56286110159203,39.75323685704002,65.96686395124314,53.20989365089552,88.58444366993554
2025-03-09 20:17:56.154333,882.0,582.0,369.0,2559.0,1020.0,320.0,59.97412288922047,74.4243573569341,59.04297717978573,39.20811140921435,17.286357889585606,42.6336756190908,39.81365939570838,66.24677523013771,53.31345449445228,88.93758838889558
2025-03-09 20:17:56.154333,878.0,583.0,368.0,2559.0,1015.0,326.0,59.97412288922047,74.4243573569341,59.04297717978573,39.20811140921435,17.286357889585606,42.6336756190908,39.81365939570838,66.24677523013771,53.31345449445228,88.93758838889558
2025-03-09 20:17:56.154333,870.0,581.0,369.0,2559.0,1022.0,322.0,59.97412288922047,74.4243573569341,59.04297717978573,39.20811140921435,17.286357889585606,42.6336756190908,39.81365939570838,66.24677523013771,53.31345449445228,88.93758838889558
2025-03-09 20:17:56.154333,870.0,592.0,368.0,2559.0,1023.0,326.0,59.97412288922047,74.4243573569341,59.04297717978573,39.20811140921435,17.286357889585606,42.6336756190908,39.81365939570838,66.24677523013771,53.31345449445228,88.93758838889558
2025-03-09 20:17:56.162667,826.0,568.0,368.0,2559.0,1051.0,334.0,60.37814307505958,74.51178382999232,59.23606482598312,39.339546251367885,17.19320415502472,42.69647897846111,39.901031103526385,66.5661355076857,53.43584217023671,89.31427573877318
2025-03-09 20:17:56.162667,819.0,567.0,368.0,2559.0,1055.0,335.0,60.37814307505958,74.51178382999232,59.23606482598312,39.339546251367885,17.19320415502472,42.69647897846111,39.901031103526385,66.5661355076857,53.43584217023671,89.31427573877318
2025-03-09 20:17:56.162667,779.0,569.0,368.0,2559.0,1058.0,335.0,60.37814307505958,74.51178382999232,59.23606482598312,39.339546251367885,17.19320415502472,42.69647897846111,39.901031103526385,66.5661355076857,53.43584217023671,89.31427573877318
2025-03-09 20:17:56.171000,815.0,565.0,362.0,2559.0,1058.0,336.0,60.81084863785743,74.60875938345966,59.43409665019855,39.473477630415395,17.089287924419395,42.75512506271266,40.009797916638554,66.91674377725013,53.57470489311029,89.7050508374327
2025-03-09 20:17:56.171000,806.0,565.0,365.0,2559.0,1063.0,336.0,60.81084863785743,74.60875938345966,59.43409665019855,39.473477630415395,17.089287924419395,42.75512506271266,40.009797916638554,66.91674377725013,53.57470489311029,89.7050508374327
2025-03-09 20:17:56.171000,806.0,569.0,365.0,2559.0,1066.0,336.0,60.81084863785743,74.60875938345966,59.43409665019855,39.473477630415395,17.089287924419395,42.75512506271266,40.009797916638554,66.91674377725013,53.57470489311029,89.7050508374327
2025-03-09 20:17:56.171000,800.0,563.0,364.0,2559.0,1071.0,339.0,60.81084863785743,74.60875938345966,59.43409665019855,39.473477630415395,17.089287924419395,42.75512506271266,40.009797916638554,66.91674377725013,53.57470489311029,89.7050508374327
2025-03-09 20:17:56.179333,794.0,560.0,371.0,2559.0,1072.0,340.0,61.24204787275698,74.6937308977066,59.62966966055155,39.610715786986916,16.974913367566632,42.8102026702717,40.12158411365695,67.27246884339833,53.72196032198671,90.07575475875764
2025-03-09 20:17:56.179333,758.0,557.0,347.0,2585.0,1104.0,351.0,61.24204787275698,74.6937308977066,59.62966966055155,39.610715786986916,16.974913367566632,42.8102026702717,40.12158411365695,67.27246884339833,53.72196032198671,90.07575475875764
2025-03-09 20:17:56.179333,752.0,553.0,357.0,2583.0,1104.0,350.0,61.24204787275698,74.6937308977066,59.62966966055155,39.610715786986916,16.974913367566632,42.8102026702717,40.12158411365695,67.27246884339833,53.72196032198671,90.07575475875764
2025-03-09 20:17:56.187667,750.0,557.0,362.0,2559.0,1107.0,351.0,61.65366114993491,74.75570242732111,59.819207895457794,39.75119142685993,16.853913353875225,42.86394049060742,40.223564320611274,67.61357833520465,53.86961254945886,90.41223659280347
2025-03-09 20:17:56.187667,742.0,549.0,361.0,2583.0,1112.0,351.0,61.65366114993491,74.75570242732111,59.819207895457794,39.75119142685993,16.853913353875225,42.86394049060742,40.223564320611274,67.61357833520465,53.86961254945886,90.41223659280347
2025-03-09 20:17:56.187667,743.0,551.0,366.0,2585.0,1114.0,352.0,61.65366114993491,74.75570242732111,59.819207895457794,39.75119142685993,16.853913353875225,42.86394049060742,40.223564320611274,67.61357833520465,53.86961254945886,90.41223659280347
2025-03-09 20:17:56.187667,736.0,550.0,361.0,2589.0,1121.0,352.0,61.65366114993491,74.75570242732111,59.819207895457794,39.75119142685993,16.853913353875225,42.86394049060742,40.223564320611274,67.61357833520465,53.86961254945886,90.41223659280347
2025-03-09 20:17:56.196000,733.0,550.0,368.0,2583.0,1122.0,350.0,62.04305599144291,74.79478750140412,60.0038555537005,39.895098838533734,16.732138602327712,42.92044870917932,40.31016728878008,67.92984209002307,54.01130753443742,90.72118983777222
2025-03-09 20:17:56.196000,709.0,542.0,355.0,2590.0,1157.0,362.0,62.04305599144291,74.79478750140412,60.0038555537005,39.895098838533734,16.732138602327712,42.92044870917932,40.31016728878008,67.92984209002307,54.01130753443742,90.72118983777222
2025-03-09 20:17:56.196000,699.0,537.0,362.0,2592.0,1162.0,362.0,62.04305599144291,74.79478750140412,60.0038555537005,39.895098838533734,16.732138602327712,42.92044870917932,40.31016728878008,67.92984209002307,54.01130753443742,90.72118983777222
2025-03-09 20:17:56.204333,700.0,545.0,358.0,2595.0,1166.0,362.0,62.40675090153493,74.8096668532056,60.183397427334434,40.04269174221937,16.615572944823697,42.98386488032456,40.37632093229478,68.20987251219873,54.1391703968223,91.00688332017111
2025-03-09 20:17:56.204333,698.0,547.0,354.0,2597.0,1171.0,365.0,62.40675090153493,74.8096668532056,60.183397427334434,40.04269174221937,16.615572944823697,42.98386488032456,40.37632093229478,68.20987251219873,54.1391703968223,91.00688332017111
2025-03-09 20:17:56.204333,694.0,539.0,359.0,2599.0,1174.0,362.0,62.40675090153493,74.8096668532056,60.183397427334434,40.04269174221937,16.615572944823697,42.98386488032456,40.37632093229478,68.20987251219873,54.1391703968223,91.00688332017111
2025-03-09 20:17:56.204333,691.0,546.0,357.0,2595.0,1183.0,362.0,62.40675090153493,74.8096668532056,60.183397427334434,40.04269174221937,16.615572944823697,42.98386488032456,40.37632093229478,68.20987251219873,54.1391703968223,91.00688332017111
2025-03-09 20:17:56.212667,689.0,542.0,355.0,2603.0,1187.0,366.0,62.741981423738366,74.79725126732482,60.354211051758995,40.193231942370126,16.50870297814468,43.05633509460898,40.42064115754444,68.44382320777547,54.243836341627336,91.27364707072161
2025-03-09 20:17:56.212667,683.0,540.0,355.0,2590.0,1189.0,365.0,62.741981423738366,74.79725126732482,60.354211051758995,40.193231942370126,16.50870297814468,43.05633509460898,40.42064115754444,68.44382320777547,54.243836341627336,91.27364707072161
2025-03-09 20:17:56.212667,662.0,539.0,348.0,2598.0,1246.0,371.0,62.741981423738366,74.79725126732482,60.354211051758995,40.193231942370126,16.50870297814468,43.05633509460898,40.42064115754444,68.44382320777547,54.243836341627336,91.27364707072161
2025-03-09 20:17:56.212667,657.0,532.0,350.0,2599.0,1254.0,371.0,62.741981423738366,74.79725126732482,60.354211051758995,40.193231942370126,16.50870297814468,43.05633509460898,40.42064115754444,68.44382320777547,54.243836341627336,91.27364707072161
2025-03-09 20:17:56.221000,658.0,530.0,352.0,2607.0,1259.0,373.0,63.04866270300903,74.75527384754454,60.5154800996657,40.34619118846704,16.41302333982307,43.138216778418446,40.442712430245294,68.62797893089466,54.32031927749713,91.52710191162613
2025-03-09 20:17:56.221000,658.0,531.0,353.0,2605.0,1264.0,373.0,63.04866270300903,74.75527384754454,60.5154800996657,40.34619118846704,16.41302333982307,43.138216778418446,40.442712430245294,68.62797893089466,54.32031927749713,91.52710191162613
2025-03-09 20:17:56.221000,656.0,533.0,353.0,2610.0,1263.0,371.0,63.04866270300903,74.75527384754454,60.5154800996657,40.34619118846704,16.41302333982307,43.138216778418446,40.442712430245294,68.62797893089466,54.32031927749713,91.52710191162613
2025-03-09 20:17:56.229333,656.0,533.0,353.0,2606.0,1274.0,373.0,63.32930644237056,74.68385900912969,60.66876240151625,40.502988745585505,16.32628043472589,43.22935553995856,40.44312994695497,68.76652444007509,54.371277868998575,91.77243024699779
2025-03-09 20:17:56.229333,656.0,530.0,351.0,2608.0,1279.0,371.0,63.32930644237056,74.68385900912969,60.66876240151625,40.502988745585505,16.32628043472589,43.22935553995856,40.44312994695497,68.76652444007509,54.371277868998575,91.77243024699779
2025-03-09 20:17:56.229333,631.0,538.0,339.0,2603.0,1339.0,384.0,63.32930644237056,74.68385900912969,60.66876240151625,40.502988745585505,16.32628043472589,43.22935553995856,40.44312994695497,68.76652444007509,54.371277868998575,91.77243024699779
2025-03-09 20:17:56.229333,629.0,525.0,338.0,2607.0,1344.0,387.0,63.32930644237056,74.68385900912969,60.66876240151625,40.502988745585505,16.32628043472589,43.22935553995856,40.44312994695497,68.76652444007509,54.371277868998575,91.77243024699779
2025-03-09 20:17:56.237667,622.0,529.0,338.0,2603.0,1347.0,390.0,63.58692530479835,74.58568407247337,60.81683236705034,40.663345435175266,16.24517686491411,43.327052629757105,40.424559885878004,68.8687087604568,54.40335874717164,92.01300877421049
2025-03-09 20:17:56.237667,622.0,526.0,336.0,2608.0,1355.0,388.0,63.58692530479835,74.58568407247337,60.81683236705034,40.663345435175266,16.24517686491411,43.327052629757105,40.424559885878004,68.8687087604568,54.40335874717164,92.01300877421049
2025-03-09 20:17:56.237667,624.0,528.0,338.0,2608.0,1357.0,386.0,63.58692530479835,74.58568407247337,60.81683236705034,40.663345435175266,16.24517686491411,43.327052629757105,40.424559885878004,68.8687087604568,54.40335874717164,92.01300877421049
2025-03-09 20:17:56.246000,608.0,524.0,336.0,2607.0,1361.0,394.0,63.8222456428532,74.46346892197542,60.954917927611156,40.82586215219337,16.16804660195341,43.428300999059665,40.39456048407587,68.94204166733147,54.419990682606304,92.24910397771986
2025-03-09 20:17:56.246000,612.0,531.0,336.0,2605.0,1365.0,393.0,63.8222456428532,74.46346892197542,60.954917927611156,40.82586215219337,16.16804660195341,43.428300999059665,40.39456048407587,68.94204166733147,54.419990682606304,92.24910397771986
2025-03-09 20:17:56.246000,615.0,531.0,337.0,2599.0,1370.0,394.0,63.8222456428532,74.46346892197542,60.954917927611156,40.82586215219337,16.16804660195341,43.428300999059665,40.39456048407587,68.94204166733147,54.419990682606304,92.24910397771986
2025-03-09 20:17:56.246000,592.0,522.0,336.0,2609.0,1415.0,406.0,63.8222456428532,74.46346892197542,60.954917927611156,40.82586215219337,16.16804660195341,43.428300999059665,40.39456048407587,68.94204166733147,54.419990682606304,92.24910397771986
2025-03-09 20:17:56.254333,589.0,527.0,338.0,2607.0,1423.0,410.0,64.03295007310561,74.3194207885748,61.0695953103718,40.98841098489139,16.092667540148174,43.530376303467044,40.361573738163784,68.98894695883382,54.4200936732684,92.47817709811787
2025-03-09 20:17:56.254333,588.0,527.0,336.0,2607.0,1425.0,414.0,64.03295007310561,74.3194207885748,61.0695953103718,40.98841098489139,16.092667540148174,43.530376303467044,40.361573738163784,68.98894695883382,54.4200936732684,92.47817709811787
2025-03-09 20:17:56.254333,586.0,527.0,339.0,2608.0,1429.0,416.0,64.03295007310561,74.3194207885748,61.0695953103718,40.98841098489139,16.092667540148174,43.530376303467044,40.361573738163784,68.98894695883382,54.4200936732684,92.47817709811787
2025-03-09 20:17:56.262667,579.0,528.0,336.0,2609.0,1425.0,415.0,64.21703353949614,74.15805542672169,61.15298766287451,41.14495383731298,16.015621499724947,43.62699972136142,40.330254297351296,69.01281909294183,54.4040794502551,92.69663471958447
2025-03-09 20:17:56.262667,584.0,511.0,330.0,2606.0,1429.0,414.0,64.21703353949614,74.15805542672169,61.15298766287451,41.14495383731298,16.015621499724947,43.62699972136142,40.330254297351296,69.01281909294183,54.4040794502551,92.69663471958447
2025-03-09 20:17:56.262667,587.0,527.0,336.0,2609.0,1437.0,417.0,64.21703353949614,74.15805542672169,61.15298766287451,41.14495383731298,16.015621499724947,43.62699972136142,40.330254297351296,69.01281909294183,54.4040794502551,92.69663471958447
2025-03-09 20:17:56.262667,557.0,511.0,336.0,2611.0,1455.0,432.0,64.21703353949614,74.15805542672169,61.15298766287451,41.14495383731298,16.015621499724947,43.62699972136142,40.330254297351296,69.01281909294183,54.4040794502551,92.69663471958447
2025-03-09 20:17:56.271000,560.0,528.0,342.0,2613.0,1456.0,432.0,64.37512904516443,73.98510372288209,61.20698893985687,41.29081019827827,15.936513973940823,43.713969214625386,40.30184714300687,69.01814756182812,54.37445321184984,92.90112631462405
2025-03-09 20:17:56.271000,560.0,527.0,363.0,2608.0,1457.0,432.0,64.37512904516443,73.98510372288209,61.20698893985687,41.29081019827827,15.936513973940823,43.713969214625386,40.30184714300687,69.01814756182812,54.37445321184984,92.90112631462405
2025-03-09 20:17:56.271000,555.0,511.0,345.0,2612.0,1457.0,437.0,64.37512904516443,73.98510372288209,61.20698893985687,41.29081019827827,15.936513973940823,43.713969214625386,40.30184714300687,69.01814756182812,54.37445321184984,92.90112631462405
2025-03-09 20:17:56.279333,554.0,511.0,350.0,2610.0,1458.0,435.0,64.51013172679065,73.80616853460741,61.23708810858482,41.42668788389918,15.856267374143199,43.79245521722858,40.275365843557346,69.00935966757524,54.3357359958937,93.09015880675005
2025-03-09 20:17:56.279333,555.0,511.0,342.0,2608.0,1456.0,435.0,64.51013172679065,73.80616853460741,61.23708810858482,41.42668788389918,15.856267374143199,43.79245521722858,40.275365843557346,69.00935966757524,54.3357359958937,93.09015880675005
2025-03-09 20:17:56.279333,549.0,503.0,352.0,2611.0,1461.0,438.0,64.51013172679065,73.80616853460741,61.23708810858482,41.42668788389918,15.856267374143199,43.79245521722858,40.275365843557346,69.00935966757524,54.3357359958937,93.09015880675005
2025-03-09 20:17:56.279333,544.0,511.0,374.0,2608.0,1459.0,437.0,64.51013172679065,73.80616853460741,61.23708810858482,41.42668788389918,15.856267374143199,43.79245521722858,40.275365843557346,69.00935966757524,54.3357359958937,93.09015880675005
2025-03-09 20:17:56.287667,528.0,511.0,363.0,2609.0,1471.0,441.0,64.6254454685343,73.62647011103225,61.249241907430424,41.55220220941965,15.776873721681435,43.86330281319549,40.249824466158216,68.98905161875801,54.290140539746545,93.26384677357734
2025-03-09 20:17:56.287667,527.0,511.0,358.0,2609.0,1468.0,443.0,64.6254454685343,73.62647011103225,61.249241907430424,41.55220220941965,15.776873721681435,43.86330281319549,40.249824466158216,68.98905161875801,54.290140539746545,93.26384677357734
2025-03-09 20:17:56.287667,525.0,511.0,361.0,2614.0,1470.0,446.0,64.6254454685343,73.62647011103225,61.249241907430424,41.55220220941965,15.776873721681435,43.86330281319549,40.249824466158216,68.98905161875801,54.290140539746545,93.26384677357734
2025-03-09 20:17:56.287667,524.0,509.0,368.0,2612.0,1472.0,442.0,64.6254454685343,73.62647011103225,61.249241907430424,41.55220220941965,15.776873721681435,43.86330281319549,40.249824466158216,68.98905161875801,54.290140539746545,93.26384677357734
2025-03-09 20:17:56.296000,525.0,511.0,357.0,2608.0,1471.0,442.0,64.72149358631654,73.44867265150339,61.24476200320387,41.6646686159588,15.702985878640062,43.926211103680984,40.2268713137449,68.95540086440292,54.23385380939635,93.42144582392797
2025-03-09 20:17:56.296000,511.0,503.0,351.0,2610.0,1471.0,444.0,64.72149358631654,73.44867265150339,61.24476200320387,41.6646686159588,15.702985878640062,43.926211103680984,40.2268713137449,68.95540086440292,54.23385380939635,93.42144582392797
2025-03-09 20:17:56.296000,532.0,509.0,350.0,2610.0,1468.0,445.0,64.72149358631654,73.44867265150339,61.24476200320387,41.6646686159588,15.702985878640062,43.926211103680984,40.2268713137449,68.95540086440292,54.23385380939635,93.42144582392797
2025-03-09 20:17:56.296000,510.0,506.0,359.0,2614.0,1481.0,445.0,64.72149358631654,73.44867265150339,61.24476200320387,41.6646686159588,15.702985878640062,43.926211103680984,40.2268713137449,68.95540086440292,54.23385380939635,93.42144582392797
2025-03-09 20:17:56.304333,499.0,507.0,363.0,2615.0,1477.0,444.0,64.79741293799768,73.27354485557777,61.222131540482735,41.76660723230383,15.63661840988531,43.98421213823482,40.20713097977133,68.90777806040651,54.16658072940416,93.56181838575115
2025-03-09 20:17:56.304333,501.0,511.0,367.0,2610.0,1486.0,445.0,64.79741293799768,73.27354485557777,61.222131540482735,41.76660723230383,15.63661840988531,43.98421213823482,40.20713097977133,68.90777806040651,54.16658072940416,93.56181838575115
2025-03-09 20:17:56.304333,500.0,549.0,365.0,2613.0,1487.0,445.0,64.79741293799768,73.27354485557777,61.222131540482735,41.76660723230383,15.63661840988531,43.98421213823482,40.20713097977133,68.90777806040651,54.16658072940416,93.56181838575115
2025-03-09 20:17:56.312667,498.0,507.0,355.0,2610.0,1484.0,445.0,64.85477247823766,73.10315552375442,61.182370434038994,41.862257098861484,15.577475708919065,44.0410126626614,40.189976754167716,68.84880299704346,54.09207413010366,93.68546242480986
2025-03-09 20:17:56.312667,492.0,528.0,375.0,2612.0,1487.0,445.0,64.85477247823766,73.10315552375442,61.182370434038994,41.862257098861484,15.577475708919065,44.0410126626614,40.189976754167716,68.84880299704346,54.09207413010366,93.68546242480986
2025-03-09 20:17:56.312667,496.0,508.0,366.0,2609.0,1486.0,446.0,64.85477247823766,73.10315552375442,61.182370434038994,41.862257098861484,15.577475708919065,44.0410126626614,40.189976754167716,68.84880299704346,54.09207413010366,93.68546242480986
2025-03-09 20:17:56.312667,496.0,509.0,367.0,2608.0,1489.0,445.0,64.85477247823766,73.10315552375442,61.182370434038994,41.862257098861484,15.577475708919065,44.0410126626614,40.189976754167716,68.84880299704346,54.09207413010366,93.68546242480986
2025-03-09 20:17:56.321000,494.0,507.0,387.0,2608.0,1504.0,448.0,64.89604396861664,72.94009614733494,61.12873277306139,41.95111235067621,15.525030311540235,44.09589976375638,40.175386128493535,68.78173620397486,54.012906309973374,93.79381267330405
2025-03-09 20:17:56.321000,487.0,493.0,405.0,2608.0,1503.0,448.0,64.89604396861664,72.94009614733494,61.12873277306139,41.95111235067621,15.525030311540235,44.09589976375638,40.175386128493535,68.78173620397486,54.012906309973374,93.79381267330405
2025-03-09 20:17:56.321000,480.0,501.0,416.0,2608.0,1506.0,449.0,64.89604396861664,72.94009614733494,61.12873277306139,41.95111235067621,15.525030311540235,44.09589976375638,40.175386128493535,68.78173620397486,54.012906309973374,93.79381267330405
2025-03-09 20:17:56.321000,495.0,502.0,423.0,2612.0,1504.0,448.0,64.89604396861664,72.94009614733494,61.12873277306139,41.95111235067621,15.525030311540235,44.09589976375638,40.175386128493535,68.78173620397486,54.012906309973374,93.79381267330405
2025-03-09 20:17:56.329333,486.0,504.0,433.0,2609.0,1507.0,449.0,64.92303674591439,72.78579053453441,61.06395767516797,42.03220490215517,15.477756581435628,44.14714449665857,40.16326028080066,68.71001518031774,53.931878313513565,93.88782430870717
2025-03-09 20:17:56.329333,491.0,510.0,411.0,2610.0,1507.0,449.0,64.92303674591439,72.78579053453441,61.06395767516797,42.03220490215517,15.477756581435628,44.14714449665857,40.16326028080066,68.71001518031774,53.931878313513565,93.88782430870717
2025-03-09 20:17:56.337667,491.0,507.0,418.0,2609.0,1509.0,448.0,64.93782367008997,72.64112467778088,60.99118029920992,42.1055419410383,15.434187769861376,44.19383511369528,40.15319343137586,68.63702268535712,53.85207931994286,93.9683740907513
2025-03-09 20:17:56.337667,479.0,500.0,407.0,2613.0,1520.0,452.0,64.93782367008997,72.64112467778088,60.99118029920992,42.1055419410383,15.434187769861376,44.19383511369528,40.15319343137586,68.63702268535712,53.85207931994286,93.9683740907513
2025-03-09 20:17:56.337667,464.0,491.0,378.0,2610.0,1520.0,454.0,64.93782367008997,72.64112467778088,60.99118029920992,42.1055419410383,15.434187769861376,44.19383511369528,40.15319343137586,68.63702268535712,53.85207931994286,93.9683740907513
2025-03-09 20:17:56.337667,467.0,511.0,401.0,2608.0,1520.0,454.0,64.93782367008997,72.64112467778088,60.99118029920992,42.1055419410383,15.434187769861376,44.19383511369528,40.15319343137586,68.63702268535712,53.85207931994286,93.9683740907513
2025-03-09 20:17:56.346000,479.0,501.0,404.0,2608.0,1520.0,454.0,64.94270564376217,72.50693155523291,60.91139911384696,42.16995640553042,15.394185715984259,44.234534922801664,40.14727618743938,68.56522370345832,53.773909235989805,94.0371096639989
2025-03-09 20:17:56.346000,472.0,506.0,406.0,2611.0,1520.0,452.0,64.94270564376217,72.50693155523291,60.91139911384696,42.16995640553042,15.394185715984259,44.234534922801664,40.14727618743938,68.56522370345832,53.773909235989805,94.0371096639989
2025-03-09 20:17:56.346000,481.0,511.0,413.0,2610.0,1520.0,455.0,64.94270564376217,72.50693155523291,60.91139911384696,42.16995640553042,15.394185715984259,44.234534922801664,40.14727618743938,68.56522370345832,53.773909235989805,94.0371096639989
2025-03-09 20:17:56.346000,478.0,510.0,418.0,2610.0,1520.0,455.0,64.94270564376217,72.50693155523291,60.91139911384696,42.16995640553042,15.394185715984259,44.234534922801664,40.14727618743938,68.56522370345832,53.773909235989805,94.0371096639989
2025-03-09 20:17:56.354333,465.0,507.0,411.0,2606.0,1520.0,459.0,64.94003183242799,72.3842603236684,60.82426902647691,42.22471647122622,15.357631996502807,44.26826082675267,40.1484435040559,68.49715786898386,53.69759212398136,94.09598512930374
2025-03-09 20:17:56.354333,471.0,495.0,415.0,2609.0,1529.0,459.0,64.94003183242799,72.3842603236684,60.82426902647691,42.22471647122622,15.357631996502807,44.26826082675267,40.1484435040559,68.49715786898386,53.69759212398136,94.09598512930374
2025-03-09 20:17:56.354333,475.0,498.0,411.0,2609.0,1530.0,461.0,64.94003183242799,72.3842603236684,60.82426902647691,42.22471647122622,15.357631996502807,44.26826082675267,40.1484435040559,68.49715786898386,53.69759212398136,94.09598512930374
2025-03-09 20:17:56.354333,466.0,501.0,404.0,2611.0,1527.0,460.0,64.94003183242799,72.3842603236684,60.82426902647691,42.22471647122622,15.357631996502807,44.26826082675267,40.1484435040559,68.49715786898386,53.69759212398136,94.09598512930374
2025-03-09 20:17:56.362667,472.0,497.0,409.0,2608.0,1526.0,463.0,64.93173039455087,72.27407862437289,60.729796380216655,42.270786264787496,15.324515733755764,44.29560554757198,40.15860713119048,68.435209559851,53.62437333869317,94.145796519855
2025-03-09 20:17:56.362667,475.0,499.0,414.0,2607.0,1526.0,459.0,64.93173039455087,72.27407862437289,60.729796380216655,42.270786264787496,15.324515733755764,44.29560554757198,40.15860713119048,68.435209559851,53.62437333869317,94.145796519855
2025-03-09 20:17:56.362667,466.0,511.0,409.0,2608.0,1525.0,461.0,64.93173039455087,72.27407862437289,60.729796380216655,42.270786264787496,15.324515733755764,44.29560554757198,40.15860713119048,68.435209559851,53.62437333869317,94.145796519855
2025-03-09 20:17:56.371000,473.0,497.0,403.0,2608.0,1530.0,462.0,64.91912888675922,72.17686246882676,60.62857017226289,42.30981535134093,15.294894733332828,44.31784144278183,40.17845125824891,68.3810370673695,53.55572993072616,94.18640043855059
2025-03-09 20:17:56.371000,494.0,502.0,393.0,2612.0,1525.0,461.0,64.91912888675922,72.17686246882676,60.62857017226289,42.30981535134093,15.294894733332828,44.31784144278183,40.17845125824891,68.3810370673695,53.55572993072616,94.18640043855059
2025-03-09 20:17:56.371000,467.0,500.0,387.0,2610.0,1526.0,462.0,64.91912888675922,72.17686246882676,60.62857017226289,42.30981535134093,15.294894733332828,44.31784144278183,40.17845125824891,68.3810370673695,53.55572993072616,94.18640043855059
2025-03-09 20:17:56.371000,464.0,502.0,386.0,2609.0,1523.0,463.0,64.91912888675922,72.17686246882676,60.62857017226289,42.30981535134093,15.294894733332828,44.31784144278183,40.17845125824891,68.3810370673695,53.55572993072616,94.18640043855059
2025-03-09 20:17:56.379333,467.0,506.0,379.0,2607.0,1523.0,462.0,64.90320013523909,72.092955129357,60.52280970181723,42.343898825219476,15.26923409166836,44.3370812761049,40.2065220847818,68.33479132962448,53.49299199169278,94.21740396802059
2025-03-09 20:17:56.379333,469.0,500.0,390.0,2610.0,1529.0,464.0,64.90320013523909,72.092955129357,60.52280970181723,42.343898825219476,15.26923409166836,44.3370812761049,40.2065220847818,68.33479132962448,53.49299199169278,94.21740396802059
2025-03-09 20:17:56.379333,506.0,496.0,389.0,2608.0,1522.0,457.0,64.90320013523909,72.092955129357,60.52280970181723,42.343898825219476,15.26923409166836,44.3370812761049,40.2065220847818,68.33479132962448,53.49299199169278,94.21740396802059
2025-03-09 20:17:56.379333,471.0,500.0,390.0,2608.0,1521.0,461.0,64.90320013523909,72.092955129357,60.52280970181723,42.343898825219476,15.26923409166836,44.3370812761049,40.2065220847818,68.33479132962448,53.49299199169278,94.21740396802059
2025-03-09 20:17:56.387667,474.0,492.0,381.0,2607.0,1522.0,463.0,64.8842291307851,72.02270421502875,60.41449971922987,42.37444249681634,15.247964762831717,44.35512903670364,40.2404884706669,68.2952457705849,53.436641156415305,94.23807438514488
2025-03-09 20:17:56.387667,464.0,500.0,385.0,2608.0,1518.0,458.0,64.8842291307851,72.02270421502875,60.41449971922987,42.37444249681634,15.247964762831717,44.35512903670364,40.2404884706669,68.2952457705849,53.436641156415305,94.23807438514488
2025-03-09 20:17:56.396000,464.0,496.0,393.0,2607.0,1518.0,459.0,64.86194381688992,71.96635777565457,60.304553974976166,42.401460885055485,15.230032233259777,44.371941430178794,40.27834364777546,68.2619052063732,53.387584703778955,94.24730568640129
2025-03-09 20:17:56.396000,460.0,501.0,384.0,2609.0,1516.0,458.0,64.86194381688992,71.96635777565457,60.304553974976166,42.401460885055485,15.230032233259777,44.371941430178794,40.27834364777546,68.2619052063732,53.387584703778955,94.24730568640129
2025-03-09 20:17:56.396000,475.0,496.0,338.0,2612.0,1516.0,458.0,64.86194381688992,71.96635777565457,60.304553974976166,42.401460885055485,15.230032233259777,44.371941430178794,40.27834364777546,68.2619052063732,53.387584703778955,94.24730568640129
2025-03-09 20:17:56.396000,461.0,504.0,382.0,2608.0,1509.0,455.0,64.86194381688992,71.96635777565457,60.304553974976166,42.401460885055485,15.230032233259777,44.371941430178794,40.27834364777546,68.2619052063732,53.387584703778955,94.24730568640129
2025-03-09 20:17:56.396000,470.0,483.0,384.0,2608.0,1514.0,458.0,64.86194381688992,71.96635777565457,60.304553974976166,42.401460885055485,15.230032233259777,44.371941430178794,40.27834364777546,68.2619052063732,53.387584703778955,94.24730568640129
2025-03-09 20:17:56.404333,466.0,501.0,386.0,2608.0,1511.0,455.0,64.83617261252584,71.92456954659626,60.195216578739284,42.423925440047086,15.215074936359084,44.38669568028711,40.31807226801609,68.23442047271513,53.346575313460036,94.24414560194685
2025-03-09 20:17:56.404333,464.0,503.0,396.0,2614.0,1507.0,451.0,64.83617261252584,71.92456954659626,60.195216578739284,42.423925440047086,15.215074936359084,44.38669568028711,40.31807226801609,68.23442047271513,53.346575313460036,94.24414560194685
2025-03-09 20:17:56.404333,464.0,497.0,383.0,2608.0,1505.0,450.0,64.83617261252584,71.92456954659626,60.195216578739284,42.423925440047086,15.215074936359084,44.38669568028711,40.31807226801609,68.23442047271513,53.346575313460036,94.24414560194685
2025-03-09 20:17:56.412667,460.0,510.0,384.0,2606.0,1505.0,450.0,64.80604362319649,71.89702644430037,60.08623675412491,42.440046531759805,15.202986588946986,44.39782900292575,40.35941599205483,68.21181489870605,53.312571432969854,94.22842532159348
2025-03-09 20:17:56.412667,458.0,483.0,362.0,2608.0,1504.0,448.0,64.80604362319649,71.89702644430037,60.08623675412491,42.440046531759805,15.202986588946986,44.39782900292575,40.35941599205483,68.21181489870605,53.312571432969854,94.22842532159348
2025-03-09 20:17:56.412667,464.0,467.0,381.0,2608.0,1502.0,448.0,64.80604362319649,71.89702644430037,60.08623675412491,42.440046531759805,15.202986588946986,44.39782900292575,40.35941599205483,68.21181489870605,53.312571432969854,94.22842532159348
2025-03-09 20:17:56.412667,453.0,491.0,382.0,2610.0,1504.0,447.0,64.80604362319649,71.89702644430037,60.08623675412491,42.440046531759805,15.202986588946986,44.39782900292575,40.35941599205483,68.21181489870605,53.312571432969854,94.22842532159348
2025-03-09 20:17:56.421000,451.0,482.0,384.0,2603.0,1502.0,447.0,64.77165092635776,71.88288404925349,59.97685932395748,42.44860901638112,15.194304019804111,44.404568697249154,40.40298492787111,68.19249869245147,53.28314663628996,94.20138514437558
2025-03-09 20:17:56.421000,450.0,464.0,382.0,2605.0,1503.0,447.0,64.77165092635776,71.88288404925349,59.97685932395748,42.44860901638112,15.194304019804111,44.404568697249154,40.40298492787111,68.19249869245147,53.28314663628996,94.20138514437558
2025-03-09 20:17:56.421000,460.0,489.0,382.0,2607.0,1493.0,441.0,64.77165092635776,71.88288404925349,59.97685932395748,42.44860901638112,15.194304019804111,44.404568697249154,40.40298492787111,68.19249869245147,53.28314663628996,94.20138514437558
2025-03-09 20:17:56.429333,464.0,506.0,377.0,2608.0,1497.0,435.0,64.73491329941545,71.88165945199583,59.867192344256324,42.45038260929549,15.190743511972665,44.40844444836242,40.4498014035448,68.17487353586718,53.255649291159955,94.16516329689257
2025-03-09 20:17:56.429333,464.0,495.0,382.0,2608.0,1493.0,439.0,64.73491329941545,71.88165945199583,59.867192344256324,42.45038260929549,15.190743511972665,44.40844444836242,40.4498014035448,68.17487353586718,53.255649291159955,94.16516329689257
2025-03-09 20:17:56.429333,464.0,503.0,384.0,2607.0,1495.0,438.0,64.73491329941545,71.88165945199583,59.867192344256324,42.45038260929549,15.190743511972665,44.40844444836242,40.4498014035448,68.17487353586718,53.255649291159955,94.16516329689257
2025-03-09 20:17:56.429333,455.0,497.0,383.0,2605.0,1494.0,437.0,64.73491329941545,71.88165945199583,59.867192344256324,42.45038260929549,15.190743511972665,44.40844444836242,40.4498014035448,68.17487353586718,53.255649291159955,94.16516329689257
2025-03-09 20:17:56.437667,450.0,510.0,381.0,2607.0,1492.0,438.0,64.69678883534858,71.89174904037095,59.75658362688733,42.44729873046587,15.192664388148627,44.41136028169477,40.50004801025555,68.15768009040328,53.22873371447697,94.1210671568641
2025-03-09 20:17:56.437667,454.0,483.0,384.0,2611.0,1491.0,434.0,64.69678883534858,71.89174904037095,59.75658362688733,42.44729873046587,15.192664388148627,44.41136028169477,40.50004801025555,68.15768009040328,53.22873371447697,94.1210671568641
2025-03-09 20:17:56.437667,459.0,501.0,383.0,2609.0,1494.0,433.0,64.69678883534858,71.89174904037095,59.75658362688733,42.44729873046587,15.192664388148627,44.41136028169477,40.50004801025555,68.15768009040328,53.22873371447697,94.1210671568641
2025-03-09 20:17:56.437667,454.0,495.0,377.0,2602.0,1486.0,431.0,64.69678883534858,71.89174904037095,59.75658362688733,42.44729873046587,15.192664388148627,44.41136028169477,40.50004801025555,68.15768009040328,53.22873371447697,94.1210671568641
2025-03-09 20:17:56.446000,454.0,487.0,384.0,2608.0,1485.0,431.0,64.65643852644845,71.91101241860322,59.64348967991605,42.44101615141364,15.199696565125805,44.41446490755934,40.55360301870502,68.13998905060627,53.20202638178227,94.06883721521622
2025-03-09 20:17:56.446000,457.0,495.0,384.0,2608.0,1485.0,430.0,64.65643852644845,71.91101241860322,59.64348967991605,42.44101615141364,15.199696565125805,44.41446490755934,40.55360301870502,68.13998905060627,53.20202638178227,94.06883721521622
2025-03-09 20:17:56.446000,453.0,497.0,385.0,2602.0,1486.0,431.0,64.65643852644845,71.91101241860322,59.64348967991605,42.44101615141364,15.199696565125805,44.41446490755934,40.55360301870502,68.13998905060627,53.20202638178227,94.06883721521622
2025-03-09 20:17:56.454333,458.0,494.0,387.0,2603.0,1483.0,431.0,64.61295881707979,71.9380457463307,59.5284419994295,42.43295317092163,15.211342190191282,44.41875284901937,40.60873884984948,68.12106458460451,53.1763317032513,94.00749023571959
2025-03-09 20:17:56.454333,463.0,493.0,378.0,2603.0,1483.0,427.0,64.61295881707979,71.9380457463307,59.5284419994295,42.43295317092163,15.211342190191282,44.41875284901937,40.60873884984948,68.12106458460451,53.1763317032513,94.00749023571959
2025-03-09 20:17:56.454333,451.0,495.0,385.0,2606.0,1485.0,431.0,64.61295881707979,71.9380457463307,59.5284419994295,42.43295317092163,15.211342190191282,44.41875284901937,40.60873884984948,68.12106458460451,53.1763317032513,94.00749023571959
2025-03-09 20:17:56.454333,451.0,491.0,382.0,2606.0,1483.0,425.0,64.61295881707979,71.9380457463307,59.5284419994295,42.43295317092163,15.211342190191282,44.41875284901937,40.60873884984948,68.12106458460451,53.1763317032513,94.00749023571959
2025-03-09 20:17:56.462667,462.0,496.0,379.0,2608.0,1484.0,423.0,64.56519665644359,71.9716671707981,59.411957619986104,42.42377562936923,15.226932010980597,44.42451661320114,40.66369154891301,68.10018362587408,53.15241463389466,93.93615539902315
2025-03-09 20:17:56.462667,450.0,496.0,374.0,2606.0,1482.0,423.0,64.56519665644359,71.9716671707981,59.411957619986104,42.42377562936923,15.226932010980597,44.42451661320114,40.66369154891301,68.10018362587408,53.15241463389466,93.93615539902315
2025-03-09 20:17:56.462667,453.0,499.0,374.0,2599.0,1483.0,421.0,64.56519665644359,71.9716671707981,59.411957619986104,42.42377562936923,15.226932010980597,44.42451661320114,40.66369154891301,68.10018362587408,53.15241463389466,93.93615539902315
2025-03-09 20:17:56.471000,453.0,495.0,378.0,2606.0,1481.0,422.0,64.5120111226227,72.00990160498377,59.293361705136704,42.41406736278838,15.24515280934271,44.431596965062646,40.71749592301988,68.07688987129816,53.13071796424013,93.8541787396455
2025-03-09 20:17:56.471000,461.0,496.0,384.0,2603.0,1479.0,423.0,64.5120111226227,72.00990160498377,59.293361705136704,42.41406736278838,15.24515280934271,44.431596965062646,40.71749592301988,68.07688987129816,53.13071796424013,93.8541787396455
2025-03-09 20:17:56.471000,463.0,501.0,379.0,2605.0,1479.0,421.0,64.5120111226227,72.00990160498377,59.293361705136704,42.41406736278838,15.24515280934271,44.431596965062646,40.71749592301988,68.07688987129816,53.13071796424013,93.8541787396455
2025-03-09 20:17:56.471000,469.0,505.0,378.0,2603.0,1482.0,423.0,64.5120111226227,72.00990160498377,59.293361705136704,42.41406736278838,15.24515280934271,44.431596965062646,40.71749592301988,68.07688987129816,53.13071796424013,93.8541787396455
2025-03-09 20:17:56.479333,454.0,497.0,379.0,2602.0,1473.0,416.0,64.45229690363682,72.05075616280611,59.17243406494924,42.40504374032663,15.263935270667982,44.4400350870743,40.76866653422153,68.05154717204691,53.11300005173731,93.76050888890853
2025-03-09 20:17:56.479333,455.0,498.0,383.0,2603.0,1471.0,416.0,64.45229690363682,72.05075616280611,59.17243406494924,42.40504374032663,15.263935270667982,44.4400350870743,40.76866653422153,68.05154717204691,53.11300005173731,93.76050888890853
2025-03-09 20:17:56.479333,446.0,511.0,374.0,2603.0,1472.0,413.0,64.45229690363682,72.05075616280611,59.17243406494924,42.40504374032663,15.263935270667982,44.4400350870743,40.76866653422153,68.05154717204691,53.11300005173731,93.76050888890853
2025-03-09 20:17:56.487667,455.0,493.0,375.0,2602.0,1472.0,415.0,64.3845715067905,72.09301720539996,59.04953333590528,42.39916543204849,15.279808531949012,44.45035508445283,40.81479750071004,68.0264527645854,53.10426280403119,93.65365936546696
2025-03-09 20:17:56.487667,453.0,496.0,375.0,2604.0,1472.0,415.0,64.3845715067905,72.09301720539996,59.04953333590528,42.39916543204849,15.279808531949012,44.45035508445283,40.81479750071004,68.0264527645854,53.10426280403119,93.65365936546696
2025-03-09 20:17:56.487667,452.0,494.0,380.0,2605.0,1470.0,412.0,64.3845715067905,72.09301720539996,59.04953333590528,42.39916543204849,15.279808531949012,44.45035508445283,40.81479750071004,68.0264527645854,53.10426280403119,93.65365936546696
2025-03-09 20:17:56.487667,455.0,497.0,379.0,2607.0,1470.0,413.0,64.3845715067905,72.09301720539996,59.04953333590528,42.39916543204849,15.279808531949012,44.45035508445283,40.81479750071004,68.0264527645854,53.10426280403119,93.65365936546696
2025-03-09 20:17:56.496000,461.0,510.0,378.0,2621.0,1469.0,407.0,64.30760448942193,72.13618525634057,58.924382148757196,42.39617256010409,15.29054367252672,44.46089696033305,40.85605610766879,68.00431265536741,53.10766632491635,93.53282703280378
2025-03-09 20:17:56.496000,459.0,489.0,380.0,2604.0,1468.0,411.0,64.30760448942193,72.13618525634057,58.924382148757196,42.39617256010409,15.29054367252672,44.46089696033305,40.85605610766879,68.00431265536741,53.10766632491635,93.53282703280378
2025-03-09 20:17:56.496000,450.0,493.0,383.0,2600.0,1466.0,410.0,64.30760448942193,72.13618525634057,58.924382148757196,42.39617256010409,15.29054367252672,44.46089696033305,40.85605610766879,68.00431265536741,53.10766632491635,93.53282703280378
2025-03-09 20:17:56.496000,454.0,495.0,384.0,2608.0,1463.0,405.0,64.30760448942193,72.13618525634057,58.924382148757196,42.39617256010409,15.29054367252672,44.46089696033305,40.85605610766879,68.00431265536741,53.10766632491635,93.53282703280378
2025-03-09 20:17:56.504333,461.0,495.0,379.0,2608.0,1463.0,409.0,64.22110680479443,72.18122130169192,58.796632485456314,42.39175125497438,15.296247636642722,44.46738123329483,40.895197795979065,67.98697360942231,53.12263665705568,93.39812322216362
2025-03-09 20:17:56.504333,460.0,492.0,375.0,2603.0,1463.0,406.0,64.22110680479443,72.18122130169192,58.796632485456314,42.39175125497438,15.296247636642722,44.46738123329483,40.895197795979065,67.98697360942231,53.12263665705568,93.39812322216362
2025-03-09 20:17:56.504333,459.0,496.0,379.0,2607.0,1463.0,403.0,64.22110680479443,72.18122130169192,58.796632485456314,42.39175125497438,15.296247636642722,44.46738123329483,40.895197795979065,67.98697360942231,53.12263665705568,93.39812322216362
2025-03-09 20:17:56.512667,451.0,494.0,373.0,2608.0,1461.0,405.0,64.12499258080236,72.22942790958363,58.66438456705028,42.38559991006532,15.294048199486268,44.468490970130865,40.93317248680805,67.97725929514833,53.15220833090905,93.24991954348724
2025-03-09 20:17:56.512667,447.0,495.0,373.0,2605.0,1456.0,400.0,64.12499258080236,72.22942790958363,58.66438456705028,42.38559991006532,15.294048199486268,44.468490970130865,40.93317248680805,67.97725929514833,53.15220833090905,93.24991954348724
2025-03-09 20:17:56.512667,462.0,497.0,381.0,2605.0,1457.0,400.0,64.12499258080236,72.22942790958363,58.66438456705028,42.38559991006532,15.294048199486268,44.468490970130865,40.93317248680805,67.97725929514833,53.15220833090905,93.24991954348724
2025-03-09 20:17:56.512667,461.0,494.0,377.0,2599.0,1456.0,402.0,64.12499258080236,72.22942790958363,58.66438456705028,42.38559991006532,15.294048199486268,44.468490970130865,40.93317248680805,67.97725929514833,53.15220833090905,93.24991954348724
2025-03-09 20:17:56.521000,448.0,487.0,377.0,2603.0,1455.0,403.0,64.01895760879127,72.28151462621977,58.523724443664484,42.383872085898844,15.277075205964884,44.467345672706855,40.968999062276644,67.98021771822394,53.20530195009852,93.08892292980337
2025-03-09 20:17:56.521000,464.0,487.0,378.0,2603.0,1456.0,401.0,64.01895760879127,72.28151462621977,58.523724443664484,42.383872085898844,15.277075205964884,44.467345672706855,40.968999062276644,67.98021771822394,53.20530195009852,93.08892292980337
2025-03-09 20:17:56.521000,464.0,507.0,384.0,2603.0,1454.0,400.0,64.01895760879127,72.28151462621977,58.523724443664484,42.383872085898844,15.277075205964884,44.467345672706855,40.968999062276644,67.98021771822394,53.20530195009852,93.08892292980337
2025-03-09 20:17:56.529333,467.0,479.0,366.0,2609.0,1453.0,400.0,63.904844821866796,72.33873092357669,58.376882112153424,42.33789654334098,15.27903094305687,44.43294203514883,41.02524530701508,67.97074215921717,53.22539317257233,92.91567412933928
2025-03-09 20:17:56.529333,465.0,495.0,382.0,2601.0,1443.0,396.0,63.904844821866796,72.33873092357669,58.376882112153424,42.33789654334098,15.27903094305687,44.43294203514883,41.02524530701508,67.97074215921717,53.22539317257233,92.91567412933928
2025-03-09 20:17:56.529333,468.0,494.0,383.0,2608.0,1443.0,397.0,63.904844821866796,72.33873092357669,58.376882112153424,42.33789654334098,15.27903094305687,44.43294203514883,41.02524530701508,67.97074215921717,53.22539317257233,92.91567412933928
2025-03-09 20:17:56.529333,473.0,496.0,379.0,2602.0,1442.0,397.0,63.904844821866796,72.33873092357669,58.376882112153424,42.33789654334098,15.27903094305687,44.43294203514883,41.02524530701508,67.97074215921717,53.22539317257233,92.91567412933928
2025-03-09 20:17:56.537667,476.0,495.0,377.0,2603.0,1439.0,397.0,63.78532212344524,72.40181351528933,58.23087303402146,42.19912000409104,15.338492145570564,44.33612675881176,41.12231317887839,67.92086239802731,53.15256494174252,92.73030348275667
2025-03-09 20:17:56.537667,479.0,486.0,400.0,2604.0,1440.0,395.0,63.78532212344524,72.40181351528933,58.23087303402146,42.19912000409104,15.338492145570564,44.33612675881176,41.12231317887839,67.92086239802731,53.15256494174252,92.73030348275667
2025-03-09 20:17:56.537667,475.0,511.0,381.0,2605.0,1440.0,394.0,63.78532212344524,72.40181351528933,58.23087303402146,42.19912000409104,15.338492145570564,44.33612675881176,41.12231317887839,67.92086239802731,53.15256494174252,92.73030348275667
2025-03-09 20:17:56.546000,472.0,490.0,381.0,2608.0,1439.0,391.0,63.66025650229461,72.47000796164821,58.086973908341,42.027532171917834,15.420406132436735,44.217719029863424,41.233346896519855,67.85890910981936,53.052359897706005,92.53311421441843
2025-03-09 20:17:56.546000,481.0,503.0,416.0,2601.0,1439.0,394.0,63.66025650229461,72.47000796164821,58.086973908341,42.027532171917834,15.420406132436735,44.217719029863424,41.233346896519855,67.85890910981936,53.052359897706005,92.53311421441843
2025-03-09 20:17:56.546000,485.0,487.0,380.0,2599.0,1435.0,387.0,63.66025650229461,72.47000796164821,58.086973908341,42.027532171917834,15.420406132436735,44.217719029863424,41.233346896519855,67.85890910981936,53.052359897706005,92.53311421441843
2025-03-09 20:17:56.546000,490.0,496.0,380.0,2601.0,1433.0,389.0,63.66025650229461,72.47000796164821,58.086973908341,42.027532171917834,15.420406132436735,44.217719029863424,41.233346896519855,67.85890910981936,53.052359897706005,92.53311421441843
2025-03-09 20:17:56.554333,490.0,496.0,384.0,2601.0,1430.0,389.0,63.52893355474923,72.54204407558908,57.942811936198844,41.87548784086433,15.490909689162898,44.11200979108053,41.336345771231784,67.81018336979425,52.98304716787661,92.3248973462897
2025-03-09 20:17:56.554333,490.0,496.0,384.0,2601.0,1429.0,388.0,63.52893355474923,72.54204407558908,57.942811936198844,41.87548784086433,15.490909689162898,44.11200979108053,41.336345771231784,67.81018336979425,52.98304716787661,92.3248973462897
2025-03-09 20:17:56.554333,490.0,496.0,381.0,2602.0,1429.0,386.0,63.52893355474923,72.54204407558908,57.942811936198844,41.87548784086433,15.490909689162898,44.11200979108053,41.336345771231784,67.81018336979425,52.98304716787661,92.3248973462897
2025-03-09 20:17:56.554333,487.0,497.0,382.0,2605.0,1429.0,386.0,63.52893355474923,72.54204407558908,57.942811936198844,41.87548784086433,15.490909689162898,44.11200979108053,41.336345771231784,67.81018336979425,52.98304716787661,92.3248973462897
2025-03-09 20:17:56.562667,493.0,499.0,377.0,2597.0,1428.0,385.0,63.392987435798275,72.61735517373447,57.79977455969685,41.73788880606345,15.55454936616634,44.01609073326296,41.43411079348104,67.77107408395626,52.9368889930676,92.10699443444291
2025-03-09 20:17:56.562667,507.0,497.0,381.0,2599.0,1418.0,382.0,63.392987435798275,72.61735517373447,57.79977455969685,41.73788880606345,15.55454936616634,44.01609073326296,41.43411079348104,67.77107408395626,52.9368889930676,92.10699443444291
2025-03-09 20:17:56.562667,507.0,494.0,379.0,2599.0,1419.0,381.0,63.392987435798275,72.61735517373447,57.79977455969685,41.73788880606345,15.55454936616634,44.01609073326296,41.43411079348104,67.77107408395626,52.9368889930676,92.10699443444291
2025-03-09 20:17:56.571000,510.0,496.0,385.0,2602.0,1420.0,384.0,63.25505386891127,72.69656429142964,57.66070123615495,41.61180597000698,15.612792030816337,43.92789947222917,41.527539721184176,67.74131222967219,52.911032636661965,91.88175845540611
2025-03-09 20:17:56.571000,511.0,494.0,382.0,2601.0,1413.0,381.0,63.25505386891127,72.69656429142964,57.66070123615495,41.61180597000698,15.612792030816337,43.92789947222917,41.527539721184176,67.74131222967219,52.911032636661965,91.88175845540611
2025-03-09 20:17:56.571000,511.0,497.0,371.0,2605.0,1415.0,379.0,63.25505386891127,72.69656429142964,57.66070123615495,41.61180597000698,15.612792030816337,43.92789947222917,41.527539721184176,67.74131222967219,52.911032636661965,91.88175845540611
2025-03-09 20:17:56.571000,511.0,496.0,382.0,2601.0,1415.0,381.0,63.25505386891127,72.69656429142964,57.66070123615495,41.61180597000698,15.612792030816337,43.92789947222917,41.527539721184176,67.74131222967219,52.911032636661965,91.88175845540611
2025-03-09 20:17:56.579333,511.0,501.0,374.0,2597.0,1411.0,378.0,63.11736869894217,72.78117418888397,57.528984045173395,41.49473889738365,15.665213384754491,43.845000938324766,41.6164011330646,67.72266573163152,52.90566123307234,91.65223721719263
2025-03-09 20:17:56.579333,528.0,496.0,377.0,2600.0,1412.0,381.0,63.11736869894217,72.78117418888397,57.528984045173395,41.49473889738365,15.665213384754491,43.845000938324766,41.6164011330646,67.72266573163152,52.90566123307234,91.65223721719263
2025-03-09 20:17:56.579333,544.0,492.0,369.0,2602.0,1398.0,368.0,63.11736869894217,72.78117418888397,57.528984045173395,41.49473889738365,15.665213384754491,43.845000938324766,41.6164011330646,67.72266573163152,52.90566123307234,91.65223721719263
2025-03-09 20:17:56.587667,545.0,506.0,384.0,2598.0,1398.0,373.0,62.981976084868066,72.87372067476758,57.4097364182043,41.384821406328854,15.711608414270103,43.765529685618944,41.699511217550686,67.7179424937374,52.922792644388586,91.42141484227562
2025-03-09 20:17:56.587667,547.0,508.0,383.0,2599.0,1397.0,371.0,62.981976084868066,72.87372067476758,57.4097364182043,41.384821406328854,15.711608414270103,43.765529685618944,41.699511217550686,67.7179424937374,52.922792644388586,91.42141484227562
2025-03-09 20:17:56.587667,551.0,493.0,384.0,2599.0,1397.0,369.0,62.981976084868066,72.87372067476758,57.4097364182043,41.384821406328854,15.711608414270103,43.765529685618944,41.699511217550686,67.7179424937374,52.922792644388586,91.42141484227562
2025-03-09 20:17:56.587667,547.0,503.0,378.0,2595.0,1394.0,370.0,62.981976084868066,72.87372067476758,57.4097364182043,41.384821406328854,15.711608414270103,43.765529685618944,41.699511217550686,67.7179424937374,52.922792644388586,91.42141484227562
2025-03-09 20:17:56.596000,550.0,502.0,375.0,2592.0,1394.0,368.0,62.84898778207759,72.97550279973069,57.304347865743075,41.27993333137143,15.751997628778087,43.687333977745766,41.77752247149876,67.72886301604858,52.96304029428585,91.19049718893082
2025-03-09 20:17:56.596000,554.0,496.0,381.0,2591.0,1393.0,370.0,62.84898778207759,72.97550279973069,57.304347865743075,41.27993333137143,15.751997628778087,43.687333977745766,41.77752247149876,67.72886301604858,52.96304029428585,91.19049718893082
2025-03-09 20:17:56.596000,579.0,502.0,371.0,2593.0,1376.0,367.0,62.84898778207759,72.97550279973069,57.304347865743075,41.27993333137143,15.751997628778087,43.687333977745766,41.77752247149876,67.72886301604858,52.96304029428585,91.19049718893082
2025-03-09 20:17:56.604333,576.0,511.0,375.0,2590.0,1375.0,367.0,62.71750370978088,73.08675220842984,57.213653961481306,41.17685812139174,15.787456303250487,43.607430704051225,41.851868241766944,67.75622103441678,53.02528752743191,90.95916569981382
2025-03-09 20:17:56.604333,581.0,498.0,382.0,2591.0,1374.0,366.0,62.71750370978088,73.08675220842984,57.213653961481306,41.17685812139174,15.787456303250487,43.607430704051225,41.851868241766944,67.75622103441678,53.02528752743191,90.95916569981382
2025-03-09 20:17:56.604333,582.0,498.0,382.0,2593.0,1373.0,364.0,62.71750370978088,73.08675220842984,57.213653961481306,41.17685812139174,15.787456303250487,43.607430704051225,41.851868241766944,67.75622103441678,53.02528752743191,90.95916569981382
2025-03-09 20:17:56.604333,588.0,497.0,385.0,2596.0,1371.0,363.0,62.71750370978088,73.08675220842984,57.213653961481306,41.17685812139174,15.787456303250487,43.607430704051225,41.851868241766944,67.75622103441678,53.02528752743191,90.95916569981382
2025-03-09 20:17:56.612667,581.0,503.0,371.0,2591.0,1367.0,366.0,62.58735124405566,73.20862283914488,57.14241274543742,41.072537356861325,15.818535539391275,43.52312179904943,41.92043542523891,67.8008112838068,53.10970969751482,90.72748561459802
2025-03-09 20:17:56.612667,589.0,500.0,384.0,2592.0,1370.0,363.0,62.58735124405566,73.20862283914488,57.14241274543742,41.072537356861325,15.818535539391275,43.52312179904943,41.92043542523891,67.8008112838068,53.10970969751482,90.72748561459802
2025-03-09 20:17:56.612667,592.0,507.0,378.0,2599.0,1366.0,367.0,62.58735124405566,73.20862283914488,57.14241274543742,41.072537356861325,15.818535539391275,43.52312179904943,41.92043542523891,67.8008112838068,53.10970969751482,90.72748561459802
2025-03-09 20:17:56.621000,623.0,507.0,382.0,2585.0,1354.0,357.0,62.46018688476215,73.34175325908201,57.09295674129581,40.96789559853472,15.846900032326264,43.43636185569344,41.98168426613166,67.86088325966756,53.21459992551719,90.4954010101662
2025-03-09 20:17:56.621000,615.0,506.0,384.0,2587.0,1347.0,357.0,62.46018688476215,73.34175325908201,57.09295674129581,40.96789559853472,15.846900032326264,43.43636185569344,41.98168426613166,67.86088325966756,53.21459992551719,90.4954010101662
2025-03-09 20:17:56.621000,608.0,511.0,375.0,2586.0,1356.0,358.0,62.46018688476215,73.34175325908201,57.09295674129581,40.96789559853472,15.846900032326264,43.43636185569344,41.98168426613166,67.86088325966756,53.21459992551719,90.4954010101662
2025-03-09 20:17:56.621000,615.0,500.0,373.0,2586.0,1350.0,355.0,62.46018688476215,73.34175325908201,57.09295674129581,40.96789559853472,15.846900032326264,43.43636185569344,41.98168426613166,67.86088325966756,53.21459992551719,90.4954010101662
2025-03-09 20:17:56.629333,622.0,510.0,371.0,2587.0,1349.0,355.0,62.33763302051297,73.48625448912861,57.06565263811777,40.86542882907494,15.87450504212776,43.350634220393964,42.0351937676295,67.93422749443883,53.338008990682745,90.26228786175125
2025-03-09 20:17:56.629333,625.0,509.0,365.0,2586.0,1348.0,354.0,62.33763302051297,73.48625448912861,57.06565263811777,40.86542882907494,15.87450504212776,43.350634220393964,42.0351937676295,67.93422749443883,53.338008990682745,90.26228786175125
2025-03-09 20:17:56.629333,624.0,507.0,383.0,2586.0,1349.0,354.0,62.33763302051297,73.48625448912861,57.06565263811777,40.86542882907494,15.87450504212776,43.350634220393964,42.0351937676295,67.93422749443883,53.338008990682745,90.26228786175125
2025-03-09 20:17:56.629333,647.0,511.0,354.0,2587.0,1337.0,347.0,62.33763302051297,73.48625448912861,57.06565263811777,40.86542882907494,15.87450504212776,43.350634220393964,42.0351937676295,67.93422749443883,53.338008990682745,90.26228786175125
2025-03-09 20:17:56.637667,640.0,511.0,341.0,2559.0,1331.0,349.0,62.21700764091489,73.64228020992603,57.05946839543833,40.763611760732786,15.90146767761798,43.26467565670899,42.08052432973539,68.01979108996466,53.479744118681595,90.02727555349126
2025-03-09 20:17:56.637667,658.0,511.0,343.0,2559.0,1333.0,341.0,62.21700764091489,73.64228020992603,57.05946839543833,40.763611760732786,15.90146767761798,43.26467565670899,42.08052432973539,68.01979108996466,53.479744118681595,90.02727555349126
2025-03-09 20:17:56.637667,650.0,511.0,341.0,2582.0,1330.0,350.0,62.21700764091489,73.64228020992603,57.05946839543833,40.763611760732786,15.90146767761798,43.26467565670899,42.08052432973539,68.01979108996466,53.479744118681595,90.02727555349126
2025-03-09 20:17:56.646000,654.0,523.0,342.0,2559.0,1331.0,348.0,62.09968090766916,73.81231628074472,57.07444074530967,40.663533119119016,15.927158210535158,43.17940631880253,42.118435498490165,68.11983932254935,53.642192567504665,89.79322295841526
2025-03-09 20:17:56.646000,658.0,511.0,339.0,2583.0,1329.0,345.0,62.09968090766916,73.81231628074472,57.07444074530967,40.663533119119016,15.927158210535158,43.17940631880253,42.118435498490165,68.11983932254935,53.642192567504665,89.79322295841526
2025-03-09 20:17:56.646000,659.0,511.0,335.0,2559.0,1328.0,342.0,62.09968090766916,73.81231628074472,57.07444074530967,40.663533119119016,15.927158210535158,43.17940631880253,42.118435498490165,68.11983932254935,53.642192567504665,89.79322295841526
2025-03-09 20:17:56.646000,666.0,510.0,336.0,2559.0,1328.0,342.0,62.09968090766916,73.81231628074472,57.07444074530967,40.663533119119016,15.927158210535158,43.17940631880253,42.118435498490165,68.11983932254935,53.642192567504665,89.79322295841526
2025-03-09 20:17:56.654333,688.0,511.0,337.0,2559.0,1322.0,336.0,61.99190167931574,73.99806074245616,57.110379449648654,40.570246438811694,15.95210049766243,43.0999795357516,42.151227679197156,68.23621793029264,53.82557073972863,89.56562535937988
2025-03-09 20:17:56.654333,692.0,528.0,337.0,2559.0,1319.0,337.0,61.99190167931574,73.99806074245616,57.110379449648654,40.570246438811694,15.95210049766243,43.0999795357516,42.151227679197156,68.23621793029264,53.82557073972863,89.56562535937988
2025-03-09 20:17:56.654333,689.0,526.0,336.0,2559.0,1321.0,336.0,61.99190167931574,73.99806074245616,57.110379449648654,40.570246438811694,15.95210049766243,43.0999795357516,42.151227679197156,68.23621793029264,53.82557073972863,89.56562535937988
2025-03-09 20:17:56.662667,691.0,511.0,330.0,2559.0,1318.0,337.0,61.89330002372568,74.19778560927995,57.16426157150793,40.4835803717398,15.976981336237307,43.02666731612308,42.180193491888225,68.36644392550834,54.026490588028956,89.3458637284508
2025-03-09 20:17:56.662667,699.0,533.0,336.0,2559.0,1318.0,338.0,61.89330002372568,74.19778560927995,57.16426157150793,40.4835803717398,15.976981336237307,43.02666731612308,42.180193491888225,68.36644392550834,54.026490588028956,89.3458637284508
2025-03-09 20:17:56.662667,695.0,530.0,341.0,2559.0,1319.0,336.0,61.89330002372568,74.19778560927995,57.16426157150793,40.4835803717398,15.976981336237307,43.02666731612308,42.180193491888225,68.36644392550834,54.026490588028956,89.3458637284508
2025-03-09 20:17:56.662667,702.0,522.0,336.0,2559.0,1312.0,336.0,61.89330002372568,74.19778560927995,57.16426157150793,40.4835803717398,15.976981336237307,43.02666731612308,42.180193491888225,68.36644392550834,54.026490588028956,89.3458637284508
2025-03-09 20:17:56.671000,731.0,529.0,332.0,2559.0,1301.0,333.0,61.798280480465586,74.40928614169722,57.23380052591397,40.398637484695506,16.002006075559553,42.95508805107464,42.20441930398066,68.50684858943988,54.241802380672155,89.13375005440618
2025-03-09 20:17:56.671000,736.0,534.0,335.0,2559.0,1299.0,331.0,61.798280480465586,74.40928614169722,57.23380052591397,40.398637484695506,16.002006075559553,42.95508805107464,42.20441930398066,68.50684858943988,54.241802380672155,89.13375005440618
2025-03-09 20:17:56.671000,738.0,533.0,336.0,2559.0,1299.0,331.0,61.798280480465586,74.40928614169722,57.23380052591397,40.398637484695506,16.002006075559553,42.95508805107464,42.20441930398066,68.50684858943988,54.241802380672155,89.13375005440618
2025-03-09 20:17:56.679333,747.0,534.0,336.0,2559.0,1297.0,330.0,61.704214271913074,74.63035739578204,57.31836140897632,40.31294474477779,16.028222440366296,42.88362300929032,42.22244522990302,68.65338759981839,54.4675743314496,88.93076133053064
2025-03-09 20:17:56.679333,746.0,533.0,339.0,2559.0,1297.0,329.0,61.704214271913074,74.63035739578204,57.31836140897632,40.31294474477779,16.028222440366296,42.88362300929032,42.22244522990302,68.65338759981839,54.4675743314496,88.93076133053064
2025-03-09 20:17:56.679333,743.0,532.0,336.0,2559.0,1296.0,331.0,61.704214271913074,74.63035739578204,57.31836140897632,40.31294474477779,16.028222440366296,42.88362300929032,42.22244522990302,68.65338759981839,54.4675743314496,88.93076133053064
2025-03-09 20:17:56.679333,740.0,527.0,337.0,2559.0,1296.0,330.0,61.704214271913074,74.63035739578204,57.31836140897632,40.31294474477779,16.028222440366296,42.88362300929032,42.22244522990302,68.65338759981839,54.4675743314496,88.93076133053064
2025-03-09 20:17:56.687667,752.0,534.0,334.0,2559.0,1295.0,330.0,61.609897525008265,74.85705565355491,57.41529188448784,40.226049537880996,16.057202002974286,42.812910580059835,42.23361940304418,68.80001399210006,54.6973755569072,88.7381223983857
2025-03-09 20:17:56.687667,794.0,535.0,342.0,2559.0,1281.0,321.0,61.609897525008265,74.85705565355491,57.41529188448784,40.226049537880996,16.057202002974286,42.812910580059835,42.23361940304418,68.80001399210006,54.6973755569072,88.7381223983857
2025-03-09 20:17:56.687667,801.0,545.0,343.0,2559.0,1280.0,322.0,61.609897525008265,74.85705565355491,57.41529188448784,40.226049537880996,16.057202002974286,42.812910580059835,42.23361940304418,68.80001399210006,54.6973755569072,88.7381223983857
2025-03-09 20:17:56.687667,803.0,544.0,343.0,2559.0,1280.0,324.0,61.609897525008265,74.85705565355491,57.41529188448784,40.226049537880996,16.057202002974286,42.812910580059835,42.23361940304418,68.80001399210006,54.6973755569072,88.7381223983857
2025-03-09 20:17:56.696000,807.0,545.0,340.0,2559.0,1280.0,319.0,61.513596245417745,75.08619996444213,57.52212251895901,40.13790856102528,16.08982276455488,42.74355259024938,42.23724575131698,68.94208705745952,54.92697228049733,88.5577609613793
2025-03-09 20:17:56.696000,812.0,540.0,339.0,2559.0,1278.0,322.0,61.513596245417745,75.08619996444213,57.52212251895901,40.13790856102528,16.08982276455488,42.74355259024938,42.23724575131698,68.94208705745952,54.92697228049733,88.5577609613793
2025-03-09 20:17:56.696000,811.0,550.0,340.0,2559.0,1277.0,320.0,61.513596245417745,75.08619996444213,57.52212251895901,40.13790856102528,16.08982276455488,42.74355259024938,42.23724575131698,68.94208705745952,54.92697228049733,88.5577609613793
2025-03-09 20:17:56.704333,816.0,542.0,351.0,2559.0,1275.0,322.0,61.41488938625843,75.31487531947958,57.636172245503154,40.049417434267895,16.125978727709658,42.67637449976045,42.233667984910646,69.07709059833878,55.153560207206425,88.39136925707759
2025-03-09 20:17:56.704333,867.0,550.0,345.0,2559.0,1271.0,318.0,61.41488938625843,75.31487531947958,57.636172245503154,40.049417434267895,16.125978727709658,42.67637449976045,42.233667984910646,69.07709059833878,55.153560207206425,88.39136925707759
2025-03-09 20:17:56.704333,875.0,559.0,337.0,2559.0,1266.0,318.0,61.41488938625843,75.31487531947958,57.636172245503154,40.049417434267895,16.125978727709658,42.67637449976045,42.233667984910646,69.07709059833878,55.153560207206425,88.39136925707759
2025-03-09 20:17:56.704333,877.0,565.0,350.0,2559.0,1267.0,319.0,61.41488938625843,75.31487531947958,57.636172245503154,40.049417434267895,16.125978727709658,42.67637449976045,42.233667984910646,69.07709059833878,55.153560207206425,88.39136925707759
2025-03-09 20:17:56.712667,881.0,560.0,352.0,2559.0,1265.0,314.0,61.313618224925925,75.54013660608972,57.75380117218775,39.960444925908725,16.16453115416025,42.610667930285345,42.22443238542738,69.20387063051174,55.37459452224768,88.23993322173517
2025-03-09 20:17:56.712667,886.0,560.0,343.0,2559.0,1265.0,315.0,61.313618224925925,75.54013660608972,57.75380117218775,39.960444925908725,16.16453115416025,42.610667930285345,42.22443238542738,69.20387063051174,55.37459452224768,88.23993322173517
2025-03-09 20:17:56.712667,898.0,568.0,346.0,2559.0,1264.0,316.0,61.313618224925925,75.54013660608972,57.75380117218775,39.960444925908725,16.16453115416025,42.610667930285345,42.22443238542738,69.20387063051174,55.37459452224768,88.23993322173517
2025-03-09 20:17:56.721000,901.0,560.0,342.0,2559.0,1265.0,317.0,61.207937367134974,75.75948957695589,57.871323743659715,39.869376555316855,16.203372909714087,42.543691131048426,42.21128699271103,69.32276178281113,55.58931396953626,88.10447171778543
2025-03-09 20:17:56.721000,903.0,565.0,342.0,2559.0,1264.0,318.0,61.207937367134974,75.75948957695589,57.871323743659715,39.869376555316855,16.203372909714087,42.543691131048426,42.21128699271103,69.32276178281113,55.58931396953626,88.10447171778543
2025-03-09 20:17:56.721000,962.0,579.0,337.0,2559.0,1262.0,312.0,61.207937367134974,75.75948957695589,57.871323743659715,39.869376555316855,16.203372909714087,42.543691131048426,42.21128699271103,69.32276178281113,55.58931396953626,88.10447171778543
2025-03-09 20:17:56.721000,966.0,576.0,336.0,2559.0,1263.0,310.0,61.207937367134974,75.75948957695589,57.871323743659715,39.869376555316855,16.203372909714087,42.543691131048426,42.21128699271103,69.32276178281113,55.58931396953626,88.10447171778543
2025-03-09 20:17:56.729333,973.0,576.0,338.0,2557.0,1263.0,310.0,61.0971204292269,75.97152378631816,57.986957189309344,39.77631440015712,16.24101498254191,42.47456161658231,42.195200088089976,69.43472488809589,55.79829586928411,87.98562873505662
2025-03-09 20:17:56.729333,979.0,581.0,336.0,2559.0,1261.0,310.0,61.0971204292269,75.97152378631816,57.986957189309344,39.77631440015712,16.24101498254191,42.47456161658231,42.195200088089976,69.43472488809589,55.79829586928411,87.98562873505662
2025-03-09 20:17:56.729333,983.0,586.0,339.0,2559.0,1259.0,307.0,61.0971204292269,75.97152378631816,57.986957189309344,39.77631440015712,16.24101498254191,42.47456161658231,42.195200088089976,69.43472488809589,55.79829586928411,87.98562873505662
2025-03-09 20:17:56.737667,987.0,587.0,337.0,2558.0,1259.0,311.0,60.983719531351504,76.17520623712808,58.097264803268644,39.68017884178604,16.277550108438316,42.4021812499902,42.18036960102536,69.5401725745757,55.99820941055209,87.88386611626794
2025-03-09 20:17:56.737667,991.0,580.0,336.0,2558.0,1259.0,310.0,60.983719531351504,76.17520623712808,58.097264803268644,39.68017884178604,16.277550108438316,42.4021812499902,42.18036960102536,69.5401725745757,55.99820941055209,87.88386611626794
2025-03-09 20:17:56.737667,1072.0,597.0,342.0,2551.0,1254.0,306.0,60.983719531351504,76.17520623712808,58.097264803268644,39.68017884178604,16.277550108438316,42.4021812499902,42.18036960102536,69.5401725745757,55.99820941055209,87.88386611626794
2025-03-09 20:17:56.737667,1063.0,598.0,345.0,2549.0,1250.0,304.0,60.983719531351504,76.17520623712808,58.097264803268644,39.68017884178604,16.277550108438316,42.4021812499902,42.18036960102536,69.5401725745757,55.99820941055209,87.88386611626794
2025-03-09 20:17:56.746000,1079.0,598.0,342.0,2550.0,1251.0,305.0,60.87111232470259,76.36860035207405,58.19473370019013,39.577105692286416,16.31379458700689,42.32317184973902,42.17524126344229,69.63865795447482,56.18161764746918,87.79923306385336
2025-03-09 20:17:56.746000,1089.0,604.0,352.0,2547.0,1250.0,305.0,60.87111232470259,76.36860035207405,58.19473370019013,39.577105692286416,16.31379458700689,42.32317184973902,42.17524126344229,69.63865795447482,56.18161764746918,87.79923306385336
2025-03-09 20:17:56.746000,1089.0,598.0,346.0,2557.0,1250.0,307.0,60.87111232470259,76.36860035207405,58.19473370019013,39.577105692286416,16.31379458700689,42.32317184973902,42.17524126344229,69.63865795447482,56.18161764746918,87.79923306385336
2025-03-09 20:17:56.746000,1094.0,599.0,349.0,2551.0,1249.0,304.0,60.87111232470259,76.36860035207405,58.19473370019013,39.577105692286416,16.31379458700689,42.32317184973902,42.17524126344229,69.63865795447482,56.18161764746918,87.79923306385336
2025-03-09 20:17:56.754333,1103.0,600.0,344.0,2555.0,1249.0,304.0,60.76104063206924,76.54999358844762,58.27641768771236,39.465832075065315,16.350120206150077,42.23641456510565,42.18291798798676,69.72948179981485,56.34472751398339,87.73117433497117
2025-03-09 20:17:56.754333,1097.0,606.0,341.0,2555.0,1247.0,304.0,60.76104063206924,76.54999358844762,58.27641768771236,39.465832075065315,16.350120206150077,42.23641456510565,42.18291798798676,69.72948179981485,56.34472751398339,87.73117433497117
2025-03-09 20:17:56.754333,1162.0,620.0,341.0,2554.0,1242.0,303.0,60.76104063206924,76.54999358844762,58.27641768771236,39.465832075065315,16.350120206150077,42.23641456510565,42.18291798798676,69.72948179981485,56.34472751398339,87.73117433497117
2025-03-09 20:17:56.762667,1168.0,622.0,343.0,2551.0,1242.0,303.0,60.65392790269484,76.71746971930011,58.342018274923646,39.34782595390289,16.386479839744254,42.14331269092196,42.2022605266791,69.81093560656703,56.486170641681724,87.67792059461637
2025-03-09 20:17:56.762667,1165.0,631.0,342.0,2554.0,1238.0,301.0,60.65392790269484,76.71746971930011,58.342018274923646,39.34782595390289,16.386479839744254,42.14331269092196,42.2022605266791,69.81093560656703,56.486170641681724,87.67792059461637
2025-03-09 20:17:56.762667,1180.0,611.0,344.0,2549.0,1240.0,299.0,60.65392790269484,76.71746971930011,58.342018274923646,39.34782595390289,16.386479839744254,42.14331269092196,42.2022605266791,69.81093560656703,56.486170641681724,87.67792059461637
2025-03-09 20:17:56.771000,1181.0,637.0,339.0,2545.0,1237.0,301.0,60.55045338325925,76.86891530125469,58.388452884686515,39.223700943756334,16.42294312662204,42.04471836013937,42.234131523116176,69.88049041391116,56.602857962423215,87.63647389089566
2025-03-09 20:17:56.771000,1159.0,609.0,343.0,2549.0,1237.0,299.0,60.55045338325925,76.86891530125469,58.388452884686515,39.223700943756334,16.42294312662204,42.04471836013937,42.234131523116176,69.88049041391116,56.602857962423215,87.63647389089566
2025-03-09 20:17:56.771000,1197.0,634.0,337.0,2548.0,1234.0,298.0,60.55045338325925,76.86891530125469,58.388452884686515,39.223700943756334,16.42294312662204,42.04471836013937,42.234131523116176,69.88049041391116,56.602857962423215,87.63647389089566
2025-03-09 20:17:56.771000,1263.0,641.0,351.0,2550.0,1223.0,294.0,60.55045338325925,76.86891530125469,58.388452884686515,39.223700943756334,16.42294312662204,42.04471836013937,42.234131523116176,69.88049041391116,56.602857962423215,87.63647389089566
2025-03-09 20:17:56.779333,1265.0,642.0,351.0,2551.0,1220.0,292.0,60.45091243042429,77.00401090249575,58.41444648770608,39.092830687519076,16.46080703535661,41.940721671740995,42.27969632288354,69.93666726645527,56.692638397162455,87.60510375000536
2025-03-09 20:17:56.779333,1264.0,631.0,349.0,2553.0,1219.0,295.0,60.45091243042429,77.00401090249575,58.41444648770608,39.092830687519076,16.46080703535661,41.940721671740995,42.27969632288354,69.93666726645527,56.692638397162455,87.60510375000536
2025-03-09 20:17:56.779333,1275.0,656.0,351.0,2546.0,1219.0,293.0,60.45091243042429,77.00401090249575,58.41444648770608,39.092830687519076,16.46080703535661,41.940721671740995,42.27969632288354,69.93666726645527,56.692638397162455,87.60510375000536
2025-03-09 20:17:56.779333,1284.0,646.0,351.0,2550.0,1218.0,291.0,60.45091243042429,77.00401090249575,58.41444648770608,39.092830687519076,16.46080703535661,41.940721671740995,42.27969632288354,69.93666726645527,56.692638397162455,87.60510375000536
2025-03-09 20:17:56.787667,1311.0,650.0,353.0,2551.0,1218.0,294.0,60.35445259786971,77.12370778354142,58.422059169643234,38.95326134060295,16.502251572186683,41.83016946166493,42.33925852092837,69.97960208760034,56.75507196383371,87.5833865531824
2025-03-09 20:17:56.787667,1287.0,650.0,346.0,2544.0,1217.0,292.0,60.35445259786971,77.12370778354142,58.422059169643234,38.95326134060295,16.502251572186683,41.83016946166493,42.33925852092837,69.97960208760034,56.75507196383371,87.5833865531824
2025-03-09 20:17:56.796000,1353.0,682.0,356.0,2546.0,1207.0,287.0,60.26094105286255,77.22867463886462,58.412763544889096,38.80663772420272,16.54712106494383,41.71405193161361,42.41270651523782,70.01155396806622,56.793207881106404,87.56964076590411
2025-03-09 20:17:56.796000,1378.0,667.0,350.0,2547.0,1205.0,287.0,60.26094105286255,77.22867463886462,58.412763544889096,38.80663772420272,16.54712106494383,41.71405193161361,42.41270651523782,70.01155396806622,56.793207881106404,87.56964076590411
2025-03-09 20:17:56.796000,1366.0,685.0,341.0,2546.0,1209.0,290.0,60.26094105286255,77.22867463886462,58.412763544889096,38.80663772420272,16.54712106494383,41.71405193161361,42.41270651523782,70.01155396806622,56.793207881106404,87.56964076590411
2025-03-09 20:17:56.796000,1377.0,685.0,351.0,2544.0,1205.0,287.0,60.26094105286255,77.22867463886462,58.412763544889096,38.80663772420272,16.54712106494383,41.71405193161361,42.41270651523782,70.01155396806622,56.793207881106404,87.56964076590411
2025-03-09 20:17:56.796000,1382.0,687.0,348.0,2544.0,1201.0,287.0,60.26094105286255,77.22867463886462,58.412763544889096,38.80663772420272,16.54712106494383,41.71405193161361,42.41270651523782,70.01155396806622,56.793207881106404,87.56964076590411
2025-03-09 20:17:56.804333,1415.0,688.0,351.0,2544.0,1203.0,286.0,60.171019660229575,77.31882279096189,58.38607424770524,38.6591962928239,16.59201737232319,41.596222471204214,42.49925332687773,70.03627640026046,56.813724111957185,87.56196116276713
2025-03-09 20:17:56.804333,1392.0,687.0,353.0,2544.0,1201.0,287.0,60.171019660229575,77.31882279096189,58.38607424770524,38.6591962928239,16.59201737232319,41.596222471204214,42.49925332687773,70.03627640026046,56.813724111957185,87.56196116276713
2025-03-09 20:17:56.804333,1424.0,718.0,344.0,2544.0,1193.0,283.0,60.171019660229575,77.31882279096189,58.38607424770524,38.6591962928239,16.59201737232319,41.596222471204214,42.49925332687773,70.03627640026046,56.813724111957185,87.56196116276713
2025-03-09 20:17:56.812667,1422.0,705.0,346.0,2543.0,1191.0,282.0,60.08533167425544,77.39313214012857,58.34024068799888,38.51857810499819,16.631997496468273,41.481635594314206,42.59634542643653,70.05592550850444,56.82318254412771,87.56030365901921
2025-03-09 20:17:56.812667,1431.0,726.0,347.0,2544.0,1191.0,284.0,60.08533167425544,77.39313214012857,58.34024068799888,38.51857810499819,16.631997496468273,41.481635594314206,42.59634542643653,70.05592550850444,56.82318254412771,87.56030365901921
2025-03-09 20:17:56.812667,1434.0,703.0,346.0,2549.0,1193.0,281.0,60.08533167425544,77.39313214012857,58.34024068799888,38.51857810499819,16.631997496468273,41.481635594314206,42.59634542643653,70.05592550850444,56.82318254412771,87.56030365901921
2025-03-09 20:17:56.821000,1436.0,705.0,349.0,2537.0,1187.0,282.0,60.00630422616853,77.4501740388333,58.27046986742956,38.39060742017413,16.66204028923712,41.37404664804702,42.70330543179383,70.07103766316239,56.8243860394496,87.56389860796757
2025-03-09 20:17:56.821000,1433.0,704.0,342.0,2544.0,1187.0,279.0,60.00630422616853,77.4501740388333,58.27046986742956,38.39060742017413,16.66204028923712,41.37404664804702,42.70330543179383,70.07103766316239,56.8243860394496,87.56389860796757
2025-03-09 20:17:56.821000,1439.0,711.0,345.0,2542.0,1189.0,281.0,60.00630422616853,77.4501740388333,58.27046986742956,38.39060742017413,16.66204028923712,41.37404664804702,42.70330543179383,70.07103766316239,56.8243860394496,87.56389860796757
2025-03-09 20:17:56.821000,1451.0,721.0,344.0,2539.0,1174.0,277.0,60.00630422616853,77.4501740388333,58.27046986742956,38.39060742017413,16.66204028923712,41.37404664804702,42.70330543179383,70.07103766316239,56.8243860394496,87.56389860796757
2025-03-09 20:17:56.829333,1461.0,727.0,341.0,2537.0,1175.0,273.0,59.9355853185243,77.48867780256055,58.17313420029281,38.27338309716109,16.681551188000935,41.27158722872839,42.82275541598296,70.08085309199453,56.8137166971578,87.56892114093392
2025-03-09 20:17:56.829333,1459.0,746.0,337.0,2535.0,1173.0,275.0,59.9355853185243,77.48867780256055,58.17313420029281,38.27338309716109,16.681551188000935,41.27158722872839,42.82275541598296,70.08085309199453,56.8137166971578,87.56892114093392
2025-03-09 20:17:56.829333,1445.0,720.0,340.0,2535.0,1173.0,275.0,59.9355853185243,77.48867780256055,58.17313420029281,38.27338309716109,16.681551188000935,41.27158722872839,42.82275541598296,70.08085309199453,56.8137166971578,87.56892114093392
2025-03-09 20:17:56.829333,1456.0,746.0,339.0,2534.0,1169.0,274.0,59.9355853185243,77.48867780256055,58.17313420029281,38.27338309716109,16.681551188000935,41.27158722872839,42.82275541598296,70.08085309199453,56.8137166971578,87.56892114093392
2025-03-09 20:17:56.837667,1459.0,745.0,331.0,2543.0,1169.0,273.0,59.872154477035856,77.50871390053165,58.05317015736828,38.16562327904058,16.692044949514862,41.173496693942155,42.9513194298631,70.08490676847961,56.79081954821249,87.5711934329242
2025-03-09 20:17:56.837667,1461.0,727.0,337.0,2539.0,1169.0,274.0,59.872154477035856,77.50871390053165,58.05317015736828,38.16562327904058,16.692044949514862,41.173496693942155,42.9513194298631,70.08490676847961,56.79081954821249,87.5711934329242
2025-03-09 20:17:56.837667,1483.0,752.0,336.0,2529.0,1159.0,272.0,59.872154477035856,77.50871390053165,58.05317015736828,38.16562327904058,16.692044949514862,41.173496693942155,42.9513194298631,70.08490676847961,56.79081954821249,87.5711934329242
2025-03-09 20:17:56.846000,1473.0,767.0,341.0,2529.0,1164.0,275.0,59.81552447806713,77.51095429115861,57.91431071896719,38.07003859074243,16.69387077397232,41.08226337014438,43.08565004152304,70.08368354472681,56.75858657605155,87.56735031394189
2025-03-09 20:17:56.846000,1488.0,770.0,339.0,2531.0,1161.0,272.0,59.81552447806713,77.51095429115861,57.91431071896719,38.07003859074243,16.69387077397232,41.08226337014438,43.08565004152304,70.08368354472681,56.75858657605155,87.56735031394189
2025-03-09 20:17:56.846000,1488.0,761.0,327.0,2530.0,1155.0,272.0,59.81552447806713,77.51095429115861,57.91431071896719,38.07003859074243,16.69387077397232,41.08226337014438,43.08565004152304,70.08368354472681,56.75858657605155,87.56735031394189
2025-03-09 20:17:56.854333,1492.0,778.0,338.0,2531.0,1158.0,270.0,59.76647193672347,77.49682637395217,57.756938444715715,37.986267029447305,16.688196425438232,40.99795593310275,43.227067720818916,70.07806329144654,56.71713680685783,87.55410346513726
2025-03-09 20:17:56.854333,1494.0,788.0,336.0,2530.0,1153.0,271.0,59.76647193672347,77.49682637395217,57.756938444715715,37.986267029447305,16.688196425438232,40.99795593310275,43.227067720818916,70.07806329144654,56.71713680685783,87.55410346513726
2025-03-09 20:17:56.854333,1517.0,752.0,336.0,2533.0,1152.0,272.0,59.76647193672347,77.49682637395217,57.756938444715715,37.986267029447305,16.688196425438232,40.99795593310275,43.227067720818916,70.07806329144654,56.71713680685783,87.55410346513726
2025-03-09 20:17:56.854333,1511.0,790.0,334.0,2527.0,1142.0,270.0,59.76647193672347,77.49682637395217,57.756938444715715,37.986267029447305,16.688196425438232,40.99795593310275,43.227067720818916,70.07806329144654,56.71713680685783,87.55410346513726
2025-03-09 20:17:56.862667,1515.0,797.0,334.0,2526.0,1139.0,271.0,59.7258092773315,77.4678808243236,57.5816820563239,37.91168404925714,16.675771214365934,40.91848385955652,43.37685591829921,70.06918202848783,56.66554512289581,87.52882076364786
2025-03-09 20:17:56.862667,1523.0,790.0,338.0,2528.0,1140.0,269.0,59.7258092773315,77.4678808243236,57.5816820563239,37.91168404925714,16.675771214365934,40.91848385955652,43.37685591829921,70.06918202848783,56.66554512289581,87.52882076364786
2025-03-09 20:17:56.862667,1518.0,794.0,321.0,2522.0,1140.0,269.0,59.7258092773315,77.4678808243236,57.5816820563239,37.91168404925714,16.675771214365934,40.91848385955652,43.37685591829921,70.06918202848783,56.66554512289581,87.52882076364786
2025-03-09 20:17:56.871000,1521.0,804.0,335.0,2525.0,1139.0,267.0,59.69409539189122,77.42490299566883,57.3886534492371,37.84327580101779,16.657364809720466,40.84161755426833,43.53571871427184,70.05680746419756,56.60149865785461,87.48972605230837
2025-03-09 20:17:56.871000,1520.0,803.0,337.0,2522.0,1136.0,267.0,59.69409539189122,77.42490299566883,57.3886534492371,37.84327580101779,16.657364809720466,40.84161755426833,43.53571871427184,70.05680746419756,56.60149865785461,87.48972605230837
2025-03-09 20:17:56.871000,1523.0,775.0,335.0,2523.0,1138.0,266.0,59.69409539189122,77.42490299566883,57.3886534492371,37.84327580101779,16.657364809720466,40.84161755426833,43.53571871427184,70.05680746419756,56.60149865785461,87.48972605230837
2025-03-09 20:17:56.871000,1535.0,782.0,331.0,2521.0,1130.0,264.0,59.69409539189122,77.42490299566883,57.3886534492371,37.84327580101779,16.657364809720466,40.84161755426833,43.53571871427184,70.05680746419756,56.60149865785461,87.48972605230837
2025-03-09 20:17:56.879333,1535.0,809.0,337.0,2519.0,1127.0,260.0,59.67177791973659,77.36939384521932,57.178618475803724,37.77946594025782,16.6333823670549,40.766450832670465,43.70324181135924,70.04089594541271,56.52441736272264,87.43542535103686
2025-03-09 20:17:56.879333,1535.0,816.0,322.0,2522.0,1126.0,266.0,59.67177791973659,77.36939384521932,57.178618475803724,37.77946594025782,16.6333823670549,40.766450832670465,43.70324181135924,70.04089594541271,56.52441736272264,87.43542535103686
2025-03-09 20:17:56.879333,1535.0,832.0,336.0,2518.0,1125.0,265.0,59.67177791973659,77.36939384521932,57.178618475803724,37.77946594025782,16.6333823670549,40.766450832670465,43.70324181135924,70.04089594541271,56.52441736272264,87.43542535103686
2025-03-09 20:17:56.887667,1535.0,829.0,337.0,2518.0,1126.0,265.0,59.659258801249926,77.3027341524982,56.95242859331769,37.7203261765698,16.603802329600395,40.69324462746007,43.878840191521824,70.0220593229287,56.43521637888998,87.3641636006831
2025-03-09 20:17:56.887667,1535.0,821.0,334.0,2517.0,1124.0,263.0,59.659258801249926,77.3027341524982,56.95242859331769,37.7203261765698,16.603802329600395,40.69324462746007,43.878840191521824,70.0220593229287,56.43521637888998,87.3641636006831
2025-03-09 20:17:56.887667,1535.0,835.0,336.0,2522.0,1122.0,262.0,59.659258801249926,77.3027341524982,56.95242859331769,37.7203261765698,16.603802329600395,40.69324462746007,43.878840191521824,70.0220593229287,56.43521637888998,87.3641636006831
2025-03-09 20:17:56.887667,1535.0,826.0,336.0,2517.0,1113.0,261.0,59.659258801249926,77.3027341524982,56.95242859331769,37.7203261765698,16.603802329600395,40.69324462746007,43.878840191521824,70.0220593229287,56.43521637888998,87.3641636006831
2025-03-09 20:17:56.896000,1533.0,850.0,342.0,2512.0,1117.0,259.0,59.656028249518734,77.22541048597799,56.710768358440596,37.66526832024472,16.569204140942023,40.621757534608754,44.062075868493594,70.0000767170247,56.33375185332581,87.27501174458959
2025-03-09 20:17:56.896000,1535.0,835.0,341.0,2517.0,1116.0,259.0,59.656028249518734,77.22541048597799,56.710768358440596,37.66526832024472,16.569204140942023,40.621757534608754,44.062075868493594,70.0000767170247,56.33375185332581,87.27501174458959
2025-03-09 20:17:56.896000,1534.0,848.0,338.0,2516.0,1114.0,257.0,59.656028249518734,77.22541048597799,56.710768358440596,37.66526832024472,16.569204140942023,40.621757534608754,44.062075868493594,70.0000767170247,56.33375185332581,87.27501174458959
2025-03-09 20:17:56.904333,1531.0,843.0,335.0,2513.0,1115.0,257.0,59.66060686134349,77.13768466448981,56.45453172966385,37.61317147578685,16.529940156951245,40.55098259333631,44.25241455245534,69.97504168098175,56.22036980328296,87.17095971757568
2025-03-09 20:17:56.904333,1535.0,848.0,340.0,2514.0,1111.0,261.0,59.66060686134349,77.13768466448981,56.45453172966385,37.61317147578685,16.529940156951245,40.55098259333631,44.25241455245534,69.97504168098175,56.22036980328296,87.17095971757568
2025-03-09 20:17:56.904333,1525.0,838.0,345.0,2513.0,1111.0,258.0,59.66060686134349,77.13768466448981,56.45453172966385,37.61317147578685,16.529940156951245,40.55098259333631,44.25241455245534,69.97504168098175,56.22036980328296,87.17095971757568
2025-03-09 20:17:56.912667,1522.0,855.0,336.0,2512.0,1105.0,257.0,59.67096191034402,77.0398558919692,56.18540407593442,37.56395738091834,16.486595892270692,40.48089060367193,44.44856729722082,69.94695961977177,56.09645035531123,87.0557595571475
2025-03-09 20:17:56.912667,1527.0,856.0,342.0,2512.0,1104.0,257.0,59.67096191034402,77.0398558919692,56.18540407593442,37.56395738091834,16.486595892270692,40.48089060367193,44.44856729722082,69.94695961977177,56.09645035531123,87.0557595571475
2025-03-09 20:17:56.912667,1492.0,854.0,339.0,2512.0,1104.0,257.0,59.67096191034402,77.0398558919692,56.18540407593442,37.56395738091834,16.486595892270692,40.48089060367193,44.44856729722082,69.94695961977177,56.09645035531123,87.0557595571475
2025-03-09 20:17:56.912667,1586.0,853.0,338.0,2512.0,1104.0,257.0,59.67096191034402,77.0398558919692,56.18540407593442,37.56395738091834,16.486595892270692,40.48089060367193,44.44856729722082,69.94695961977177,56.09645035531123,87.0557595571475
2025-03-09 20:17:56.921000,1523.0,863.0,339.0,2512.0,1102.0,257.0,59.68492107483248,76.93161453671961,55.90356277684279,37.51876012621523,16.439237816725722,40.41243863924245,44.649494026700786,69.9152168549648,55.96365467860605,86.92903240902122
2025-03-09 20:17:56.921000,1475.0,862.0,346.0,2510.0,1104.0,259.0,59.68492107483248,76.93161453671961,55.90356277684279,37.51876012621523,16.439237816725722,40.41243863924245,44.649494026700786,69.9152168549648,55.96365467860605,86.92903240902122
2025-03-09 20:17:56.921000,1520.0,854.0,339.0,2508.0,1104.0,256.0,59.68492107483248,76.93161453671961,55.90356277684279,37.51876012621523,16.439237816725722,40.41243863924245,44.649494026700786,69.9152168549648,55.96365467860605,86.92903240902122
2025-03-09 20:17:56.929333,1517.0,865.0,348.0,2507.0,1100.0,256.0,59.701764431534,76.81391608631961,55.60864721001767,37.479078569438904,16.38737080352534,40.34711863865655,44.8543754555954,69.87952789471592,55.82410709613111,86.78942360627178
2025-03-09 20:17:56.929333,1498.0,861.0,347.0,2507.0,1098.0,253.0,59.701764431534,76.81391608631961,55.60864721001767,37.479078569438904,16.38737080352534,40.34711863865655,44.8543754555954,69.87952789471592,55.82410709613111,86.78942360627178
2025-03-09 20:17:56.929333,1504.0,874.0,347.0,2502.0,1099.0,257.0,59.701764431534,76.81391608631961,55.60864721001767,37.479078569438904,16.38737080352534,40.34711863865655,44.8543754555954,69.87952789471592,55.82410709613111,86.78942360627178
2025-03-09 20:17:56.929333,1505.0,877.0,355.0,2505.0,1100.0,255.0,59.701764431534,76.81391608631961,55.60864721001767,37.479078569438904,16.38737080352534,40.34711863865655,44.8543754555954,69.87952789471592,55.82410709613111,86.78942360627178
2025-03-09 20:17:56.937667,1501.0,869.0,341.0,2501.0,1097.0,254.0,59.720576966444554,76.6885031908217,55.30078817167641,37.44295502366367,16.33029185539688,40.283149312765175,45.063033776144124,69.84056740169466,55.679074338926796,86.63717457376528
2025-03-09 20:17:56.937667,1504.0,865.0,355.0,2505.0,1103.0,254.0,59.720576966444554,76.6885031908217,55.30078817167641,37.44295502366367,16.33029185539688,40.283149312765175,45.063033776144124,69.84056740169466,55.679074338926796,86.63717457376528
2025-03-09 20:17:56.937667,1502.0,868.0,348.0,2503.0,1095.0,256.0,59.720576966444554,76.6885031908217,55.30078817167641,37.44295502366367,16.33029185539688,40.283149312765175,45.063033776144124,69.84056740169466,55.679074338926796,86.63717457376528
2025-03-09 20:17:56.946000,1483.0,867.0,352.0,2506.0,1095.0,251.0,59.73886076782966,76.555060909443,54.982527923899745,37.40483886451712,16.269825451587554,40.21554921432027,45.27578294489339,69.79873129478815,55.52616658277474,86.47236722463384
2025-03-09 20:17:56.946000,1484.0,864.0,350.0,2501.0,1092.0,251.0,59.73886076782966,76.555060909443,54.982527923899745,37.40483886451712,16.269825451587554,40.21554921432027,45.27578294489339,69.79873129478815,55.52616658277474,86.47236722463384
2025-03-09 20:17:56.946000,1477.0,866.0,351.0,2502.0,1093.0,250.0,59.73886076782966,76.555060909443,54.982527923899745,37.40483886451712,16.269825451587554,40.21554921432027,45.27578294489339,69.79873129478815,55.52616658277474,86.47236722463384
2025-03-09 20:17:56.946000,1475.0,873.0,354.0,2501.0,1095.0,251.0,59.73886076782966,76.555060909443,54.982527923899745,37.40483886451712,16.269825451587554,40.21554921432027,45.27578294489339,69.79873129478815,55.52616658277474,86.47236722463384
2025-03-09 20:17:56.954333,1471.0,870.0,352.0,2502.0,1091.0,250.0,59.75592816783359,76.41456719063295,54.658593063406435,37.35890148922001,16.210845516922063,40.14008540607556,45.49420216816008,69.75492241170156,55.36142407400993,86.29605974384776
2025-03-09 20:17:56.954333,1472.0,867.0,351.0,2503.0,1090.0,251.0,59.75592816783359,76.41456719063295,54.658593063406435,37.35890148922001,16.210845516922063,40.14008540607556,45.49420216816008,69.75492241170156,55.36142407400993,86.29605974384776
2025-03-09 20:17:56.954333,1467.0,860.0,349.0,2503.0,1091.0,252.0,59.75592816783359,76.41456719063295,54.658593063406435,37.35890148922001,16.210845516922063,40.14008540607556,45.49420216816008,69.75492241170156,55.36142407400993,86.29605974384776
2025-03-09 20:17:56.962667,1441.0,864.0,355.0,2501.0,1088.0,247.0,59.772301595919664,76.27034217349897,54.333404916126135,37.302544663518304,16.154160324866776,40.05450861162139,45.71762990977992,69.71224537731995,55.18649405275558,86.1124496465587
2025-03-09 20:17:56.962667,1438.0,868.0,359.0,2499.0,1088.0,246.0,59.772301595919664,76.27034217349897,54.333404916126135,37.302544663518304,16.154160324866776,40.05450861162139,45.71762990977992,69.71224537731995,55.18649405275558,86.1124496465587
2025-03-09 20:17:56.962667,1434.0,869.0,358.0,2498.0,1088.0,247.0,59.772301595919664,76.27034217349897,54.333404916126135,37.302544663518304,16.154160324866776,40.05450861162139,45.71762990977992,69.71224537731995,55.18649405275558,86.1124496465587
2025-03-09 20:17:56.971000,1430.0,863.0,366.0,2496.0,1088.0,246.0,59.78651142238579,76.1244543136116,54.009166476108774,37.23549681849663,16.09691990173965,39.95752136797868,45.94322280173232,69.67321008036349,55.006305428647416,85.92662637272771
2025-03-09 20:17:56.971000,1428.0,867.0,354.0,2491.0,1087.0,247.0,59.78651142238579,76.1244543136116,54.009166476108774,37.23549681849663,16.09691990173965,39.95752136797868,45.94322280173232,69.67321008036349,55.006305428647416,85.92662637272771
2025-03-09 20:17:56.971000,1408.0,869.0,362.0,2498.0,1088.0,245.0,59.78651142238579,76.1244543136116,54.009166476108774,37.23549681849663,16.09691990173965,39.95752136797868,45.94322280173232,69.67321008036349,55.006305428647416,85.92662637272771
2025-03-09 20:17:56.971000,1424.0,870.0,365.0,2498.0,1084.0,246.0,59.78651142238579,76.1244543136116,54.009166476108774,37.23549681849663,16.09691990173965,39.95752136797868,45.94322280173232,69.67321008036349,55.006305428647416,85.92662637272771
2025-03-09 20:17:56.979333,1389.0,865.0,366.0,2493.0,1084.0,246.0,59.79687309754046,75.97874747676742,53.68687924584224,37.15769977981154,16.036515808362328,39.84842239025788,46.16830549996043,69.63887157782966,54.825148265968444,85.74244175921567
2025-03-09 20:17:56.979333,1385.0,865.0,368.0,2492.0,1079.0,244.0,59.79687309754046,75.97874747676742,53.68687924584224,37.15769977981154,16.036515808362328,39.84842239025788,46.16830549996043,69.63887157782966,54.825148265968444,85.74244175921567
2025-03-09 20:17:56.979333,1391.0,868.0,368.0,2494.0,1083.0,246.0,59.79687309754046,75.97874747676742,53.68687924584224,37.15769977981154,16.036515808362328,39.84842239025788,46.16830549996043,69.63887157782966,54.825148265968444,85.74244175921567
2025-03-09 20:17:56.987667,1379.0,864.0,369.0,2495.0,1086.0,243.0,59.80203347108506,75.83526905012857,53.36669983279036,37.07074444769174,15.97082049134292,39.728316946341856,46.39092397681611,69.60982389362383,54.64796768874173,85.56285587408628
2025-03-09 20:17:56.987667,1380.0,848.0,306.0,2495.0,1078.0,241.0,59.80203347108506,75.83526905012857,53.36669983279036,37.07074444769174,15.97082049134292,39.728316946341856,46.39092397681611,69.60982389362383,54.64796768874173,85.56285587408628
2025-03-09 20:17:56.987667,1374.0,874.0,367.0,2495.0,1085.0,242.0,59.80203347108506,75.83526905012857,53.36669983279036,37.07074444769174,15.97082049134292,39.728316946341856,46.39092397681611,69.60982389362383,54.64796768874173,85.56285587408628
2025-03-09 20:17:56.987667,1375.0,867.0,368.0,2493.0,1082.0,242.0,59.80203347108506,75.83526905012857,53.36669983279036,37.07074444769174,15.97082049134292,39.728316946341856,46.39092397681611,69.60982389362383,54.64796768874173,85.56285587408628
2025-03-09 20:17:56.996000,1339.0,865.0,374.0,2489.0,1088.0,243.0,59.80019404917565,75.69462924995874,53.049317072262376,36.97761279311422,15.899018102187588,39.59997509629242,46.60846972129923,69.58505998283839,54.47870861908361,85.38995752433297
2025-03-09 20:17:56.996000,1339.0,864.0,369.0,2485.0,1083.0,241.0,59.80019404917565,75.69462924995874,53.049317072262376,36.97761279311422,15.899018102187588,39.59997509629242,46.60846972129923,69.58505998283839,54.47870861908361,85.38995752433297
2025-03-09 20:17:56.996000,1337.0,859.0,376.0,2491.0,1081.0,242.0,59.80019404917565,75.69462924995874,53.049317072262376,36.97761279311422,15.899018102187588,39.59997509629242,46.60846972129923,69.58505998283839,54.47870861908361,85.38995752433297
2025-03-09 20:17:57.004333,1329.0,897.0,373.0,2494.0,1079.0,242.0,59.78932109980697,75.55662939743219,52.73679033359678,36.88070081070041,15.820952973044184,39.465621285270075,46.81777672103565,69.56348719664959,54.3203200969808,85.22477836577214
2025-03-09 20:17:57.004333,1322.0,855.0,367.0,2487.0,1082.0,241.0,59.78932109980697,75.55662939743219,52.73679033359678,36.88070081070041,15.820952973044184,39.465621285270075,46.81777672103565,69.56348719664959,54.3203200969808,85.22477836577214
2025-03-09 20:17:57.004333,1325.0,862.0,370.0,2486.0,1079.0,243.0,59.78932109980697,75.55662939743219,52.73679033359678,36.88070081070041,15.820952973044184,39.465621285270075,46.81777672103565,69.56348719664959,54.3203200969808,85.22477836577214
2025-03-09 20:17:57.004333,1318.0,861.0,378.0,2485.0,1082.0,243.0,59.78932109980697,75.55662939743219,52.73679033359678,36.88070081070041,15.820952973044184,39.465621285270075,46.81777672103565,69.56348719664959,54.3203200969808,85.22477836577214
2025-03-09 20:17:57.012667,1314.0,869.0,371.0,2485.0,1079.0,240.0,59.76694790933876,75.4203883052899,52.43124575827421,36.78179432273946,15.73799259113947,39.327203860092574,47.01673001942445,69.54353228957991,54.174368552334826,85.06707942102229
2025-03-09 20:17:57.012667,1219.0,859.0,384.0,2481.0,1082.0,242.0,59.76694790933876,75.4203883052899,52.43124575827421,36.78179432273946,15.73799259113947,39.327203860092574,47.01673001942445,69.54353228957991,54.174368552334826,85.06707942102229
2025-03-09 20:17:57.012667,1274.0,851.0,383.0,2483.0,1077.0,240.0,59.76694790933876,75.4203883052899,52.43124575827421,36.78179432273946,15.73799259113947,39.327203860092574,47.01673001942445,69.54353228957991,54.174368552334826,85.06707942102229
2025-03-09 20:17:57.021000,1271.0,859.0,370.0,2480.0,1080.0,240.0,59.73169581387146,75.28585879311356,52.136101840293975,36.682076447916266,15.652937806451856,39.186748921083385,47.20346064560863,69.52362371251402,54.04126578554566,84.91734829000879
2025-03-09 20:17:57.021000,1265.0,851.0,375.0,2481.0,1077.0,239.0,59.73169581387146,75.28585879311356,52.136101840293975,36.682076447916266,15.652937806451856,39.186748921083385,47.20346064560863,69.52362371251402,54.04126578554566,84.91734829000879
2025-03-09 20:17:57.021000,1264.0,857.0,379.0,2481.0,1078.0,238.0,59.73169581387146,75.28585879311356,52.136101840293975,36.682076447916266,15.652937806451856,39.186748921083385,47.20346064560863,69.52362371251402,54.04126578554566,84.91734829000879
2025-03-09 20:17:57.029333,1266.0,867.0,382.0,2481.0,1078.0,239.0,59.68280198279142,75.15282987512111,51.85650067606894,36.581295275300725,15.568874345333837,39.04552113377432,47.373844388451744,69.50078584908557,53.91903040954481,84.77614268569388
2025-03-09 20:17:57.029333,1264.0,857.0,375.0,2485.0,1077.0,237.0,59.68280198279142,75.15282987512111,51.85650067606894,36.581295275300725,15.568874345333837,39.04552113377432,47.373844388451744,69.50078584908557,53.91903040954481,84.77614268569388
2025-03-09 20:17:57.029333,1251.0,861.0,379.0,2492.0,1069.0,233.0,59.68280198279142,75.15282987512111,51.85650067606894,36.581295275300725,15.568874345333837,39.04552113377432,47.373844388451744,69.50078584908557,53.91903040954481,84.77614268569388
2025-03-09 20:17:57.029333,1234.0,867.0,383.0,2480.0,1068.0,234.0,59.68280198279142,75.15282987512111,51.85650067606894,36.581295275300725,15.568874345333837,39.04552113377432,47.373844388451744,69.50078584908557,53.91903040954481,84.77614268569388
2025-03-09 20:17:57.037667,1230.0,859.0,383.0,2480.0,1066.0,235.0,59.61881225905516,75.01926413226596,51.598018624829066,36.48104698148537,15.488591137307658,38.90685112804724,47.52037941491063,69.46900649738001,53.80464967442953,84.64326434419738
2025-03-09 20:17:57.037667,1228.0,854.0,379.0,2480.0,1068.0,236.0,59.61881225905516,75.01926413226596,51.598018624829066,36.48104698148537,15.488591137307658,38.90685112804724,47.52037941491063,69.46900649738001,53.80464967442953,84.64326434419738
2025-03-09 20:17:57.037667,1223.0,858.0,383.0,2480.0,1063.0,237.0,59.61881225905516,75.01926413226596,51.598018624829066,36.48104698148537,15.488591137307658,38.90685112804724,47.52037941491063,69.46900649738001,53.80464967442953,84.64326434419738
2025-03-09 20:17:57.046000,1225.0,861.0,386.0,2480.0,1063.0,234.0,59.5394262092931,74.88315461148258,51.36351938434962,36.384072481108134,15.415679997848438,38.77564883388398,47.63794267910108,69.4214146988244,53.69404340027993,84.5197020983482
2025-03-09 20:17:57.046000,1225.0,866.0,383.0,2481.0,1064.0,233.0,59.5394262092931,74.88315461148258,51.36351938434962,36.384072481108134,15.415679997848438,38.77564883388398,47.63794267910108,69.4214146988244,53.69404340027993,84.5197020983482
2025-03-09 20:17:57.046000,1200.0,886.0,389.0,2480.0,1051.0,227.0,59.5394262092931,74.88315461148258,51.36351938434962,36.384072481108134,15.415679997848438,38.77564883388398,47.63794267910108,69.4214146988244,53.69404340027993,84.5197020983482
2025-03-09 20:17:57.046000,1207.0,878.0,383.0,2475.0,1050.0,231.0,59.5394262092931,74.88315461148258,51.36351938434962,36.384072481108134,15.415679997848438,38.77564883388398,47.63794267910108,69.4214146988244,53.69404340027993,84.5197020983482
2025-03-09 20:17:57.054333,1200.0,881.0,388.0,2476.0,1044.0,230.0,59.4461083993451,74.74341757512816,51.1537112097779,36.292228469048396,15.351493527968398,38.65438230279376,47.725483102028186,69.35614520571133,53.58493719241279,84.40790231667184
2025-03-09 20:17:57.054333,1200.0,885.0,384.0,2477.0,1044.0,225.0,59.4461083993451,74.74341757512816,51.1537112097779,36.292228469048396,15.351493527968398,38.65438230279376,47.725483102028186,69.35614520571133,53.58493719241279,84.40790231667184
2025-03-09 20:17:57.054333,1197.0,882.0,390.0,2479.0,1043.0,228.0,59.4461083993451,74.74341757512816,51.1537112097779,36.292228469048396,15.351493527968398,38.65438230279376,47.725483102028186,69.35614520571133,53.58493719241279,84.40790231667184
2025-03-09 20:17:57.062667,1200.0,896.0,384.0,2480.0,1042.0,226.0,59.34029700314004,74.59861864646362,50.96933772452673,36.20858437435624,15.29526821758888,38.54514779807751,47.782237923282146,69.27438768834753,53.477858465565454,84.30831852384469
2025-03-09 20:17:57.062667,1193.0,897.0,392.0,2470.0,1040.0,226.0,59.34029700314004,74.59861864646362,50.96933772452673,36.20858437435624,15.29526821758888,38.54514779807751,47.782237923282146,69.27438768834753,53.477858465565454,84.30831852384469
2025-03-09 20:17:57.062667,1197.0,925.0,391.0,2482.0,1023.0,226.0,59.34029700314004,74.59861864646362,50.96933772452673,36.20858437435624,15.29526821758888,38.54514779807751,47.782237923282146,69.27438768834753,53.477858465565454,84.30831852384469
2025-03-09 20:17:57.062667,1190.0,927.0,395.0,2482.0,1023.0,225.0,59.34029700314004,74.59861864646362,50.96933772452673,36.20858437435624,15.29526821758888,38.54514779807751,47.782237923282146,69.27438768834753,53.477858465565454,84.30831852384469
2025-03-09 20:17:57.071000,1193.0,934.0,400.0,2483.0,1023.0,224.0,59.225351866273094,74.44977702789198,50.81067759855827,36.13669613955517,15.246638731758052,38.451035138092806,47.809018057004984,69.17830524672496,53.37429326424845,84.21949220607664
2025-03-09 20:17:57.071000,1198.0,923.0,400.0,2484.0,1022.0,224.0,59.225351866273094,74.44977702789198,50.81067759855827,36.13669613955517,15.246638731758052,38.451035138092806,47.809018057004984,69.17830524672496,53.37429326424845,84.21949220607664
2025-03-09 20:17:57.071000,1194.0,927.0,389.0,2480.0,1019.0,226.0,59.225351866273094,74.44977702789198,50.81067759855827,36.13669613955517,15.246638731758052,38.451035138092806,47.809018057004984,69.17830524672496,53.37429326424845,84.21949220607664
2025-03-09 20:17:57.079333,1195.0,931.0,398.0,2481.0,1020.0,224.0,59.10610594793266,74.30009541128982,50.676988802012794,36.0777167512532,15.204437980001185,38.37278967673447,47.80889019542376,69.07215754751854,53.275902260432744,84.13994577007567
2025-03-09 20:17:57.079333,1194.0,934.0,404.0,2480.0,1012.0,223.0,59.10610594793266,74.30009541128982,50.676988802012794,36.0777167512532,15.204437980001185,38.37278967673447,47.80889019542376,69.07215754751854,53.275902260432744,84.13994577007567
2025-03-09 20:17:57.079333,1190.0,959.0,403.0,2481.0,1008.0,223.0,59.10610594793266,74.30009541128982,50.676988802012794,36.0777167512532,15.204437980001185,38.37278967673447,47.80889019542376,69.07215754751854,53.275902260432744,84.13994577007567
2025-03-09 20:17:57.087667,1191.0,960.0,412.0,2481.0,1005.0,223.0,58.98599368336734,74.15211601701685,50.56630774102888,36.02992709722994,15.167655583284363,38.30806484872405,47.78693264846674,68.96078948487647,53.1832144204065,84.0696788247601
2025-03-09 20:17:57.087667,1187.0,965.0,415.0,2481.0,1003.0,221.0,58.98599368336734,74.15211601701685,50.56630774102888,36.02992709722994,15.167655583284363,38.30806484872405,47.78693264846674,68.96078948487647,53.1832144204065,84.0696788247601
2025-03-09 20:17:57.087667,1188.0,969.0,411.0,2478.0,1001.0,219.0,58.98599368336734,74.15211601701685,50.56630774102888,36.02992709722994,15.167655583284363,38.30806484872405,47.78693264846674,68.96078948487647,53.1832144204065,84.0696788247601
2025-03-09 20:17:57.087667,1222.0,982.0,416.0,2479.0,999.0,221.0,58.98599368336734,74.15211601701685,50.56630774102888,36.02992709722994,15.167655583284363,38.30806484872405,47.78693264846674,68.96078948487647,53.1832144204065,84.0696788247601
2025-03-09 20:17:57.096000,1191.0,973.0,417.0,2478.0,998.0,221.0,58.867815782898155,74.00685706450994,50.47533361010019,35.99222824597433,15.136192911159924,38.25521373635467,47.749096517725675,68.84775254094076,53.09543680522322,84.00833827949835
2025-03-09 20:17:57.096000,1187.0,973.0,414.0,2480.0,997.0,222.0,58.867815782898155,74.00685706450994,50.47533361010019,35.99222824597433,15.136192911159924,38.25521373635467,47.749096517725675,68.84775254094076,53.09543680522322,84.00833827949835
2025-03-09 20:17:57.096000,1189.0,991.0,418.0,2477.0,983.0,221.0,58.867815782898155,74.00685706450994,50.47533361010019,35.99222824597433,15.136192911159924,38.25521373635467,47.749096517725675,68.84775254094076,53.09543680522322,84.00833827949835
2025-03-09 20:17:57.104333,1195.0,993.0,431.0,2478.0,982.0,221.0,58.75465041427896,73.86521250504039,50.40076526817023,35.963918136115936,15.109828980763611,38.21301281191868,47.70094593140189,68.73630963055533,53.01162659726506,83.95635449676298
2025-03-09 20:17:57.104333,1194.0,1005.0,430.0,2477.0,979.0,214.0,58.75465041427896,73.86521250504039,50.40076526817023,35.963918136115936,15.109828980763611,38.21301281191868,47.70094593140189,68.73630963055533,53.01162659726506,83.95635449676298
2025-03-09 20:17:57.104333,1193.0,998.0,417.0,2475.0,977.0,219.0,58.75465041427896,73.86521250504039,50.40076526817023,35.963918136115936,15.109828980763611,38.21301281191868,47.70094593140189,68.73630963055533,53.01162659726506,83.95635449676298
2025-03-09 20:17:57.104333,1194.0,990.0,429.0,2475.0,978.0,221.0,58.75465041427896,73.86521250504039,50.40076526817023,35.963918136115936,15.109828980763611,38.21301281191868,47.70094593140189,68.73630963055533,53.01162659726506,83.95635449676298
2025-03-09 20:17:57.112667,1183.0,993.0,428.0,2471.0,976.0,218.0,58.650526178984435,73.7299638694021,50.34078491898663,35.94264364169596,15.087610150799375,38.178847721245326,47.64709264652055,68.6307121087182,52.93129368791773,83.91581243849572
2025-03-09 20:17:57.112667,1187.0,996.0,426.0,2473.0,976.0,215.0,58.650526178984435,73.7299638694021,50.34078491898663,35.94264364169596,15.087610150799375,38.178847721245326,47.64709264652055,68.6307121087182,52.93129368791773,83.91581243849572
2025-03-09 20:17:57.112667,1183.0,994.0,430.0,2474.0,976.0,218.0,58.650526178984435,73.7299638694021,50.34078491898663,35.94264364169596,15.087610150799375,38.178847721245326,47.64709264652055,68.6307121087182,52.93129368791773,83.91581243849572
2025-03-09 20:17:57.112667,1183.0,993.0,433.0,2471.0,967.0,218.0,58.650526178984435,73.7299638694021,50.34078491898663,35.94264364169596,15.087610150799375,38.178847721245326,47.64709264652055,68.6307121087182,52.93129368791773,83.91581243849572
2025-03-09 20:17:57.121000,1187.0,999.0,432.0,2467.0,960.0,216.0,58.56036108034307,73.60529958760281,50.29475485642541,35.92775310265192,15.068934771870655,38.152357086805395,47.5908432848803,68.53461827741663,52.85517881224485,83.88894716645822
2025-03-09 20:17:57.121000,1205.0,1002.0,426.0,2473.0,962.0,218.0,58.56036108034307,73.60529958760281,50.29475485642541,35.92775310265192,15.068934771870655,38.152357086805395,47.5908432848803,68.53461827741663,52.85517881224485,83.88894716645822
2025-03-09 20:17:57.121000,1190.0,991.0,427.0,2471.0,963.0,219.0,58.56036108034307,73.60529958760281,50.29475485642541,35.92775310265192,15.068934771870655,38.152357086805395,47.5908432848803,68.53461827741663,52.85517881224485,83.88894716645822
2025-03-09 20:17:57.129333,1172.0,1010.0,437.0,2470.0,961.0,217.0,58.488465729598225,73.4946581045995,50.261119334094545,35.92049988954429,15.05398147119303,38.135368416730785,47.53547647676345,68.44994403718904,52.78411048386717,83.87702712252927
2025-03-09 20:17:57.129333,1185.0,1013.0,431.0,2465.0,960.0,219.0,58.488465729598225,73.4946581045995,50.261119334094545,35.92049988954429,15.05398147119303,38.135368416730785,47.53547647676345,68.44994403718904,52.78411048386717,83.87702712252927
2025-03-09 20:17:57.129333,1185.0,1006.0,431.0,2470.0,963.0,217.0,58.488465729598225,73.4946581045995,50.261119334094545,35.92049988954429,15.05398147119303,38.135368416730785,47.53547647676345,68.44994403718904,52.78411048386717,83.87702712252927
2025-03-09 20:17:57.137667,1178.0,1007.0,434.0,2465.0,953.0,217.0,58.43750392291443,73.40019340579109,50.23773362423229,35.920543996600784,15.042680954707466,38.12793404802524,47.48417562694297,68.37794430247328,52.71796481953085,83.87986931967009
2025-03-09 20:17:57.137667,1181.0,1005.0,431.0,2474.0,948.0,217.0,58.43750392291443,73.40019340579109,50.23773362423229,35.920543996600784,15.042680954707466,38.12793404802524,47.48417562694297,68.37794430247328,52.71796481953085,83.87986931967009
2025-03-09 20:17:57.137667,1181.0,1006.0,435.0,2470.0,946.0,218.0,58.43750392291443,73.40019340579109,50.23773362423229,35.920543996600784,15.042680954707466,38.12793404802524,47.48417562694297,68.37794430247328,52.71796481953085,83.87986931967009
2025-03-09 20:17:57.137667,1179.0,1011.0,435.0,2470.0,945.0,223.0,58.43750392291443,73.40019340579109,50.23773362423229,35.920543996600784,15.042680954707466,38.12793404802524,47.48417562694297,68.37794430247328,52.71796481953085,83.87986931967009
2025-03-09 20:17:57.146000,1182.0,1010.0,439.0,2466.0,947.0,214.0,58.4077426823015,73.32235168460427,50.22368872857092,35.92582936474899,15.03428252111839,38.12811319596627,47.437574851047444,68.31877415710868,52.65587844604592,83.89616365738331
2025-03-09 20:17:57.146000,1179.0,1017.0,431.0,2466.0,945.0,214.0,58.4077426823015,73.32235168460427,50.22368872857092,35.92582936474899,15.03428252111839,38.12811319596627,47.437574851047444,68.31877415710868,52.65587844604592,83.89616365738331
2025-03-09 20:17:57.146000,1184.0,1008.0,434.0,2467.0,946.0,218.0,58.4077426823015,73.32235168460427,50.22368872857092,35.92582936474899,15.03428252111839,38.12811319596627,47.437574851047444,68.31877415710868,52.65587844604592,83.89616365738331
2025-03-09 20:17:57.154333,1174.0,1008.0,434.0,2467.0,938.0,215.0,58.398479115572144,73.26102028824378,50.220024137840554,35.934373750489726,15.028223338820492,38.13392890464235,47.39444225373119,68.27234170528239,52.59727078382179,83.92409812614542
2025-03-09 20:17:57.154333,1187.0,1001.0,433.0,2467.0,939.0,214.0,58.398479115572144,73.26102028824378,50.220024137840554,35.934373750489726,15.028223338820492,38.13392890464235,47.39444225373119,68.27234170528239,52.59727078382179,83.92409812614542
2025-03-09 20:17:57.154333,1188.0,1008.0,432.0,2464.0,933.0,215.0,58.398479115572144,73.26102028824378,50.220024137840554,35.934373750489726,15.028223338820492,38.13392890464235,47.39444225373119,68.27234170528239,52.59727078382179,83.92409812614542
2025-03-09 20:17:57.154333,1177.0,1008.0,438.0,2470.0,931.0,216.0,58.398479115572144,73.26102028824378,50.220024137840554,35.934373750489726,15.028223338820492,38.13392890464235,47.39444225373119,68.27234170528239,52.59727078382179,83.92409812614542
2025-03-09 20:17:57.162667,1177.0,1008.0,437.0,2466.0,934.0,213.0,58.40866516341214,73.21553640909336,50.22774388517659,35.94550974499742,15.02425391605608,38.14459852701649,47.35342607372773,68.23820582695693,52.54203535813011,83.96097528605881
2025-03-09 20:17:57.162667,1177.0,1005.0,435.0,2465.0,933.0,211.0,58.40866516341214,73.21553640909336,50.22774388517659,35.94550974499742,15.02425391605608,38.14459852701649,47.35342607372773,68.23820582695693,52.54203535813011,83.96097528605881
2025-03-09 20:17:57.162667,1181.0,1008.0,432.0,2465.0,931.0,215.0,58.40866516341214,73.21553640909336,50.22774388517659,35.94550974499742,15.02425391605608,38.14459852701649,47.35342607372773,68.23820582695693,52.54203535813011,83.96097528605881
2025-03-09 20:17:57.171000,1168.0,993.0,433.0,2462.0,923.0,214.0,58.43693402190077,73.18508794667501,50.24755317108029,35.958908558851924,15.022757832010194,38.159793451932536,47.31373014967188,68.21560959354603,52.4900598428824,84.00456759583594
2025-03-09 20:17:57.171000,1177.0,999.0,435.0,2473.0,927.0,214.0,58.43693402190077,73.18508794667501,50.24755317108029,35.958908558851924,15.022757832010194,38.159793451932536,47.31373014967188,68.21560959354603,52.4900598428824,84.00456759583594
2025-03-09 20:17:57.171000,1171.0,998.0,435.0,2468.0,923.0,215.0,58.43693402190077,73.18508794667501,50.24755317108029,35.958908558851924,15.022757832010194,38.159793451932536,47.31373014967188,68.21560959354603,52.4900598428824,84.00456759583594
2025-03-09 20:17:57.171000,1171.0,999.0,436.0,2462.0,923.0,215.0,58.43693402190077,73.18508794667501,50.24755317108029,35.958908558851924,15.022757832010194,38.159793451932536,47.31373014967188,68.21560959354603,52.4900598428824,84.00456759583594
2025-03-09 20:17:57.171000,1168.0,1023.0,437.0,2464.0,923.0,214.0,58.43693402190077,73.18508794667501,50.24755317108029,35.958908558851924,15.022757832010194,38.159793451932536,47.31373014967188,68.21560959354603,52.4900598428824,84.00456759583594
2025-03-09 20:17:57.179333,1170.0,993.0,435.0,2464.0,923.0,215.0,58.48237870139033,73.16940392321463,50.27988567228414,35.973852618325154,15.024386072703434,38.17889286287163,47.27553289270598,68.20431362259352,52.4411627922515,84.05355670537386
2025-03-09 20:17:57.179333,1155.0,989.0,434.0,2459.0,922.0,214.0,58.48237870139033,73.16940392321463,50.27988567228414,35.973852618325154,15.024386072703434,38.17889286287163,47.27553289270598,68.20431362259352,52.4411627922515,84.05355670537386
2025-03-09 20:17:57.187667,1155.0,998.0,436.0,2463.0,919.0,213.0,58.54380721736647,73.16788214294785,50.324967574297965,35.98936293177098,15.029237010342552,38.2007030167659,47.23900924712074,68.2044450831393,52.39537216986038,84.1072850261579
2025-03-09 20:17:57.187667,1153.0,977.0,433.0,2464.0,916.0,214.0,58.54380721736647,73.16788214294785,50.324967574297965,35.98936293177098,15.029237010342552,38.2007030167659,47.23900924712074,68.2044450831393,52.39537216986038,84.1072850261579
2025-03-09 20:17:57.187667,1146.0,974.0,432.0,2455.0,919.0,215.0,58.54380721736647,73.16788214294785,50.324967574297965,35.98936293177098,15.029237010342552,38.2007030167659,47.23900924712074,68.2044450831393,52.39537216986038,84.1072850261579
2025-03-09 20:17:57.187667,1157.0,976.0,432.0,2470.0,917.0,214.0,58.54380721736647,73.16788214294785,50.324967574297965,35.98936293177098,15.029237010342552,38.2007030167659,47.23900924712074,68.2044450831393,52.39537216986038,84.1072850261579
2025-03-09 20:17:57.196000,1162.0,966.0,433.0,2465.0,917.0,217.0,58.619504156549986,73.17975994180561,50.38250622017086,36.004322506112516,15.037200936271802,38.22376557836984,47.20462250984919,68.21613715929264,52.3530376180863,84.16627929715604
2025-03-09 20:17:57.196000,1157.0,965.0,429.0,2467.0,917.0,217.0,58.619504156549986,73.17975994180561,50.38250622017086,36.004322506112516,15.037200936271802,38.22376557836984,47.20462250984919,68.21613715929264,52.3530376180863,84.16627929715604
2025-03-09 20:17:57.196000,1161.0,971.0,434.0,2459.0,913.0,218.0,58.619504156549986,73.17975994180561,50.38250622017086,36.004322506112516,15.037200936271802,38.22376557836984,47.20462250984919,68.21613715929264,52.3530376180863,84.16627929715604
2025-03-09 20:17:57.196000,1152.0,974.0,430.0,2457.0,914.0,214.0,58.619504156549986,73.17975994180561,50.38250622017086,36.004322506112516,15.037200936271802,38.22376557836984,47.20462250984919,68.21613715929264,52.3530376180863,84.16627929715604
2025-03-09 20:17:57.204333,1174.0,962.0,428.0,2465.0,914.0,218.0,58.708165403533954,73.2054623970009,50.45218636332389,36.017423874919,15.048245314677473,38.24671523314362,47.17319125231234,68.23978109904353,52.315104522285694,84.23328232802568
2025-03-09 20:17:57.204333,1127.0,973.0,427.0,2463.0,912.0,219.0,58.708165403533954,73.2054623970009,50.45218636332389,36.017423874919,15.048245314677473,38.24671523314362,47.17319125231234,68.23978109904353,52.315104522285694,84.23328232802568
2025-03-09 20:17:57.204333,1151.0,944.0,426.0,2470.0,912.0,218.0,58.708165403533954,73.2054623970009,50.45218636332389,36.017423874919,15.048245314677473,38.24671523314362,47.17319125231234,68.23978109904353,52.315104522285694,84.23328232802568
2025-03-09 20:17:57.204333,1118.0,934.0,425.0,2467.0,912.0,221.0,58.708165403533954,73.2054623970009,50.45218636332389,36.017423874919,15.048245314677473,38.24671523314362,47.17319125231234,68.23978109904353,52.315104522285694,84.23328232802568
2025-03-09 20:17:57.212667,1111.0,944.0,416.0,2477.0,912.0,216.0,58.80868048328247,73.24503376774507,50.532825502652045,36.02674241668931,15.062104997121683,38.2676440416422,47.14580429279381,68.27533523270552,52.28143612057081,84.31040126592023
2025-03-09 20:17:57.212667,1107.0,949.0,427.0,2468.0,912.0,216.0,58.80868048328247,73.24503376774507,50.532825502652045,36.02674241668931,15.062104997121683,38.2676440416422,47.14580429279381,68.27533523270552,52.28143612057081,84.31040126592023
2025-03-09 20:17:57.212667,1092.0,940.0,426.0,2462.0,914.0,217.0,58.80868048328247,73.24503376774507,50.532825502652045,36.02674241668931,15.062104997121683,38.2676440416422,47.14580429279381,68.27533523270552,52.28143612057081,84.31040126592023
2025-03-09 20:17:57.221000,1098.0,911.0,422.0,2474.0,913.0,219.0,58.91988863264632,73.29772772526522,50.623631387206565,36.03149781953701,15.07802285142731,38.285619967730824,47.12205795930323,68.32206595616636,52.251941803731825,84.39793042634062
2025-03-09 20:17:57.221000,1085.0,928.0,421.0,2473.0,915.0,216.0,58.91988863264632,73.29772772526522,50.623631387206565,36.03149781953701,15.07802285142731,38.285619967730824,47.12205795930323,68.32206595616636,52.251941803731825,84.39793042634062
2025-03-09 20:17:57.221000,1104.0,928.0,427.0,2474.0,913.0,218.0,58.91988863264632,73.29772772526522,50.623631387206565,36.03149781953701,15.07802285142731,38.285619967730824,47.12205795930323,68.32206595616636,52.251941803731825,84.39793042634062
2025-03-09 20:17:57.221000,1103.0,892.0,427.0,2475.0,914.0,220.0,58.91988863264632,73.29772772526522,50.623631387206565,36.03149781953701,15.07802285142731,38.285619967730824,47.12205795930323,68.32206595616636,52.251941803731825,84.39793042634062
2025-03-09 20:17:57.229333,1097.0,911.0,429.0,2472.0,914.0,219.0,59.03978768655176,73.36224501232185,50.72437058071799,36.03209409108749,15.094746570232425,38.30081028018643,47.09956925552723,68.37816354197304,52.227333912666126,84.49682954968613
2025-03-09 20:17:57.229333,1099.0,926.0,422.0,2477.0,914.0,221.0,59.03978768655176,73.36224501232185,50.72437058071799,36.03209409108749,15.094746570232425,38.30081028018643,47.09956925552723,68.37816354197304,52.227333912666126,84.49682954968613
2025-03-09 20:17:57.229333,1098.0,918.0,426.0,2474.0,914.0,221.0,59.03978768655176,73.36224501232185,50.72437058071799,36.03209409108749,15.094746570232425,38.30081028018643,47.09956925552723,68.37816354197304,52.227333912666126,84.49682954968613
2025-03-09 20:17:57.229333,1088.0,922.0,426.0,2475.0,915.0,221.0,59.03978768655176,73.36224501232185,50.72437058071799,36.03209409108749,15.094746570232425,38.30081028018643,47.09956925552723,68.37816354197304,52.227333912666126,84.49682954968613
2025-03-09 20:17:57.237667,1072.0,880.0,417.0,2480.0,915.0,223.0,59.16534792394381,73.43674319863412,50.83485876463902,36.03021681181954,15.111396315966932,38.31464053446371,47.075325641575894,68.44098103793957,52.2090647213154,84.60850536395479
2025-03-09 20:17:57.237667,1072.0,881.0,413.0,2480.0,915.0,222.0,59.16534792394381,73.43674319863412,50.83485876463902,36.03021681181954,15.111396315966932,38.31464053446371,47.075325641575894,68.44098103793957,52.2090647213154,84.60850536395479
2025-03-09 20:17:57.237667,1072.0,870.0,415.0,2480.0,917.0,219.0,59.16534792394381,73.43674319863412,50.83485876463902,36.03021681181954,15.111396315966932,38.31464053446371,47.075325641575894,68.44098103793957,52.2090647213154,84.60850536395479
2025-03-09 20:17:57.246000,1071.0,881.0,421.0,2480.0,915.0,222.0,59.292955538859,73.51861627977664,50.95446230968308,36.02928718650309,15.127358562400547,38.32985808408492,47.04675341660721,68.5080491014924,52.19954587099048,84.73312717658784
2025-03-09 20:17:57.246000,1078.0,874.0,416.0,2485.0,917.0,222.0,59.292955538859,73.51861627977664,50.95446230968308,36.02928718650309,15.127358562400547,38.32985808408492,47.04675341660721,68.5080491014924,52.19954587099048,84.73312717658784
2025-03-09 20:17:57.246000,1066.0,893.0,423.0,2480.0,917.0,223.0,59.292955538859,73.51861627977664,50.95446230968308,36.02928718650309,15.127358562400547,38.32985808408492,47.04675341660721,68.5080491014924,52.19954587099048,84.73312717658784
2025-03-09 20:17:57.246000,1072.0,875.0,416.0,2480.0,915.0,221.0,59.292955538859,73.51861627977664,50.95446230968308,36.02928718650309,15.127358562400547,38.32985808408492,47.04675341660721,68.5080491014924,52.19954587099048,84.73312717658784
2025-03-09 20:17:57.254333,1041.0,847.0,410.0,2482.0,921.0,227.0,59.418835553221854,73.6051193015598,51.08346706693011,36.03043203168533,15.143343306502892,38.34728802474389,47.012017484985755,68.57711206537354,52.1992096117174,84.87078056785222
2025-03-09 20:17:57.254333,1046.0,846.0,412.0,2480.0,917.0,224.0,59.418835553221854,73.6051193015598,51.08346706693011,36.03043203168533,15.143343306502892,38.34728802474389,47.012017484985755,68.57711206537354,52.1992096117174,84.87078056785222
2025-03-09 20:17:57.254333,1040.0,868.0,414.0,2480.0,918.0,222.0,59.418835553221854,73.6051193015598,51.08346706693011,36.03043203168533,15.143343306502892,38.34728802474389,47.012017484985755,68.57711206537354,52.1992096117174,84.87078056785222
2025-03-09 20:17:57.262667,1034.0,848.0,410.0,2484.0,921.0,222.0,59.5393468511706,73.69364796107358,51.22177965270173,36.03252798983949,15.159703060459226,38.36561675729456,46.96975901889774,68.64614976707293,52.20718833704269,85.02100712740167
2025-03-09 20:17:57.262667,1040.0,841.0,414.0,2485.0,918.0,225.0,59.5393468511706,73.69364796107358,51.22177965270173,36.03252798983949,15.159703060459226,38.36561675729456,46.96975901889774,68.64614976707293,52.20718833704269,85.02100712740167
2025-03-09 20:17:57.262667,1031.0,849.0,409.0,2483.0,918.0,221.0,59.5393468511706,73.69364796107358,51.22177965270173,36.03252798983949,15.159703060459226,38.36561675729456,46.96975901889774,68.64614976707293,52.20718833704269,85.02100712740167
2025-03-09 20:17:57.262667,1023.0,843.0,407.0,2485.0,921.0,224.0,59.5393468511706,73.69364796107358,51.22177965270173,36.03252798983949,15.159703060459226,38.36561675729456,46.96975901889774,68.64614976707293,52.20718833704269,85.02100712740167
2025-03-09 20:17:57.271000,1023.0,833.0,409.0,2480.0,918.0,224.0,59.652380760423135,73.78361371045031,51.368785554698405,36.034928093389695,15.176323504048717,38.3843337378276,46.91906911690741,68.71368142113262,52.22363378333695,85.18377854511317
2025-03-09 20:17:57.271000,1004.0,819.0,405.0,2482.0,918.0,222.0,59.652380760423135,73.78361371045031,51.368785554698405,36.034928093389695,15.176323504048717,38.3843337378276,46.91906911690741,68.71368142113262,52.22363378333695,85.18377854511317
2025-03-09 20:17:57.271000,996.0,822.0,404.0,2486.0,919.0,224.0,59.652380760423135,73.78361371045031,51.368785554698405,36.034928093389695,15.176323504048717,38.3843337378276,46.91906911690741,68.71368142113262,52.22363378333695,85.18377854511317
2025-03-09 20:17:57.279333,1008.0,813.0,407.0,2486.0,921.0,219.0,59.75702718805093,73.87587202143655,51.52516959092723,36.03691520638916,15.193729044835843,38.40345989086333,46.85853710694727,68.77826265637425,52.24858933788744,85.35964481128595
2025-03-09 20:17:57.279333,999.0,815.0,406.0,2486.0,921.0,222.0,59.75702718805093,73.87587202143655,51.52516959092723,36.03691520638916,15.193729044835843,38.40345989086333,46.85853710694727,68.77826265637425,52.24858933788744,85.35964481128595
2025-03-09 20:17:57.279333,1003.0,828.0,406.0,2487.0,922.0,222.0,59.75702718805093,73.87587202143655,51.52516959092723,36.03691520638916,15.193729044835843,38.40345989086333,46.85853710694727,68.77826265637425,52.24858933788744,85.35964481128595
2025-03-09 20:17:57.279333,1003.0,810.0,407.0,2487.0,923.0,225.0,59.75702718805093,73.87587202143655,51.52516959092723,36.03691520638916,15.193729044835843,38.40345989086333,46.85853710694727,68.77826265637425,52.24858933788744,85.35964481128595
2025-03-09 20:17:57.287667,1001.0,814.0,390.0,2478.0,923.0,223.0,59.85308638257993,73.96986691743149,51.69186467714019,36.0383837036225,15.213795859713725,38.42358317550891,46.787805073105794,68.83850697982179,52.280252797880024,85.54786906227898
2025-03-09 20:17:57.287667,997.0,793.0,398.0,2486.0,921.0,224.0,59.85308638257993,73.96986691743149,51.69186467714019,36.0383837036225,15.213795859713725,38.42358317550891,46.787805073105794,68.83850697982179,52.280252797880024,85.54786906227898
2025-03-09 20:17:57.287667,976.0,772.0,398.0,2487.0,919.0,221.0,59.85308638257993,73.96986691743149,51.69186467714019,36.0383837036225,15.213795859713725,38.42358317550891,46.787805073105794,68.83850697982179,52.280252797880024,85.54786906227898
2025-03-09 20:17:57.287667,976.0,793.0,395.0,2491.0,918.0,222.0,59.85308638257993,73.96986691743149,51.69186467714019,36.0383837036225,15.213795859713725,38.42358317550891,46.787805073105794,68.83850697982179,52.280252797880024,85.54786906227898
2025-03-09 20:17:57.296000,967.0,788.0,398.0,2489.0,916.0,222.0,59.93995724112176,74.06447323548295,51.8697464630731,36.038756571586255,15.238429467264037,38.444575249515104,46.7070059144744,68.89344776074299,52.31660065662564,85.74756842743625
2025-03-09 20:17:57.296000,973.0,791.0,398.0,2487.0,917.0,224.0,59.93995724112176,74.06447323548295,51.8697464630731,36.038756571586255,15.238429467264037,38.444575249515104,46.7070059144744,68.89344776074299,52.31660065662564,85.74756842743625
2025-03-09 20:17:57.296000,963.0,782.0,385.0,2487.0,917.0,223.0,59.93995724112176,74.06447323548295,51.8697464630731,36.038756571586255,15.238429467264037,38.444575249515104,46.7070059144744,68.89344776074299,52.31660065662564,85.74756842743625
2025-03-09 20:17:57.304333,967.0,767.0,395.0,2487.0,918.0,223.0,60.01520386020994,74.15799271785869,52.05557864754943,36.03537221079385,15.268043899213946,38.464220367053684,46.61738502637773,68.94060557453115,52.35476364513847,85.95660448612624
2025-03-09 20:17:57.304333,965.0,759.0,394.0,2487.0,919.0,222.0,60.01520386020994,74.15799271785869,52.05557864754943,36.03537221079385,15.268043899213946,38.464220367053684,46.61738502637773,68.94060557453115,52.35476364513847,85.95660448612624
2025-03-09 20:17:57.304333,959.0,779.0,399.0,2491.0,918.0,221.0,60.01520386020994,74.15799271785869,52.05557864754943,36.03537221079385,15.268043899213946,38.464220367053684,46.61738502637773,68.94060557453115,52.35476364513847,85.95660448612624
2025-03-09 20:17:57.304333,943.0,774.0,386.0,2491.0,915.0,225.0,60.01520386020994,74.15799271785869,52.05557864754943,36.03537221079385,15.268043899213946,38.464220367053684,46.61738502637773,68.94060557453115,52.35476364513847,85.95660448612624
2025-03-09 20:17:57.312667,944.0,767.0,385.0,2491.0,912.0,221.0,60.077278814247116,74.2477910746246,52.2425296396957,36.02817833753009,15.302479006072234,38.48249898289631,46.52216243526068,68.97716021038345,52.391763755285005,86.17123396494662
2025-03-09 20:17:57.312667,939.0,743.0,380.0,2493.0,914.0,222.0,60.077278814247116,74.2477910746246,52.2425296396957,36.02817833753009,15.302479006072234,38.48249898289631,46.52216243526068,68.97716021038345,52.391763755285005,86.17123396494662
2025-03-09 20:17:57.312667,939.0,757.0,389.0,2490.0,912.0,220.0,60.077278814247116,74.2477910746246,52.2425296396957,36.02817833753009,15.302479006072234,38.48249898289631,46.52216243526068,68.97716021038345,52.391763755285005,86.17123396494662
2025-03-09 20:17:57.312667,944.0,767.0,390.0,2493.0,912.0,219.0,60.077278814247116,74.2477910746246,52.2425296396957,36.02817833753009,15.302479006072234,38.48249898289631,46.52216243526068,68.97716021038345,52.391763755285005,86.17123396494662
2025-03-09 20:17:57.321000,902.0,755.0,389.0,2489.0,912.0,223.0,60.126544493980404,74.33263321416169,52.42773159342444,36.01892468574637,15.341805417907556,38.50091922362133,46.42309559996087,69.0025982424388,52.42673419298619,86.38965311895176
2025-03-09 20:17:57.321000,935.0,752.0,389.0,2495.0,912.0,221.0,60.126544493980404,74.33263321416169,52.42773159342444,36.01892468574637,15.341805417907556,38.50091922362133,46.42309559996087,69.0025982424388,52.42673419298619,86.38965311895176
2025-03-09 20:17:57.321000,929.0,752.0,383.0,2487.0,913.0,222.0,60.126544493980404,74.33263321416169,52.42773159342444,36.01892468574637,15.341805417907556,38.50091922362133,46.42309559996087,69.0025982424388,52.42673419298619,86.38965311895176
2025-03-09 20:17:57.321000,912.0,725.0,404.0,2494.0,912.0,222.0,60.126544493980404,74.33263321416169,52.42773159342444,36.01892468574637,15.341805417907556,38.50091922362133,46.42309559996087,69.0025982424388,52.42673419298619,86.38965311895176
2025-03-09 20:17:57.329333,941.0,740.0,384.0,2490.0,910.0,224.0,60.164139507324236,74.41301200626607,52.61166258871469,36.00852966885977,15.3853659565106,38.5199552071924,46.32026120079325,69.0184570040733,52.46066427829273,86.61096509155473
2025-03-09 20:17:57.329333,912.0,738.0,383.0,2489.0,907.0,219.0,60.164139507324236,74.41301200626607,52.61166258871469,36.00852966885977,15.3853659565106,38.5199552071924,46.32026120079325,69.0184570040733,52.46066427829273,86.61096509155473
2025-03-09 20:17:57.329333,913.0,741.0,377.0,2492.0,909.0,222.0,60.164139507324236,74.41301200626607,52.61166258871469,36.00852966885977,15.3853659565106,38.5199552071924,46.32026120079325,69.0184570040733,52.46066427829273,86.61096509155473
2025-03-09 20:17:57.337667,909.0,741.0,381.0,2493.0,907.0,224.0,60.19235034661688,74.4892723335755,52.794107167788155,35.999211867181366,15.430601101952869,38.54058951545672,46.213474212668686,69.02730708392659,52.495674045062785,86.83350829616438
2025-03-09 20:17:57.337667,908.0,731.0,377.0,2494.0,905.0,221.0,60.19235034661688,74.4892723335755,52.794107167788155,35.999211867181366,15.430601101952869,38.54058951545672,46.213474212668686,69.02730708392659,52.495674045062785,86.83350829616438
2025-03-09 20:17:57.337667,906.0,736.0,379.0,2495.0,907.0,219.0,60.19235034661688,74.4892723335755,52.794107167788155,35.999211867181366,15.430601101952869,38.54058951545672,46.213474212668686,69.02730708392659,52.495674045062785,86.83350829616438
2025-03-09 20:17:57.337667,906.0,733.0,383.0,2486.0,907.0,221.0,60.19235034661688,74.4892723335755,52.794107167788155,35.999211867181366,15.430601101952869,38.54058951545672,46.213474212668686,69.02730708392659,52.495674045062785,86.83350829616438
2025-03-09 20:17:57.346000,897.0,723.0,378.0,2490.0,899.0,222.0,60.21361003911509,74.56098327492609,52.97392817480027,35.99368543449575,15.47333834434864,38.56366442737246,46.102045245396496,69.03182832923949,52.534222591948286,87.05547277877317
2025-03-09 20:17:57.346000,893.0,720.0,377.0,2490.0,902.0,222.0,60.21361003911509,74.56098327492609,52.97392817480027,35.99368543449575,15.47333834434864,38.56366442737246,46.102045245396496,69.03182832923949,52.534222591948286,87.05547277877317
2025-03-09 20:17:57.346000,901.0,724.0,379.0,2490.0,902.0,219.0,60.21361003911509,74.56098327492609,52.97392817480027,35.99368543449575,15.47333834434864,38.56366442737246,46.102045245396496,69.03182832923949,52.534222591948286,87.05547277877317
2025-03-09 20:17:57.346000,901.0,719.0,372.0,2489.0,906.0,221.0,60.21361003911509,74.56098327492609,52.97392817480027,35.99368543449575,15.47333834434864,38.56366442737246,46.102045245396496,69.03182832923949,52.534222591948286,87.05547277877317
2025-03-09 20:17:57.354333,898.0,721.0,368.0,2494.0,900.0,223.0,60.22996073924741,74.62805430110397,53.151358460350316,35.99313606845178,15.512360993761277,38.58980165112998,45.985673714993396,69.03314250919436,52.576462588762524,87.27511921821383
2025-03-09 20:17:57.354333,899.0,722.0,371.0,2496.0,901.0,221.0,60.22996073924741,74.62805430110397,53.151358460350316,35.99313606845178,15.512360993761277,38.58980165112998,45.985673714993396,69.03314250919436,52.576462588762524,87.27511921821383
2025-03-09 20:17:57.354333,891.0,720.0,369.0,2484.0,899.0,221.0,60.22996073924741,74.62805430110397,53.151358460350316,35.99313606845178,15.512360993761277,38.58980165112998,45.985673714993396,69.03314250919436,52.576462588762524,87.27511921821383
2025-03-09 20:17:57.362667,895.0,720.0,368.0,2492.0,899.0,222.0,60.24339198506302,74.68990301904496,53.32723151695454,35.99855343266593,15.548706033371335,38.62020127500024,45.86466809467173,69.03116386561315,52.62062363151255,87.49048632030342
2025-03-09 20:17:57.362667,896.0,711.0,366.0,2495.0,896.0,219.0,60.24339198506302,74.68990301904496,53.32723151695454,35.99855343266593,15.548706033371335,38.62020127500024,45.86466809467173,69.03116386561315,52.62062363151255,87.49048632030342
2025-03-09 20:17:57.362667,897.0,707.0,368.0,2498.0,895.0,219.0,60.24339198506302,74.68990301904496,53.32723151695454,35.99855343266593,15.548706033371335,38.62020127500024,45.86466809467173,69.03116386561315,52.62062363151255,87.49048632030342
2025-03-09 20:17:57.362667,912.0,707.0,370.0,2497.0,895.0,220.0,60.24339198506302,74.68990301904496,53.32723151695454,35.99855343266593,15.548706033371335,38.62020127500024,45.86466809467173,69.03116386561315,52.62062363151255,87.49048632030342
2025-03-09 20:17:57.371000,897.0,709.0,368.0,2497.0,894.0,222.0,60.25544026570247,74.74585544677625,53.50237941488878,36.01133644784488,15.581939063692635,38.655646746033696,45.739024678840394,69.02711283352842,52.66683814956451,87.69992247057915
2025-03-09 20:17:57.371000,887.0,710.0,370.0,2494.0,895.0,219.0,60.25544026570247,74.74585544677625,53.50237941488878,36.01133644784488,15.581939063692635,38.655646746033696,45.739024678840394,69.02711283352842,52.66683814956451,87.69992247057915
2025-03-09 20:17:57.371000,899.0,711.0,362.0,2497.0,894.0,220.0,60.25544026570247,74.74585544677625,53.50237941488878,36.01133644784488,15.581939063692635,38.655646746033696,45.739024678840394,69.02711283352842,52.66683814956451,87.69992247057915
2025-03-09 20:17:57.371000,897.0,707.0,363.0,2496.0,893.0,221.0,60.25544026570247,74.74585544677625,53.50237941488878,36.01133644784488,15.581939063692635,38.655646746033696,45.739024678840394,69.02711283352842,52.66683814956451,87.69992247057915
2025-03-09 20:17:57.379333,897.0,709.0,363.0,2496.0,892.0,221.0,60.266529462301186,74.7955045527123,53.678157930430224,36.03286624510327,15.610672746731211,38.69637656828071,45.60804656237897,69.02311991329495,52.7172647411775,87.90206616670862
2025-03-09 20:17:57.379333,911.0,706.0,365.0,2501.0,891.0,218.0,60.266529462301186,74.7955045527123,53.678157930430224,36.03286624510327,15.610672746731211,38.69637656828071,45.60804656237897,69.02311991329495,52.7172647411775,87.90206616670862
2025-03-09 20:17:57.379333,906.0,717.0,362.0,2499.0,887.0,222.0,60.266529462301186,74.7955045527123,53.678157930430224,36.03286624510327,15.610672746731211,38.69637656828071,45.60804656237897,69.02311991329495,52.7172647411775,87.90206616670862
2025-03-09 20:17:57.387667,905.0,731.0,362.0,2500.0,887.0,218.0,60.27677999747159,74.83842432288397,53.85602518002955,36.064410633915735,15.63412100278793,38.74277249402175,45.47109903043964,69.02086178869145,52.773756495487106,88.09656737681817
2025-03-09 20:17:57.387667,910.0,698.0,353.0,2502.0,887.0,221.0,60.27677999747159,74.83842432288397,53.85602518002955,36.064410633915735,15.63412100278793,38.74277249402175,45.47109903043964,69.02086178869145,52.773756495487106,88.09656737681817
2025-03-09 20:17:57.387667,905.0,705.0,366.0,2497.0,886.0,220.0,60.27677999747159,74.83842432288397,53.85602518002955,36.064410633915735,15.63412100278793,38.74277249402175,45.47109903043964,69.02086178869145,52.773756495487106,88.09656737681817
2025-03-09 20:17:57.387667,912.0,701.0,350.0,2499.0,883.0,222.0,60.27677999747159,74.83842432288397,53.85602518002955,36.064410633915735,15.63412100278793,38.74277249402175,45.47109903043964,69.02086178869145,52.773756495487106,88.09656737681817
2025-03-09 20:17:57.396000,909.0,701.0,356.0,2501.0,883.0,220.0,60.28755352080398,74.87614519486532,54.035751791344495,36.105040681153014,15.653055421636646,38.79438295017234,45.33000867693244,69.02124214976362,52.8358841548355,88.28402707832142
2025-03-09 20:17:57.396000,909.0,704.0,356.0,2499.0,884.0,220.0,60.28755352080398,74.87614519486532,54.035751791344495,36.105040681153014,15.653055421636646,38.79438295017234,45.33000867693244,69.02124214976362,52.8358841548355,88.28402707832142
2025-03-09 20:17:57.396000,925.0,691.0,354.0,2498.0,880.0,223.0,60.28755352080398,74.87614519486532,54.035751791344495,36.105040681153014,15.653055421636646,38.79438295017234,45.33000867693244,69.02124214976362,52.8358841548355,88.28402707832142
2025-03-09 20:17:57.396000,927.0,706.0,356.0,2497.0,879.0,219.0,60.28755352080398,74.87614519486532,54.035751791344495,36.105040681153014,15.653055421636646,38.79438295017234,45.33000867693244,69.02124214976362,52.8358841548355,88.28402707832142
2025-03-09 20:17:57.404333,914.0,698.0,360.0,2496.0,880.0,219.0,60.3012182530534,74.91311734238238,54.21858005430035,36.15303759867205,15.668358063071743,38.85082056001422,45.185443492888005,69.0252283413949,52.904179934863954,88.46637176026007
2025-03-09 20:17:57.404333,912.0,690.0,358.0,2500.0,878.0,222.0,60.3012182530534,74.91311734238238,54.21858005430035,36.15303759867205,15.668358063071743,38.85082056001422,45.185443492888005,69.0252283413949,52.904179934863954,88.46637176026007
2025-03-09 20:17:57.404333,919.0,692.0,356.0,2503.0,879.0,219.0,60.3012182530534,74.91311734238238,54.21858005430035,36.15303759867205,15.668358063071743,38.85082056001422,45.185443492888005,69.0252283413949,52.904179934863954,88.46637176026007
2025-03-09 20:17:57.404333,912.0,697.0,353.0,2500.0,880.0,221.0,60.3012182530534,74.91311734238238,54.21858005430035,36.15303759867205,15.668358063071743,38.85082056001422,45.185443492888005,69.0252283413949,52.904179934863954,88.46637176026007
2025-03-09 20:17:57.412667,913.0,694.0,362.0,2503.0,880.0,221.0,60.31905355913748,74.95236779930745,54.40563959816258,36.207562988593196,15.681122569573708,38.91237664712458,45.03743943297059,69.0328895618283,52.97898235791542,88.64542836692713
2025-03-09 20:17:57.412667,918.0,698.0,355.0,2506.0,878.0,220.0,60.31905355913748,74.95236779930745,54.40563959816258,36.207562988593196,15.681122569573708,38.91237664712458,45.03743943297059,69.0328895618283,52.97898235791542,88.64542836692713
2025-03-09 20:17:57.412667,914.0,705.0,353.0,2505.0,874.0,223.0,60.31905355913748,74.95236779930745,54.40563959816258,36.207562988593196,15.681122569573708,38.91237664712458,45.03743943297059,69.0328895618283,52.97898235791542,88.64542836692713
2025-03-09 20:17:57.421000,915.0,692.0,349.0,2511.0,875.0,224.0,60.34111278847753,74.99361887048208,54.59618020596495,36.266424723339846,15.694355279488995,38.97867432804257,44.88698369258618,69.04090931780831,53.055573429910915,88.8216224082826
2025-03-09 20:17:57.421000,915.0,692.0,353.0,2507.0,873.0,223.0,60.34111278847753,74.99361887048208,54.59618020596495,36.266424723339846,15.694355279488995,38.97867432804257,44.88698369258618,69.04090931780831,53.055573429910915,88.8216224082826
2025-03-09 20:17:57.421000,912.0,688.0,354.0,2506.0,874.0,220.0,60.34111278847753,74.99361887048208,54.59618020596495,36.266424723339846,15.694355279488995,38.97867432804257,44.88698369258618,69.04090931780831,53.055573429910915,88.8216224082826
2025-03-09 20:17:57.421000,915.0,698.0,349.0,2509.0,874.0,223.0,60.34111278847753,74.99361887048208,54.59618020596495,36.266424723339846,15.694355279488995,38.97867432804257,44.88698369258618,69.04090931780831,53.055573429910915,88.8216224082826
2025-03-09 20:17:57.429333,914.0,688.0,350.0,2506.0,871.0,220.0,60.366573243683284,75.03576445439717,54.78856182715215,36.32773793716776,15.709025771020702,39.04862852581373,44.73456600337768,69.04675044563267,53.13068335162598,88.99577625859833
2025-03-09 20:17:57.429333,914.0,688.0,352.0,2507.0,872.0,223.0,60.366573243683284,75.03576445439717,54.78856182715215,36.32773793716776,15.709025771020702,39.04862852581373,44.73456600337768,69.04675044563267,53.13068335162598,88.99577625859833
2025-03-09 20:17:57.429333,912.0,690.0,354.0,2506.0,873.0,223.0,60.366573243683284,75.03576445439717,54.78856182715215,36.32773793716776,15.709025771020702,39.04862852581373,44.73456600337768,69.04675044563267,53.13068335162598,88.99577625859833
2025-03-09 20:17:57.429333,907.0,679.0,349.0,2512.0,866.0,224.0,60.366573243683284,75.03576445439717,54.78856182715215,36.32773793716776,15.709025771020702,39.04862852581373,44.73456600337768,69.04675044563267,53.13068335162598,88.99577625859833
2025-03-09 20:17:57.437667,909.0,675.0,358.0,2512.0,870.0,226.0,60.39357365611415,75.07782017005995,54.98174627921149,36.392286982660664,15.7231570651087,39.12221664583673,44.57852530903992,69.0499028988021,53.20597486595054,89.16861100536683
2025-03-09 20:17:57.437667,907.0,679.0,349.0,2512.0,864.0,224.0,60.39357365611415,75.07782017005995,54.98174627921149,36.392286982660664,15.7231570651087,39.12221664583673,44.57852530903992,69.0499028988021,53.20597486595054,89.16861100536683
2025-03-09 20:17:57.437667,907.0,679.0,345.0,2509.0,864.0,227.0,60.39357365611415,75.07782017005995,54.98174627921149,36.392286982660664,15.7231570651087,39.12221664583673,44.57852530903992,69.0499028988021,53.20597486595054,89.16861100536683
2025-03-09 20:17:57.446000,902.0,673.0,349.0,2512.0,866.0,224.0,60.42056532033204,75.1189379618133,55.17583153046053,36.46050450358717,15.735755864883078,39.1992756095803,44.4175759138382,69.05028001117788,53.282682102628634,89.33941743698355
2025-03-09 20:17:57.446000,905.0,682.0,342.0,2508.0,865.0,226.0,60.42056532033204,75.1189379618133,55.17583153046053,36.46050450358717,15.735755864883078,39.1992756095803,44.4175759138382,69.05028001117788,53.282682102628634,89.33941743698355
2025-03-09 20:17:57.446000,896.0,679.0,345.0,2510.0,865.0,222.0,60.42056532033204,75.1189379618133,55.17583153046053,36.46050450358717,15.735755864883078,39.1992756095803,44.4175759138382,69.05028001117788,53.282682102628634,89.33941743698355
2025-03-09 20:17:57.446000,898.0,673.0,337.0,2513.0,864.0,224.0,60.42056532033204,75.1189379618133,55.17583153046053,36.46050450358717,15.735755864883078,39.1992756095803,44.4175759138382,69.05028001117788,53.282682102628634,89.33941743698355
2025-03-09 20:17:57.454333,891.0,665.0,349.0,2520.0,864.0,226.0,60.446105487030984,75.15877555191625,55.371953618166636,36.53038696748929,15.747896568733482,39.27809958564802,44.25173315520118,69.04767129734381,53.35996610716537,89.50699880716675
2025-03-09 20:17:57.454333,901.0,663.0,337.0,2517.0,866.0,227.0,60.446105487030984,75.15877555191625,55.371953618166636,36.53038696748929,15.747896568733482,39.27809958564802,44.25173315520118,69.04767129734381,53.35996610716537,89.50699880716675
2025-03-09 20:17:57.454333,886.0,663.0,347.0,2517.0,863.0,229.0,60.446105487030984,75.15877555191625,55.371953618166636,36.53038696748929,15.747896568733482,39.27809958564802,44.25173315520118,69.04767129734381,53.35996610716537,89.50699880716675
2025-03-09 20:17:57.454333,885.0,665.0,348.0,2517.0,862.0,227.0,60.446105487030984,75.15877555191625,55.371953618166636,36.53038696748929,15.747896568733482,39.27809958564802,44.25173315520118,69.04767129734381,53.35996610716537,89.50699880716675
2025-03-09 20:17:57.462667,887.0,661.0,338.0,2518.0,862.0,225.0,60.46882999660168,75.19777042169598,55.57073235897495,36.596069164471295,15.762530754425798,39.35430581530248,44.0832416519168,69.04122555934816,53.4338278334761,89.67044162108105
2025-03-09 20:17:57.462667,885.0,670.0,336.0,2513.0,862.0,227.0,60.46882999660168,75.19777042169598,55.57073235897495,36.596069164471295,15.762530754425798,39.35430581530248,44.0832416519168,69.04122555934816,53.4338278334761,89.67044162108105
2025-03-09 20:17:57.462667,880.0,662.0,338.0,2517.0,864.0,230.0,60.46882999660168,75.19777042169598,55.57073235897495,36.596069164471295,15.762530754425798,39.35430581530248,44.0832416519168,69.04122555934816,53.4338278334761,89.67044162108105
2025-03-09 20:17:57.471000,879.0,659.0,340.0,2521.0,862.0,230.0,60.48929056426957,75.23715099853634,55.77065961351267,36.648222616997984,15.785163326948325,39.421641611642634,43.91842008641924,69.0289959048365,53.49525581348561,89.83010589520954
2025-03-09 20:17:57.471000,879.0,650.0,339.0,2522.0,861.0,233.0,60.48929056426957,75.23715099853634,55.77065961351267,36.648222616997984,15.785163326948325,39.421641611642634,43.91842008641924,69.0289959048365,53.49525581348561,89.83010589520954
2025-03-09 20:17:57.471000,884.0,660.0,336.0,2523.0,859.0,234.0,60.48929056426957,75.23715099853634,55.77065961351267,36.648222616997984,15.785163326948325,39.421641611642634,43.91842008641924,69.0289959048365,53.49525581348561,89.83010589520954
2025-03-09 20:17:57.471000,880.0,645.0,338.0,2523.0,860.0,233.0,60.48929056426957,75.23715099853634,55.77065961351267,36.648222616997984,15.785163326948325,39.421641611642634,43.91842008641924,69.0289959048365,53.49525581348561,89.83010589520954
2025-03-09 20:17:57.479333,880.0,644.0,336.0,2526.0,860.0,231.0,60.508578176502596,75.27824288648571,55.97141786784626,36.697553054772406,15.811187474026095,39.48777484983498,43.75505234883011,69.01559593398244,53.55520167322323,89.98703507382943
2025-03-09 20:17:57.479333,881.0,637.0,337.0,2530.0,859.0,234.0,60.508578176502596,75.27824288648571,55.97141786784626,36.697553054772406,15.811187474026095,39.48777484983498,43.75505234883011,69.01559593398244,53.55520167322323,89.98703507382943
2025-03-09 20:17:57.479333,878.0,655.0,336.0,2526.0,861.0,235.0,60.508578176502596,75.27824288648571,55.97141786784626,36.697553054772406,15.811187474026095,39.48777484983498,43.75505234883011,69.01559593398244,53.55520167322323,89.98703507382943
2025-03-09 20:17:57.479333,879.0,645.0,336.0,2525.0,858.0,234.0,60.508578176502596,75.27824288648571,55.97141786784626,36.697553054772406,15.811187474026095,39.48777484983498,43.75505234883011,69.01559593398244,53.55520167322323,89.98703507382943
2025-03-09 20:17:57.487667,880.0,650.0,335.0,2529.0,861.0,231.0,60.52661306964062,75.32163275082048,56.175822859634934,36.764745771279244,15.830120443698716,39.5669747046899,43.58307484117005,69.0083169453795,53.63545944392143,90.14111578885526
2025-03-09 20:17:57.487667,869.0,635.0,329.0,2527.0,862.0,234.0,60.52661306964062,75.32163275082048,56.175822859634934,36.764745771279244,15.830120443698716,39.5669747046899,43.58307484117005,69.0083169453795,53.63545944392143,90.14111578885526
2025-03-09 20:17:57.487667,869.0,635.0,336.0,2532.0,861.0,237.0,60.52661306964062,75.32163275082048,56.175822859634934,36.764745771279244,15.830120443698716,39.5669747046899,43.58307484117005,69.0083169453795,53.63545944392143,90.14111578885526
2025-03-09 20:17:57.496000,870.0,633.0,339.0,2528.0,862.0,239.0,60.542167430465376,75.36746666670894,56.38802667590634,36.84330511071785,15.8433188302895,39.65386031229189,43.40068845038535,69.00640393134988,53.732717141913824,90.29207713294271
2025-03-09 20:17:57.496000,865.0,633.0,338.0,2529.0,859.0,238.0,60.542167430465376,75.36746666670894,56.38802667590634,36.84330511071785,15.8433188302895,39.65386031229189,43.40068845038535,69.00640393134988,53.732717141913824,90.29207713294271
2025-03-09 20:17:57.496000,874.0,634.0,336.0,2529.0,859.0,239.0,60.542167430465376,75.36746666670894,56.38802667590634,36.84330511071785,15.8433188302895,39.65386031229189,43.40068845038535,69.00640393134988,53.732717141913824,90.29207713294271
2025-03-09 20:17:57.496000,869.0,623.0,334.0,2534.0,863.0,236.0,60.542167430465376,75.36746666670894,56.38802667590634,36.84330511071785,15.8433188302895,39.65386031229189,43.40068845038535,69.00640393134988,53.732717141913824,90.29207713294271
2025-03-09 20:17:57.504333,870.0,627.0,336.0,2530.0,862.0,236.0,60.555453559347136,75.41528962076099,56.61080395307622,36.92439741057001,15.856249650902058,39.74242114428136,43.210353844299156,69.00729075360401,53.8379434895545,90.43969710329344
2025-03-09 20:17:57.504333,866.0,631.0,336.0,2531.0,859.0,238.0,60.555453559347136,75.41528962076099,56.61080395307622,36.92439741057001,15.856249650902058,39.74242114428136,43.210353844299156,69.00729075360401,53.8379434895545,90.43969710329344
2025-03-09 20:17:57.504333,858.0,623.0,333.0,2539.0,862.0,239.0,60.555453559347136,75.41528962076099,56.61080395307622,36.92439741057001,15.856249650902058,39.74242114428136,43.210353844299156,69.00729075360401,53.8379434895545,90.43969710329344
2025-03-09 20:17:57.504333,859.0,622.0,335.0,2539.0,859.0,238.0,60.555453559347136,75.41528962076099,56.61080395307622,36.92439741057001,15.856249650902058,39.74242114428136,43.210353844299156,69.00729075360401,53.8379434895545,90.43969710329344
2025-03-09 20:17:57.512667,854.0,621.0,334.0,2541.0,861.0,240.0,60.567519573501905,75.46515065424586,56.84621526562665,37.01298220729325,15.869138579233214,39.837014647122736,43.0106246585711,69.01206253672353,53.95422836145941,90.58250720029424
2025-03-09 20:17:57.512667,861.0,620.0,338.0,2539.0,862.0,240.0,60.567519573501905,75.46515065424586,56.84621526562665,37.01298220729325,15.869138579233214,39.837014647122736,43.0106246585711,69.01206253672353,53.95422836145941,90.58250720029424
2025-03-09 20:17:57.512667,842.0,619.0,336.0,2542.0,861.0,240.0,60.567519573501905,75.46515065424586,56.84621526562665,37.01298220729325,15.869138579233214,39.837014647122736,43.0106246585711,69.01206253672353,53.95422836145941,90.58250720029424
2025-03-09 20:17:57.512667,859.0,618.0,338.0,2536.0,859.0,239.0,60.567519573501905,75.46515065424586,56.84621526562665,37.01298220729325,15.869138579233214,39.837014647122736,43.0106246585711,69.01206253672353,53.95422836145941,90.58250720029424
2025-03-09 20:17:57.521000,857.0,617.0,336.0,2545.0,859.0,240.0,60.57723724778242,75.51749106328049,57.09513116132237,37.109166238566594,15.881883529234536,39.93774195951043,42.80023391279487,69.02068105209311,54.08282661850926,90.71852136796774
2025-03-09 20:17:57.521000,850.0,616.0,331.0,2539.0,858.0,240.0,60.57723724778242,75.51749106328049,57.09513116132237,37.109166238566594,15.881883529234536,39.93774195951043,42.80023391279487,69.02068105209311,54.08282661850926,90.71852136796774
2025-03-09 20:17:57.521000,847.0,635.0,330.0,2543.0,864.0,240.0,60.57723724778242,75.51749106328049,57.09513116132237,37.109166238566594,15.881883529234536,39.93774195951043,42.80023391279487,69.02068105209311,54.08282661850926,90.71852136796774
2025-03-09 20:17:57.529333,848.0,605.0,336.0,2544.0,865.0,240.0,60.58470586147025,75.57265015871592,57.35723376456328,37.209550307458876,15.894872527932336,40.041909994917354,42.579819028835345,69.03243760046728,54.22124196765451,90.84849595461282
2025-03-09 20:17:57.529333,845.0,607.0,335.0,2544.0,863.0,240.0,60.58470586147025,75.57265015871592,57.35723376456328,37.209550307458876,15.894872527932336,40.041909994917354,42.579819028835345,69.03243760046728,54.22124196765451,90.84849595461282
2025-03-09 20:17:57.529333,848.0,603.0,329.0,2544.0,862.0,242.0,60.58470586147025,75.57265015871592,57.35723376456328,37.209550307458876,15.894872527932336,40.041909994917354,42.579819028835345,69.03243760046728,54.22124196765451,90.84849595461282
2025-03-09 20:17:57.529333,848.0,604.0,336.0,2544.0,864.0,241.0,60.58470586147025,75.57265015871592,57.35723376456328,37.209550307458876,15.894872527932336,40.041909994917354,42.579819028835345,69.03243760046728,54.22124196765451,90.84849595461282
2025-03-09 20:17:57.537667,846.0,599.0,333.0,2545.0,863.0,242.0,60.590806882825724,75.63094178941695,57.632305735716365,37.312275252948325,15.908527124531577,40.14821841310374,42.35002385650147,69.04684774394978,54.36748928417019,90.97336706308546
2025-03-09 20:17:57.537667,847.0,601.0,331.0,2544.0,863.0,240.0,60.590806882825724,75.63094178941695,57.632305735716365,37.312275252948325,15.908527124531577,40.14821841310374,42.35002385650147,69.04684774394978,54.36748928417019,90.97336706308546
2025-03-09 20:17:57.537667,848.0,601.0,331.0,2544.0,865.0,247.0,60.590806882825724,75.63094178941695,57.632305735716365,37.312275252948325,15.908527124531577,40.14821841310374,42.35002385650147,69.04684774394978,54.36748928417019,90.97336706308546
2025-03-09 20:17:57.537667,847.0,597.0,331.0,2546.0,870.0,242.0,60.590806882825724,75.63094178941695,57.632305735716365,37.312275252948325,15.908527124531577,40.14821841310374,42.35002385650147,69.04684774394978,54.36748928417019,90.97336706308546
2025-03-09 20:17:57.546000,839.0,603.0,333.0,2549.0,870.0,246.0,60.59559633636499,75.69280200487425,57.92119084857922,37.41723697150025,15.922570488230747,40.25665537173863,42.109677906031635,69.06374814426837,54.521930087202996,91.09173005296716
2025-03-09 20:17:57.546000,839.0,593.0,323.0,2551.0,873.0,243.0,60.59559633636499,75.69280200487425,57.92119084857922,37.41723697150025,15.922570488230747,40.25665537173863,42.109677906031635,69.06374814426837,54.521930087202996,91.09173005296716
2025-03-09 20:17:57.546000,842.0,592.0,326.0,2548.0,875.0,245.0,60.59559633636499,75.69280200487425,57.92119084857922,37.41723697150025,15.922570488230747,40.25665537173863,42.109677906031635,69.06374814426837,54.521930087202996,91.09173005296716
2025-03-09 20:17:57.554333,843.0,585.0,332.0,2551.0,874.0,246.0,60.59983234712409,75.7574769247048,58.222866383290324,37.52414343239677,15.939665977684372,40.368117120636064,41.86042559137276,69.08082960625349,54.68081750996848,91.20157981800209
2025-03-09 20:17:57.554333,831.0,591.0,332.0,2554.0,875.0,246.0,60.59983234712409,75.7574769247048,58.222866383290324,37.52414343239677,15.939665977684372,40.368117120636064,41.86042559137276,69.08082960625349,54.68081750996848,91.20157981800209
2025-03-09 20:17:57.554333,845.0,594.0,327.0,2551.0,875.0,249.0,60.59983234712409,75.7574769247048,58.222866383290324,37.52414343239677,15.939665977684372,40.368117120636064,41.86042559137276,69.08082960625349,54.68081750996848,91.20157981800209
2025-03-09 20:17:57.554333,833.0,587.0,335.0,2547.0,874.0,247.0,60.59983234712409,75.7574769247048,58.222866383290324,37.52414343239677,15.939665977684372,40.368117120636064,41.86042559137276,69.08082960625349,54.68081750996848,91.20157981800209
2025-03-09 20:17:57.562667,828.0,582.0,329.0,2558.0,880.0,249.0,60.6055461869616,75.82346114742143,58.536349680586895,37.63408022335328,15.96602384854198,40.486066727867204,41.60560786622771,69.09378491645661,54.837289592339474,91.3008843757811
2025-03-09 20:17:57.562667,829.0,580.0,329.0,2559.0,882.0,250.0,60.6055461869616,75.82346114742143,58.536349680586895,37.63408022335328,15.96602384854198,40.486066727867204,41.60560786622771,69.09378491645661,54.837289592339474,91.3008843757811
2025-03-09 20:17:57.562667,810.0,588.0,334.0,2558.0,880.0,251.0,60.6055461869616,75.82346114742143,58.536349680586895,37.63408022335328,15.96602384854198,40.486066727867204,41.60560786622771,69.09378491645661,54.837289592339474,91.3008843757811
2025-03-09 20:17:57.562667,825.0,581.0,327.0,2559.0,882.0,250.0,60.6055461869616,75.82346114742143,58.536349680586895,37.63408022335328,15.96602384854198,40.486066727867204,41.60560786622771,69.09378491645661,54.837289592339474,91.3008843757811
2025-03-09 20:17:57.571000,826.0,582.0,331.0,2559.0,884.0,254.0,60.612834056137714,75.88950703155201,58.86049247439959,37.74779231367741,16.00323032681197,40.61164632587206,41.34658408307167,69.10123056589573,54.989330232993886,91.38714253888205
2025-03-09 20:17:57.571000,831.0,585.0,326.0,2559.0,885.0,250.0,60.612834056137714,75.88950703155201,58.86049247439959,37.74779231367741,16.00323032681197,40.61164632587206,41.34658408307167,69.10123056589573,54.989330232993886,91.38714253888205
2025-03-09 20:17:57.571000,830.0,574.0,327.0,2559.0,887.0,251.0,60.612834056137714,75.88950703155201,58.86049247439959,37.74779231367741,16.00323032681197,40.61164632587206,41.34658408307167,69.10123056589573,54.989330232993886,91.38714253888205
2025-03-09 20:17:57.579333,833.0,576.0,332.0,2559.0,889.0,251.0,60.6168722992542,75.95348094011091,59.190436746587565,37.861258650764825,16.04700987118547,40.739140770388914,41.084158531853966,69.1037881250263,55.13780288046328,91.45900742140536
2025-03-09 20:17:57.579333,818.0,572.0,329.0,2559.0,896.0,255.0,60.6168722992542,75.95348094011091,59.190436746587565,37.861258650764825,16.04700987118547,40.739140770388914,41.084158531853966,69.1037881250263,55.13780288046328,91.45900742140536
2025-03-09 20:17:57.579333,818.0,560.0,329.0,2559.0,897.0,256.0,60.6168722992542,75.95348094011091,59.190436746587565,37.861258650764825,16.04700987118547,40.739140770388914,41.084158531853966,69.1037881250263,55.13780288046328,91.45900742140536
2025-03-09 20:17:57.579333,816.0,564.0,326.0,2559.0,899.0,259.0,60.6168722992542,75.95348094011091,59.190436746587565,37.861258650764825,16.04700987118547,40.739140770388914,41.084158531853966,69.1037881250263,55.13780288046328,91.45900742140536
2025-03-09 20:17:57.587667,816.0,570.0,322.0,2559.0,902.0,257.0,60.61455577818904,76.01291653599111,59.52286113384029,37.97202703996759,16.09324949223272,40.86433519419826,40.81830592353946,69.10222031428827,55.28349709879924,91.51805232099322
2025-03-09 20:17:57.587667,825.0,562.0,327.0,2559.0,903.0,256.0,60.61455577818904,76.01291653599111,59.52286113384029,37.97202703996759,16.09324949223272,40.86433519419826,40.81830592353946,69.10222031428827,55.28349709879924,91.51805232099322
2025-03-09 20:17:57.587667,817.0,561.0,330.0,2559.0,901.0,258.0,60.61455577818904,76.01291653599111,59.52286113384029,37.97202703996759,16.09324949223272,40.86433519419826,40.81830592353946,69.10222031428827,55.28349709879924,91.51805232099322
2025-03-09 20:17:57.587667,811.0,563.0,328.0,2559.0,902.0,256.0,60.61455577818904,76.01291653599111,59.52286113384029,37.97202703996759,16.09324949223272,40.86433519419826,40.81830592353946,69.10222031428827,55.28349709879924,91.51805232099322
2025-03-09 20:17:57.596000,815.0,566.0,322.0,2559.0,905.0,260.0,60.607250700469294,76.06765934943324,59.85842776394205,38.08026445979967,16.1408006642712,40.986489367225666,40.55002729132269,69.09911729799869,55.42767744724932,91.56745048741581
2025-03-09 20:17:57.596000,815.0,560.0,330.0,2559.0,907.0,259.0,60.607250700469294,76.06765934943324,59.85842776394205,38.08026445979967,16.1408006642712,40.986489367225666,40.55002729132269,69.09911729799869,55.42767744724932,91.56745048741581
2025-03-09 20:17:57.596000,809.0,556.0,328.0,2559.0,918.0,261.0,60.607250700469294,76.06765934943324,59.85842776394205,38.08026445979967,16.1408006642712,40.986489367225666,40.55002729132269,69.09911729799869,55.42767744724932,91.56745048741581
2025-03-09 20:17:57.596000,800.0,556.0,335.0,2559.0,922.0,265.0,60.607250700469294,76.06765934943324,59.85842776394205,38.08026445979967,16.1408006642712,40.986489367225666,40.55002729132269,69.09911729799869,55.42767744724932,91.56745048741581
2025-03-09 20:17:57.604333,809.0,561.0,325.0,2559.0,923.0,265.0,60.59679598144735,76.1198144152162,60.19812894855369,38.18587679419294,16.188908313681807,41.105383200324596,40.27963277128058,69.09658228547376,55.57204122638726,91.60988573435557
2025-03-09 20:17:57.604333,813.0,550.0,323.0,2559.0,926.0,267.0,60.59679598144735,76.1198144152162,60.19812894855369,38.18587679419294,16.188908313681807,41.105383200324596,40.27963277128058,69.09658228547376,55.57204122638726,91.60988573435557
2025-03-09 20:17:57.604333,815.0,549.0,323.0,2559.0,925.0,269.0,60.59679598144735,76.1198144152162,60.19812894855369,38.18587679419294,16.188908313681807,41.105383200324596,40.27963277128058,69.09658228547376,55.57204122638726,91.60988573435557
2025-03-09 20:17:57.612667,829.0,557.0,328.0,2559.0,928.0,263.0,60.583513971629806,76.17102075239463,60.541709120282654,38.28960697654278,16.236033573800665,41.2220208832654,40.00438318968895,69.09339979351996,55.71763804980201,91.64698461529466
2025-03-09 20:17:57.612667,848.0,559.0,326.0,2559.0,932.0,269.0,60.583513971629806,76.17102075239463,60.541709120282654,38.28960697654278,16.236033573800665,41.2220208832654,40.00438318968895,69.09339979351996,55.71763804980201,91.64698461529466
2025-03-09 20:17:57.612667,813.0,567.0,333.0,2559.0,931.0,267.0,60.583513971629806,76.17102075239463,60.541709120282654,38.28960697654278,16.236033573800665,41.2220208832654,40.00438318968895,69.09339979351996,55.71763804980201,91.64698461529466
2025-03-09 20:17:57.612667,793.0,551.0,328.0,2587.0,949.0,272.0,60.583513971629806,76.17102075239463,60.541709120282654,38.28960697654278,16.236033573800665,41.2220208832654,40.00438318968895,69.09339979351996,55.71763804980201,91.64698461529466
2025-03-09 20:17:57.621000,784.0,551.0,329.0,2585.0,947.0,272.0,60.57763853694457,76.22218123133776,60.883237666935706,38.39156113439783,16.282080311298696,41.33705921153831,39.73287644695386,69.09112010415438,55.85851090026089,91.69565123523375
2025-03-09 20:17:57.621000,796.0,496.0,323.0,2559.0,950.0,272.0,60.57763853694457,76.22218123133776,60.883237666935706,38.39156113439783,16.282080311298696,41.33705921153831,39.73287644695386,69.09112010415438,55.85851090026089,91.69565123523375
2025-03-09 20:17:57.621000,786.0,543.0,326.0,2586.0,954.0,272.0,60.57763853694457,76.22218123133776,60.883237666935706,38.39156113439783,16.282080311298696,41.33705921153831,39.73287644695386,69.09112010415438,55.85851090026089,91.69565123523375
2025-03-09 20:17:57.621000,793.0,545.0,326.0,2585.0,959.0,278.0,60.57763853694457,76.22218123133776,60.883237666935706,38.39156113439783,16.282080311298696,41.33705921153831,39.73287644695386,69.09112010415438,55.85851090026089,91.69565123523375
2025-03-09 20:17:57.621000,801.0,546.0,323.0,2589.0,959.0,272.0,60.57763853694457,76.22218123133776,60.883237666935706,38.39156113439783,16.282080311298696,41.33705921153831,39.73287644695386,69.09112010415438,55.85851090026089,91.69565123523375
2025-03-09 20:17:57.629333,791.0,543.0,323.0,2583.0,960.0,277.0,60.5984586188646,76.27334412597297,61.21424427949315,38.492039766880254,16.32796684217045,41.45110437552904,39.482826098868166,69.09502540257559,55.984393465032994,91.78482474889947
2025-03-09 20:17:57.629333,790.0,539.0,330.0,2559.0,963.0,276.0,60.5984586188646,76.27334412597297,61.21424427949315,38.492039766880254,16.32796684217045,41.45110437552904,39.482826098868166,69.09502540257559,55.984393465032994,91.78482474889947
2025-03-09 20:17:57.637667,781.0,535.0,332.0,2594.0,978.0,282.0,60.648319991974304,76.32174598352258,61.532447403008206,38.59311479640126,16.37399255470762,41.56604585213632,39.25643681643549,69.10369335514852,56.09269526756787,91.91843058759962
2025-03-09 20:17:57.637667,782.0,554.0,322.0,2592.0,979.0,283.0,60.648319991974304,76.32174598352258,61.532447403008206,38.59311479640126,16.37399255470762,41.56604585213632,39.25643681643549,69.10369335514852,56.09269526756787,91.91843058759962
2025-03-09 20:17:57.637667,770.0,537.0,322.0,2592.0,981.0,284.0,60.648319991974304,76.32174598352258,61.532447403008206,38.59311479640126,16.37399255470762,41.56604585213632,39.25643681643549,69.10369335514852,56.09269526756787,91.91843058759962
2025-03-09 20:17:57.637667,774.0,538.0,333.0,2590.0,981.0,279.0,60.648319991974304,76.32174598352258,61.532447403008206,38.59311479640126,16.37399255470762,41.56604585213632,39.25643681643549,69.10369335514852,56.09269526756787,91.91843058759962
2025-03-09 20:17:57.646000,784.0,540.0,325.0,2590.0,982.0,281.0,60.71406170973344,76.36273340297552,61.83800443637451,38.695969620571994,16.42069859412567,41.68298608652109,39.04523602568501,69.10971411615164,56.185337793068676,92.07901730992614
2025-03-09 20:17:57.646000,779.0,531.0,327.0,2595.0,988.0,286.0,60.71406170973344,76.36273340297552,61.83800443637451,38.695969620571994,16.42069859412567,41.68298608652109,39.04523602568501,69.10971411615164,56.185337793068676,92.07901730992614
2025-03-09 20:17:57.646000,768.0,532.0,325.0,2595.0,991.0,286.0,60.71406170973344,76.36273340297552,61.83800443637451,38.695969620571994,16.42069859412567,41.68298608652109,39.04523602568501,69.10971411615164,56.185337793068676,92.07901730992614
2025-03-09 20:17:57.646000,755.0,545.0,332.0,2593.0,991.0,287.0,60.71406170973344,76.36273340297552,61.83800443637451,38.695969620571994,16.42069859412567,41.68298608652109,39.04523602568501,69.10971411615164,56.185337793068676,92.07901730992614
2025-03-09 20:17:57.646000,759.0,535.0,326.0,2593.0,1005.0,288.0,60.71406170973344,76.36273340297552,61.83800443637451,38.695969620571994,16.42069859412567,41.68298608652109,39.04523602568501,69.10971411615164,56.185337793068676,92.07901730992614
2025-03-09 20:17:57.654333,754.0,531.0,324.0,2589.0,1008.0,294.0,60.78623571682747,76.39435881532113,62.13132617204702,38.799481129693,16.46860421352689,41.80078272365457,38.84463561787847,69.10962202675088,56.26424040002403,92.25306808834627
2025-03-09 20:17:57.654333,754.0,533.0,331.0,2595.0,1009.0,298.0,60.78623571682747,76.39435881532113,62.13132617204702,38.799481129693,16.46860421352689,41.80078272365457,38.84463561787847,69.10962202675088,56.26424040002403,92.25306808834627
2025-03-09 20:17:57.654333,753.0,534.0,329.0,2597.0,1010.0,293.0,60.78623571682747,76.39435881532113,62.13132617204702,38.799481129693,16.46860421352689,41.80078272365457,38.84463561787847,69.10962202675088,56.26424040002403,92.25306808834627
2025-03-09 20:17:57.662667,763.0,528.0,324.0,2595.0,1011.0,291.0,60.860270063013765,76.41640064921525,62.412645989336355,38.901622214625455,16.517739324108003,41.917412193150234,38.65313786922487,69.10263407567018,56.33047206805793,92.43325311854157
2025-03-09 20:17:57.662667,756.0,535.0,326.0,2596.0,1009.0,293.0,60.860270063013765,76.41640064921525,62.412645989336355,38.901622214625455,16.517739324108003,41.917412193150234,38.65313786922487,69.10263407567018,56.33047206805793,92.43325311854157
2025-03-09 20:17:57.662667,752.0,529.0,326.0,2597.0,1013.0,295.0,60.860270063013765,76.41640064921525,62.412645989336355,38.901622214625455,16.517739324108003,41.917412193150234,38.65313786922487,69.10263407567018,56.33047206805793,92.43325311854157
2025-03-09 20:17:57.671000,739.0,525.0,322.0,2595.0,1040.0,302.0,60.932203369899895,76.42674214485159,62.679948680896395,38.99945591776261,16.566068341128812,42.02927881893544,38.46966532269428,69.08748178549479,56.383469422277884,92.61592153526414
2025-03-09 20:17:57.671000,746.0,523.0,324.0,2599.0,1040.0,301.0,60.932203369899895,76.42674214485159,62.679948680896395,38.99945591776261,16.566068341128812,42.02927881893544,38.46966532269428,69.08748178549479,56.383469422277884,92.61592153526414
2025-03-09 20:17:57.671000,723.0,524.0,302.0,2598.0,1040.0,302.0,60.932203369899895,76.42674214485159,62.679948680896395,38.99945591776261,16.566068341128812,42.02927881893544,38.46966532269428,69.08748178549479,56.383469422277884,92.61592153526414
2025-03-09 20:17:57.671000,745.0,528.0,324.0,2598.0,1040.0,304.0,60.932203369899895,76.42674214485159,62.679948680896395,38.99945591776261,16.566068341128812,42.02927881893544,38.46966532269428,69.08748178549479,56.383469422277884,92.61592153526414
2025-03-09 20:17:57.679333,733.0,526.0,326.0,2599.0,1041.0,303.0,60.99818136531728,76.42284252124695,62.93085931582541,39.09008186819578,16.612308373288954,42.13324867318544,38.29316993563672,69.0616336368346,56.42125495649051,92.79751280072117
2025-03-09 20:17:57.679333,705.0,524.0,322.0,2599.0,1041.0,304.0,60.99818136531728,76.42284252124695,62.93085931582541,39.09008186819578,16.612308373288954,42.13324867318544,38.29316993563672,69.0616336368346,56.42125495649051,92.79751280072117
2025-03-09 20:17:57.679333,731.0,511.0,322.0,2601.0,1047.0,304.0,60.99818136531728,76.42284252124695,62.93085931582541,39.09008186819578,16.612308373288954,42.13324867318544,38.29316993563672,69.0616336368346,56.42125495649051,92.79751280072117
2025-03-09 20:17:57.679333,735.0,511.0,325.0,2601.0,1043.0,304.0,60.99818136531728,76.42284252124695,62.93085931582541,39.09008186819578,16.612308373288954,42.13324867318544,38.29316993563672,69.0616336368346,56.42125495649051,92.79751280072117
2025-03-09 20:17:57.687667,703.0,485.0,332.0,2589.0,1065.0,309.0,61.055133767333814,76.4043281572445,63.16197136164593,39.1734538501428,16.655681785797512,42.22912721708967,38.123550841071705,69.02374406269752,56.44393066767659,92.9737370426859
2025-03-09 20:17:57.687667,720.0,526.0,324.0,2600.0,1067.0,313.0,61.055133767333814,76.4043281572445,63.16197136164593,39.1734538501428,16.655681785797512,42.22912721708967,38.123550841071705,69.02374406269752,56.44393066767659,92.9737370426859
2025-03-09 20:17:57.687667,718.0,511.0,323.0,2603.0,1071.0,313.0,61.055133767333814,76.4043281572445,63.16197136164593,39.1734538501428,16.655681785797512,42.22912721708967,38.123550841071705,69.02374406269752,56.44393066767659,92.9737370426859
2025-03-09 20:17:57.696000,709.0,523.0,322.0,2607.0,1072.0,311.0,61.10107932032782,76.3713171156112,63.36871638783137,39.25246156570983,16.69491921247178,42.31911766156987,37.96143866300661,68.97374562255808,56.45320653752804,93.14179253854022
2025-03-09 20:17:57.696000,715.0,511.0,325.0,2605.0,1072.0,306.0,61.10107932032782,76.3713171156112,63.36871638783137,39.25246156570983,16.69491921247178,42.31911766156987,37.96143866300661,68.97374562255808,56.45320653752804,93.14179253854022
2025-03-09 20:17:57.696000,711.0,511.0,324.0,2606.0,1074.0,311.0,61.10107932032782,76.3713171156112,63.36871638783137,39.25246156570983,16.69491921247178,42.31911766156987,37.96143866300661,68.97374562255808,56.45320653752804,93.14179253854022
2025-03-09 20:17:57.696000,710.0,511.0,324.0,2608.0,1075.0,313.0,61.10107932032782,76.3713171156112,63.36871638783137,39.25246156570983,16.69491921247178,42.31911766156987,37.96143866300661,68.97374562255808,56.45320653752804,93.14179253854022
2025-03-09 20:17:57.704333,690.0,511.0,322.0,2608.0,1091.0,319.0,61.134974048634284,76.3234875624099,63.54807303762406,39.330053153545684,16.728176836477083,42.4052454424592,37.806293611621825,68.91180119640127,56.45083753464616,93.30064150060333
2025-03-09 20:17:57.704333,688.0,525.0,325.0,2608.0,1096.0,319.0,61.134974048634284,76.3234875624099,63.54807303762406,39.330053153545684,16.728176836477083,42.4052454424592,37.806293611621825,68.91180119640127,56.45083753464616,93.30064150060333
2025-03-09 20:17:57.704333,704.0,511.0,322.0,2606.0,1094.0,321.0,61.134974048634284,76.3234875624099,63.54807303762406,39.330053153545684,16.728176836477083,42.4052454424592,37.806293611621825,68.91180119640127,56.45083753464616,93.30064150060333
2025-03-09 20:17:57.704333,685.0,511.0,321.0,2607.0,1094.0,321.0,61.134974048634284,76.3234875624099,63.54807303762406,39.330053153545684,16.728176836477083,42.4052454424592,37.806293611621825,68.91180119640127,56.45083753464616,93.30064150060333
2025-03-09 20:17:57.712667,661.0,511.0,315.0,2607.0,1098.0,324.0,61.154075730734796,76.2601531693419,63.699296920074175,39.40505547998989,16.753649389521552,42.48565105322652,37.656463136894516,68.83788354090491,56.43778130214842,93.44777878605315
2025-03-09 20:17:57.712667,686.0,510.0,319.0,2608.0,1104.0,322.0,61.154075730734796,76.2601531693419,63.699296920074175,39.40505547998989,16.753649389521552,42.48565105322652,37.656463136894516,68.83788354090491,56.43778130214842,93.44777878605315
2025-03-09 20:17:57.712667,677.0,508.0,321.0,2603.0,1105.0,323.0,61.154075730734796,76.2601531693419,63.699296920074175,39.40505547998989,16.753649389521552,42.48565105322652,37.656463136894516,68.83788354090491,56.43778130214842,93.44777878605315
2025-03-09 20:17:57.721000,667.0,508.0,327.0,2608.0,1104.0,325.0,61.154385480487804,76.1806203301629,63.82300426246359,39.47415970248497,16.770652142991405,42.55667346710128,37.510634821797964,68.75215410522961,56.414619610942694,93.579455578687
2025-03-09 20:17:57.721000,656.0,507.0,323.0,2610.0,1123.0,333.0,61.154385480487804,76.1806203301629,63.82300426246359,39.47415970248497,16.770652142991405,42.55667346710128,37.510634821797964,68.75215410522961,56.414619610942694,93.579455578687
2025-03-09 20:17:57.721000,659.0,509.0,321.0,2613.0,1123.0,331.0,61.154385480487804,76.1806203301629,63.82300426246359,39.47415970248497,16.770652142991405,42.55667346710128,37.510634821797964,68.75215410522961,56.414619610942694,93.579455578687
2025-03-09 20:17:57.721000,656.0,511.0,320.0,2611.0,1121.0,336.0,61.154385480487804,76.1806203301629,63.82300426246359,39.47415970248497,16.770652142991405,42.55667346710128,37.510634821797964,68.75215410522961,56.414619610942694,93.579455578687
2025-03-09 20:17:57.729333,682.0,507.0,320.0,2610.0,1126.0,334.0,61.135291928519905,76.08664384545922,63.92119610944939,39.53704633962814,16.78022602211929,42.6182405874447,37.36861662681066,68.65611018356421,56.383032077105135,93.69449382421223
2025-03-09 20:17:57.729333,655.0,508.0,326.0,2609.0,1130.0,334.0,61.135291928519905,76.08664384545922,63.92119610944939,39.53704633962814,16.78022602211929,42.6182405874447,37.36861662681066,68.65611018356421,56.383032077105135,93.69449382421223
2025-03-09 20:17:57.729333,661.0,524.0,321.0,2609.0,1130.0,336.0,61.135291928519905,76.08664384545922,63.92119610944939,39.53704633962814,16.78022602211929,42.6182405874447,37.36861662681066,68.65611018356421,56.383032077105135,93.69449382421223
2025-03-09 20:17:57.737667,662.0,509.0,320.0,2609.0,1133.0,336.0,61.09857559109655,75.98199831716589,63.99616637262248,39.594933784552744,16.783139568539358,42.671682815763596,37.23127718203107,68.55338415921997,56.34650841047233,93.79324453002306
2025-03-09 20:17:57.737667,642.0,509.0,325.0,2613.0,1137.0,338.0,61.09857559109655,75.98199831716589,63.99616637262248,39.594933784552744,16.783139568539358,42.671682815763596,37.23127718203107,68.55338415921997,56.34650841047233,93.79324453002306
2025-03-09 20:17:57.737667,636.0,502.0,317.0,2608.0,1136.0,338.0,61.09857559109655,75.98199831716589,63.99616637262248,39.594933784552744,16.783139568539358,42.671682815763596,37.23127718203107,68.55338415921997,56.34650841047233,93.79324453002306
2025-03-09 20:17:57.737667,655.0,511.0,324.0,2610.0,1137.0,339.0,61.09857559109655,75.98199831716589,63.99616637262248,39.594933784552744,16.783139568539358,42.671682815763596,37.23127718203107,68.55338415921997,56.34650841047233,93.79324453002306
2025-03-09 20:17:57.746000,640.0,499.0,327.0,2611.0,1137.0,339.0,61.04610627365105,75.87074124208704,64.04887255058783,39.648491021015126,16.778540022900263,42.716992189815585,37.10082093492253,68.44959379883143,56.30990564788965,93.87626283634043
2025-03-09 20:17:57.746000,627.0,493.0,321.0,2608.0,1141.0,341.0,61.04610627365105,75.87074124208704,64.04887255058783,39.648491021015126,16.778540022900263,42.716992189815585,37.10082093492253,68.44959379883143,56.30990564788965,93.87626283634043
2025-03-09 20:17:57.746000,629.0,501.0,322.0,2613.0,1140.0,337.0,61.04610627365105,75.87074124208704,64.04887255058783,39.648491021015126,16.778540022900263,42.716992189815585,37.10082093492253,68.44959379883143,56.30990564788965,93.87626283634043
2025-03-09 20:17:57.754333,646.0,505.0,323.0,2609.0,1138.0,339.0,60.98005405712564,75.75632557758928,64.08002678634175,39.69916109026614,16.765731072396814,42.75509380642022,36.978924415478396,68.34920956063429,56.27726275395663,93.9446235869517
2025-03-09 20:17:57.754333,642.0,510.0,320.0,2611.0,1142.0,342.0,60.98005405712564,75.75632557758928,64.08002678634175,39.69916109026614,16.765731072396814,42.75509380642022,36.978924415478396,68.34920956063429,56.27726275395663,93.9446235869517
2025-03-09 20:17:57.754333,615.0,505.0,318.0,2611.0,1141.0,343.0,60.98005405712564,75.75632557758928,64.08002678634175,39.69916109026614,16.765731072396814,42.75509380642022,36.978924415478396,68.34920956063429,56.27726275395663,93.9446235869517
2025-03-09 20:17:57.754333,618.0,503.0,317.0,2614.0,1146.0,342.0,60.98005405712564,75.75632557758928,64.08002678634175,39.69916109026614,16.765731072396814,42.75509380642022,36.978924415478396,68.34920956063429,56.27726275395663,93.9446235869517
2025-03-09 20:17:57.762667,613.0,510.0,318.0,2611.0,1143.0,346.0,60.903100579978926,75.64219171300215,64.09168663673228,39.74569608504453,16.746886679931507,42.7860467099027,36.867300459718905,68.25352629837266,56.24830577439616,93.99896903068496
2025-03-09 20:17:57.762667,612.0,506.0,323.0,2611.0,1143.0,347.0,60.903100579978926,75.64219171300215,64.09168663673228,39.74569608504453,16.746886679931507,42.7860467099027,36.867300459718905,68.25352629837266,56.24830577439616,93.99896903068496
2025-03-09 20:17:57.762667,613.0,502.0,320.0,2615.0,1142.0,347.0,60.903100579978926,75.64219171300215,64.09168663673228,39.74569608504453,16.746886679931507,42.7860467099027,36.867300459718905,68.25352629837266,56.24830577439616,93.99896903068496
2025-03-09 20:17:57.762667,611.0,498.0,319.0,2612.0,1143.0,347.0,60.903100579978926,75.64219171300215,64.09168663673228,39.74569608504453,16.746886679931507,42.7860467099027,36.867300459718905,68.25352629837266,56.24830577439616,93.99896903068496
2025-03-09 20:17:57.771000,613.0,502.0,318.0,2608.0,1143.0,345.0,60.81792696174218,75.53141663975742,64.08680939261907,39.780992923468986,16.727970235125184,42.80648508606882,36.76910803846583,68.15983677527193,56.21604523293899,94.0395537242347
2025-03-09 20:17:57.771000,595.0,498.0,318.0,2607.0,1136.0,349.0,60.81792696174218,75.53141663975742,64.08680939261907,39.780992923468986,16.727970235125184,42.80648508606882,36.76910803846583,68.15983677527193,56.21604523293899,94.0395537242347
2025-03-09 20:17:57.771000,582.0,503.0,298.0,2608.0,1137.0,346.0,60.81792696174218,75.53141663975742,64.08680939261907,39.780992923468986,16.727970235125184,42.80648508606882,36.76910803846583,68.15983677527193,56.21604523293899,94.0395537242347
2025-03-09 20:17:57.779333,592.0,496.0,317.0,2608.0,1139.0,347.0,60.72582995154307,75.4258713444794,64.06642016250547,39.79940015391146,16.711742341887064,42.81264732415849,36.687209816661905,68.0674851198306,56.176566171339445,94.06741463657275
2025-03-09 20:17:57.779333,592.0,500.0,316.0,2608.0,1136.0,346.0,60.72582995154307,75.4258713444794,64.06642016250547,39.79940015391146,16.711742341887064,42.81264732415849,36.687209816661905,68.0674851198306,56.176566171339445,94.06741463657275
2025-03-09 20:17:57.779333,593.0,497.0,322.0,2609.0,1136.0,343.0,60.72582995154307,75.4258713444794,64.06642016250547,39.79940015391146,16.711742341887064,42.81264732415849,36.687209816661905,68.0674851198306,56.176566171339445,94.06741463657275
2025-03-09 20:17:57.779333,610.0,511.0,315.0,2611.0,1137.0,349.0,60.72582995154307,75.4258713444794,64.06642016250547,39.79940015391146,16.711742341887064,42.81264732415849,36.687209816661905,68.0674851198306,56.176566171339445,94.06741463657275
2025-03-09 20:17:57.787667,593.0,500.0,318.0,2610.0,1136.0,345.0,60.62766878169458,75.32648024729751,64.03025490371942,39.80021063423729,16.698380992232785,42.80398660491042,36.622931536900026,67.97730416502206,56.12983745678146,94.08455156300661
2025-03-09 20:17:57.787667,591.0,501.0,315.0,2608.0,1136.0,348.0,60.62766878169458,75.32648024729751,64.03025490371942,39.80021063423729,16.698380992232785,42.80398660491042,36.622931536900026,67.97730416502206,56.12983745678146,94.08455156300661
2025-03-09 20:17:57.787667,582.0,496.0,320.0,2614.0,1134.0,346.0,60.62766878169458,75.32648024729751,64.03025490371942,39.80021063423729,16.698380992232785,42.80398660491042,36.622931536900026,67.97730416502206,56.12983745678146,94.08455156300661
2025-03-09 20:17:57.796000,577.0,496.0,319.0,2608.0,1133.0,345.0,60.526375246838796,75.23482389560715,63.98119683861135,39.79026710025511,16.686912805347657,42.786282748311926,36.574055577148954,67.89215888016119,56.081208702124464,94.09364094803247
2025-03-09 20:17:57.796000,576.0,496.0,321.0,2609.0,1136.0,342.0,60.526375246838796,75.23482389560715,63.98119683861135,39.79026710025511,16.686912805347657,42.786282748311926,36.574055577148954,67.89215888016119,56.081208702124464,94.09364094803247
2025-03-09 20:17:57.796000,579.0,495.0,318.0,2613.0,1131.0,346.0,60.526375246838796,75.23482389560715,63.98119683861135,39.79026710025511,16.686912805347657,42.786282748311926,36.574055577148954,67.89215888016119,56.081208702124464,94.09364094803247
2025-03-09 20:17:57.796000,577.0,498.0,313.0,2608.0,1134.0,344.0,60.526375246838796,75.23482389560715,63.98119683861135,39.79026710025511,16.686912805347657,42.786282748311926,36.574055577148954,67.89215888016119,56.081208702124464,94.09364094803247
2025-03-09 20:17:57.804333,576.0,491.0,313.0,2608.0,1134.0,347.0,60.425375776915075,75.15178572886634,63.92258404445582,39.78208343393179,16.673671886776535,42.76928574530433,36.53552531671159,67.81644051388966,56.040431578224386,94.09747336682507
2025-03-09 20:17:57.804333,573.0,501.0,320.0,2611.0,1134.0,344.0,60.425375776915075,75.15178572886634,63.92258404445582,39.78208343393179,16.673671886776535,42.76928574530433,36.53552531671159,67.81644051388966,56.040431578224386,94.09747336682507
2025-03-09 20:17:57.804333,557.0,497.0,317.0,2609.0,1129.0,344.0,60.425375776915075,75.15178572886634,63.92258404445582,39.78208343393179,16.673671886776535,42.76928574530433,36.53552531671159,67.81644051388966,56.040431578224386,94.09747336682507
2025-03-09 20:17:57.812667,570.0,496.0,316.0,2608.0,1129.0,346.0,60.32602304231826,75.07703779798643,63.854564997458745,39.78072492794082,16.656708383647267,42.756960773873395,36.505229215985075,67.75087918657715,56.010487685538635,94.09784546898199
2025-03-09 20:17:57.812667,568.0,495.0,315.0,2609.0,1126.0,342.0,60.32602304231826,75.07703779798643,63.854564997458745,39.78072492794082,16.656708383647267,42.756960773873395,36.505229215985075,67.75087918657715,56.010487685538635,94.09784546898199
2025-03-09 20:17:57.812667,561.0,496.0,320.0,2610.0,1124.0,342.0,60.32602304231826,75.07703779798643,63.854564997458745,39.78072492794082,16.656708383647267,42.756960773873395,36.505229215985075,67.75087918657715,56.010487685538635,94.09784546898199
2025-03-09 20:17:57.812667,566.0,502.0,321.0,2607.0,1125.0,343.0,60.32602304231826,75.07703779798643,63.854564997458745,39.78072492794082,16.656708383647267,42.756960773873395,36.505229215985075,67.75087918657715,56.010487685538635,94.09784546898199
2025-03-09 20:17:57.821000,567.0,492.0,320.0,2609.0,1123.0,341.0,60.22894348946794,75.0105246430414,63.77832525282695,39.78208766468979,16.63964512432316,42.747487898924746,36.48409069758519,67.69172177940361,55.9856236270664,94.09528751618821
2025-03-09 20:17:57.821000,551.0,502.0,321.0,2606.0,1124.0,341.0,60.22894348946794,75.0105246430414,63.77832525282695,39.78208766468979,16.63964512432316,42.747487898924746,36.48409069758519,67.69172177940361,55.9856236270664,94.09528751618821
2025-03-09 20:17:57.821000,566.0,497.0,319.0,2606.0,1121.0,347.0,60.22894348946794,75.0105246430414,63.77832525282695,39.78208766468979,16.63964512432316,42.747487898924746,36.48409069758519,67.69172177940361,55.9856236270664,94.09528751618821
2025-03-09 20:17:57.829333,562.0,498.0,320.0,2609.0,1120.0,341.0,60.13505627699034,74.95253263677455,63.696104769415356,39.78303702859624,16.626394392723192,42.73978785029154,36.473066104614354,67.63631802753602,55.961345664518824,94.08978690086506
2025-03-09 20:17:57.829333,559.0,495.0,318.0,2608.0,1117.0,342.0,60.13505627699034,74.95253263677455,63.696104769415356,39.78303702859624,16.626394392723192,42.73978785029154,36.473066104614354,67.63631802753602,55.961345664518824,94.08978690086506
2025-03-09 20:17:57.829333,560.0,496.0,320.0,2608.0,1117.0,344.0,60.13505627699034,74.95253263677455,63.696104769415356,39.78303702859624,16.626394392723192,42.73978785029154,36.473066104614354,67.63631802753602,55.961345664518824,94.08978690086506
2025-03-09 20:17:57.829333,560.0,498.0,320.0,2608.0,1117.0,343.0,60.13505627699034,74.95253263677455,63.696104769415356,39.78303702859624,16.626394392723192,42.73978785029154,36.473066104614354,67.63631802753602,55.961345664518824,94.08978690086506
2025-03-09 20:17:57.837667,567.0,501.0,311.0,2608.0,1118.0,341.0,60.04486899466432,74.90315478981303,63.60922655894856,39.78283380530016,16.617955695080283,42.73353700713821,36.472320833346615,67.58443691894853,55.93693131525501,94.08137336016635
2025-03-09 20:17:57.837667,560.0,496.0,314.0,2609.0,1117.0,342.0,60.04486899466432,74.90315478981303,63.60922655894856,39.78283380530016,16.617955695080283,42.73353700713821,36.472320833346615,67.58443691894853,55.93693131525501,94.08137336016635
2025-03-09 20:17:57.837667,562.0,495.0,320.0,2608.0,1117.0,341.0,60.04486899466432,74.90315478981303,63.60922655894856,39.78283380530016,16.617955695080283,42.73353700713821,36.472320833346615,67.58443691894853,55.93693131525501,94.08137336016635
2025-03-09 20:17:57.837667,557.0,496.0,320.0,2608.0,1108.0,339.0,60.04486899466432,74.90315478981303,63.60922655894856,39.78283380530016,16.617955695080283,42.73353700713821,36.472320833346615,67.58443691894853,55.93693131525501,94.08137336016635
2025-03-09 20:17:57.846000,559.0,495.0,316.0,2608.0,1110.0,338.0,59.958230707463265,74.8625497703615,63.516866103406514,39.779292304380284,16.614883619190717,42.72701878469468,36.48327649876334,67.53565588974732,55.91083747814179,94.06963181422095
2025-03-09 20:17:57.846000,563.0,493.0,320.0,2608.0,1109.0,337.0,59.958230707463265,74.8625497703615,63.516866103406514,39.779292304380284,16.614883619190717,42.72701878469468,36.48327649876334,67.53565588974732,55.91083747814179,94.06963181422095
2025-03-09 20:17:57.846000,569.0,495.0,313.0,2608.0,1109.0,340.0,59.958230707463265,74.8625497703615,63.516866103406514,39.779292304380284,16.614883619190717,42.72701878469468,36.48327649876334,67.53565588974732,55.91083747814179,94.06963181422095
2025-03-09 20:17:57.854333,560.0,499.0,311.0,2605.0,1106.0,339.0,59.87568366367589,74.83148048864925,63.41920847362235,39.773744691187964,16.616472766208325,42.72099543816605,36.50630312580078,67.49180569640168,55.8852772417399,94.05368597511863
2025-03-09 20:17:57.854333,556.0,495.0,315.0,2609.0,1104.0,337.0,59.87568366367589,74.83148048864925,63.41920847362235,39.773744691187964,16.616472766208325,42.72099543816605,36.50630312580078,67.49180569640168,55.8852772417399,94.05368597511863
2025-03-09 20:17:57.854333,555.0,496.0,320.0,2608.0,1106.0,341.0,59.87568366367589,74.83148048864925,63.41920847362235,39.773744691187964,16.616472766208325,42.72099543816605,36.50630312580078,67.49180569640168,55.8852772417399,94.05368597511863
2025-03-09 20:17:57.854333,560.0,485.0,318.0,2605.0,1105.0,336.0,59.87568366367589,74.83148048864925,63.41920847362235,39.773744691187964,16.616472766208325,42.72099543816605,36.50630312580078,67.49180569640168,55.8852772417399,94.05368597511863
2025-03-09 20:17:57.862667,562.0,495.0,315.0,2605.0,1103.0,336.0,59.79844543204127,74.81076185288639,63.31744818036189,39.76838597062366,16.622694001881303,42.717428703911075,36.540982734251024,67.45398043456073,55.86208757124709,94.03274558677548
2025-03-09 20:17:57.862667,558.0,493.0,318.0,2608.0,1101.0,336.0,59.79844543204127,74.81076185288639,63.31744818036189,39.76838597062366,16.622694001881303,42.717428703911075,36.540982734251024,67.45398043456073,55.86208757124709,94.03274558677548
2025-03-09 20:17:57.862667,550.0,495.0,315.0,2606.0,1101.0,336.0,59.79844543204127,74.81076185288639,63.31744818036189,39.76838597062366,16.622694001881303,42.717428703911075,36.540982734251024,67.45398043456073,55.86208757124709,94.03274558677548
2025-03-09 20:17:57.871000,562.0,496.0,315.0,2609.0,1101.0,336.0,59.7269696084818,74.79976132806536,63.21188427620402,39.762017616911244,16.634646355156665,42.71592667783159,36.58715358586722,67.42011784048354,55.83866438932464,94.00655729012175
2025-03-09 20:17:57.871000,558.0,491.0,319.0,2603.0,1100.0,335.0,59.7269696084818,74.79976132806536,63.21188427620402,39.762017616911244,16.634646355156665,42.71592667783159,36.58715358586722,67.42011784048354,55.83866438932464,94.00655729012175
2025-03-09 20:17:57.871000,562.0,494.0,313.0,2608.0,1098.0,336.0,59.7269696084818,74.79976132806536,63.21188427620402,39.762017616911244,16.634646355156665,42.71592667783159,36.58715358586722,67.42011784048354,55.83866438932464,94.00655729012175
2025-03-09 20:17:57.871000,555.0,494.0,316.0,2603.0,1095.0,336.0,59.7269696084818,74.79976132806536,63.21188427620402,39.762017616911244,16.634646355156665,42.71592667783159,36.58715358586722,67.42011784048354,55.83866438932464,94.00655729012175
2025-03-09 20:17:57.879333,567.0,496.0,315.0,2608.0,1099.0,336.0,59.660621060297885,74.79632854310363,63.10113984253805,39.75401356771973,16.652077441648423,42.71600433643299,36.644202116591025,67.38767281423098,55.81249655462371,93.97480323582158
2025-03-09 20:17:57.879333,563.0,492.0,315.0,2602.0,1095.0,334.0,59.660621060297885,74.79632854310363,63.10113984253805,39.75401356771973,16.652077441648423,42.71600433643299,36.644202116591025,67.38767281423098,55.81249655462371,93.97480323582158
2025-03-09 20:17:57.879333,562.0,491.0,319.0,2602.0,1094.0,330.0,59.660621060297885,74.79632854310363,63.10113984253805,39.75401356771973,16.652077441648423,42.71600433643299,36.644202116591025,67.38767281423098,55.81249655462371,93.97480323582158
2025-03-09 20:17:57.887667,565.0,496.0,319.0,2603.0,1094.0,333.0,59.59914025832571,74.79903611686876,62.986246288916284,39.74431169804558,16.674359987001683,42.71746575411402,36.70999560858351,67.35529840146064,55.782949642404084,93.93706053922338
2025-03-09 20:17:57.887667,545.0,485.0,315.0,2601.0,1094.0,329.0,59.59914025832571,74.79903611686876,62.986246288916284,39.74431169804558,16.674359987001683,42.71746575411402,36.70999560858351,67.35529840146064,55.782949642404084,93.93706053922338
2025-03-09 20:17:57.887667,563.0,494.0,320.0,2606.0,1095.0,330.0,59.59914025832571,74.79903611686876,62.986246288916284,39.74431169804558,16.674359987001683,42.71746575411402,36.70999560858351,67.35529840146064,55.782949642404084,93.93706053922338
2025-03-09 20:17:57.887667,560.0,496.0,314.0,2606.0,1095.0,333.0,59.59914025832571,74.79903611686876,62.986246288916284,39.74431169804558,16.674359987001683,42.71746575411402,36.70999560858351,67.35529840146064,55.782949642404084,93.93706053922338
2025-03-09 20:17:57.896000,570.0,490.0,317.0,2605.0,1095.0,331.0,59.54287678895362,74.80823397878578,62.87148272432679,39.73221983485921,16.7006802428002,42.71942016969566,36.78109768553509,67.32360033143547,55.751541978623486,93.89338890831905
2025-03-09 20:17:57.896000,571.0,493.0,317.0,2603.0,1093.0,325.0,59.54287678895362,74.80823397878578,62.87148272432679,39.73221983485921,16.7006802428002,42.71942016969566,36.78109768553509,67.32360033143547,55.751541978623486,93.89338890831905
2025-03-09 20:17:57.896000,574.0,494.0,315.0,2605.0,1090.0,327.0,59.54287678895362,74.80823397878578,62.87148272432679,39.73221983485921,16.7006802428002,42.71942016969566,36.78109768553509,67.32360033143547,55.751541978623486,93.89338890831905
2025-03-09 20:17:57.904333,576.0,496.0,317.0,2602.0,1091.0,326.0,59.49175934135086,74.82348956701868,62.759257208258994,39.71667494210791,16.730236631394586,42.7204335483075,36.855705966017446,67.29320868870963,55.718963562603854,93.84429435302357
2025-03-09 20:17:57.904333,581.0,494.0,315.0,2608.0,1090.0,325.0,59.49175934135086,74.82348956701868,62.759257208258994,39.71667494210791,16.730236631394586,42.7204335483075,36.855705966017446,67.29320868870963,55.718963562603854,93.84429435302357
2025-03-09 20:17:57.904333,576.0,482.0,314.0,2604.0,1088.0,325.0,59.49175934135086,74.82348956701868,62.759257208258994,39.71667494210791,16.730236631394586,42.7204335483075,36.855705966017446,67.29320868870963,55.718963562603854,93.84429435302357
2025-03-09 20:17:57.904333,576.0,492.0,317.0,2605.0,1088.0,326.0,59.49175934135086,74.82348956701868,62.759257208258994,39.71667494210791,16.730236631394586,42.7204335483075,36.855705966017446,67.29320868870963,55.718963562603854,93.84429435302357
2025-03-09 20:17:57.912667,583.0,490.0,310.0,2605.0,1088.0,327.0,59.445509471010006,74.8434483586069,62.649774722122885,39.69822592264977,16.762210430259433,42.72033188563956,36.93342108751615,67.26467382162056,55.685770837157214,93.79005062471866
2025-03-09 20:17:57.912667,580.0,496.0,318.0,2608.0,1090.0,324.0,59.445509471010006,74.8434483586069,62.649774722122885,39.69822592264977,16.762210430259433,42.72033188563956,36.93342108751615,67.26467382162056,55.685770837157214,93.79005062471866
2025-03-09 20:17:57.912667,602.0,490.0,313.0,2606.0,1086.0,324.0,59.445509471010006,74.8434483586069,62.649774722122885,39.69822592264977,16.762210430259433,42.72033188563956,36.93342108751615,67.26467382162056,55.685770837157214,93.79005062471866
2025-03-09 20:17:57.912667,602.0,489.0,315.0,2598.0,1086.0,323.0,59.445509471010006,74.8434483586069,62.649774722122885,39.69822592264977,16.762210430259433,42.72033188563956,36.93342108751615,67.26467382162056,55.685770837157214,93.79005062471866
2025-03-09 20:17:57.921000,599.0,493.0,316.0,2601.0,1086.0,322.0,59.40399749381756,74.86810282104497,62.5431881273196,39.677904605945116,16.795260317875908,42.719176722015675,37.014196233242714,67.24002755625162,55.65434092831261,93.73039586149827
2025-03-09 20:17:57.921000,605.0,494.0,311.0,2603.0,1085.0,323.0,59.40399749381756,74.86810282104497,62.5431881273196,39.677904605945116,16.795260317875908,42.719176722015675,37.014196233242714,67.24002755625162,55.65434092831261,93.73039586149827
2025-03-09 20:17:57.921000,599.0,487.0,316.0,2593.0,1085.0,324.0,59.40399749381756,74.86810282104497,62.5431881273196,39.677904605945116,16.795260317875908,42.719176722015675,37.014196233242714,67.24002755625162,55.65434092831261,93.73039586149827
2025-03-09 20:17:57.929333,606.0,495.0,319.0,2600.0,1082.0,321.0,59.36750414898037,74.89877750409985,62.43947414611172,39.65511722283148,16.8289577418754,42.7160675084564,37.09930859029178,67.22146271858045,55.62625257475119,93.66569440185114
2025-03-09 20:17:57.929333,614.0,489.0,315.0,2603.0,1085.0,321.0,59.36750414898037,74.89877750409985,62.43947414611172,39.65511722283148,16.8289577418754,42.7160675084564,37.09930859029178,67.22146271858045,55.62625257475119,93.66569440185114
2025-03-09 20:17:57.929333,624.0,496.0,318.0,2601.0,1081.0,321.0,59.36750414898037,74.89877750409985,62.43947414611172,39.65511722283148,16.8289577418754,42.7160675084564,37.09930859029178,67.22146271858045,55.62625257475119,93.66569440185114
2025-03-09 20:17:57.929333,624.0,499.0,320.0,2601.0,1082.0,320.0,59.36750414898037,74.89877750409985,62.43947414611172,39.65511722283148,16.8289577418754,42.7160675084564,37.09930859029178,67.22146271858045,55.62625257475119,93.66569440185114
2025-03-09 20:17:57.937667,647.0,496.0,320.0,2598.0,1079.0,321.0,59.33662472933476,74.93674477135812,62.33836964611438,39.6288085700252,16.863327129343062,42.709976827095815,37.19035685866861,67.21054250122631,55.6020334587381,93.59653026430652
2025-03-09 20:17:57.937667,625.0,497.0,315.0,2602.0,1082.0,321.0,59.33662472933476,74.93674477135812,62.33836964611438,39.6288085700252,16.863327129343062,42.709976827095815,37.19035685866861,67.21054250122631,55.6020334587381,93.59653026430652
2025-03-09 20:17:57.937667,632.0,497.0,315.0,2600.0,1079.0,321.0,59.33662472933476,74.93674477135812,62.33836964611438,39.6288085700252,16.863327129343062,42.709976827095815,37.19035685866861,67.21054250122631,55.6020334587381,93.59653026430652
2025-03-09 20:17:57.946000,633.0,495.0,309.0,2602.0,1081.0,321.0,59.311817243182766,74.98295012777672,62.23965220462276,39.5979263184393,16.89865343131853,42.70005464528778,37.288577636611805,67.20809678599159,55.58160745108651,93.52306803123574
2025-03-09 20:17:57.946000,635.0,496.0,316.0,2603.0,1077.0,322.0,59.311817243182766,74.98295012777672,62.23965220462276,39.5979263184393,16.89865343131853,42.70005464528778,37.288577636611805,67.20809678599159,55.58160745108651,93.52306803123574
2025-03-09 20:17:57.946000,640.0,491.0,307.0,2597.0,1078.0,320.0,59.311817243182766,74.98295012777672,62.23965220462276,39.5979263184393,16.89865343131853,42.70005464528778,37.288577636611805,67.20809678599159,55.58160745108651,93.52306803123574
2025-03-09 20:17:57.946000,661.0,511.0,320.0,2599.0,1078.0,319.0,59.311817243182766,74.98295012777672,62.23965220462276,39.5979263184393,16.89865343131853,42.70005464528778,37.288577636611805,67.20809678599159,55.58160745108651,93.52306803123574
2025-03-09 20:17:57.954333,662.0,496.0,311.0,2594.0,1075.0,318.0,59.29355284482195,75.03786471291279,62.14396328262701,39.56191670182694,16.93481407396726,42.68578488521507,37.39385144953804,67.21462200425128,55.565104427413004,93.4458153818519
2025-03-09 20:17:57.954333,672.0,477.0,319.0,2595.0,1073.0,318.0,59.29355284482195,75.03786471291279,62.14396328262701,39.56191670182694,16.93481407396726,42.68578488521507,37.39385144953804,67.21462200425128,55.565104427413004,93.4458153818519
2025-03-09 20:17:57.954333,673.0,494.0,314.0,2596.0,1074.0,320.0,59.29355284482195,75.03786471291279,62.14396328262701,39.56191670182694,16.93481407396726,42.68578488521507,37.39385144953804,67.21462200425128,55.565104427413004,93.4458153818519
2025-03-09 20:17:57.962667,667.0,496.0,320.0,2592.0,1075.0,318.0,59.282330197725436,75.10099044986246,62.05158865006104,39.52067644669322,16.97142700869915,42.66682555788973,37.50611238184867,67.23044666515877,55.552334925320196,93.3657567962119
2025-03-09 20:17:57.962667,671.0,496.0,317.0,2599.0,1074.0,317.0,59.282330197725436,75.10099044986246,62.05158865006104,39.52067644669322,16.97142700869915,42.66682555788973,37.50611238184867,67.23044666515877,55.552334925320196,93.3657567962119
2025-03-09 20:17:57.962667,663.0,499.0,313.0,2595.0,1074.0,317.0,59.282330197725436,75.10099044986246,62.05158865006104,39.52067644669322,16.97142700869915,42.66682555788973,37.50611238184867,67.23044666515877,55.552334925320196,93.3657567962119
2025-03-09 20:17:57.962667,707.0,498.0,315.0,2592.0,1072.0,316.0,59.282330197725436,75.10099044986246,62.05158865006104,39.52067644669322,16.97142700869915,42.66682555788973,37.50611238184867,67.23044666515877,55.552334925320196,93.3657567962119
2025-03-09 20:17:57.971000,711.0,496.0,316.0,2591.0,1072.0,314.0,59.2786317844568,75.17151506196457,61.960980802302906,39.474488208527696,17.00748054541922,42.6427752570327,37.62677237884197,67.25659902102183,55.5434206049091,93.28353399119405
2025-03-09 20:17:57.971000,695.0,501.0,307.0,2592.0,1069.0,316.0,59.2786317844568,75.17151506196457,61.960980802302906,39.474488208527696,17.00748054541922,42.6427752570327,37.62677237884197,67.25659902102183,55.5434206049091,93.28353399119405
2025-03-09 20:17:57.971000,711.0,496.0,318.0,2587.0,1070.0,316.0,59.2786317844568,75.17151506196457,61.960980802302906,39.474488208527696,17.00748054541922,42.6427752570327,37.62677237884197,67.25659902102183,55.5434206049091,93.28353399119405
2025-03-09 20:17:57.979333,721.0,501.0,313.0,2591.0,1071.0,314.0,59.28262349709087,75.24913268510022,61.87049499744695,39.42432232540693,17.040717508948592,42.61332150732091,37.75677183551719,67.29526647251758,55.54044112263723,93.19920640091632
2025-03-09 20:17:57.979333,695.0,496.0,317.0,2588.0,1072.0,314.0,59.28262349709087,75.24913268510022,61.87049499744695,39.42432232540693,17.040717508948592,42.61332150732091,37.75677183551719,67.29526647251758,55.54044112263723,93.19920640091632
2025-03-09 20:17:57.979333,714.0,497.0,310.0,2593.0,1073.0,314.0,59.28262349709087,75.24913268510022,61.87049499744695,39.42432232540693,17.040717508948592,42.61332150732091,37.75677183551719,67.29526647251758,55.54044112263723,93.19920640091632
2025-03-09 20:17:57.979333,725.0,502.0,309.0,2593.0,1070.0,314.0,59.28262349709087,75.24913268510022,61.87049499744695,39.42432232540693,17.040717508948592,42.61332150732091,37.75677183551719,67.29526647251758,55.54044112263723,93.19920640091632
2025-03-09 20:17:57.987667,752.0,496.0,310.0,2589.0,1063.0,315.0,59.29463338938396,75.33388195002533,61.780994198649175,39.37187253897252,17.06983431259982,42.579065454501894,37.895866826215205,67.34881836262588,55.546149571048105,93.11319056318239
2025-03-09 20:17:57.987667,761.0,498.0,319.0,2593.0,1062.0,313.0,59.29463338938396,75.33388195002533,61.780994198649175,39.37187253897252,17.06983431259982,42.579065454501894,37.895866826215205,67.34881836262588,55.546149571048105,93.11319056318239
2025-03-09 20:17:57.987667,761.0,503.0,311.0,2587.0,1063.0,315.0,59.29463338938396,75.33388195002533,61.780994198649175,39.37187253897252,17.06983431259982,42.579065454501894,37.895866826215205,67.34881836262588,55.546149571048105,93.11319056318239
2025-03-09 20:17:57.987667,766.0,487.0,317.0,2588.0,1066.0,313.0,59.29463338938396,75.33388195002533,61.780994198649175,39.37187253897252,17.06983431259982,42.579065454501894,37.895866826215205,67.34881836262588,55.546149571048105,93.11319056318239
2025-03-09 20:17:57.996000,769.0,502.0,317.0,2590.0,1061.0,314.0,59.31486409012183,75.42548114889597,61.69378212343433,39.31789794666224,17.095386154185366,42.54032585556652,38.04488050341484,67.41892067587793,55.561591075978946,93.02642412182448
2025-03-09 20:17:57.996000,770.0,499.0,314.0,2590.0,1059.0,314.0,59.31486409012183,75.42548114889597,61.69378212343433,39.31789794666224,17.095386154185366,42.54032585556652,38.04488050341484,67.41892067587793,55.561591075978946,93.02642412182448
2025-03-09 20:17:57.996000,781.0,505.0,319.0,2559.0,1063.0,314.0,59.31486409012183,75.42548114889597,61.69378212343433,39.31789794666224,17.095386154185366,42.54032585556652,38.04488050341484,67.41892067587793,55.561591075978946,93.02642412182448
2025-03-09 20:17:58.004333,811.0,496.0,310.0,2587.0,1054.0,309.0,59.34307546004747,75.52313362972886,61.60833950599351,39.26261251627866,17.11721653819225,42.49740143993223,38.20302296476761,67.5042412178396,55.5857286171104,92.93966995954068
2025-03-09 20:17:58.004333,821.0,498.0,318.0,2559.0,1054.0,307.0,59.34307546004747,75.52313362972886,61.60833950599351,39.26261251627866,17.11721653819225,42.49740143993223,38.20302296476761,67.5042412178396,55.5857286171104,92.93966995954068
2025-03-09 20:17:58.004333,828.0,501.0,315.0,2585.0,1054.0,307.0,59.34307546004747,75.52313362972886,61.60833950599351,39.26261251627866,17.11721653819225,42.49740143993223,38.20302296476761,67.5042412178396,55.5857286171104,92.93966995954068
2025-03-09 20:17:58.004333,839.0,500.0,307.0,2559.0,1051.0,311.0,59.34307546004747,75.52313362972886,61.60833950599351,39.26261251627866,17.11721653819225,42.49740143993223,38.20302296476761,67.5042412178396,55.5857286171104,92.93966995954068
2025-03-09 20:17:58.012667,835.0,509.0,318.0,2559.0,1055.0,308.0,59.37865843346652,75.62598433389303,61.522261357684044,39.206719186669666,17.13496970755338,42.451775636319425,38.36795780097078,67.6003068599071,55.615896852759974,92.85284374662737
2025-03-09 20:17:58.012667,838.0,506.0,319.0,2582.0,1052.0,307.0,59.37865843346652,75.62598433389303,61.522261357684044,39.206719186669666,17.13496970755338,42.451775636319425,38.36795780097078,67.6003068599071,55.615896852759974,92.85284374662737
2025-03-09 20:17:58.012667,850.0,504.0,317.0,2583.0,1051.0,308.0,59.37865843346652,75.62598433389303,61.522261357684044,39.206719186669666,17.13496970755338,42.451775636319425,38.36795780097078,67.6003068599071,55.615896852759974,92.85284374662737
2025-03-09 20:17:58.012667,855.0,508.0,318.0,2559.0,1051.0,309.0,59.37865843346652,75.62598433389303,61.522261357684044,39.206719186669666,17.13496970755338,42.451775636319425,38.36795780097078,67.6003068599071,55.615896852759974,92.85284374662737
2025-03-09 20:17:58.021000,895.0,506.0,315.0,2559.0,1051.0,306.0,59.42074188537288,75.732796365474,61.43256903495549,39.149874332618666,17.14899756949225,42.40377690812016,38.53968126749622,67.70371668520339,55.64907028408405,92.76443910509892
2025-03-09 20:17:58.021000,898.0,509.0,317.0,2559.0,1046.0,304.0,59.42074188537288,75.732796365474,61.43256903495549,39.149874332618666,17.14899756949225,42.40377690812016,38.53968126749622,67.70371668520339,55.64907028408405,92.76443910509892
2025-03-09 20:17:58.021000,899.0,511.0,317.0,2559.0,1047.0,306.0,59.42074188537288,75.732796365474,61.43256903495549,39.149874332618666,17.14899756949225,42.40377690812016,38.53968126749622,67.70371668520339,55.64907028408405,92.76443910509892
2025-03-09 20:17:58.021000,896.0,511.0,317.0,2559.0,1045.0,304.0,59.42074188537288,75.732796365474,61.43256903495549,39.149874332618666,17.14899756949225,42.40377690812016,38.53968126749622,67.70371668520339,55.64907028408405,92.76443910509892
2025-03-09 20:17:58.029333,904.0,507.0,314.0,2559.0,1042.0,304.0,59.469069895003585,75.84240147572741,61.337100222214524,39.09115665483178,17.15972535729808,42.352754171198946,38.7196190589433,67.81311173310621,55.68290565587852,92.67247621498676
2025-03-09 20:17:58.029333,912.0,511.0,315.0,2559.0,1045.0,304.0,59.469069895003585,75.84240147572741,61.337100222214524,39.09115665483178,17.15972535729808,42.352754171198946,38.7196190589433,67.81311173310621,55.68290565587852,92.67247621498676
2025-03-09 20:17:58.037667,906.0,511.0,320.0,2559.0,1047.0,305.0,59.52395246086641,75.95391447109382,61.23627679068573,39.03035139492523,17.16746551801157,42.298685623331195,38.907153366127204,67.92746557454707,55.71599403146253,92.5750660144198
2025-03-09 20:17:58.037667,949.0,527.0,320.0,2559.0,1042.0,304.0,59.52395246086641,75.95391447109382,61.23627679068573,39.03035139492523,17.16746551801157,42.298685623331195,38.907153366127204,67.92746557454707,55.71599403146253,92.5750660144198
2025-03-09 20:17:58.037667,949.0,524.0,319.0,2559.0,1042.0,304.0,59.52395246086641,75.95391447109382,61.23627679068573,39.03035139492523,17.16746551801157,42.298685623331195,38.907153366127204,67.92746557454707,55.71599403146253,92.5750660144198
2025-03-09 20:17:58.037667,953.0,511.0,314.0,2559.0,1040.0,304.0,59.52395246086641,75.95391447109382,61.23627679068573,39.03035139492523,17.16746551801157,42.298685623331195,38.907153366127204,67.92746557454707,55.71599403146253,92.5750660144198
2025-03-09 20:17:58.046000,951.0,511.0,320.0,2559.0,1041.0,304.0,59.58535855958071,76.06560898776854,61.12921344933742,38.96677232769968,17.1730280770233,42.24116423418081,39.10302740669751,68.04528515628002,55.74568480866047,92.4702027809957
2025-03-09 20:17:58.046000,947.0,507.0,315.0,2559.0,1040.0,304.0,59.58535855958071,76.06560898776854,61.12921344933742,38.96677232769968,17.1730280770233,42.24116423418081,39.10302740669751,68.04528515628002,55.74568480866047,92.4702027809957
2025-03-09 20:17:58.046000,960.0,526.0,319.0,2559.0,1040.0,303.0,59.58535855958071,76.06560898776854,61.12921344933742,38.96677232769968,17.1730280770233,42.24116423418081,39.10302740669751,68.04528515628002,55.74568480866047,92.4702027809957
2025-03-09 20:17:58.046000,971.0,526.0,325.0,2559.0,1040.0,304.0,59.58535855958071,76.06560898776854,61.12921344933742,38.96677232769968,17.1730280770233,42.24116423418081,39.10302740669751,68.04528515628002,55.74568480866047,92.4702027809957
2025-03-09 20:17:58.054333,961.0,528.0,321.0,2559.0,1040.0,303.0,59.653617831189706,76.17610432220394,61.01438268667196,38.89983624731451,17.17677971727112,42.17954088420648,39.30912694490268,68.16631725757944,55.77008429679199,92.35594321378166
2025-03-09 20:17:58.054333,993.0,508.0,308.0,2559.0,1039.0,299.0,59.653617831189706,76.17610432220394,61.01438268667196,38.89983624731451,17.17677971727112,42.17954088420648,39.30912694490268,68.16631725757944,55.77008429679199,92.35594321378166
2025-03-09 20:17:58.054333,976.0,528.0,314.0,2559.0,1040.0,301.0,59.653617831189706,76.17610432220394,61.01438268667196,38.89983624731451,17.17677971727112,42.17954088420648,39.30912694490268,68.16631725757944,55.77008429679199,92.35594321378166
2025-03-09 20:17:58.062667,1005.0,532.0,320.0,2559.0,1038.0,302.0,59.72805922629409,76.28469912104758,60.89164298742303,38.82936578806049,17.178341336161516,42.113263092245425,39.52546980751332,68.2908673837884,55.789348614478385,92.23006248227065
2025-03-09 20:17:58.062667,983.0,526.0,323.0,2559.0,1038.0,301.0,59.72805922629409,76.28469912104758,60.89164298742303,38.82936578806049,17.178341336161516,42.113263092245425,39.52546980751332,68.2908673837884,55.789348614478385,92.23006248227065
2025-03-09 20:17:58.062667,1013.0,526.0,322.0,2559.0,1038.0,299.0,59.72805922629409,76.28469912104758,60.89164298742303,38.82936578806049,17.178341336161516,42.113263092245425,39.52546980751332,68.2908673837884,55.789348614478385,92.23006248227065
2025-03-09 20:17:58.062667,1008.0,476.0,318.0,2559.0,1037.0,302.0,59.72805922629409,76.28469912104758,60.89164298742303,38.82936578806049,17.178341336161516,42.113263092245425,39.52546980751332,68.2908673837884,55.789348614478385,92.23006248227065
2025-03-09 20:17:58.071000,998.0,528.0,319.0,2559.0,1037.0,299.0,59.80748971552561,76.39111643766833,60.762873372485444,38.7565774773861,17.177164842865587,42.04305754392862,39.74966220540336,68.4191739139691,55.80534569680833,92.08950728410657
2025-03-09 20:17:58.071000,1022.0,529.0,316.0,2559.0,1036.0,297.0,59.80748971552561,76.39111643766833,60.762873372485444,38.7565774773861,17.177164842865587,42.04305754392862,39.74966220540336,68.4191739139691,55.80534569680833,92.08950728410657
2025-03-09 20:17:58.071000,1040.0,536.0,321.0,2559.0,1037.0,297.0,59.80748971552561,76.39111643766833,60.762873372485444,38.7565774773861,17.177164842865587,42.04305754392862,39.74966220540336,68.4191739139691,55.80534569680833,92.08950728410657
2025-03-09 20:17:58.071000,1041.0,540.0,322.0,2559.0,1034.0,297.0,59.80748971552561,76.39111643766833,60.762873372485444,38.7565774773861,17.177164842865587,42.04305754392862,39.74966220540336,68.4191739139691,55.80534569680833,92.08950728410657
2025-03-09 20:17:58.079333,1043.0,542.0,324.0,2559.0,1035.0,298.0,59.89568571700678,76.49689975622792,60.63171049051824,38.687551937476314,17.174483591646307,41.97508324828168,39.97980946819549,68.55223532145632,55.82057097328057,91.9325910821963
2025-03-09 20:17:58.079333,1051.0,537.0,322.0,2559.0,1031.0,294.0,59.89568571700678,76.49689975622792,60.63171049051824,38.687551937476314,17.174483591646307,41.97508324828168,39.97980946819549,68.55223532145632,55.82057097328057,91.9325910821963
2025-03-09 20:17:58.079333,1047.0,546.0,323.0,2559.0,1023.0,298.0,59.89568571700678,76.49689975622792,60.63171049051824,38.687551937476314,17.174483591646307,41.97508324828168,39.97980946819549,68.55223532145632,55.82057097328057,91.9325910821963
2025-03-09 20:17:58.087667,1049.0,541.0,319.0,2559.0,1023.0,295.0,59.997808246659666,76.60406828725321,60.50082057094668,38.626895683234785,17.170828193587756,41.91402652893079,40.215265058677055,68.69176905242959,55.836631150478304,91.7623031443277
2025-03-09 20:17:58.087667,1066.0,549.0,319.0,2558.0,1023.0,296.0,59.997808246659666,76.60406828725321,60.50082057094668,38.626895683234785,17.170828193587756,41.91402652893079,40.215265058677055,68.69176905242959,55.836631150478304,91.7623031443277
2025-03-09 20:17:58.087667,1075.0,545.0,320.0,2559.0,1023.0,291.0,59.997808246659666,76.60406828725321,60.50082057094668,38.626895683234785,17.170828193587756,41.91402652893079,40.215265058677055,68.69176905242959,55.836631150478304,91.7623031443277
2025-03-09 20:17:58.096000,1078.0,547.0,318.0,2559.0,1023.0,291.0,60.112505517225806,76.71423375499513,60.37055044463907,38.571316873456674,17.16397810350675,41.85621831985194,40.45486058540188,68.83923551238911,55.855112049491204,91.58396358280805
2025-03-09 20:17:58.096000,1085.0,544.0,324.0,2557.0,1023.0,291.0,60.112505517225806,76.71423375499513,60.37055044463907,38.571316873456674,17.16397810350675,41.85621831985194,40.45486058540188,68.83923551238911,55.855112049491204,91.58396358280805
2025-03-09 20:17:58.096000,1084.0,547.0,319.0,2559.0,1022.0,291.0,60.112505517225806,76.71423375499513,60.37055044463907,38.571316873456674,17.16397810350675,41.85621831985194,40.45486058540188,68.83923551238911,55.855112049491204,91.58396358280805
2025-03-09 20:17:58.096000,1088.0,549.0,317.0,2559.0,1023.0,289.0,60.112505517225806,76.71423375499513,60.37055044463907,38.571316873456674,17.16397810350675,41.85621831985194,40.45486058540188,68.83923551238911,55.855112049491204,91.58396358280805
2025-03-09 20:17:58.104333,1091.0,562.0,331.0,2555.0,1022.0,290.0,60.23590416476248,76.82871318957866,60.24216836661996,38.5149442170188,17.154614444571074,41.796317550931036,40.69891454777204,68.99541323797017,55.876093135289686,91.40179660706744
2025-03-09 20:17:58.104333,1110.0,560.0,319.0,2557.0,1022.0,290.0,60.23590416476248,76.82871318957866,60.24216836661996,38.5149442170188,17.154614444571074,41.796317550931036,40.69891454777204,68.99541323797017,55.876093135289686,91.40179660706744
2025-03-09 20:17:58.104333,1111.0,563.0,323.0,2555.0,1022.0,288.0,60.23590416476248,76.82871318957866,60.24216836661996,38.5149442170188,17.154614444571074,41.796317550931036,40.69891454777204,68.99541323797017,55.876093135289686,91.40179660706744
2025-03-09 20:17:58.104333,1108.0,560.0,319.0,2550.0,1022.0,287.0,60.23590416476248,76.82871318957866,60.24216836661996,38.5149442170188,17.154614444571074,41.796317550931036,40.69891454777204,68.99541323797017,55.876093135289686,91.40179660706744
2025-03-09 20:17:58.112667,1120.0,560.0,320.0,2557.0,1020.0,289.0,60.365168317637135,76.94802246010063,60.11802187356401,38.451698380312784,17.147131349875618,41.729584759740334,40.95102467947244,69.16132026182977,55.897162151609244,91.22010483707558
2025-03-09 20:17:58.112667,1116.0,535.0,320.0,2550.0,1022.0,289.0,60.365168317637135,76.94802246010063,60.11802187356401,38.451698380312784,17.147131349875618,41.729584759740334,40.95102467947244,69.16132026182977,55.897162151609244,91.22010483707558
2025-03-09 20:17:58.121000,1150.0,561.0,319.0,2551.0,1020.0,286.0,60.49987333567116,77.07403366121288,60.001271431209894,38.37970930714218,17.144193503736755,41.654896780381804,41.21251308207485,69.3388128160702,55.91885722218126,91.04722149225277
2025-03-09 20:17:58.121000,1110.0,562.0,319.0,2554.0,1019.0,287.0,60.49987333567116,77.07403366121288,60.001271431209894,38.37970930714218,17.144193503736755,41.654896780381804,41.21251308207485,69.3388128160702,55.91885722218126,91.04722149225277
2025-03-09 20:17:58.121000,1126.0,576.0,317.0,2550.0,1020.0,286.0,60.49987333567116,77.07403366121288,60.001271431209894,38.37970930714218,17.144193503736755,41.654896780381804,41.21251308207485,69.3388128160702,55.91885722218126,91.04722149225277
2025-03-09 20:17:58.121000,1134.0,576.0,325.0,2547.0,1018.0,288.0,60.49987333567116,77.07403366121288,60.001271431209894,38.37970930714218,17.144193503736755,41.654896780381804,41.21251308207485,69.3388128160702,55.91885722218126,91.04722149225277
2025-03-09 20:17:58.129333,1133.0,576.0,315.0,2544.0,1020.0,286.0,60.64041810479968,77.20988722872042,59.896485604068765,38.303067704764686,17.14410878886596,41.57587948521237,41.47759313877613,69.52918538545396,55.94715531919801,90.88890908685215
2025-03-09 20:17:58.129333,1139.0,575.0,319.0,2553.0,1021.0,285.0,60.64041810479968,77.20988722872042,59.896485604068765,38.303067704764686,17.14410878886596,41.57587948521237,41.47759313877613,69.52918538545396,55.94715531919801,90.88890908685215
2025-03-09 20:17:58.129333,1136.0,581.0,311.0,2546.0,1021.0,282.0,60.64041810479968,77.20988722872042,59.896485604068765,38.303067704764686,17.14410878886596,41.57587948521237,41.47759313877613,69.52918538545396,55.94715531919801,90.88890908685215
2025-03-09 20:17:58.129333,1200.0,581.0,322.0,2545.0,1017.0,284.0,60.64041810479968,77.20988722872042,59.896485604068765,38.303067704764686,17.14410878886596,41.57587948521237,41.47759313877613,69.52918538545396,55.94715531919801,90.88890908685215
2025-03-09 20:17:58.137667,1134.0,576.0,324.0,2546.0,1023.0,284.0,60.78453197490832,77.35822260849584,59.80624296266561,38.225129406824,17.14179749388693,41.49443786523514,41.73827383221669,69.73318908069346,55.98993477787862,90.74167966319234
2025-03-09 20:17:58.137667,1136.0,584.0,326.0,2545.0,1017.0,284.0,60.78453197490832,77.35822260849584,59.80624296266561,38.225129406824,17.14179749388693,41.49443786523514,41.73827383221669,69.73318908069346,55.98993477787862,90.74167966319234
2025-03-09 20:17:58.137667,1157.0,586.0,323.0,2551.0,1018.0,281.0,60.78453197490832,77.35822260849584,59.80624296266561,38.225129406824,17.14179749388693,41.49443786523514,41.73827383221669,69.73318908069346,55.98993477787862,90.74167966319234
2025-03-09 20:17:58.146000,1121.0,579.0,321.0,2543.0,1015.0,282.0,60.93013186339084,77.52018859649763,59.728849545273306,38.146812313615094,17.13409764447401,41.4106083787013,41.99231619883093,69.95096866599339,56.0508838402614,90.6007795833545
2025-03-09 20:17:58.146000,1127.0,595.0,321.0,2546.0,1015.0,277.0,60.93013186339084,77.52018859649763,59.728849545273306,38.146812313615094,17.13409764447401,41.4106083787013,41.99231619883093,69.95096866599339,56.0508838402614,90.6007795833545
2025-03-09 20:17:58.146000,1114.0,581.0,327.0,2543.0,1017.0,284.0,60.93013186339084,77.52018859649763,59.728849545273306,38.146812313615094,17.13409764447401,41.4106083787013,41.99231619883093,69.95096866599339,56.0508838402614,90.6007795833545
2025-03-09 20:17:58.154333,1120.0,591.0,322.0,2547.0,1019.0,277.0,61.077420467806114,77.69670932071928,59.662026385010684,38.066422218112635,17.12359101274712,41.3240422611246,42.24331846363259,70.1814093029935,56.12734906784226,90.46480121930526
2025-03-09 20:17:58.154333,1136.0,585.0,320.0,2544.0,1018.0,281.0,61.077420467806114,77.69670932071928,59.662026385010684,38.066422218112635,17.12359101274712,41.3240422611246,42.24331846363259,70.1814093029935,56.12734906784226,90.46480121930526
2025-03-09 20:17:58.154333,1151.0,593.0,321.0,2544.0,1018.0,277.0,61.077420467806114,77.69670932071928,59.662026385010684,38.066422218112635,17.12359101274712,41.3240422611246,42.24331846363259,70.1814093029935,56.12734906784226,90.46480121930526
2025-03-09 20:17:58.154333,1150.0,594.0,325.0,2541.0,1015.0,277.0,61.077420467806114,77.69670932071928,59.662026385010684,38.066422218112635,17.12359101274712,41.3240422611246,42.24331846363259,70.1814093029935,56.12734906784226,90.46480121930526
2025-03-09 20:17:58.162667,1149.0,592.0,327.0,2535.0,1019.0,276.0,61.22668314583212,77.8879742355645,59.6057566306155,37.98099378686762,17.113999260668802,41.23362194990497,42.49386558130204,70.42261060080617,56.21493103729561,90.33258359892957
2025-03-09 20:17:58.162667,1154.0,596.0,322.0,2543.0,1018.0,277.0,61.22668314583212,77.8879742355645,59.6057566306155,37.98099378686762,17.113999260668802,41.23362194990497,42.49386558130204,70.42261060080617,56.21493103729561,90.33258359892957
2025-03-09 20:17:58.162667,1154.0,594.0,323.0,2544.0,1019.0,276.0,61.22668314583212,77.8879742355645,59.6057566306155,37.98099378686762,17.113999260668802,41.23362194990497,42.49386558130204,70.42261060080617,56.21493103729561,90.33258359892957
2025-03-09 20:17:58.162667,1157.0,592.0,322.0,2539.0,1021.0,274.0,61.22668314583212,77.8879742355645,59.6057566306155,37.98099378686762,17.113999260668802,41.23362194990497,42.49386558130204,70.42261060080617,56.21493103729561,90.33258359892957
2025-03-09 20:17:58.171000,1163.0,595.0,322.0,2542.0,1022.0,274.0,61.37647940666245,78.09231846669489,59.56131453385382,37.88987938099739,17.107527725988014,41.13963583357018,42.7428044941657,70.67171399647016,56.310979949829644,90.20194307040533
2025-03-09 20:17:58.171000,1165.0,596.0,325.0,2542.0,1020.0,272.0,61.37647940666245,78.09231846669489,59.56131453385382,37.88987938099739,17.107527725988014,41.13963583357018,42.7428044941657,70.67171399647016,56.310979949829644,90.20194307040533
2025-03-09 20:17:58.171000,1195.0,605.0,320.0,2541.0,1023.0,275.0,61.37647940666245,78.09231846669489,59.56131453385382,37.88987938099739,17.107527725988014,41.13963583357018,42.7428044941657,70.67171399647016,56.310979949829644,90.20194307040533
2025-03-09 20:17:58.179333,1209.0,613.0,326.0,2538.0,1023.0,273.0,61.52495786848587,78.30706077718054,59.53237540679536,37.79486848086484,17.10449221898932,41.043809260365606,42.984934553983955,70.925945811506,56.41524133449505,90.06981624866715
2025-03-09 20:17:58.179333,1208.0,610.0,325.0,2544.0,1023.0,273.0,61.52495786848587,78.30706077718054,59.53237540679536,37.79486848086484,17.10449221898932,41.043809260365606,42.984934553983955,70.925945811506,56.41524133449505,90.06981624866715
2025-03-09 20:17:58.179333,1218.0,608.0,322.0,2544.0,1023.0,272.0,61.52495786848587,78.30706077718054,59.53237540679536,37.79486848086484,17.10449221898932,41.043809260365606,42.984934553983955,70.925945811506,56.41524133449505,90.06981624866715
2025-03-09 20:17:58.179333,1225.0,615.0,326.0,2542.0,1023.0,272.0,61.52495786848587,78.30706077718054,59.53237540679536,37.79486848086484,17.10449221898932,41.043809260365606,42.984934553983955,70.925945811506,56.41524133449505,90.06981624866715
2025-03-09 20:17:58.187667,1230.0,618.0,323.0,2542.0,1023.0,272.0,61.67174740306257,78.52853293592258,59.51991983013858,37.69810109359866,17.10442929263621,40.94784932507059,43.21708782909421,71.18266646223279,56.52606512797032,89.93339222575061
2025-03-09 20:17:58.187667,1226.0,619.0,323.0,2542.0,1023.0,272.0,61.67174740306257,78.52853293592258,59.51991983013858,37.69810109359866,17.10442929263621,40.94784932507059,43.21708782909421,71.18266646223279,56.52606512797032,89.93339222575061
2025-03-09 20:17:58.187667,1273.0,628.0,325.0,2543.0,1031.0,272.0,61.67174740306257,78.52853293592258,59.51991983013858,37.69810109359866,17.10442929263621,40.94784932507059,43.21708782909421,71.18266646223279,56.52606512797032,89.93339222575061
2025-03-09 20:17:58.196000,1280.0,667.0,321.0,2538.0,1035.0,271.0,61.816689841429884,78.75313151598635,59.52198359230975,37.601686594903555,17.106447108132148,40.85321593079923,43.43850487239268,71.43968767995078,56.64158742180306,89.79031197614925
2025-03-09 20:17:58.196000,1283.0,624.0,325.0,2544.0,1033.0,268.0,61.816689841429884,78.75313151598635,59.52198359230975,37.601686594903555,17.106447108132148,40.85321593079923,43.43850487239268,71.43968767995078,56.64158742180306,89.79031197614925
2025-03-09 20:17:58.196000,1291.0,624.0,324.0,2537.0,1038.0,269.0,61.816689841429884,78.75313151598635,59.52198359230975,37.601686594903555,17.106447108132148,40.85321593079923,43.43850487239268,71.43968767995078,56.64158742180306,89.79031197614925
2025-03-09 20:17:58.196000,1290.0,624.0,323.0,2532.0,1036.0,271.0,61.816689841429884,78.75313151598635,59.52198359230975,37.601686594903555,17.106447108132148,40.85321593079923,43.43850487239268,71.43968767995078,56.64158742180306,89.79031197614925
2025-03-09 20:17:58.204333,1291.0,631.0,329.0,2535.0,1038.0,271.0,61.95732897223138,78.97810698327707,59.53558641615167,37.5044112030072,17.110689701984477,40.75875635397538,43.64995630386371,71.69439112055633,56.75913479055407,89.63839052540415
2025-03-09 20:17:58.204333,1296.0,638.0,320.0,2533.0,1035.0,269.0,61.95732897223138,78.97810698327707,59.53558641615167,37.5044112030072,17.110689701984477,40.75875635397538,43.64995630386371,71.69439112055633,56.75913479055407,89.63839052540415
2025-03-09 20:17:58.204333,1328.0,656.0,327.0,2537.0,1042.0,263.0,61.95732897223138,78.97810698327707,59.53558641615167,37.5044112030072,17.110689701984477,40.75875635397538,43.64995630386371,71.69439112055633,56.75913479055407,89.63839052540415
2025-03-09 20:17:58.212667,1334.0,656.0,331.0,2536.0,1043.0,266.0,62.09013624267018,79.20087266047939,59.55619231816763,37.404637288939185,17.116716912964204,40.66273619712489,43.85274739724871,71.94408113796845,56.876530536113734,89.47592940917723
2025-03-09 20:17:58.212667,1342.0,654.0,322.0,2530.0,1044.0,265.0,62.09013624267018,79.20087266047939,59.55619231816763,37.404637288939185,17.116716912964204,40.66273619712489,43.85274739724871,71.94408113796845,56.876530536113734,89.47592940917723
2025-03-09 20:17:58.212667,1343.0,645.0,327.0,2534.0,1042.0,264.0,62.09013624267018,79.20087266047939,59.55619231816763,37.404637288939185,17.116716912964204,40.66273619712489,43.85274739724871,71.94408113796845,56.876530536113734,89.47592940917723
2025-03-09 20:17:58.221000,1344.0,652.0,329.0,2537.0,1043.0,265.0,62.21479560476541,79.41945206580854,59.578906586191806,37.305722330702054,17.122174618379006,40.56707323190927,44.04822358850657,72.18865125412792,56.99495560274634,89.3012130942741
2025-03-09 20:17:58.221000,1345.0,654.0,325.0,2538.0,1043.0,262.0,62.21479560476541,79.41945206580854,59.578906586191806,37.305722330702054,17.122174618379006,40.56707323190927,44.04822358850657,72.18865125412792,56.99495560274634,89.3012130942741
2025-03-09 20:17:58.221000,1347.0,647.0,325.0,2539.0,1045.0,262.0,62.21479560476541,79.41945206580854,59.578906586191806,37.305722330702054,17.122174618379006,40.56707323190927,44.04822358850657,72.18865125412792,56.99495560274634,89.3012130942741
2025-03-09 20:17:58.221000,1389.0,656.0,334.0,2538.0,1046.0,261.0,62.21479560476541,79.41945206580854,59.578906586191806,37.305722330702054,17.122174618379006,40.56707323190927,44.04822358850657,72.18865125412792,56.99495560274634,89.3012130942741
2025-03-09 20:17:58.229333,1382.0,663.0,323.0,2537.0,1050.0,262.0,62.3325217254455,79.63169765171398,59.59722766059685,37.210511377969176,17.125671024404536,40.473503265500895,44.24044679990687,72.42812351351587,57.11354533334614,89.11067075779268
2025-03-09 20:17:58.229333,1389.0,663.0,330.0,2541.0,1050.0,263.0,62.3325217254455,79.63169765171398,59.59722766059685,37.210511377969176,17.125671024404536,40.473503265500895,44.24044679990687,72.42812351351587,57.11354533334614,89.11067075779268
2025-03-09 20:17:58.229333,1389.0,661.0,332.0,2533.0,1051.0,263.0,62.3325217254455,79.63169765171398,59.59722766059685,37.210511377969176,17.125671024404536,40.473503265500895,44.24044679990687,72.42812351351587,57.11354533334614,89.11067075779268
2025-03-09 20:17:58.237667,1391.0,663.0,327.0,2535.0,1052.0,262.0,62.44323565899791,79.83525161846156,59.60382830366625,37.118793875595706,17.127248697211865,40.381681969836045,44.43458425567355,72.66088127724316,57.228715334036224,88.90158522455405
2025-03-09 20:17:58.237667,1394.0,664.0,325.0,2537.0,1052.0,260.0,62.44323565899791,79.83525161846156,59.60382830366625,37.118793875595706,17.127248697211865,40.381681969836045,44.43458425567355,72.66088127724316,57.228715334036224,88.90158522455405
2025-03-09 20:17:58.237667,1392.0,670.0,335.0,2537.0,1054.0,265.0,62.44323565899791,79.83525161846156,59.60382830366625,37.118793875595706,17.127248697211865,40.381681969836045,44.43458425567355,72.66088127724316,57.228715334036224,88.90158522455405
2025-03-09 20:17:58.237667,1422.0,679.0,326.0,2539.0,1058.0,258.0,62.44323565899791,79.83525161846156,59.60382830366625,37.118793875595706,17.127248697211865,40.381681969836045,44.43458425567355,72.66088127724316,57.228715334036224,88.90158522455405
2025-03-09 20:17:58.246000,1429.0,682.0,329.0,2535.0,1054.0,256.0,62.545934121848774,80.02871304369208,59.59531750362159,37.0316202118899,17.127374258216538,40.29283501550731,44.63177369206211,72.88469891843067,57.33902925859468,88.67401337082451
2025-03-09 20:17:58.246000,1429.0,683.0,332.0,2538.0,1056.0,259.0,62.545934121848774,80.02871304369208,59.59531750362159,37.0316202118899,17.127374258216538,40.29283501550731,44.63177369206211,72.88469891843067,57.33902925859468,88.67401337082451
2025-03-09 20:17:58.246000,1440.0,679.0,331.0,2534.0,1057.0,257.0,62.545934121848774,80.02871304369208,59.59531750362159,37.0316202118899,17.127374258216538,40.29283501550731,44.63177369206211,72.88469891843067,57.33902925859468,88.67401337082451
2025-03-09 20:17:58.254333,1436.0,677.0,331.0,2537.0,1057.0,258.0,62.6393051945559,80.21174123095932,59.57247961276657,36.9513487693566,17.12685052769832,40.20967909006012,44.82950961292914,73.09740497419943,57.445335201352165,88.42863471442355
2025-03-09 20:17:58.254333,1438.0,678.0,331.0,2539.0,1056.0,259.0,62.6393051945559,80.21174123095932,59.57247961276657,36.9513487693566,17.12685052769832,40.20967909006012,44.82950961292914,73.09740497419943,57.445335201352165,88.42863471442355
2025-03-09 20:17:58.254333,1445.0,686.0,329.0,2537.0,1058.0,260.0,62.6393051945559,80.21174123095932,59.57247961276657,36.9513487693566,17.12685052769832,40.20967909006012,44.82950961292914,73.09740497419943,57.445335201352165,88.42863471442355
2025-03-09 20:17:58.254333,1474.0,701.0,333.0,2544.0,1067.0,256.0,62.6393051945559,80.21174123095932,59.57247961276657,36.9513487693566,17.12685052769832,40.20967909006012,44.82950961292914,73.09740497419943,57.445335201352165,88.42863471442355
2025-03-09 20:17:58.262667,1462.0,693.0,332.0,2539.0,1066.0,257.0,62.72394072602654,80.38410252858364,59.53524928450373,36.879360227815965,17.125879916947447,40.133947734009745,45.02654195228768,73.29740188226396,57.54714928980645,88.16766110552535
2025-03-09 20:17:58.262667,1461.0,697.0,327.0,2541.0,1065.0,262.0,62.72394072602654,80.38410252858364,59.53524928450373,36.879360227815965,17.125879916947447,40.133947734009745,45.02654195228768,73.29740188226396,57.54714928980645,88.16766110552535
2025-03-09 20:17:58.262667,1475.0,695.0,335.0,2541.0,1063.0,256.0,62.72394072602654,80.38410252858364,59.53524928450373,36.879360227815965,17.125879916947447,40.133947734009745,45.02654195228768,73.29740188226396,57.54714928980645,88.16766110552535
2025-03-09 20:17:58.271000,1481.0,693.0,335.0,2539.0,1061.0,258.0,62.8028445619838,80.54576097247552,59.482086265283726,36.81539243514435,17.124353961469378,40.065662605508095,45.224659662773284,73.4845981172766,57.642178703107845,87.89507173236912
2025-03-09 20:17:58.271000,1481.0,704.0,337.0,2541.0,1063.0,258.0,62.8028445619838,80.54576097247552,59.482086265283726,36.81539243514435,17.124353961469378,40.065662605508095,45.224659662773284,73.4845981172766,57.642178703107845,87.89507173236912
2025-03-09 20:17:58.271000,1482.0,703.0,332.0,2543.0,1068.0,256.0,62.8028445619838,80.54576097247552,59.482086265283726,36.81539243514435,17.124353961469378,40.065662605508095,45.224659662773284,73.4845981172766,57.642178703107845,87.89507173236912
2025-03-09 20:17:58.279333,1502.0,721.0,337.0,2543.0,1059.0,256.0,62.87833730771021,80.69617716139771,59.41132110214986,36.757331197495006,17.122960754507826,40.00338006462293,45.42645911360003,73.65836501726069,57.72649742771986,87.61520298070587
2025-03-09 20:17:58.279333,1514.0,722.0,337.0,2543.0,1063.0,255.0,62.87833730771021,80.69617716139771,59.41132110214986,36.757331197495006,17.122960754507826,40.00338006462293,45.42645911360003,73.65836501726069,57.72649742771986,87.61520298070587
2025-03-09 20:17:58.279333,1510.0,720.0,336.0,2540.0,1065.0,256.0,62.87833730771021,80.69617716139771,59.41132110214986,36.757331197495006,17.122960754507826,40.00338006462293,45.42645911360003,73.65836501726069,57.72649742771986,87.61520298070587
2025-03-09 20:17:58.279333,1519.0,719.0,336.0,2539.0,1061.0,256.0,62.87833730771021,80.69617716139771,59.41132110214986,36.757331197495006,17.122960754507826,40.00338006462293,45.42645911360003,73.65836501726069,57.72649742771986,87.61520298070587
2025-03-09 20:17:58.287667,1520.0,714.0,340.0,2540.0,1062.0,256.0,62.95180255491723,80.83442226635168,59.321964110151455,36.70224542107221,17.122201743604716,39.944826240092084,45.633592266367856,73.81770462438975,57.796047601236126,87.33221248217346
2025-03-09 20:17:58.287667,1520.0,719.0,337.0,2543.0,1059.0,256.0,62.95180255491723,80.83442226635168,59.321964110151455,36.70224542107221,17.122201743604716,39.944826240092084,45.633592266367856,73.81770462438975,57.796047601236126,87.33221248217346
2025-03-09 20:17:58.287667,1526.0,721.0,334.0,2543.0,1062.0,256.0,62.95180255491723,80.83442226635168,59.321964110151455,36.70224542107221,17.122201743604716,39.944826240092084,45.633592266367856,73.81770462438975,57.796047601236126,87.33221248217346
2025-03-09 20:17:58.296000,1533.0,736.0,339.0,2542.0,1067.0,250.0,63.02426139422824,80.95904696629532,59.2136456501316,36.64812580033572,17.121401711994057,39.88789434315459,45.84649994449431,73.96233497884182,57.848188212161915,87.04850217855146
2025-03-09 20:17:58.296000,1535.0,739.0,346.0,2542.0,1066.0,253.0,63.02426139422824,80.95904696629532,59.2136456501316,36.64812580033572,17.121401711994057,39.88789434315459,45.84649994449431,73.96233497884182,57.848188212161915,87.04850217855146
2025-03-09 20:17:58.296000,1535.0,742.0,343.0,2542.0,1068.0,253.0,63.02426139422824,80.95904696629532,59.2136456501316,36.64812580033572,17.121401711994057,39.88789434315459,45.84649994449431,73.96233497884182,57.848188212161915,87.04850217855146
2025-03-09 20:17:58.296000,1535.0,746.0,343.0,2541.0,1071.0,255.0,63.02426139422824,80.95904696629532,59.2136456501316,36.64812580033572,17.121401711994057,39.88789434315459,45.84649994449431,73.96233497884182,57.848188212161915,87.04850217855146
2025-03-09 20:17:58.304333,1535.0,749.0,339.0,2541.0,1063.0,251.0,63.0978474836435,81.07061948672445,59.088419084103975,36.59422928545779,17.119030419813157,39.83110099963219,46.0648124578455,74.09498644985055,57.88377317624611,86.7671862289352
2025-03-09 20:17:58.304333,1535.0,741.0,344.0,2543.0,1068.0,250.0,63.0978474836435,81.07061948672445,59.088419084103975,36.59422928545779,17.119030419813157,39.83110099963219,46.0648124578455,74.09498644985055,57.88377317624611,86.7671862289352
2025-03-09 20:17:58.304333,1535.0,738.0,341.0,2541.0,1069.0,252.0,63.0978474836435,81.07061948672445,59.088419084103975,36.59422928545779,17.119030419813157,39.83110099963219,46.0648124578455,74.09498644985055,57.88377317624611,86.7671862289352
2025-03-09 20:17:58.312667,1535.0,755.0,341.0,2533.0,1070.0,249.0,63.17617887981937,81.17291423629523,58.95056427504666,36.53937244997928,17.11346423813727,39.7724579098189,46.28877465911182,74.2217705317061,57.906380843193375,86.4926533825592
2025-03-09 20:17:58.312667,1557.0,752.0,352.0,2541.0,1071.0,253.0,63.17617887981937,81.17291423629523,58.95056427504666,36.53937244997928,17.11346423813727,39.7724579098189,46.28877465911182,74.2217705317061,57.906380843193375,86.4926533825592
2025-03-09 20:17:58.312667,1557.0,752.0,345.0,2539.0,1071.0,253.0,63.17617887981937,81.17291423629523,58.95056427504666,36.53937244997928,17.11346423813727,39.7724579098189,46.28877465911182,74.2217705317061,57.906380843193375,86.4926533825592
2025-03-09 20:17:58.312667,1535.0,759.0,349.0,2542.0,1072.0,251.0,63.17617887981937,81.17291423629523,58.95056427504666,36.53937244997928,17.11346423813727,39.7724579098189,46.28877465911182,74.2217705317061,57.906380843193375,86.4926533825592
2025-03-09 20:17:58.321000,1535.0,752.0,341.0,2535.0,1071.0,248.0,63.262179023325295,81.26800680978498,58.800888433412396,36.48365880627316,17.10313892942239,39.71115802537497,46.51989009453522,74.34701234462003,57.918235029048496,86.22636498726077
2025-03-09 20:17:58.321000,1563.0,757.0,348.0,2535.0,1072.0,257.0,63.262179023325295,81.26800680978498,58.800888433412396,36.48365880627316,17.10313892942239,39.71115802537497,46.51989009453522,74.34701234462003,57.918235029048496,86.22636498726077
2025-03-09 20:17:58.321000,1558.0,754.0,347.0,2539.0,1071.0,250.0,63.262179023325295,81.26800680978498,58.800888433412396,36.48365880627316,17.10313892942239,39.71115802537497,46.51989009453522,74.34701234462003,57.918235029048496,86.22636498726077
2025-03-09 20:17:58.329333,1568.0,762.0,351.0,2538.0,1074.0,247.0,63.35645947911343,81.35493905391635,58.63723033012226,36.430572935510575,17.087072179296875,39.65006447641627,46.757809004379816,74.4700642718283,57.92011923164049,85.96676511168904
2025-03-09 20:17:58.329333,1566.0,764.0,348.0,2536.0,1073.0,245.0,63.35645947911343,81.35493905391635,58.63723033012226,36.430572935510575,17.087072179296875,39.65006447641627,46.757809004379816,74.4700642718283,57.92011923164049,85.96676511168904
2025-03-09 20:17:58.329333,1568.0,766.0,358.0,2531.0,1074.0,245.0,63.35645947911343,81.35493905391635,58.63723033012226,36.430572935510575,17.087072179296875,39.65006447641627,46.757809004379816,74.4700642718283,57.92011923164049,85.96676511168904
2025-03-09 20:17:58.337667,1571.0,769.0,354.0,2533.0,1074.0,245.0,63.4565714349864,81.43248643316163,58.45968591653346,36.38226501818128,17.06828400185898,39.59288192879356,47.0000781394176,74.58577896474557,57.91036045998557,85.7110361512255
2025-03-09 20:17:58.337667,1571.0,768.0,351.0,2538.0,1075.0,247.0,63.4565714349864,81.43248643316163,58.45968591653346,36.38226501818128,17.06828400185898,39.59288192879356,47.0000781394176,74.58577896474557,57.91036045998557,85.7110361512255
2025-03-09 20:17:58.337667,1590.0,767.0,349.0,2535.0,1077.0,247.0,63.4565714349864,81.43248643316163,58.45968591653346,36.38226501818128,17.06828400185898,39.59288192879356,47.0000781394176,74.58577896474557,57.91036045998557,85.7110361512255
2025-03-09 20:17:58.337667,1577.0,761.0,349.0,2538.0,1077.0,247.0,63.4565714349864,81.43248643316163,58.45968591653346,36.38226501818128,17.06828400185898,39.59288192879356,47.0000781394176,74.58577896474557,57.91036045998557,85.7110361512255
2025-03-09 20:17:58.346000,1581.0,773.0,350.0,2534.0,1085.0,241.0,63.55805677494607,81.5000067852523,58.26987585658093,36.33703954875865,17.052592395004588,39.540934730938716,47.24502780993513,74.6877455725551,57.88514341169152,85.45652091651661
2025-03-09 20:17:58.346000,1581.0,773.0,350.0,2531.0,1084.0,245.0,63.55805677494607,81.5000067852523,58.26987585658093,36.33703954875865,17.052592395004588,39.540934730938716,47.24502780993513,74.6877455725551,57.88514341169152,85.45652091651661
2025-03-09 20:17:58.346000,1586.0,783.0,353.0,2531.0,1084.0,243.0,63.55805677494607,81.5000067852523,58.26987585658093,36.33703954875865,17.052592395004588,39.540934730938716,47.24502780993513,74.6877455725551,57.88514341169152,85.45652091651661
2025-03-09 20:17:58.354333,1584.0,781.0,351.0,2530.0,1085.0,242.0,63.656653365939135,81.55700921762231,58.06971079139008,36.293593178760645,17.04236328726603,39.494334285051586,47.48968202085995,74.77206134701116,57.8437427066145,85.20193486583997
2025-03-09 20:17:58.354333,1589.0,784.0,353.0,2531.0,1083.0,241.0,63.656653365939135,81.55700921762231,58.06971079139008,36.293593178760645,17.04236328726603,39.494334285051586,47.48968202085995,74.77206134701116,57.8437427066145,85.20193486583997
2025-03-09 20:17:58.354333,1584.0,778.0,354.0,2533.0,1087.0,242.0,63.656653365939135,81.55700921762231,58.06971079139008,36.293593178760645,17.04236328726603,39.494334285051586,47.48968202085995,74.77206134701116,57.8437427066145,85.20193486583997
2025-03-09 20:17:58.354333,1584.0,767.0,349.0,2530.0,1087.0,245.0,63.656653365939135,81.55700921762231,58.06971079139008,36.293593178760645,17.04236328726603,39.494334285051586,47.48968202085995,74.77206134701116,57.8437427066145,85.20193486583997
2025-03-09 20:17:58.362667,1584.0,784.0,355.0,2531.0,1091.0,243.0,63.74889612847944,81.60207481323043,57.86028967686705,36.252705223756266,17.03697679038746,39.453749411789445,47.72995751987983,74.83615175333956,57.78748050577476,84.94640824654324
2025-03-09 20:17:58.362667,1590.0,782.0,357.0,2527.0,1093.0,240.0,63.74889612847944,81.60207481323043,57.86028967686705,36.252705223756266,17.03697679038746,39.453749411789445,47.72995751987983,74.83615175333956,57.78748050577476,84.94640824654324
2025-03-09 20:17:58.362667,1583.0,775.0,349.0,2527.0,1090.0,240.0,63.74889612847944,81.60207481323043,57.86028967686705,36.252705223756266,17.03697679038746,39.453749411789445,47.72995751987983,74.83615175333956,57.78748050577476,84.94640824654324
2025-03-09 20:17:58.371000,1578.0,780.0,351.0,2533.0,1094.0,241.0,63.830496465884345,81.63290516805945,57.64442423706173,36.21470070911475,17.03519982106116,39.4188496439715,47.9604254202013,74.87802166950301,57.71820866813212,84.68973660425
2025-03-09 20:17:58.371000,1584.0,781.0,354.0,2526.0,1093.0,240.0,63.830496465884345,81.63290516805945,57.64442423706173,36.21470070911475,17.03519982106116,39.4188496439715,47.9604254202013,74.87802166950301,57.71820866813212,84.68973660425
2025-03-09 20:17:58.371000,1584.0,782.0,356.0,2529.0,1095.0,241.0,63.830496465884345,81.63290516805945,57.64442423706173,36.21470070911475,17.03519982106116,39.4188496439715,47.9604254202013,74.87802166950301,57.71820866813212,84.68973660425
2025-03-09 20:17:58.371000,1587.0,784.0,358.0,2527.0,1094.0,240.0,63.830496465884345,81.63290516805945,57.64442423706173,36.21470070911475,17.03519982106116,39.4188496439715,47.9604254202013,74.87802166950301,57.71820866813212,84.68973660425
2025-03-09 20:17:58.379333,1573.0,786.0,358.0,2524.0,1098.0,240.0,63.89718415187526,81.64737105005304,57.42469534162522,36.178594383481865,17.03499586926072,39.38736485489158,48.1771029518291,74.89766158681965,57.63832461268212,84.43314481222117
2025-03-09 20:17:58.379333,1567.0,784.0,350.0,2521.0,1095.0,239.0,63.89718415187526,81.64737105005304,57.42469534162522,36.178594383481865,17.03499586926072,39.38736485489158,48.1771029518291,74.89766158681965,57.63832461268212,84.43314481222117
2025-03-09 20:17:58.379333,1563.0,781.0,359.0,2521.0,1100.0,246.0,63.89718415187526,81.64737105005304,57.42469534162522,36.178594383481865,17.03499586926072,39.38736485489158,48.1771029518291,74.89766158681965,57.63832461268212,84.43314481222117
2025-03-09 20:17:58.387667,1574.0,782.0,355.0,2517.0,1103.0,241.0,63.94638576616724,81.64459657979708,57.20064478800941,36.14220776447686,17.034137329346088,39.355530541781285,48.38092009517068,74.89766611778444,57.550025270574764,84.17961975791953
2025-03-09 20:17:58.387667,1571.0,783.0,354.0,2531.0,1101.0,240.0,63.94638576616724,81.64459657979708,57.20064478800941,36.14220776447686,17.034137329346088,39.355530541781285,48.38092009517068,74.89766611778444,57.550025270574764,84.17961975791953
2025-03-09 20:17:58.387667,1567.0,799.0,355.0,2525.0,1103.0,239.0,63.94638576616724,81.64459657979708,57.20064478800941,36.14220776447686,17.034137329346088,39.355530541781285,48.38092009517068,74.89766611778444,57.550025270574764,84.17961975791953
2025-03-09 20:17:58.396000,1570.0,786.0,361.0,2527.0,1104.0,240.0,63.977249814149495,81.62510979961642,56.970977340356335,36.103508242189356,17.03061039813018,39.31971842896143,48.575168470213114,74.88236814719352,57.45594302184896,83.93307352689773
2025-03-09 20:17:58.396000,1555.0,785.0,353.0,2515.0,1110.0,237.0,63.977249814149495,81.62510979961642,56.970977340356335,36.103508242189356,17.03061039813018,39.31971842896143,48.575168470213114,74.88236814719352,57.45594302184896,83.93307352689773
2025-03-09 20:17:58.396000,1555.0,779.0,350.0,2517.0,1110.0,235.0,63.977249814149495,81.62510979961642,56.970977340356335,36.103508242189356,17.03061039813018,39.31971842896143,48.575168470213114,74.88236814719352,57.45594302184896,83.93307352689773
2025-03-09 20:17:58.396000,1559.0,787.0,353.0,2517.0,1113.0,238.0,63.977249814149495,81.62510979961642,56.970977340356335,36.103508242189356,17.03061039813018,39.31971842896143,48.575168470213114,74.88236814719352,57.45594302184896,83.93307352689773
2025-03-09 20:17:58.404333,1561.0,784.0,363.0,2513.0,1113.0,234.0,63.98918752595766,81.58915828179896,56.73353337001919,36.06118432569048,17.022985717382472,39.27735660104678,48.76344300423227,74.85503350871211,57.35792961841509,83.6961717776269
2025-03-09 20:17:58.404333,1556.0,799.0,351.0,2516.0,1115.0,237.0,63.98918752595766,81.58915828179896,56.73353337001919,36.06118432569048,17.022985717382472,39.27735660104678,48.76344300423227,74.85503350871211,57.35792961841509,83.6961717776269
2025-03-09 20:17:58.404333,1557.0,788.0,355.0,2517.0,1115.0,239.0,63.98918752595766,81.58915828179896,56.73353337001919,36.06118432569048,17.022985717382472,39.27735660104678,48.76344300423227,74.85503350871211,57.35792961841509,83.6961717776269
2025-03-09 20:17:58.412667,1535.0,797.0,355.0,2516.0,1115.0,237.0,63.981408595243366,81.53628475188138,56.48646781227094,36.01502369795145,17.010525259017943,39.22772537757601,48.94713557940806,74.81604555203242,57.25659624729561,83.46885216387882
2025-03-09 20:17:58.412667,1533.0,786.0,351.0,2512.0,1126.0,236.0,63.981408595243366,81.53628475188138,56.48646781227094,36.01502369795145,17.010525259017943,39.22772537757601,48.94713557940806,74.81604555203242,57.25659624729561,83.46885216387882
2025-03-09 20:17:58.412667,1535.0,783.0,342.0,2512.0,1130.0,235.0,63.981408595243366,81.53628475188138,56.48646781227094,36.01502369795145,17.010525259017943,39.22772537757601,48.94713557940806,74.81604555203242,57.25659624729561,83.46885216387882
2025-03-09 20:17:58.412667,1535.0,790.0,293.0,2511.0,1127.0,233.0,63.981408595243366,81.53628475188138,56.48646781227094,36.01502369795145,17.010525259017943,39.22772537757601,48.94713557940806,74.81604555203242,57.25659624729561,83.46885216387882
2025-03-09 20:17:58.421000,1535.0,774.0,347.0,2513.0,1132.0,233.0,63.95378318253509,81.46836980940273,56.233870022736376,35.965553445875116,16.994083316576436,39.17194133490516,49.12344654360429,74.76556715177574,57.15410205636483,83.25170751990808
2025-03-09 20:17:58.421000,1509.0,784.0,349.0,2512.0,1135.0,233.0,63.95378318253509,81.46836980940273,56.233870022736376,35.965553445875116,16.994083316576436,39.17194133490516,49.12344654360429,74.76556715177574,57.15410205636483,83.25170751990808
2025-03-09 20:17:58.421000,1529.0,781.0,351.0,2512.0,1135.0,230.0,63.95378318253509,81.46836980940273,56.233870022736376,35.965553445875116,16.994083316576436,39.17194133490516,49.12344654360429,74.76556715177574,57.15410205636483,83.25170751990808
2025-03-09 20:17:58.429333,1524.0,783.0,349.0,2512.0,1135.0,235.0,63.90694863332116,81.38931729126823,55.98394780165977,35.912973006007775,16.97446647093408,39.11086776646298,49.287461024764816,74.70562507755682,57.054558712567456,83.04700809713862
2025-03-09 20:17:58.429333,1527.0,787.0,347.0,2512.0,1136.0,235.0,63.90694863332116,81.38931729126823,55.98394780165977,35.912973006007775,16.97446647093408,39.11086776646298,49.287461024764816,74.70562507755682,57.054558712567456,83.04700809713862
2025-03-09 20:17:58.429333,1521.0,778.0,336.0,2511.0,1139.0,215.0,63.90694863332116,81.38931729126823,55.98394780165977,35.912973006007775,16.97446647093408,39.11086776646298,49.287461024764816,74.70562507755682,57.054558712567456,83.04700809713862
2025-03-09 20:17:58.429333,1535.0,783.0,354.0,2512.0,1142.0,228.0,63.90694863332116,81.38931729126823,55.98394780165977,35.912973006007775,16.97446647093408,39.11086776646298,49.287461024764816,74.70562507755682,57.054558712567456,83.04700809713862
2025-03-09 20:17:58.437667,1533.0,797.0,345.0,2512.0,1139.0,232.0,63.84267549174667,81.30108111993562,55.73936829128303,35.85666518976925,16.952436803282634,39.04472279975622,49.438053386334175,74.63658392148194,56.957824420804215,82.85592106544408
2025-03-09 20:17:58.437667,1535.0,788.0,351.0,2511.0,1144.0,233.0,63.84267549174667,81.30108111993562,55.73936829128303,35.85666518976925,16.952436803282634,39.04472279975622,49.438053386334175,74.63658392148194,56.957824420804215,82.85592106544408
2025-03-09 20:17:58.437667,1526.0,789.0,347.0,2509.0,1147.0,231.0,63.84267549174667,81.30108111993562,55.73936829128303,35.85666518976925,16.952436803282634,39.04472279975622,49.438053386334175,74.63658392148194,56.957824420804215,82.85592106544408
2025-03-09 20:17:58.446000,1535.0,792.0,349.0,2512.0,1147.0,231.0,63.76355972344905,81.20330977635027,55.49932559321641,35.79542847233014,16.928572268129958,38.972937001552346,49.57653898566718,74.55793067526915,56.86022603532439,82.67795686545921
2025-03-09 20:17:58.446000,1522.0,786.0,351.0,2509.0,1146.0,231.0,63.76355972344905,81.20330977635027,55.49932559321641,35.79542847233014,16.928572268129958,38.972937001552346,49.57653898566718,74.55793067526915,56.86022603532439,82.67795686545921
2025-03-09 20:17:58.446000,1562.0,813.0,354.0,2512.0,1149.0,230.0,63.76355972344905,81.20330977635027,55.49932559321641,35.79542847233014,16.928572268129958,38.972937001552346,49.57653898566718,74.55793067526915,56.86022603532439,82.67795686545921
2025-03-09 20:17:58.454333,1574.0,827.0,351.0,2508.0,1147.0,228.0,63.67288013241319,81.09554241137602,55.2649495395936,35.72885627227409,16.903400747877704,38.895334552470324,49.703324714559585,74.47043184966384,56.7586149736541,82.512454177316
2025-03-09 20:17:58.454333,1570.0,813.0,349.0,2511.0,1152.0,231.0,63.67288013241319,81.09554241137602,55.2649495395936,35.72885627227409,16.903400747877704,38.895334552470324,49.703324714559585,74.47043184966384,56.7586149736541,82.512454177316
2025-03-09 20:17:58.454333,1581.0,816.0,353.0,2502.0,1150.0,228.0,63.67288013241319,81.09554241137602,55.2649495395936,35.72885627227409,16.903400747877704,38.895334552470324,49.703324714559585,74.47043184966384,56.7586149736541,82.512454177316
2025-03-09 20:17:58.454333,1592.0,818.0,356.0,2510.0,1150.0,225.0,63.67288013241319,81.09554241137602,55.2649495395936,35.72885627227409,16.903400747877704,38.895334552470324,49.703324714559585,74.47043184966384,56.7586149736541,82.512454177316
2025-03-09 20:17:58.462667,1583.0,823.0,351.0,2507.0,1147.0,229.0,63.574501460845404,80.97829911680344,55.03867156626506,35.658956315098344,16.876863239861315,38.813649170645924,49.81757167488828,74.37617022233303,56.65256012781017,82.35939942343292
2025-03-09 20:17:58.462667,1584.0,821.0,351.0,2512.0,1149.0,229.0,63.574501460845404,80.97829911680344,55.03867156626506,35.658956315098344,16.876863239861315,38.813649170645924,49.81757167488828,74.37617022233303,56.65256012781017,82.35939942343292
2025-03-09 20:17:58.462667,1631.0,843.0,361.0,2502.0,1146.0,227.0,63.574501460845404,80.97829911680344,55.03867156626506,35.658956315098344,16.876863239861315,38.813649170645924,49.81757167488828,74.37617022233303,56.65256012781017,82.35939942343292
2025-03-09 20:17:58.471000,1616.0,853.0,352.0,2502.0,1145.0,225.0,63.47169374564211,80.85297442907435,54.82333151173918,35.58979263214235,16.84907238026883,38.73163822498127,49.917623523126196,74.27718834789998,56.54405009659198,82.22019656479713
2025-03-09 20:17:58.471000,1629.0,848.0,355.0,2506.0,1146.0,229.0,63.47169374564211,80.85297442907435,54.82333151173918,35.58979263214235,16.84907238026883,38.73163822498127,49.917623523126196,74.27718834789998,56.54405009659198,82.22019656479713
2025-03-09 20:17:58.471000,1619.0,851.0,358.0,2505.0,1141.0,229.0,63.47169374564211,80.85297442907435,54.82333151173918,35.58979263214235,16.84907238026883,38.73163822498127,49.917623523126196,74.27718834789998,56.54405009659198,82.22019656479713
2025-03-09 20:17:58.471000,1631.0,855.0,353.0,2503.0,1145.0,226.0,63.47169374564211,80.85297442907435,54.82333151173918,35.58979263214235,16.84907238026883,38.73163822498127,49.917623523126196,74.27718834789998,56.54405009659198,82.22019656479713
2025-03-09 20:17:58.479333,1621.0,854.0,356.0,2506.0,1142.0,226.0,63.36681871777073,80.72138707895591,54.62177153917996,35.52548883138805,16.821039394105707,38.653480879905985,50.002139309929156,74.17503768475282,56.435575187290155,82.09699721363114
2025-03-09 20:17:58.479333,1641.0,851.0,366.0,2482.0,1141.0,224.0,63.36681871777073,80.72138707895591,54.62177153917996,35.52548883138805,16.821039394105707,38.653480879905985,50.002139309929156,74.17503768475282,56.435575187290155,82.09699721363114
2025-03-09 20:17:58.479333,1676.0,893.0,357.0,2496.0,1136.0,223.0,63.36681871777073,80.72138707895591,54.62177153917996,35.52548883138805,16.821039394105707,38.653480879905985,50.002139309929156,74.17503768475282,56.435575187290155,82.09699721363114
2025-03-09 20:17:58.487667,1677.0,897.0,359.0,2496.0,1135.0,224.0,63.26212642901929,80.5855291372162,54.43723430453954,35.46859329128088,16.79343142795044,38.58181088833295,50.06967820092594,74.07158610328607,56.329060765541435,81.99081013267389
2025-03-09 20:17:58.487667,1681.0,900.0,353.0,2498.0,1136.0,223.0,63.26212642901929,80.5855291372162,54.43723430453954,35.46859329128088,16.79343142795044,38.58181088833295,50.06967820092594,74.07158610328607,56.329060765541435,81.99081013267389
2025-03-09 20:17:58.487667,1690.0,899.0,366.0,2497.0,1133.0,222.0,63.26212642901929,80.5855291372162,54.43723430453954,35.46859329128088,16.79343142795044,38.58181088833295,50.06967820092594,74.07158610328607,56.329060765541435,81.99081013267389
2025-03-09 20:17:58.487667,1709.0,909.0,360.0,2504.0,1135.0,222.0,63.26212642901929,80.5855291372162,54.43723430453954,35.46859329128088,16.79343142795044,38.58181088833295,50.06967820092594,74.07158610328607,56.329060765541435,81.99081013267389
2025-03-09 20:17:58.496000,1654.0,910.0,367.0,2496.0,1135.0,222.0,63.156776537350744,80.44555044553975,54.27153791904353,35.419686391131215,16.766298835847007,38.51729165837676,50.117958343703876,73.96637110607053,56.22531110882276,81.90148772756318
2025-03-09 20:17:58.496000,1711.0,913.0,366.0,2498.0,1131.0,223.0,63.156776537350744,80.44555044553975,54.27153791904353,35.419686391131215,16.766298835847007,38.51729165837676,50.117958343703876,73.96637110607053,56.22531110882276,81.90148772756318
2025-03-09 20:17:58.496000,1719.0,944.0,369.0,2490.0,1121.0,222.0,63.156776537350744,80.44555044553975,54.27153791904353,35.419686391131215,16.766298835847007,38.51729165837676,50.117958343703876,73.96637110607053,56.22531110882276,81.90148772756318
2025-03-09 20:17:58.496000,1728.0,944.0,364.0,2492.0,1119.0,220.0,63.156776537350744,80.44555044553975,54.27153791904353,35.419686391131215,16.766298835847007,38.51729165837676,50.117958343703876,73.96637110607053,56.22531110882276,81.90148772756318
2025-03-09 20:17:58.504333,1726.0,947.0,368.0,2493.0,1118.0,218.0,63.05021675948054,80.30184009063942,54.12372224316035,35.378270121630564,16.739266993570354,38.45952667362451,50.14711317741404,73.85900665638384,56.12450342891568,81.82905512871851
2025-03-09 20:17:58.504333,1729.0,954.0,370.0,2497.0,1121.0,221.0,63.05021675948054,80.30184009063942,54.12372224316035,35.378270121630564,16.739266993570354,38.45952667362451,50.14711317741404,73.85900665638384,56.12450342891568,81.82905512871851
2025-03-09 20:17:58.504333,1728.0,954.0,379.0,2493.0,1119.0,219.0,63.05021675948054,80.30184009063942,54.12372224316035,35.378270121630564,16.739266993570354,38.45952667362451,50.14711317741404,73.85900665638384,56.12450342891568,81.82905512871851
2025-03-09 20:17:58.512667,1724.0,959.0,363.0,2494.0,1118.0,219.0,62.948565622846665,80.15902055297046,53.99186032328065,35.3430079847796,16.711947272150876,38.407564904437585,50.16233705490428,73.75393409052242,56.02627070528106,81.77396731281999
2025-03-09 20:17:58.512667,1727.0,962.0,367.0,2494.0,1117.0,223.0,62.948565622846665,80.15902055297046,53.99186032328065,35.3430079847796,16.711947272150876,38.407564904437585,50.16233705490428,73.75393409052242,56.02627070528106,81.77396731281999
2025-03-09 20:17:58.512667,1727.0,973.0,372.0,2485.0,1105.0,215.0,62.948565622846665,80.15902055297046,53.99186032328065,35.3430079847796,16.711947272150876,38.407564904437585,50.16233705490428,73.75393409052242,56.02627070528106,81.77396731281999
2025-03-09 20:17:58.521000,1727.0,973.0,368.0,2490.0,1104.0,215.0,62.85617251500338,80.01970669183223,53.87177934293864,35.312648238339,16.683311457354414,38.36025431740656,50.168769310901375,73.65372979266698,55.929529014466695,81.73457893857578
2025-03-09 20:17:58.521000,1727.0,978.0,369.0,2481.0,1104.0,218.0,62.85617251500338,80.01970669183223,53.87177934293864,35.312648238339,16.683311457354414,38.36025431740656,50.168769310901375,73.65372979266698,55.929529014466695,81.73457893857578
2025-03-09 20:17:58.521000,1727.0,991.0,369.0,2490.0,1104.0,215.0,62.85617251500338,80.01970669183223,53.87177934293864,35.312648238339,16.683311457354414,38.36025431740656,50.168769310901375,73.65372979266698,55.929529014466695,81.73457893857578
2025-03-09 20:17:58.521000,1723.0,978.0,371.0,2485.0,1104.0,215.0,62.85617251500338,80.01970669183223,53.87177934293864,35.312648238339,16.683311457354414,38.36025431740656,50.168769310901375,73.65372979266698,55.929529014466695,81.73457893857578
2025-03-09 20:17:58.529333,1719.0,983.0,375.0,2483.0,1103.0,217.0,62.7729593728839,79.88270543212754,53.756680300338104,35.28784233833906,16.653208990601346,38.318552197704406,50.17012815590592,73.55577173769304,55.83239588031456,81.70787130198164
2025-03-09 20:17:58.529333,1723.0,981.0,374.0,2485.0,1102.0,217.0,62.7729593728839,79.88270543212754,53.756680300338104,35.28784233833906,16.653208990601346,38.318552197704406,50.17012815590592,73.55577173769304,55.83239588031456,81.70787130198164
2025-03-09 20:17:58.529333,1707.0,977.0,368.0,2486.0,1094.0,218.0,62.7729593728839,79.88270543212754,53.756680300338104,35.28784233833906,16.653208990601346,38.318552197704406,50.17012815590592,73.55577173769304,55.83239588031456,81.70787130198164
2025-03-09 20:17:58.529333,1747.0,982.0,378.0,2486.0,1091.0,212.0,62.7729593728839,79.88270543212754,53.756680300338104,35.28784233833906,16.653208990601346,38.318552197704406,50.17012815590592,73.55577173769304,55.83239588031456,81.70787130198164
2025-03-09 20:17:58.537667,1701.0,977.0,374.0,2488.0,1093.0,214.0,62.698019983647214,79.74745419288952,53.64573942967673,35.27044521627393,16.62269229782655,38.28478593203223,50.16605625319029,73.45796321242408,55.73503040390545,81.69220422765177
2025-03-09 20:17:58.537667,1679.0,977.0,368.0,2481.0,1093.0,214.0,62.698019983647214,79.74745419288952,53.64573942967673,35.27044521627393,16.62269229782655,38.28478593203223,50.16605625319029,73.45796321242408,55.73503040390545,81.69220422765177
2025-03-09 20:17:58.546000,1695.0,982.0,377.0,2486.0,1087.0,215.0,62.63025834321138,79.61458717355534,53.54306996884211,35.26130396206856,16.593161741749704,38.26023876216651,50.15374866083944,73.36004806668252,55.63890922297144,81.6867085751141
2025-03-09 20:17:58.546000,1687.0,976.0,381.0,2485.0,1088.0,216.0,62.63025834321138,79.61458717355534,53.54306996884211,35.26130396206856,16.593161741749704,38.26023876216651,50.15374866083944,73.36004806668252,55.63890922297144,81.6867085751141
2025-03-09 20:17:58.546000,1687.0,980.0,379.0,2480.0,1088.0,213.0,62.63025834321138,79.61458717355534,53.54306996884211,35.26130396206856,16.593161741749704,38.26023876216651,50.15374866083944,73.36004806668252,55.63890922297144,81.6867085751141
2025-03-09 20:17:58.546000,1679.0,983.0,375.0,2480.0,1079.0,216.0,62.63025834321138,79.61458717355534,53.54306996884211,35.26130396206856,16.593161741749704,38.26023876216651,50.15374866083944,73.36004806668252,55.63890922297144,81.6867085751141
2025-03-09 20:17:58.546000,1680.0,982.0,368.0,2480.0,1081.0,213.0,62.63025834321138,79.61458717355534,53.54306996884211,35.26130396206856,16.593161741749704,38.26023876216651,50.15374866083944,73.36004806668252,55.63890922297144,81.6867085751141
2025-03-09 20:17:58.554333,1654.0,980.0,384.0,2483.0,1074.0,214.0,62.569134050054615,79.48538086314491,53.453444299216855,35.26016698238586,16.56570500401692,38.24472551907299,50.131369716562716,73.26375227720746,55.545863610804524,81.69057785302853
2025-03-09 20:17:58.554333,1671.0,988.0,383.0,2480.0,1077.0,213.0,62.569134050054615,79.48538086314491,53.453444299216855,35.26016698238586,16.56570500401692,38.24472551907299,50.131369716562716,73.26375227720746,55.545863610804524,81.69057785302853
2025-03-09 20:17:58.554333,1669.0,987.0,378.0,2482.0,1073.0,212.0,62.569134050054615,79.48538086314491,53.453444299216855,35.26016698238586,16.56570500401692,38.24472551907299,50.131369716562716,73.26375227720746,55.545863610804524,81.69057785302853
2025-03-09 20:17:58.562667,1664.0,989.0,384.0,2480.0,1077.0,213.0,62.514902147774066,79.36181566328419,53.38068623783499,35.265833667806426,16.540518319966957,38.23672123861866,50.09863808388582,73.1723930523232,55.4580632227494,81.7033973998004
2025-03-09 20:17:58.562667,1663.0,994.0,379.0,2483.0,1072.0,210.0,62.514902147774066,79.36181566328419,53.38068623783499,35.265833667806426,16.540518319966957,38.23672123861866,50.09863808388582,73.1723930523232,55.4580632227494,81.7033973998004
2025-03-09 20:17:58.562667,1655.0,982.0,384.0,2481.0,1067.0,211.0,62.514902147774066,79.36181566328419,53.38068623783499,35.265833667806426,16.540518319966957,38.23672123861866,50.09863808388582,73.1723930523232,55.4580632227494,81.7033973998004
2025-03-09 20:17:58.562667,1661.0,989.0,385.0,2481.0,1066.0,211.0,62.514902147774066,79.36181566328419,53.38068623783499,35.265833667806426,16.540518319966957,38.23672123861866,50.09863808388582,73.1723930523232,55.4580632227494,81.7033973998004
2025-03-09 20:17:58.571000,1657.0,991.0,384.0,2480.0,1070.0,210.0,62.46890025289215,79.24618243519326,53.3259766302574,35.276120438625036,16.517612436230845,38.23427536122202,50.05677424631917,73.08818704829437,55.37585320640309,81.7250649310971
2025-03-09 20:17:58.571000,1659.0,989.0,385.0,2480.0,1066.0,214.0,62.46890025289215,79.24618243519326,53.3259766302574,35.276120438625036,16.517612436230845,38.23427536122202,50.05677424631917,73.08818704829437,55.37585320640309,81.7250649310971
2025-03-09 20:17:58.571000,1659.0,985.0,384.0,2483.0,1061.0,209.0,62.46890025289215,79.24618243519326,53.3259766302574,35.276120438625036,16.517612436230845,38.23427536122202,50.05677424631917,73.08818704829437,55.37585320640309,81.7250649310971
2025-03-09 20:17:58.579333,1654.0,981.0,384.0,2478.0,1063.0,212.0,62.431544357082565,79.13961933155974,53.288650150825994,35.288330914680586,16.49699614289158,38.235255401020474,50.00698686979649,73.01119809595473,55.29804518699456,81.75594238037904
2025-03-09 20:17:58.579333,1652.0,986.0,387.0,2483.0,1063.0,210.0,62.431544357082565,79.13961933155974,53.288650150825994,35.288330914680586,16.49699614289158,38.235255401020474,50.00698686979649,73.01119809595473,55.29804518699456,81.75594238037904
2025-03-09 20:17:58.579333,1618.0,976.0,391.0,2480.0,1055.0,213.0,62.431544357082565,79.13961933155974,53.288650150825994,35.288330914680586,16.49699614289158,38.235255401020474,50.00698686979649,73.01119809595473,55.29804518699456,81.75594238037904
2025-03-09 20:17:58.587667,1616.0,976.0,384.0,2480.0,1055.0,208.0,62.40107352413496,79.04157996272843,53.26685465299145,35.300715076308926,16.478540588860696,38.238271570347905,49.94970543662401,72.93960138918143,55.22376035968847,81.79629181972567
2025-03-09 20:17:58.587667,1615.0,973.0,384.0,2475.0,1055.0,215.0,62.40107352413496,79.04157996272843,53.26685465299145,35.300715076308926,16.478540588860696,38.238271570347905,49.94970543662401,72.93960138918143,55.22376035968847,81.79629181972567
2025-03-09 20:17:58.587667,1610.0,968.0,384.0,2477.0,1055.0,209.0,62.40107352413496,79.04157996272843,53.26685465299145,35.300715076308926,16.478540588860696,38.238271570347905,49.94970543662401,72.93960138918143,55.22376035968847,81.79629181972567
2025-03-09 20:17:58.587667,1607.0,971.0,384.0,2480.0,1054.0,213.0,62.40107352413496,79.04157996272843,53.26685465299145,35.300715076308926,16.478540588860696,38.238271570347905,49.94970543662401,72.93960138918143,55.22376035968847,81.79629181972567
2025-03-09 20:17:58.596000,1606.0,969.0,385.0,2480.0,1053.0,211.0,62.375745725327285,78.95190639807028,53.259868312039664,35.313564816392415,16.46372549717694,38.24488674219692,49.883774274323805,72.86957834050844,55.15231023533859,81.84672639707402
2025-03-09 20:17:58.596000,1591.0,962.0,383.0,2479.0,1050.0,211.0,62.375745725327285,78.95190639807028,53.259868312039664,35.313564816392415,16.46372549717694,38.24488674219692,49.883774274323805,72.86957834050844,55.15231023533859,81.84672639707402
2025-03-09 20:17:58.596000,1535.0,944.0,381.0,2478.0,1045.0,208.0,62.375745725327285,78.95190639807028,53.259868312039664,35.313564816392415,16.46372549717694,38.24488674219692,49.883774274323805,72.86957834050844,55.15231023533859,81.84672639707402
2025-03-09 20:17:58.604333,1535.0,948.0,381.0,2478.0,1045.0,208.0,62.355265748691494,78.87107074012472,53.26649244577819,35.3278369742342,16.452810075814263,38.25680239602393,49.808464189450376,72.79877444170374,55.08387319804904,81.90737639359293
2025-03-09 20:17:58.604333,1535.0,949.0,384.0,2475.0,1041.0,210.0,62.355265748691494,78.87107074012472,53.26649244577819,35.3278369742342,16.452810075814263,38.25680239602393,49.808464189450376,72.79877444170374,55.08387319804904,81.90737639359293
2025-03-09 20:17:58.604333,1535.0,944.0,386.0,2471.0,1047.0,210.0,62.355265748691494,78.87107074012472,53.26649244577819,35.3278369742342,16.452810075814263,38.25680239602393,49.808464189450376,72.79877444170374,55.08387319804904,81.90737639359293
2025-03-09 20:17:58.604333,1535.0,944.0,389.0,2480.0,1043.0,213.0,62.355265748691494,78.87107074012472,53.26649244577819,35.3278369742342,16.452810075814263,38.25680239602393,49.808464189450376,72.79877444170374,55.08387319804904,81.90737639359293
2025-03-09 20:17:58.612667,1535.0,944.0,387.0,2474.0,1044.0,213.0,62.33935089832697,78.79871547222372,53.28476740826663,35.34457180608372,16.446570341051736,38.274289799061705,49.72779125607534,72.72925098924026,55.01970414354803,81.97712722021097
2025-03-09 20:17:58.612667,1533.0,944.0,378.0,2470.0,1041.0,210.0,62.33935089832697,78.79871547222372,53.28476740826663,35.34457180608372,16.446570341051736,38.274289799061705,49.72779125607534,72.72925098924026,55.01970414354803,81.97712722021097
2025-03-09 20:17:58.612667,1490.0,914.0,390.0,2473.0,1039.0,209.0,62.33935089832697,78.79871547222372,53.28476740826663,35.34457180608372,16.446570341051736,38.274289799061705,49.72779125607534,72.72925098924026,55.01970414354803,81.97712722021097
2025-03-09 20:17:58.621000,1489.0,917.0,384.0,2478.0,1040.0,210.0,62.326769351760255,78.73354959565084,53.31315566208882,35.36438674959702,16.450015827019683,38.297267274545604,49.650922409584446,72.66516458908396,54.95996277567236,82.05454495338222
2025-03-09 20:17:58.621000,1490.0,914.0,384.0,2480.0,1040.0,211.0,62.326769351760255,78.73354959565084,53.31315566208882,35.36438674959702,16.450015827019683,38.297267274545604,49.650922409584446,72.66516458908396,54.95996277567236,82.05454495338222
2025-03-09 20:17:58.621000,1483.0,913.0,388.0,2478.0,1040.0,210.0,62.326769351760255,78.73354959565084,53.31315566208882,35.36438674959702,16.450015827019683,38.297267274545604,49.650922409584446,72.66516458908396,54.95996277567236,82.05454495338222
2025-03-09 20:17:58.621000,1476.0,914.0,384.0,2478.0,1040.0,210.0,62.326769351760255,78.73354959565084,53.31315566208882,35.36438674959702,16.450015827019683,38.297267274545604,49.650922409584446,72.66516458908396,54.95996277567236,82.05454495338222
2025-03-09 20:17:58.629333,1473.0,907.0,385.0,2477.0,1039.0,212.0,62.315656497272386,78.67426758275643,53.350887505625614,35.385979557218896,16.462981988533603,38.32416112340668,49.578211476540474,72.60605375718436,54.90409557868532,82.13811864729244
2025-03-09 20:17:58.629333,1472.0,912.0,384.0,2480.0,1040.0,208.0,62.315656497272386,78.67426758275643,53.350887505625614,35.385979557218896,16.462981988533603,38.32416112340668,49.578211476540474,72.60605375718436,54.90409557868532,82.13811864729244
2025-03-09 20:17:58.629333,1431.0,886.0,386.0,2474.0,1036.0,211.0,62.315656497272386,78.67426758275643,53.350887505625614,35.385979557218896,16.462981988533603,38.32416112340668,49.578211476540474,72.60605375718436,54.90409557868532,82.13811864729244
2025-03-09 20:17:58.637667,1426.0,890.0,384.0,2476.0,1038.0,213.0,62.3041252713302,78.61975168533394,53.39840058288932,35.40727238444108,16.478456392436147,38.35235497066202,49.4998628798857,72.54767596711545,54.8524121292144,82.22684293302694
2025-03-09 20:17:58.637667,1424.0,879.0,386.0,2477.0,1037.0,212.0,62.3041252713302,78.61975168533394,53.39840058288932,35.40727238444108,16.478456392436147,38.35235497066202,49.4998628798857,72.54767596711545,54.8524121292144,82.22684293302694
2025-03-09 20:17:58.637667,1419.0,880.0,383.0,2475.0,1037.0,213.0,62.3041252713302,78.61975168533394,53.39840058288932,35.40727238444108,16.478456392436147,38.35235497066202,49.4998628798857,72.54767596711545,54.8524121292144,82.22684293302694
2025-03-09 20:17:58.646000,1414.0,879.0,384.0,2473.0,1035.0,209.0,62.29106838189781,78.56908384947874,53.45645487541175,35.42774074592028,16.493335160070245,38.381195081270455,49.410260880220115,72.4872661729235,54.804851293994616,82.32049454388421
2025-03-09 20:17:58.646000,1406.0,880.0,384.0,2479.0,1035.0,214.0,62.29106838189781,78.56908384947874,53.45645487541175,35.42774074592028,16.493335160070245,38.381195081270455,49.410260880220115,72.4872661729235,54.804851293994616,82.32049454388421
2025-03-09 20:17:58.646000,1403.0,878.0,390.0,2479.0,1034.0,209.0,62.29106838189781,78.56908384947874,53.45645487541175,35.42774074592028,16.493335160070245,38.381195081270455,49.410260880220115,72.4872661729235,54.804851293994616,82.32049454388421
2025-03-09 20:17:58.646000,1370.0,853.0,375.0,2478.0,1034.0,212.0,62.29106838189781,78.56908384947874,53.45645487541175,35.42774074592028,16.493335160070245,38.381195081270455,49.410260880220115,72.4872661729235,54.804851293994616,82.32049454388421
2025-03-09 20:17:58.654333,1360.0,851.0,379.0,2478.0,1035.0,212.0,62.27485885200909,78.52051887632436,53.524840870416874,35.44694958257035,16.509448547619716,38.411123517287905,49.308703263129466,72.42167945190769,54.7588500632932,82.41800060737668
2025-03-09 20:17:58.654333,1362.0,853.0,377.0,2480.0,1035.0,208.0,62.27485885200909,78.52051887632436,53.524840870416874,35.44694958257035,16.509448547619716,38.411123517287905,49.308703263129466,72.42167945190769,54.7588500632932,82.41800060737668
2025-03-09 20:17:58.654333,1360.0,848.0,375.0,2477.0,1034.0,215.0,62.27485885200909,78.52051887632436,53.524840870416874,35.44694958257035,16.509448547619716,38.411123517287905,49.308703263129466,72.42167945190769,54.7588500632932,82.41800060737668
2025-03-09 20:17:58.662667,1360.0,848.0,381.0,2480.0,1037.0,209.0,62.25342890842087,78.47234166354073,53.60289075940675,35.464185195573606,16.52807237208661,38.44187999860445,49.195104628287645,72.34862075412705,54.71263715186104,82.51885709219935
2025-03-09 20:17:58.662667,1358.0,846.0,382.0,2477.0,1037.0,209.0,62.25342890842087,78.47234166354073,53.60289075940675,35.464185195573606,16.52807237208661,38.44187999860445,49.195104628287645,72.34862075412705,54.71263715186104,82.51885709219935
2025-03-09 20:17:58.662667,1351.0,844.0,385.0,2480.0,1036.0,211.0,62.25342890842087,78.47234166354073,53.60289075940675,35.464185195573606,16.52807237208661,38.44187999860445,49.195104628287645,72.34862075412705,54.71263715186104,82.51885709219935
2025-03-09 20:17:58.662667,1318.0,830.0,379.0,2477.0,1039.0,213.0,62.25342890842087,78.47234166354073,53.60289075940675,35.464185195573606,16.52807237208661,38.44187999860445,49.195104628287645,72.34862075412705,54.71263715186104,82.51885709219935
2025-03-09 20:17:58.671000,1310.0,822.0,382.0,2480.0,1038.0,217.0,62.22533061382917,78.42346866989746,53.690747565151774,35.47869938085713,16.549477653381427,38.47246564444969,49.069596955961,72.26800587958625,54.66589883326166,82.62273418105042
2025-03-09 20:17:58.671000,1307.0,823.0,375.0,2478.0,1035.0,212.0,62.22533061382917,78.42346866989746,53.690747565151774,35.47869938085713,16.549477653381427,38.47246564444969,49.069596955961,72.26800587958625,54.66589883326166,82.62273418105042
2025-03-09 20:17:58.671000,1299.0,822.0,381.0,2480.0,1035.0,214.0,62.22533061382917,78.42346866989746,53.690747565151774,35.47869938085713,16.549477653381427,38.47246564444969,49.069596955961,72.26800587958625,54.66589883326166,82.62273418105042
2025-03-09 20:17:58.679333,1301.0,831.0,383.0,2475.0,1033.0,209.0,62.1903715540907,78.37402925147485,53.78879416036055,35.489976962842476,16.57325689898562,38.501804411323334,48.93291322046222,72.18150069423609,54.61953113771788,82.72884154276537
2025-03-09 20:17:58.679333,1303.0,821.0,379.0,2477.0,1035.0,211.0,62.1903715540907,78.37402925147485,53.78879416036055,35.489976962842476,16.57325689898562,38.501804411323334,48.93291322046222,72.18150069423609,54.61953113771788,82.72884154276537
2025-03-09 20:17:58.679333,1300.0,818.0,382.0,2481.0,1033.0,211.0,62.1903715540907,78.37402925147485,53.78879416036055,35.489976962842476,16.57325689898562,38.501804411323334,48.93291322046222,72.18150069423609,54.61953113771788,82.72884154276537
2025-03-09 20:17:58.679333,1295.0,815.0,380.0,2477.0,1034.0,216.0,62.1903715540907,78.37402925147485,53.78879416036055,35.489976962842476,16.57325689898562,38.501804411323334,48.93291322046222,72.18150069423609,54.61953113771788,82.72884154276537
2025-03-09 20:17:58.687667,1266.0,801.0,370.0,2477.0,1023.0,215.0,62.148645706841094,78.32418837127445,53.896410852320955,35.49888205629281,16.598251236508677,38.530038391771264,48.78537643732177,72.09030685639799,54.57519727183058,82.83585785051893
2025-03-09 20:17:58.687667,1264.0,807.0,371.0,2477.0,1023.0,213.0,62.148645706841094,78.32418837127445,53.896410852320955,35.49888205629281,16.598251236508677,38.530038391771264,48.78537643732177,72.09030685639799,54.57519727183058,82.83585785051893
2025-03-09 20:17:58.687667,1262.0,803.0,377.0,2480.0,1023.0,214.0,62.148645706841094,78.32418837127445,53.896410852320955,35.49888205629281,16.598251236508677,38.530038391771264,48.78537643732177,72.09030685639799,54.57519727183058,82.83585785051893
2025-03-09 20:17:58.696000,1255.0,798.0,371.0,2480.0,1023.0,215.0,62.1001001113778,78.27357036998552,54.01238953450953,35.50630709155229,16.623902540158763,38.557674687273455,48.62745081270114,71.99452765327976,54.53343964056261,82.94233704041898
2025-03-09 20:17:58.696000,1255.0,802.0,374.0,2477.0,1023.0,215.0,62.1001001113778,78.27357036998552,54.01238953450953,35.50630709155229,16.623902540158763,38.557674687273455,48.62745081270114,71.99452765327976,54.53343964056261,82.94233704041898
2025-03-09 20:17:58.696000,1251.0,794.0,372.0,2479.0,1023.0,216.0,62.1001001113778,78.27357036998552,54.01238953450953,35.50630709155229,16.623902540158763,38.557674687273455,48.62745081270114,71.99452765327976,54.53343964056261,82.94233704041898
2025-03-09 20:17:58.704333,1247.0,795.0,373.0,2477.0,1023.0,213.0,62.04472520586805,78.22177991696114,54.13489721361713,35.512932412334145,16.65050489258077,38.585313034389486,48.46070849828618,71.89400779305821,54.49404439017927,83.04744451276146
2025-03-09 20:17:58.704333,1216.0,784.0,375.0,2480.0,1017.0,213.0,62.04472520586805,78.22177991696114,54.13489721361713,35.512932412334145,16.65050489258077,38.585313034389486,48.46070849828618,71.89400779305821,54.49404439017927,83.04744451276146
2025-03-09 20:17:58.704333,1222.0,781.0,369.0,2479.0,1018.0,216.0,62.04472520586805,78.22177991696114,54.13489721361713,35.512932412334145,16.65050489258077,38.585313034389486,48.46070849828618,71.89400779305821,54.49404439017927,83.04744451276146
2025-03-09 20:17:58.704333,1219.0,784.0,374.0,2478.0,1017.0,214.0,62.04472520586805,78.22177991696114,54.13489721361713,35.512932412334145,16.65050489258077,38.585313034389486,48.46070849828618,71.89400779305821,54.49404439017927,83.04744451276146
2025-03-09 20:17:58.712667,1215.0,780.0,369.0,2478.0,1018.0,215.0,61.98244079718311,78.16859862836611,54.26233732130599,35.51938921667254,16.67820638344171,38.613511551495264,48.2863666516006,71.7885978271192,54.45701637378012,83.15048474935863
2025-03-09 20:17:58.712667,1214.0,780.0,369.0,2478.0,1018.0,218.0,61.98244079718311,78.16859862836611,54.26233732130599,35.51938921667254,16.67820638344171,38.613511551495264,48.2863666516006,71.7885978271192,54.45701637378012,83.15048474935863
2025-03-09 20:17:58.712667,1207.0,779.0,374.0,2479.0,1014.0,215.0,61.98244079718311,78.16859862836611,54.26233732130599,35.51938921667254,16.67820638344171,38.613511551495264,48.2863666516006,71.7885978271192,54.45701637378012,83.15048474935863
2025-03-09 20:17:58.721000,1211.0,779.0,368.0,2479.0,1014.0,214.0,61.913513785715665,78.11364367253466,54.39343960441216,35.52616251057824,16.706954940826158,38.642792158284315,48.104874698729404,71.67770668162689,54.42173475089388,83.25022182477834
2025-03-09 20:17:58.721000,1197.0,761.0,369.0,2480.0,1008.0,214.0,61.913513785715665,78.11364367253466,54.39343960441216,35.52616251057824,16.706954940826158,38.642792158284315,48.104874698729404,71.67770668162689,54.42173475089388,83.25022182477834
2025-03-09 20:17:58.721000,1185.0,764.0,369.0,2475.0,1006.0,214.0,61.913513785715665,78.11364367253466,54.39343960441216,35.52616251057824,16.706954940826158,38.642792158284315,48.104874698729404,71.67770668162689,54.42173475089388,83.25022182477834
2025-03-09 20:17:58.721000,1179.0,759.0,368.0,2479.0,1007.0,217.0,61.913513785715665,78.11364367253466,54.39343960441216,35.52616251057824,16.706954940826158,38.642792158284315,48.104874698729404,71.67770668162689,54.42173475089388,83.25022182477834
2025-03-09 20:17:58.729333,1183.0,759.0,375.0,2479.0,1006.0,217.0,61.83916023625428,78.05741058395884,54.52838041417136,35.53407463264693,16.735988784782624,38.67375393251774,47.915753964795684,71.56193109365604,54.38871220907442,83.34690553601109
2025-03-09 20:17:58.729333,1168.0,757.0,370.0,2476.0,1005.0,215.0,61.83916023625428,78.05741058395884,54.52838041417136,35.53407463264693,16.735988784782624,38.67375393251774,47.915753964795684,71.56193109365604,54.38871220907442,83.34690553601109
2025-03-09 20:17:58.729333,1179.0,759.0,366.0,2471.0,1005.0,218.0,61.83916023625428,78.05741058395884,54.52838041417136,35.53407463264693,16.735988784782624,38.67375393251774,47.915753964795684,71.56193109365604,54.38871220907442,83.34690553601109
2025-03-09 20:17:58.737667,1175.0,754.0,370.0,2476.0,1005.0,219.0,61.76087742245799,78.00104980550711,54.66737827746936,35.54374663302808,16.764904949954893,38.70685895652024,47.71942565647452,71.4425927271404,54.358805908645145,83.44186905605137
2025-03-09 20:17:58.737667,1152.0,747.0,368.0,2476.0,997.0,219.0,61.76087742245799,78.00104980550711,54.66737827746936,35.54374663302808,16.764904949954893,38.70685895652024,47.71942565647452,71.4425927271404,54.358805908645145,83.44186905605137
2025-03-09 20:17:58.737667,1151.0,749.0,366.0,2480.0,991.0,219.0,61.76087742245799,78.00104980550711,54.66737827746936,35.54374663302808,16.764904949954893,38.70685895652024,47.71942565647452,71.4425927271404,54.358805908645145,83.44186905605137
2025-03-09 20:17:58.737667,1158.0,743.0,366.0,2474.0,992.0,219.0,61.76087742245799,78.00104980550711,54.66737827746936,35.54374663302808,16.764904949954893,38.70685895652024,47.71942565647452,71.4425927271404,54.358805908645145,83.44186905605137
2025-03-09 20:17:58.746000,1152.0,741.0,359.0,2475.0,991.0,220.0,61.6787959995717,77.94476116006386,54.809996261307845,35.55473096752234,16.793665527611925,38.741551045084215,47.51677706441211,71.3203203934352,54.331981062719976,83.53624345599043
2025-03-09 20:17:58.746000,1142.0,742.0,357.0,2480.0,992.0,219.0,61.6787959995717,77.94476116006386,54.809996261307845,35.55473096752234,16.793665527611925,38.741551045084215,47.51677706441211,71.3203203934352,54.331981062719976,83.53624345599043
2025-03-09 20:17:58.746000,1142.0,735.0,365.0,2478.0,990.0,221.0,61.6787959995717,77.94476116006386,54.809996261307845,35.55473096752234,16.793665527611925,38.741551045084215,47.51677706441211,71.3203203934352,54.331981062719976,83.53624345599043
2025-03-09 20:17:58.754333,1143.0,733.0,355.0,2477.0,989.0,223.0,61.5923470348284,77.88823095359045,54.95580830370112,35.56565528150788,16.822112843547572,38.77634908488952,47.30842295522703,71.19537034155114,54.30763422648163,83.63141616410218
2025-03-09 20:17:58.754333,1123.0,729.0,356.0,2480.0,976.0,221.0,61.5923470348284,77.88823095359045,54.95580830370112,35.56565528150788,16.822112843547572,38.77634908488952,47.30842295522703,71.19537034155114,54.30763422648163,83.63141616410218
2025-03-09 20:17:58.754333,1130.0,719.0,357.0,2480.0,977.0,222.0,61.5923470348284,77.88823095359045,54.95580830370112,35.56565528150788,16.822112843547572,38.77634908488952,47.30842295522703,71.19537034155114,54.30763422648163,83.63141616410218
2025-03-09 20:17:58.754333,1124.0,731.0,357.0,2480.0,977.0,221.0,61.5923470348284,77.88823095359045,54.95580830370112,35.56565528150788,16.822112843547572,38.77634908488952,47.30842295522703,71.19537034155114,54.30763422648163,83.63141616410218
2025-03-09 20:17:58.762667,1128.0,727.0,352.0,2475.0,976.0,221.0,61.50252842532769,77.83203843358692,55.10459063044749,35.57649704296591,16.851181053223577,38.811641431010294,47.09554817580341,71.06794340522383,54.28501433483411,83.72940448104457
2025-03-09 20:17:58.762667,1131.0,730.0,362.0,2475.0,976.0,221.0,61.50252842532769,77.83203843358692,55.10459063044749,35.57649704296591,16.851181053223577,38.811641431010294,47.09554817580341,71.06794340522383,54.28501433483411,83.72940448104457
2025-03-09 20:17:58.762667,1122.0,730.0,348.0,2480.0,974.0,220.0,61.50252842532769,77.83203843358692,55.10459063044749,35.57649704296591,16.851181053223577,38.811641431010294,47.09554817580341,71.06794340522383,54.28501433483411,83.72940448104457
2025-03-09 20:17:58.771000,1123.0,730.0,352.0,2480.0,976.0,227.0,61.41058748874582,77.77634923114829,55.25690861362455,35.588774471156476,16.882435533590996,38.84948098036456,46.87849392951956,70.937605167369,54.263386648583854,83.83111920720258
2025-03-09 20:17:58.771000,1127.0,731.0,354.0,2483.0,974.0,223.0,61.41058748874582,77.77634923114829,55.25690861362455,35.588774471156476,16.882435533590996,38.84948098036456,46.87849392951956,70.937605167369,54.263386648583854,83.83111920720258
2025-03-09 20:17:58.771000,1094.0,715.0,346.0,2475.0,963.0,223.0,61.41058748874582,77.77634923114829,55.25690861362455,35.588774471156476,16.882435533590996,38.84948098036456,46.87849392951956,70.937605167369,54.263386648583854,83.83111920720258
2025-03-09 20:17:58.771000,1102.0,717.0,352.0,2480.0,961.0,222.0,61.41058748874582,77.77634923114829,55.25690861362455,35.588774471156476,16.882435533590996,38.84948098036456,46.87849392951956,70.937605167369,54.263386648583854,83.83111920720258
2025-03-09 20:17:58.779333,1101.0,711.0,354.0,2480.0,962.0,222.0,61.31812090834654,77.72098111700677,55.41480566976845,35.60427207778046,16.91705235866648,38.8917342462329,46.656910893492025,70.80491413194933,54.242486222213934,83.93668649286077
2025-03-09 20:17:58.779333,1095.0,710.0,350.0,2474.0,962.0,221.0,61.31812090834654,77.72098111700677,55.41480566976845,35.60427207778046,16.91705235866648,38.8917342462329,46.656910893492025,70.80491413194933,54.242486222213934,83.93668649286077
2025-03-09 20:17:58.779333,1099.0,710.0,349.0,2478.0,960.0,223.0,61.31812090834654,77.72098111700677,55.41480566976845,35.60427207778046,16.91705235866648,38.8917342462329,46.656910893492025,70.80491413194933,54.242486222213934,83.93668649286077
2025-03-09 20:17:58.787667,1125.0,714.0,352.0,2477.0,960.0,223.0,61.22636251361281,77.66642064700389,55.58036261003114,35.62377662569646,16.953230655491826,38.93806801494891,46.42971864856719,70.67261407505593,54.2245706609013,84.04721962096089
2025-03-09 20:17:58.787667,1097.0,708.0,346.0,2479.0,962.0,221.0,61.22636251361281,77.66642064700389,55.58036261003114,35.62377662569646,16.953230655491826,38.93806801494891,46.42971864856719,70.67261407505593,54.2245706609013,84.04721962096089
2025-03-09 20:17:58.787667,1081.0,697.0,347.0,2480.0,951.0,224.0,61.22636251361281,77.66642064700389,55.58036261003114,35.62377662569646,16.953230655491826,38.93806801494891,46.42971864856719,70.67261407505593,54.2245706609013,84.04721962096089
2025-03-09 20:17:58.787667,1081.0,694.0,350.0,2480.0,953.0,221.0,61.22636251361281,77.66642064700389,55.58036261003114,35.62377662569646,16.953230655491826,38.93806801494891,46.42971864856719,70.67261407505593,54.2245706609013,84.04721962096089
2025-03-09 20:17:58.796000,1079.0,700.0,348.0,2480.0,946.0,225.0,61.13528402297937,77.61292624753824,55.75172120934808,35.64677031202081,16.985676364672496,38.98559854482768,46.19687183711693,70.54427867521119,54.21337433665517,84.16371329204216
2025-03-09 20:17:58.796000,1078.0,703.0,346.0,2480.0,947.0,224.0,61.13528402297937,77.61292624753824,55.75172120934808,35.64677031202081,16.985676364672496,38.98559854482768,46.19687183711693,70.54427867521119,54.21337433665517,84.16371329204216
2025-03-09 20:17:58.796000,1073.0,701.0,348.0,2481.0,945.0,219.0,61.13528402297937,77.61292624753824,55.75172120934808,35.64677031202081,16.985676364672496,38.98559854482768,46.19687183711693,70.54427867521119,54.21337433665517,84.16371329204216
2025-03-09 20:17:58.796000,1083.0,691.0,347.0,2479.0,946.0,224.0,61.13528402297937,77.61292624753824,55.75172120934808,35.64677031202081,16.985676364672496,38.98559854482768,46.19687183711693,70.54427867521119,54.21337433665517,84.16371329204216
2025-03-09 20:17:58.804333,1074.0,699.0,343.0,2481.0,947.0,225.0,61.045233544935755,77.5607062474855,55.92503651092678,35.672209897808564,17.0115144232181,39.031933660438234,45.96139109155279,70.42241486556038,54.21017018809292,84.28674434865253
2025-03-09 20:17:58.804333,1059.0,699.0,349.0,2478.0,946.0,222.0,61.045233544935755,77.5607062474855,55.92503651092678,35.672209897808564,17.0115144232181,39.031933660438234,45.96139109155279,70.42241486556038,54.21017018809292,84.28674434865253
2025-03-09 20:17:58.804333,1059.0,693.0,347.0,2480.0,939.0,226.0,61.045233544935755,77.5607062474855,55.92503651092678,35.672209897808564,17.0115144232181,39.031933660438234,45.96139109155279,70.42241486556038,54.21017018809292,84.28674434865253
2025-03-09 20:17:58.812667,1059.0,691.0,348.0,2480.0,934.0,223.0,60.9570647265702,77.51048668135306,56.09904960753189,35.69976127845659,17.031425570711637,39.07694573729157,45.725740234067025,70.30786463983016,54.21460564336044,84.41725769022098
2025-03-09 20:17:58.812667,1061.0,688.0,343.0,2480.0,933.0,225.0,60.9570647265702,77.51048668135306,56.09904960753189,35.69976127845659,17.031425570711637,39.07694573729157,45.725740234067025,70.30786463983016,54.21460564336044,84.41725769022098
2025-03-09 20:17:58.812667,1061.0,688.0,347.0,2481.0,935.0,225.0,60.9570647265702,77.51048668135306,56.09904960753189,35.69976127845659,17.031425570711637,39.07694573729157,45.725740234067025,70.30786463983016,54.21460564336044,84.41725769022098
2025-03-09 20:17:58.812667,1054.0,687.0,339.0,2480.0,931.0,223.0,60.9570647265702,77.51048668135306,56.09904960753189,35.69976127845659,17.031425570711637,39.07694573729157,45.725740234067025,70.30786463983016,54.21460564336044,84.41725769022098
2025-03-09 20:17:58.821000,1050.0,698.0,346.0,2480.0,931.0,225.0,60.87176504995355,77.46215056989729,56.273676551718395,35.73027243333822,17.045609061732712,39.12151449002107,45.490165317207136,70.2006319320245,54.22633586915946,84.55598525747183
2025-03-09 20:17:58.821000,1054.0,713.0,341.0,2480.0,930.0,226.0,60.87176504995355,77.46215056989729,56.273676551718395,35.73027243333822,17.045609061732712,39.12151449002107,45.490165317207136,70.2006319320245,54.22633586915946,84.55598525747183
2025-03-09 20:17:58.821000,1023.0,677.0,343.0,2484.0,918.0,226.0,60.87176504995355,77.46215056989729,56.273676551718395,35.73027243333822,17.045609061732712,39.12151449002107,45.490165317207136,70.2006319320245,54.22633586915946,84.55598525747183
2025-03-09 20:17:58.829333,1045.0,677.0,342.0,2480.0,919.0,228.0,60.7897498180846,77.41435743040829,56.44771947556499,35.76450166523678,17.0542658604304,39.16656721698927,45.25459606128282,70.09911298486756,54.2436127556324,84.70364214861114
2025-03-09 20:17:58.829333,1062.0,681.0,351.0,2480.0,918.0,230.0,60.7897498180846,77.41435743040829,56.44771947556499,35.76450166523678,17.0542658604304,39.16656721698927,45.25459606128282,70.09911298486756,54.2436127556324,84.70364214861114
2025-03-09 20:17:58.829333,1053.0,681.0,342.0,2480.0,918.0,228.0,60.7897498180846,77.41435743040829,56.44771947556499,35.76450166523678,17.0542658604304,39.16656721698927,45.25459606128282,70.09911298486756,54.2436127556324,84.70364214861114
2025-03-09 20:17:58.829333,1037.0,682.0,342.0,2482.0,914.0,227.0,60.7897498180846,77.41435743040829,56.44771947556499,35.76450166523678,17.0542658604304,39.16656721698927,45.25459606128282,70.09911298486756,54.2436127556324,84.70364214861114
2025-03-09 20:17:58.837667,1043.0,674.0,341.0,2483.0,917.0,229.0,60.71215365018176,77.36660107859753,56.61972427921324,35.80283717516763,17.058319443124603,39.21300672083246,45.02030080761079,70.00219257964378,54.26440156868401,84.86152359825267
2025-03-09 20:17:58.837667,1040.0,675.0,345.0,2485.0,915.0,226.0,60.71215365018176,77.36660107859753,56.61972427921324,35.80283717516763,17.058319443124603,39.21300672083246,45.02030080761079,70.00219257964378,54.26440156868401,84.86152359825267
2025-03-09 20:17:58.837667,1042.0,674.0,341.0,2491.0,916.0,228.0,60.71215365018176,77.36660107859753,56.61972427921324,35.80283717516763,17.058319443124603,39.21300672083246,45.02030080761079,70.00219257964378,54.26440156868401,84.86152359825267
2025-03-09 20:17:58.846000,1037.0,673.0,341.0,2483.0,911.0,230.0,60.64101735764278,77.31868053563866,56.789062027922476,35.84560129121715,17.05890476110035,39.26163317328763,44.78896093487391,69.90966743657023,54.286658923938006,85.0299266998387
2025-03-09 20:17:58.846000,1018.0,675.0,342.0,2491.0,911.0,232.0,60.64101735764278,77.31868053563866,56.789062027922476,35.84560129121715,17.05890476110035,39.26163317328763,44.78896093487391,69.90966743657023,54.286658923938006,85.0299266998387
2025-03-09 20:17:58.846000,1039.0,673.0,347.0,2489.0,910.0,227.0,60.64101735764278,77.31868053563866,56.789062027922476,35.84560129121715,17.05890476110035,39.26163317328763,44.78896093487391,69.90966743657023,54.286658923938006,85.0299266998387
2025-03-09 20:17:58.846000,1043.0,668.0,340.0,2487.0,909.0,229.0,60.64101735764278,77.31868053563866,56.789062027922476,35.84560129121715,17.05890476110035,39.26163317328763,44.78896093487391,69.90966743657023,54.286658923938006,85.0299266998387
2025-03-09 20:17:58.854333,1040.0,656.0,336.0,2486.0,909.0,231.0,60.577054204228276,77.26975629684078,56.95735529655257,35.89314648471046,17.056458993243798,39.312998482881945,44.55920016852765,69.82075841756757,54.30925259046589,85.20902226730797
2025-03-09 20:17:58.854333,1040.0,671.0,338.0,2486.0,909.0,230.0,60.577054204228276,77.26975629684078,56.95735529655257,35.89314648471046,17.056458993243798,39.312998482881945,44.55920016852765,69.82075841756757,54.30925259046589,85.20902226730797
2025-03-09 20:17:58.854333,1063.0,673.0,343.0,2485.0,907.0,230.0,60.577054204228276,77.26975629684078,56.95735529655257,35.89314648471046,17.056458993243798,39.312998482881945,44.55920016852765,69.82075841756757,54.30925259046589,85.20902226730797
2025-03-09 20:17:58.862667,1038.0,667.0,338.0,2493.0,896.0,229.0,60.519967000387794,77.21944398118967,57.12700710719594,35.945432085392625,17.051470507757717,39.36728661835982,44.32903848234839,69.73482753825103,54.3320324812514,85.4003330410703
2025-03-09 20:17:58.862667,1049.0,654.0,341.0,2496.0,896.0,230.0,60.519967000387794,77.21944398118967,57.12700710719594,35.945432085392625,17.051470507757717,39.36728661835982,44.32903848234839,69.73482753825103,54.3320324812514,85.4003330410703
2025-03-09 20:17:58.862667,1039.0,666.0,343.0,2496.0,896.0,229.0,60.519967000387794,77.21944398118967,57.12700710719594,35.945432085392625,17.051470507757717,39.36728661835982,44.32903848234839,69.73482753825103,54.3320324812514,85.4003330410703
2025-03-09 20:17:58.862667,1036.0,656.0,339.0,2496.0,896.0,227.0,60.519967000387794,77.21944398118967,57.12700710719594,35.945432085392625,17.051470507757717,39.36728661835982,44.32903848234839,69.73482753825103,54.3320324812514,85.4003330410703
2025-03-09 20:17:58.871000,1023.0,669.0,339.0,2497.0,896.0,229.0,60.47003385311805,77.1680157364957,57.29815349102304,36.00077427309046,17.045190356409943,39.423423911713584,44.099955474752846,69.65188768512535,54.353558633938654,85.60561067121174
2025-03-09 20:17:58.871000,1041.0,667.0,336.0,2496.0,894.0,233.0,60.47003385311805,77.1680157364957,57.29815349102304,36.00077427309046,17.045190356409943,39.423423911713584,44.099955474752846,69.65188768512535,54.353558633938654,85.60561067121174
2025-03-09 20:17:58.871000,1040.0,658.0,339.0,2494.0,895.0,231.0,60.47003385311805,77.1680157364957,57.29815349102304,36.00077427309046,17.045190356409943,39.423423911713584,44.099955474752846,69.65188768512535,54.353558633938654,85.60561067121174
2025-03-09 20:17:58.871000,1047.0,665.0,342.0,2495.0,890.0,230.0,60.47003385311805,77.1680157364957,57.29815349102304,36.00077427309046,17.045190356409943,39.423423911713584,44.099955474752846,69.65188768512535,54.353558633938654,85.60561067121174
2025-03-09 20:17:58.879333,1040.0,661.0,337.0,2497.0,882.0,235.0,60.42791536559033,77.11588322123878,57.46975758860399,36.056768183552805,17.03903767109507,39.47972322123267,43.87499113654089,69.57221740812709,54.371682805479324,85.82572644835791
2025-03-09 20:17:58.879333,1040.0,661.0,342.0,2501.0,881.0,233.0,60.42791536559033,77.11588322123878,57.46975758860399,36.056768183552805,17.03903767109507,39.47972322123267,43.87499113654089,69.57221740812709,54.371682805479324,85.82572644835791
2025-03-09 20:17:58.879333,1023.0,663.0,339.0,2503.0,880.0,234.0,60.42791536559033,77.11588322123878,57.46975758860399,36.056768183552805,17.03903767109507,39.47972322123267,43.87499113654089,69.57221740812709,54.371682805479324,85.82572644835791
2025-03-09 20:17:58.887667,1017.0,661.0,336.0,2502.0,880.0,234.0,60.39375803065278,77.06387985167677,57.64321509858243,36.11276207358775,17.03410315267315,39.53585145550327,43.65492470761915,69.49672368063396,54.38680046929496,86.06126492474694
2025-03-09 20:17:58.887667,1015.0,656.0,338.0,2502.0,882.0,233.0,60.39375803065278,77.06387985167677,57.64321509858243,36.11276207358775,17.03410315267315,39.53585145550327,43.65492470761915,69.49672368063396,54.38680046929496,86.06126492474694
2025-03-09 20:17:58.887667,1002.0,657.0,335.0,2498.0,880.0,233.0,60.39375803065278,77.06387985167677,57.64321509858243,36.11276207358775,17.03410315267315,39.53585145550327,43.65492470761915,69.49672368063396,54.38680046929496,86.06126492474694
2025-03-09 20:17:58.887667,1035.0,657.0,337.0,2498.0,880.0,235.0,60.39375803065278,77.06387985167677,57.64321509858243,36.11276207358775,17.03410315267315,39.53585145550327,43.65492470761915,69.49672368063396,54.38680046929496,86.06126492474694
2025-03-09 20:17:58.896000,1040.0,654.0,345.0,2512.0,875.0,235.0,60.36626789143335,77.0126075225603,57.82029166722476,36.167555167630766,17.032227173820257,39.591184439062715,43.44029394941968,69.42570418570423,54.399242193092725,86.31217268742921
2025-03-09 20:17:58.896000,1033.0,688.0,339.0,2503.0,875.0,237.0,60.36626789143335,77.0126075225603,57.82029166722476,36.167555167630766,17.032227173820257,39.591184439062715,43.44029394941968,69.42570418570423,54.399242193092725,86.31217268742921
2025-03-09 20:17:58.896000,1038.0,652.0,337.0,2511.0,876.0,238.0,60.36626789143335,77.0126075225603,57.82029166722476,36.167555167630766,17.032227173820257,39.591184439062715,43.44029394941968,69.42570418570423,54.399242193092725,86.31217268742921
2025-03-09 20:17:58.896000,1047.0,647.0,336.0,2505.0,875.0,237.0,60.36626789143335,77.0126075225603,57.82029166722476,36.167555167630766,17.032227173820257,39.591184439062715,43.44029394941968,69.42570418570423,54.399242193092725,86.31217268742921
2025-03-09 20:17:58.904333,1003.0,653.0,336.0,2511.0,875.0,238.0,60.34454971310276,76.96140124039187,57.99689207292238,36.21785496881532,17.035385001938522,39.6435134792324,43.23568924686786,69.35760015615259,54.40504870753062,86.57828453413241
2025-03-09 20:17:58.904333,1031.0,646.0,336.0,2506.0,873.0,239.0,60.34454971310276,76.96140124039187,57.99689207292238,36.21785496881532,17.035385001938522,39.6435134792324,43.23568924686786,69.35760015615259,54.40504870753062,86.57828453413241
2025-03-09 20:17:58.904333,1033.0,650.0,341.0,2505.0,874.0,238.0,60.34454971310276,76.96140124039187,57.99689207292238,36.21785496881532,17.035385001938522,39.6435134792324,43.23568924686786,69.35760015615259,54.40504870753062,86.57828453413241
2025-03-09 20:17:58.912667,1023.0,643.0,341.0,2512.0,874.0,238.0,60.32942647843873,76.90905929649458,58.168022233094604,36.27035424973229,17.038925090728544,39.697012905783104,43.0409341220328,69.29346652847947,54.40878751153504,86.86151398435348
2025-03-09 20:17:58.912667,1017.0,638.0,340.0,2514.0,869.0,240.0,60.32942647843873,76.90905929649458,58.168022233094604,36.27035424973229,17.038925090728544,39.697012905783104,43.0409341220328,69.29346652847947,54.40878751153504,86.86151398435348
2025-03-09 20:17:58.912667,1017.0,634.0,336.0,2513.0,867.0,239.0,60.32942647843873,76.90905929649458,58.168022233094604,36.27035424973229,17.038925090728544,39.697012905783104,43.0409341220328,69.29346652847947,54.40878751153504,86.86151398435348
2025-03-09 20:17:58.921000,1023.0,637.0,329.0,2513.0,867.0,240.0,60.320781217572836,76.85498503299988,58.33706882227106,36.33621064635661,17.037491891594634,39.75984762358924,42.84668758451884,69.23396283623646,54.42011348524373,87.16456770952264
2025-03-09 20:17:58.921000,1023.0,640.0,334.0,2516.0,867.0,243.0,60.320781217572836,76.85498503299988,58.33706882227106,36.33621064635661,17.037491891594634,39.75984762358924,42.84668758451884,69.23396283623646,54.42011348524373,87.16456770952264
2025-03-09 20:17:58.921000,1019.0,631.0,336.0,2512.0,866.0,240.0,60.320781217572836,76.85498503299988,58.33706882227106,36.33621064635661,17.037491891594634,39.75984762358924,42.84668758451884,69.23396283623646,54.42011348524373,87.16456770952264
2025-03-09 20:17:58.921000,1008.0,636.0,330.0,2519.0,867.0,240.0,60.320781217572836,76.85498503299988,58.33706882227106,36.33621064635661,17.037491891594634,39.75984762358924,42.84668758451884,69.23396283623646,54.42011348524373,87.16456770952264
2025-03-09 20:17:58.921000,1071.0,650.0,343.0,2515.0,870.0,240.0,60.320781217572836,76.85498503299988,58.33706882227106,36.33621064635661,17.037491891594634,39.75984762358924,42.84668758451884,69.23396283623646,54.42011348524373,87.16456770952264
2025-03-09 20:17:58.929333,1011.0,636.0,341.0,2519.0,866.0,240.0,60.31636425795047,76.79805178663409,58.50711239702465,36.410061522404895,17.035703685672534,39.830018811403335,42.649499910436866,69.17204360218173,54.431536609794506,87.48973122550356
2025-03-09 20:17:58.929333,1004.0,627.0,336.0,2527.0,864.0,241.0,60.31636425795047,76.79805178663409,58.50711239702465,36.410061522404895,17.035703685672534,39.830018811403335,42.649499910436866,69.17204360218173,54.431536609794506,87.48973122550356
2025-03-09 20:17:58.937667,1001.0,629.0,338.0,2527.0,861.0,244.0,60.315752035181376,76.73554741144835,58.674144942436634,36.48602953149239,17.037670548810908,39.90456117297128,42.45249513912596,69.10111223772816,54.432323812983164,87.84090959428475
2025-03-09 20:17:58.937667,990.0,624.0,335.0,2529.0,863.0,246.0,60.315752035181376,76.73554741144835,58.674144942436634,36.48602953149239,17.037670548810908,39.90456117297128,42.45249513912596,69.10111223772816,54.432323812983164,87.84090959428475
2025-03-09 20:17:58.937667,998.0,630.0,338.0,2523.0,862.0,245.0,60.315752035181376,76.73554741144835,58.674144942436634,36.48602953149239,17.037670548810908,39.90456117297128,42.45249513912596,69.10111223772816,54.432323812983164,87.84090959428475
2025-03-09 20:17:58.937667,995.0,624.0,332.0,2530.0,865.0,245.0,60.315752035181376,76.73554741144835,58.674144942436634,36.48602953149239,17.037670548810908,39.90456117297128,42.45249513912596,69.10111223772816,54.432323812983164,87.84090959428475
2025-03-09 20:17:58.946000,1003.0,619.0,336.0,2531.0,863.0,246.0,60.32013776317605,76.66435512002384,58.83537225892579,36.56858629501982,17.042136251825458,39.98702015418476,42.25519477741924,69.01926546279792,54.42153153924006,88.22448518640094
2025-03-09 20:17:58.946000,1000.0,624.0,336.0,2531.0,863.0,241.0,60.32013776317605,76.66435512002384,58.83537225892579,36.56858629501982,17.042136251825458,39.98702015418476,42.25519477741924,69.01926546279792,54.42153153924006,88.22448518640094
2025-03-09 20:17:58.946000,962.0,613.0,335.0,2519.0,862.0,250.0,60.32013776317605,76.66435512002384,58.83537225892579,36.56858629501982,17.042136251825458,39.98702015418476,42.25519477741924,69.01926546279792,54.42153153924006,88.22448518640094
2025-03-09 20:17:58.946000,978.0,611.0,336.0,2541.0,862.0,247.0,60.32013776317605,76.66435512002384,58.83537225892579,36.56858629501982,17.042136251825458,39.98702015418476,42.25519477741924,69.01926546279792,54.42153153924006,88.22448518640094
2025-03-09 20:17:58.954333,958.0,610.0,336.0,2544.0,861.0,249.0,60.32787158901227,76.58156576648364,58.99233299921607,36.66128958871023,17.047733024326497,40.07982570358729,42.0533952768216,68.92494005345785,54.400688994722174,88.64162327425981
2025-03-09 20:17:58.954333,981.0,607.0,320.0,2543.0,863.0,251.0,60.32787158901227,76.58156576648364,58.99233299921607,36.66128958871023,17.047733024326497,40.07982570358729,42.0533952768216,68.92494005345785,54.400688994722174,88.64162327425981
2025-03-09 20:17:58.954333,976.0,608.0,336.0,2544.0,862.0,251.0,60.32787158901227,76.58156576648364,58.99233299921607,36.66128958871023,17.047733024326497,40.07982570358729,42.0533952768216,68.92494005345785,54.400688994722174,88.64162327425981
2025-03-09 20:17:58.954333,982.0,606.0,337.0,2544.0,863.0,250.0,60.32787158901227,76.58156576648364,58.99233299921607,36.66128958871023,17.047733024326497,40.07982570358729,42.0533952768216,68.92494005345785,54.400688994722174,88.64162327425981
2025-03-09 20:17:58.962667,970.0,608.0,335.0,2542.0,866.0,251.0,60.33555329255345,76.4862347580753,59.14807170807779,36.76489574947903,17.05299413061928,40.18265326094239,41.84304756249977,68.81849964439324,54.373327837438815,89.08236559110185
2025-03-09 20:17:58.962667,942.0,608.0,338.0,2544.0,864.0,251.0,60.33555329255345,76.4862347580753,59.14807170807779,36.76489574947903,17.05299413061928,40.18265326094239,41.84304756249977,68.81849964439324,54.373327837438815,89.08236559110185
2025-03-09 20:17:58.962667,971.0,594.0,336.0,2547.0,866.0,257.0,60.33555329255345,76.4862347580753,59.14807170807779,36.76489574947903,17.05299413061928,40.18265326094239,41.84304756249977,68.81849964439324,54.373327837438815,89.08236559110185
2025-03-09 20:17:58.971000,941.0,591.0,336.0,2547.0,865.0,256.0,60.34004785774302,76.37889213589098,59.3050053249093,36.87952041668196,17.057129625365686,40.2948078977468,41.62209577339926,68.70155449388828,54.34349556682793,89.53243194575334
2025-03-09 20:17:58.971000,946.0,594.0,334.0,2545.0,867.0,256.0,60.34004785774302,76.37889213589098,59.3050053249093,36.87952041668196,17.057129625365686,40.2948078977468,41.62209577339926,68.70155449388828,54.34349556682793,89.53243194575334
2025-03-09 20:17:58.971000,945.0,595.0,334.0,2544.0,863.0,257.0,60.34004785774302,76.37889213589098,59.3050053249093,36.87952041668196,17.057129625365686,40.2948078977468,41.62209577339926,68.70155449388828,54.34349556682793,89.53243194575334
2025-03-09 20:17:58.971000,945.0,585.0,330.0,2545.0,866.0,256.0,60.34004785774302,76.37889213589098,59.3050053249093,36.87952041668196,17.057129625365686,40.2948078977468,41.62209577339926,68.70155449388828,54.34349556682793,89.53243194575334
2025-03-09 20:17:58.971000,941.0,586.0,336.0,2550.0,866.0,257.0,60.34004785774302,76.37889213589098,59.3050053249093,36.87952041668196,17.057129625365686,40.2948078977468,41.62209577339926,68.70155449388828,54.34349556682793,89.53243194575334
2025-03-09 20:17:58.979333,939.0,591.0,336.0,2551.0,865.0,258.0,60.34107258168012,76.26039728971227,59.46471108037113,37.0070622410238,17.06032853236558,40.41759929765645,41.390726721522036,68.57637044863192,54.314333141115085,89.97962248965918
2025-03-09 20:17:58.979333,935.0,594.0,336.0,2523.0,866.0,257.0,60.34107258168012,76.26039728971227,59.46471108037113,37.0070622410238,17.06032853236558,40.41759929765645,41.390726721522036,68.57637044863192,54.314333141115085,89.97962248965918
2025-03-09 20:17:58.979333,915.0,580.0,331.0,2557.0,868.0,261.0,60.34107258168012,76.26039728971227,59.46471108037113,37.0070622410238,17.06032853236558,40.41759929765645,41.390726721522036,68.57637044863192,54.314333141115085,89.97962248965918
2025-03-09 20:17:58.979333,919.0,582.0,330.0,2553.0,874.0,263.0,60.34107258168012,76.26039728971227,59.46471108037113,37.0070622410238,17.06032853236558,40.41759929765645,41.390726721522036,68.57637044863192,54.314333141115085,89.97962248965918
2025-03-09 20:17:58.987667,912.0,576.0,330.0,2558.0,874.0,264.0,60.34033316682044,76.1322399430623,59.630176506091836,37.147841465075565,17.0635412550823,40.55139063439098,41.14960262795141,68.44544474659932,54.28728882498649,90.41222073837628
2025-03-09 20:17:58.987667,915.0,577.0,337.0,2559.0,874.0,265.0,60.34033316682044,76.1322399430623,59.630176506091836,37.147841465075565,17.0635412550823,40.55139063439098,41.14960262795141,68.44544474659932,54.28728882498649,90.41222073837628
2025-03-09 20:17:58.996000,912.0,576.0,333.0,2555.0,874.0,268.0,60.33748767009333,75.99468217329932,59.8037315362439,37.29686440621361,17.066168065005865,40.691254040896304,40.89859202209722,68.31008310620786,54.26147883918481,90.81969154211957
2025-03-09 20:17:58.996000,912.0,578.0,334.0,2557.0,873.0,263.0,60.33748767009333,75.99468217329932,59.8037315362439,37.29686440621361,17.066168065005865,40.691254040896304,40.89859202209722,68.31008310620786,54.26147883918481,90.81969154211957
2025-03-09 20:17:58.996000,907.0,595.0,333.0,2558.0,879.0,266.0,60.33748767009333,75.99468217329932,59.8037315362439,37.29686440621361,17.066168065005865,40.691254040896304,40.89859202209722,68.31008310620786,54.26147883918481,90.81969154211957
2025-03-09 20:17:58.996000,903.0,577.0,329.0,2559.0,874.0,263.0,60.33748767009333,75.99468217329932,59.8037315362439,37.29686440621361,17.066168065005865,40.691254040896304,40.89859202209722,68.31008310620786,54.26147883918481,90.81969154211957
2025-03-09 20:17:58.996000,880.0,567.0,329.0,2559.0,882.0,271.0,60.33748767009333,75.99468217329932,59.8037315362439,37.29686440621361,17.066168065005865,40.691254040896304,40.89859202209722,68.31008310620786,54.26147883918481,90.81969154211957
2025-03-09 20:17:59.004333,880.0,564.0,332.0,2559.0,883.0,271.0,60.32893853879048,75.84568361092248,59.98259193599021,37.44675972963461,17.06831488448971,40.83092533779756,40.63803983526521,68.16635845930631,54.23130587815042,91.19521766508052
2025-03-09 20:17:59.004333,880.0,560.0,335.0,2559.0,883.0,272.0,60.32893853879048,75.84568361092248,59.98259193599021,37.44675972963461,17.06831488448971,40.83092533779756,40.63803983526521,68.16635845930631,54.23130587815042,91.19521766508052
2025-03-09 20:17:59.004333,880.0,561.0,335.0,2559.0,883.0,271.0,60.32893853879048,75.84568361092248,59.98259193599021,37.44675972963461,17.06831488448971,40.83092533779756,40.63803983526521,68.16635845930631,54.23130587815042,91.19521766508052
2025-03-09 20:17:59.004333,871.0,563.0,333.0,2559.0,885.0,272.0,60.32893853879048,75.84568361092248,59.98259193599021,37.44675972963461,17.06831488448971,40.83092533779756,40.63803983526521,68.16635845930631,54.23130587815042,91.19521766508052
2025-03-09 20:17:59.012667,938.0,562.0,336.0,2559.0,886.0,272.0,60.310322093114344,75.68398781184193,60.1632262520536,37.593060521353955,17.071334413203846,40.96756129561795,40.36752025365589,68.0088300056406,54.192051788224106,91.53506216109484
2025-03-09 20:17:59.012667,866.0,560.0,335.0,2559.0,885.0,272.0,60.310322093114344,75.68398781184193,60.1632262520536,37.593060521353955,17.071334413203846,40.96756129561795,40.36752025365589,68.0088300056406,54.192051788224106,91.53506216109484
2025-03-09 20:17:59.012667,862.0,562.0,334.0,2559.0,890.0,273.0,60.310322093114344,75.68398781184193,60.1632262520536,37.593060521353955,17.071334413203846,40.96756129561795,40.36752025365589,68.0088300056406,54.192051788224106,91.53506216109484
2025-03-09 20:17:59.021000,832.0,554.0,330.0,2559.0,902.0,273.0,60.280621361876825,75.51007948620612,60.34474864301388,37.736419317634,17.075549447706294,41.10226226031246,40.085988834354055,67.83584415583758,54.143691924648735,91.83927792814544
2025-03-09 20:17:59.021000,791.0,550.0,336.0,2559.0,897.0,276.0,60.280621361876825,75.51007948620612,60.34474864301388,37.736419317634,17.075549447706294,41.10226226031246,40.085988834354055,67.83584415583758,54.143691924648735,91.83927792814544
2025-03-09 20:17:59.021000,825.0,547.0,331.0,2559.0,899.0,275.0,60.280621361876825,75.51007948620612,60.34474864301388,37.736419317634,17.075549447706294,41.10226226031246,40.085988834354055,67.83584415583758,54.143691924648735,91.83927792814544
2025-03-09 20:17:59.021000,838.0,555.0,331.0,2559.0,899.0,276.0,60.280621361876825,75.51007948620612,60.34474864301388,37.736419317634,17.075549447706294,41.10226226031246,40.085988834354055,67.83584415583758,54.143691924648735,91.83927792814544
2025-03-09 20:17:59.029333,820.0,547.0,334.0,2559.0,901.0,278.0,60.24345970691897,75.32359764748007,60.523720683532524,37.87937628895478,17.08009620129047,41.23705924385309,39.79646421271091,67.64817087841332,54.085221103665084,92.11553477384037
2025-03-09 20:17:59.029333,817.0,550.0,326.0,2559.0,903.0,278.0,60.24345970691897,75.32359764748007,60.523720683532524,37.87937628895478,17.08009620129047,41.23705924385309,39.79646421271091,67.64817087841332,54.085221103665084,92.11553477384037
2025-03-09 20:17:59.029333,812.0,549.0,333.0,2559.0,903.0,285.0,60.24345970691897,75.32359764748007,60.523720683532524,37.87937628895478,17.08009620129047,41.23705924385309,39.79646421271091,67.64817087841332,54.085221103665084,92.11553477384037
2025-03-09 20:17:59.029333,814.0,547.0,329.0,2559.0,905.0,279.0,60.24345970691897,75.32359764748007,60.523720683532524,37.87937628895478,17.08009620129047,41.23705924385309,39.79646421271091,67.64817087841332,54.085221103665084,92.11553477384037
2025-03-09 20:17:59.037667,773.0,535.0,331.0,2559.0,912.0,286.0,60.207190682370886,75.12382845612427,60.693541834064256,38.02225989495063,17.083933742480905,41.37180001077518,39.50794495445829,67.448389310489,54.01184165240134,92.37981035197409
2025-03-09 20:17:59.037667,784.0,539.0,332.0,2559.0,918.0,286.0,60.207190682370886,75.12382845612427,60.693541834064256,38.02225989495063,17.083933742480905,41.37180001077518,39.50794495445829,67.448389310489,54.01184165240134,92.37981035197409
2025-03-09 20:17:59.037667,774.0,534.0,328.0,2559.0,917.0,285.0,60.207190682370886,75.12382845612427,60.693541834064256,38.02225989495063,17.083933742480905,41.37180001077518,39.50794495445829,67.448389310489,54.01184165240134,92.37981035197409
2025-03-09 20:17:59.037667,769.0,536.0,332.0,2559.0,915.0,286.0,60.207190682370886,75.12382845612427,60.693541834064256,38.02225989495063,17.083933742480905,41.37180001077518,39.50794495445829,67.448389310489,54.01184165240134,92.37981035197409
2025-03-09 20:17:59.046000,765.0,530.0,327.0,2559.0,922.0,289.0,60.180173044779046,74.90994813400445,60.84701424062233,38.1647692199332,17.08496713367186,41.50507672495865,39.2306231808554,67.24060813012645,53.91966399172736,92.6473688860472
2025-03-09 20:17:59.046000,762.0,535.0,325.0,2559.0,917.0,289.0,60.180173044779046,74.90994813400445,60.84701424062233,38.1647692199332,17.08496713367186,41.50507672495865,39.2306231808554,67.24060813012645,53.91966399172736,92.6473688860472
2025-03-09 20:17:59.046000,768.0,531.0,325.0,2559.0,919.0,296.0,60.180173044779046,74.90994813400445,60.84701424062233,38.1647692199332,17.08496713367186,41.50507672495865,39.2306231808554,67.24060813012645,53.91966399172736,92.6473688860472
2025-03-09 20:17:59.054333,758.0,528.0,329.0,2586.0,926.0,289.0,60.16451564275377,74.68106412139777,60.97876086654236,38.30706522229091,17.082454424643046,41.63640524457647,38.97049453474314,67.02647016381849,53.807131844192384,92.92258421944597
2025-03-09 20:17:59.054333,725.0,528.0,327.0,2592.0,940.0,298.0,60.16451564275377,74.68106412139777,60.97876086654236,38.30706522229091,17.082454424643046,41.63640524457647,38.97049453474314,67.02647016381849,53.807131844192384,92.92258421944597
2025-03-09 20:17:59.054333,724.0,528.0,330.0,2592.0,941.0,298.0,60.16451564275377,74.68106412139777,60.97876086654236,38.30706522229091,17.082454424643046,41.63640524457647,38.97049453474314,67.02647016381849,53.807131844192384,92.92258421944597
2025-03-09 20:17:59.054333,727.0,528.0,333.0,2591.0,942.0,297.0,60.16451564275377,74.68106412139777,60.97876086654236,38.30706522229091,17.082454424643046,41.63640524457647,38.97049453474314,67.02647016381849,53.807131844192384,92.92258421944597
2025-03-09 20:17:59.062667,724.0,526.0,331.0,2587.0,944.0,299.0,60.158049630486005,74.43664859538319,61.08622282870552,38.44695097048195,17.077636333035375,41.764157370091326,38.730042173015406,66.80494790887602,53.672343460520764,93.20217612312439
2025-03-09 20:17:59.062667,721.0,528.0,331.0,2590.0,945.0,299.0,60.158049630486005,74.43664859538319,61.08622282870552,38.44695097048195,17.077636333035375,41.764157370091326,38.730042173015406,66.80494790887602,53.672343460520764,93.20217612312439
2025-03-09 20:17:59.062667,718.0,525.0,325.0,2589.0,945.0,302.0,60.158049630486005,74.43664859538319,61.08622282870552,38.44695097048195,17.077636333035375,41.764157370091326,38.730042173015406,66.80494790887602,53.672343460520764,93.20217612312439
2025-03-09 20:17:59.062667,716.0,527.0,333.0,2593.0,947.0,303.0,60.158049630486005,74.43664859538319,61.08622282870552,38.44695097048195,17.077636333035375,41.764157370091326,38.730042173015406,66.80494790887602,53.672343460520764,93.20217612312439
2025-03-09 20:17:59.071000,713.0,528.0,330.0,2591.0,951.0,304.0,60.157182117192605,74.17562525389646,61.167757323764285,38.578864678801736,17.069017118716513,41.88227336343101,38.510585375670395,66.57672724716063,53.514649063162196,93.48157269612578
2025-03-09 20:17:59.071000,713.0,525.0,329.0,2593.0,951.0,304.0,60.157182117192605,74.17562525389646,61.167757323764285,38.578864678801736,17.069017118716513,41.88227336343101,38.510585375670395,66.57672724716063,53.514649063162196,93.48157269612578
2025-03-09 20:17:59.071000,688.0,526.0,326.0,2597.0,966.0,309.0,60.157182117192605,74.17562525389646,61.167757323764285,38.578864678801736,17.069017118716513,41.88227336343101,38.510585375670395,66.57672724716063,53.514649063162196,93.48157269612578
2025-03-09 20:17:59.079333,678.0,511.0,330.0,2594.0,967.0,311.0,60.15532581131736,73.8972252246317,61.22326205099078,38.69848545610113,17.05336635816341,41.98530108041259,38.30877692779798,66.34198418783309,53.33680918598428,93.75295040130807
2025-03-09 20:17:59.079333,678.0,525.0,324.0,2594.0,970.0,310.0,60.15532581131736,73.8972252246317,61.22326205099078,38.69848545610113,17.05336635816341,41.98530108041259,38.30877692779798,66.34198418783309,53.33680918598428,93.75295040130807
2025-03-09 20:17:59.079333,667.0,522.0,330.0,2594.0,973.0,310.0,60.15532581131736,73.8972252246317,61.22326205099078,38.69848545610113,17.05336635816341,41.98530108041259,38.30877692779798,66.34198418783309,53.33680918598428,93.75295040130807
2025-03-09 20:17:59.079333,674.0,527.0,331.0,2597.0,973.0,313.0,60.15532581131736,73.8972252246317,61.22326205099078,38.69848545610113,17.05336635816341,41.98530108041259,38.30877692779798,66.34198418783309,53.33680918598428,93.75295040130807
2025-03-09 20:17:59.087667,663.0,523.0,326.0,2597.0,975.0,315.0,60.14476441030795,73.60190639469899,61.25335600239014,38.80794516978947,17.029927888401428,42.07547379556454,38.116824809595634,66.0968358176162,53.142708935556236,94.0067746489085
2025-03-09 20:17:59.087667,662.0,511.0,329.0,2592.0,976.0,316.0,60.14476441030795,73.60190639469899,61.25335600239014,38.80794516978947,17.029927888401428,42.07547379556454,38.116824809595634,66.0968358176162,53.142708935556236,94.0067746489085
2025-03-09 20:17:59.087667,656.0,511.0,327.0,2595.0,976.0,315.0,60.14476441030795,73.60190639469899,61.25335600239014,38.80794516978947,17.029927888401428,42.07547379556454,38.116824809595634,66.0968358176162,53.142708935556236,94.0067746489085
2025-03-09 20:17:59.087667,634.0,511.0,322.0,2594.0,993.0,322.0,60.14476441030795,73.60190639469899,61.25335600239014,38.80794516978947,17.029927888401428,42.07547379556454,38.116824809595634,66.0968358176162,53.142708935556236,94.0067746489085
2025-03-09 20:17:59.096000,633.0,511.0,328.0,2605.0,991.0,320.0,60.11916553639226,73.28882051333198,61.25801441736356,38.91272502643196,16.999807743746633,42.158639692776056,37.92798100900689,65.83635864053534,52.93470623891477,94.235968355616
2025-03-09 20:17:59.096000,633.0,507.0,325.0,2599.0,994.0,323.0,60.11916553639226,73.28882051333198,61.25801441736356,38.91272502643196,16.999807743746633,42.158639692776056,37.92798100900689,65.83635864053534,52.93470623891477,94.235968355616
2025-03-09 20:17:59.096000,624.0,510.0,326.0,2603.0,995.0,321.0,60.11916553639226,73.28882051333198,61.25801441736356,38.91272502643196,16.999807743746633,42.158639692776056,37.92798100900689,65.83635864053534,52.93470623891477,94.235968355616
2025-03-09 20:17:59.104333,625.0,507.0,323.0,2594.0,997.0,323.0,60.07345931791353,72.9563836793373,61.23851402623222,39.01563175389881,16.963512507468284,42.2371955491617,37.73796443517661,65.55884485426107,52.71515341019252,94.43622695664926
2025-03-09 20:17:59.104333,625.0,508.0,333.0,2595.0,999.0,325.0,60.07345931791353,72.9563836793373,61.23851402623222,39.01563175389881,16.963512507468284,42.2371955491617,37.73796443517661,65.55884485426107,52.71515341019252,94.43622695664926
2025-03-09 20:17:59.104333,624.0,511.0,322.0,2593.0,999.0,323.0,60.07345931791353,72.9563836793373,61.23851402623222,39.01563175389881,16.963512507468284,42.2371955491617,37.73796443517661,65.55884485426107,52.71515341019252,94.43622695664926
2025-03-09 20:17:59.104333,624.0,511.0,326.0,2603.0,1003.0,324.0,60.07345931791353,72.9563836793373,61.23851402623222,39.01563175389881,16.963512507468284,42.2371955491617,37.73796443517661,65.55884485426107,52.71515341019252,94.43622695664926
2025-03-09 20:17:59.112667,605.0,506.0,323.0,2602.0,1018.0,332.0,60.005351956801704,72.60431353605374,61.198697288381716,39.11824681154829,16.920724651634306,42.31205353929384,37.54282697204299,65.26511334126077,52.48743530022843,94.60615261716009
2025-03-09 20:17:59.112667,609.0,501.0,327.0,2601.0,1019.0,334.0,60.005351956801704,72.60431353605374,61.198697288381716,39.11824681154829,16.920724651634306,42.31205353929384,37.54282697204299,65.26511334126077,52.48743530022843,94.60615261716009
2025-03-09 20:17:59.112667,599.0,509.0,319.0,2599.0,1018.0,331.0,60.005351956801704,72.60431353605374,61.198697288381716,39.11824681154829,16.920724651634306,42.31205353929384,37.54282697204299,65.26511334126077,52.48743530022843,94.60615261716009
2025-03-09 20:17:59.112667,600.0,511.0,320.0,2603.0,1019.0,335.0,60.005351956801704,72.60431353605374,61.198697288381716,39.11824681154829,16.920724651634306,42.31205353929384,37.54282697204299,65.26511334126077,52.48743530022843,94.60615261716009
2025-03-09 20:17:59.121000,592.0,509.0,317.0,2599.0,1023.0,335.0,59.9156648435588,72.2341619709106,61.141962977775975,39.221766805206286,16.871827668524848,42.384418408883654,37.3408623476025,64.95672016065019,52.25387837362878,94.7479966129386
2025-03-09 20:17:59.121000,603.0,511.0,320.0,2603.0,1021.0,336.0,59.9156648435588,72.2341619709106,61.141962977775975,39.221766805206286,16.871827668524848,42.384418408883654,37.3408623476025,64.95672016065019,52.25387837362878,94.7479966129386
2025-03-09 20:17:59.121000,597.0,507.0,319.0,2603.0,1023.0,336.0,59.9156648435588,72.2341619709106,61.141962977775975,39.221766805206286,16.871827668524848,42.384418408883654,37.3408623476025,64.95672016065019,52.25387837362878,94.7479966129386
2025-03-09 20:17:59.129333,576.0,500.0,318.0,2608.0,1040.0,336.0,59.80724191620987,71.84827777241553,61.06841409665353,39.32494446848834,16.81905696717075,42.45409621050749,37.13577217835377,64.63533940790768,52.01312198835102,94.8674340983494
2025-03-09 20:17:59.129333,576.0,500.0,320.0,2602.0,1041.0,338.0,59.80724191620987,71.84827777241553,61.06841409665353,39.32494446848834,16.81905696717075,42.45409621050749,37.13577217835377,64.63533940790768,52.01312198835102,94.8674340983494
2025-03-09 20:17:59.129333,578.0,506.0,318.0,2606.0,1041.0,340.0,59.80724191620987,71.84827777241553,61.06841409665353,39.32494446848834,16.81905696717075,42.45409621050749,37.13577217835377,64.63533940790768,52.01312198835102,94.8674340983494
2025-03-09 20:17:59.129333,580.0,502.0,317.0,2608.0,1043.0,341.0,59.80724191620987,71.84827777241553,61.06841409665353,39.32494446848834,16.81905696717075,42.45409621050749,37.13577217835377,64.63533940790768,52.01312198835102,94.8674340983494
2025-03-09 20:17:59.137667,577.0,501.0,315.0,2605.0,1045.0,340.0,59.68341283855567,71.44868707886576,60.972844381989105,39.423175427489696,16.76428714392586,42.517494504904505,36.937031997902444,64.30369831525036,51.76100501555603,94.97156872975916
2025-03-09 20:17:59.137667,576.0,510.0,316.0,2607.0,1042.0,343.0,59.68341283855567,71.44868707886576,60.972844381989105,39.423175427489696,16.76428714392586,42.517494504904505,36.937031997902444,64.30369831525036,51.76100501555603,94.97156872975916
2025-03-09 20:17:59.137667,576.0,499.0,311.0,2605.0,1049.0,341.0,59.68341283855567,71.44868707886576,60.972844381989105,39.423175427489696,16.76428714392586,42.517494504904505,36.937031997902444,64.30369831525036,51.76100501555603,94.97156872975916
2025-03-09 20:17:59.137667,572.0,503.0,317.0,2604.0,1047.0,343.0,59.68341283855567,71.44868707886576,60.972844381989105,39.423175427489696,16.76428714392586,42.517494504904505,36.937031997902444,64.30369831525036,51.76100501555603,94.97156872975916
